   1.0000000e+00	   1.0000000e+00	   1.1300000e+02	   2.1200000e+00	   6.4620000e+03	
   1.0000000e+00	   2.0000000e+00	   1.0200000e+02	   1.5600000e+00	   2.6152000e+04	
   1.0000000e+00	   3.0000000e+00	   3.0200000e+02	   2.5700000e+00	   5.1880000e+03	
   1.0000000e+00	   4.0000000e+00	   3.0400000e+02	   1.0700000e+00	   3.2590000e+03	
   1.0000000e+00	   5.0000000e+00	   2.0300000e+02	   9.1000000e-01	   3.1270000e+03	
   1.0000000e+00	   6.0000000e+00	   2.1000000e+02	   3.1800000e+00	   7.7920000e+03	
   1.0000000e+00	   7.0000000e+00	   3.0500000e+02	   2.5900000e+00	   3.8650000e+04	
   1.0000000e+00	   8.0000000e+00	   3.0800000e+02	   1.1000000e-01	   8.0910000e+03	
   1.0000000e+00	   9.0000000e+00	   2.1400000e+02	   1.5000000e+00	   5.5260000e+03	
   1.0000000e+00	   1.0000000e+01	   2.0900000e+02	   3.0100000e+00	   8.5240000e+03	
   1.0000000e+00	   1.1000000e+01	   3.0100000e+02	   2.1000000e-01	   7.4590000e+03	
   1.0000000e+00	   1.2000000e+01	   2.0100000e+02	   4.8200000e+00	   4.2260000e+03	
   1.0000000e+00	   1.3000000e+01	   1.0700000e+02	   1.5100000e+00	   4.1590000e+03	
   1.0000000e+00	   1.4000000e+01	   2.1500000e+02	   3.9400000e+00	   3.5620000e+03	
   1.0000000e+00	   1.5000000e+01	   3.0700000e+02	   1.5000000e-01	   5.5920000e+03	
   1.0000000e+00	   1.6000000e+01	   1.0600000e+02	   3.0300000e+00	   5.1940000e+03	
   1.0000000e+00	   1.7000000e+01	   1.1400000e+02	   1.9800000e+00	   5.0600000e+03	
   1.0000000e+00	   1.8000000e+01	   3.1200000e+02	   5.0000000e-02	   2.7930000e+03	
   1.0000000e+00	   1.9000000e+01	   1.0100000e+02	   1.8200000e+00	   7.0610000e+03	
   1.0000000e+00	   2.0000000e+01	   1.0900000e+02	   2.8600000e+00	   6.7590000e+03	
   1.0000000e+00	   2.1000000e+01	   1.1500000e+02	   1.2100000e+00	   1.5023000e+04	
   1.0000000e+00	   2.2000000e+01	   1.0800000e+02	   2.1900000e+00	   3.1940000e+03	
   1.0000000e+00	   2.3000000e+01	   2.0600000e+02	   4.0300000e+00	   6.3600000e+03	
   1.0000000e+00	   2.4000000e+01	   1.1600000e+02	   2.9900000e+00	   2.3930000e+03	
   1.0000000e+00	   2.5000000e+01	   1.0300000e+02	   3.0100000e+00	   5.8590000e+03	
   1.0000000e+00	   2.6000000e+01	   3.1100000e+02	   1.4000000e-01	   2.1610000e+03	
   1.0000000e+00	   2.7000000e+01	   1.1200000e+02	   3.5100000e+00	   5.6090000e+03	
   1.0000000e+00	   2.8000000e+01	   3.1400000e+02	   9.4000000e-01	   6.6250000e+03	
   1.0000000e+00	   2.9000000e+01	   1.1100000e+02	   3.4100000e+00	   4.6590000e+03	
   1.0000000e+00	   3.0000000e+01	   3.0600000e+02	   1.5500000e+00	   4.0590000e+03	
   1.0000000e+00	   3.1000000e+01	   2.1200000e+02	   4.1900000e+00	   6.1590000e+03	
   1.0000000e+00	   3.2000000e+01	   3.1000000e+02	   3.0000000e-02	   7.0910000e+03	
   1.0000000e+00	   3.3000000e+01	   2.0400000e+02	   4.9800000e+00	   2.2260000e+03	
   1.0000000e+00	   3.4000000e+01	   2.1100000e+02	   1.1700000e+00	   6.8260000e+03	
   1.0000000e+00	   3.5000000e+01	   2.0200000e+02	   9.0000000e-01	   2.9260000e+03	
   1.0000000e+00	   3.6000000e+01	   1.0500000e+02	   1.7700000e+00	   7.5430000e+03	
   1.0000000e+00	   3.7000000e+01	   3.1300000e+02	   2.4300000e+00	   3.1950000e+03	
   1.0000000e+00	   3.8000000e+01	   2.0700000e+02	   4.9500000e+00	   6.9260000e+03	
   1.0000000e+00	   3.9000000e+01	   3.0300000e+02	   9.0000000e-02	   2.7620000e+03	
   1.0000000e+00	   4.0000000e+01	   2.1300000e+02	   2.9300000e+00	   9.3240000e+03	
   1.0000000e+00	   4.1000000e+01	   1.0400000e+02	   5.6000000e-01	   1.0725000e+04	
   1.0000000e+00	   4.2000000e+01	   2.0500000e+02	   4.9600000e+00	   1.3141000e+04	
   1.0000000e+00	   4.3000000e+01	   2.0800000e+02	   4.0200000e+00	   5.2920000e+03	
   1.0000000e+00	   4.4000000e+01	   1.1000000e+02	   2.8600000e+00	   3.2260000e+03	
   1.0000000e+00	   4.5000000e+01	   3.0900000e+02	   2.2900000e+00	   1.5556000e+04	
   2.0000000e+00	   1.0000000e+00	   1.0300000e+02	   2.0600000e+00	   4.0650000e+03	
   2.0000000e+00	   2.0000000e+00	   1.1600000e+02	   2.8100000e+00	   2.7610000e+03	
   2.0000000e+00	   3.0000000e+00	   3.0500000e+02	   1.7200000e+00	   1.0060000e+04	
   2.0000000e+00	   4.0000000e+00	   1.1400000e+02	   1.3600000e+00	   2.7940000e+03	
   2.0000000e+00	   5.0000000e+00	   2.0400000e+02	   4.7900000e+00	   4.2610000e+03	
   2.0000000e+00	   6.0000000e+00	   2.0900000e+02	   3.1400000e+00	   3.4270000e+03	
   2.0000000e+00	   7.0000000e+00	   2.0600000e+02	   3.9800000e+00	   2.7280000e+03	
   2.0000000e+00	   8.0000000e+00	   1.0400000e+02	   6.6000000e-01	   1.4610000e+03	
   2.0000000e+00	   9.0000000e+00	   3.0900000e+02	   1.8200000e+00	   2.3290000e+03	
   2.0000000e+00	   1.0000000e+01	   3.0700000e+02	   7.0000000e-02	   2.3610000e+03	
   2.0000000e+00	   1.1000000e+01	   2.1200000e+02	   4.2900000e+00	   1.9940000e+03	
   2.0000000e+00	   1.2000000e+01	   3.1400000e+02	   1.2600000e+00	   3.3610000e+03	
   2.0000000e+00	   1.3000000e+01	   2.1100000e+02	   1.1700000e+00	   1.8610000e+03	
   2.0000000e+00	   1.4000000e+01	   1.0500000e+02	   2.1100000e+00	   4.5940000e+03	
   2.0000000e+00	   1.5000000e+01	   3.1300000e+02	   2.5600000e+00	   3.1610000e+03	
   2.0000000e+00	   1.6000000e+01	   3.1200000e+02	   2.1000000e-01	   1.9610000e+03	
   2.0000000e+00	   1.7000000e+01	   1.1000000e+02	   1.9500000e+00	   6.3940000e+03	
   2.0000000e+00	   1.8000000e+01	   1.0700000e+02	   2.6900000e+00	   8.5920000e+03	
   2.0000000e+00	   1.9000000e+01	   2.1300000e+02	   3.0800000e+00	   5.5610000e+03	
   2.0000000e+00	   2.0000000e+01	   1.0800000e+02	   1.9100000e+00	   4.1270000e+03	
   2.0000000e+00	   2.1000000e+01	   3.0800000e+02	   1.0000000e-02	   3.9600000e+03	
   2.0000000e+00	   2.2000000e+01	   1.1300000e+02	   1.7000000e+00	   3.7620000e+03	
   2.0000000e+00	   2.3000000e+01	   1.0200000e+02	   1.5000000e+00	   5.4930000e+03	
   2.0000000e+00	   2.4000000e+01	   1.0900000e+02	   2.7300000e+00	   4.0600000e+03	
   2.0000000e+00	   2.5000000e+01	   2.0700000e+02	   4.9300000e+00	   1.7290000e+03	
   2.0000000e+00	   2.6000000e+01	   3.1000000e+02	   3.0000000e-02	   2.2280000e+03	
   2.0000000e+00	   2.7000000e+01	   3.1100000e+02	   0.0000000e+00	   1.6280000e+03	
   2.0000000e+00	   2.8000000e+01	   3.0400000e+02	   2.0000000e-02	   6.2930000e+03	
   2.0000000e+00	   2.9000000e+01	   2.1500000e+02	   4.4700000e+00	   3.7940000e+03	
   2.0000000e+00	   3.0000000e+01	   3.0600000e+02	   1.5400000e+00	   3.8940000e+03	
   2.0000000e+00	   3.1000000e+01	   2.0200000e+02	   5.9000000e-01	   4.7600000e+03	
   2.0000000e+00	   3.2000000e+01	   1.0100000e+02	   1.8200000e+00	   3.5620000e+03	
   2.0000000e+00	   3.3000000e+01	   2.0800000e+02	   3.8700000e+00	   3.1270000e+03	
   2.0000000e+00	   3.4000000e+01	   3.0300000e+02	   0.0000000e+00	   2.6610000e+03	
   2.0000000e+00	   3.5000000e+01	   2.0500000e+02	   4.8800000e+00	   3.5940000e+03	
   2.0000000e+00	   3.6000000e+01	   3.0200000e+02	   1.9500000e+00	   1.0525000e+04	
   2.0000000e+00	   3.7000000e+01	   1.1500000e+02	   1.8300000e+00	   1.0326000e+04	
   2.0000000e+00	   3.8000000e+01	   1.1100000e+02	   3.9800000e+00	   2.6280000e+03	
   2.0000000e+00	   3.9000000e+01	   1.1200000e+02	   3.5200000e+00	   2.8610000e+03	
   2.0000000e+00	   4.0000000e+01	   2.1400000e+02	   2.8400000e+00	   6.0600000e+03	
   2.0000000e+00	   4.1000000e+01	   1.0600000e+02	   2.8600000e+00	   7.3600000e+03	
   2.0000000e+00	   4.2000000e+01	   2.1000000e+02	   3.5000000e+00	   2.8950000e+03	
   2.0000000e+00	   4.3000000e+01	   2.0300000e+02	   1.0800000e+00	   5.3590000e+03	
   2.0000000e+00	   4.4000000e+01	   2.0100000e+02	   4.9600000e+00	   4.0270000e+03	
   2.0000000e+00	   4.5000000e+01	   3.0100000e+02	   3.0000000e-02	   3.6290000e+03	
