   1.1200000e+02	   2.1500000e+02	   1.0300000e+02	   2.0000000e+00	   3.0000000e+00	   3.5150000e+00	   4.2050000e+00	   2.5350000e+00	   2.0000000e+00	   3.0000000e+00	   1.0000000e+00	   3.0000000e+00	   2.1570000e+03	
   2.0100000e+02	   2.1300000e+02	   1.0300000e+02	   2.0000000e+00	   5.0000000e+00	   4.8900000e+00	   3.0050000e+00	   2.5350000e+00	   2.0000000e+00	   3.0000000e+00	   1.0000000e+00	   2.0000000e+00	   1.9410000e+03	
   1.1100000e+02	   2.0500000e+02	   2.0300000e+02	   9.0000000e+00	   4.0000000e+00	   3.6950000e+00	   4.9200000e+00	   9.9500000e-01	   3.0000000e+00	   1.0000000e+00	   2.0000000e+00	   1.0000000e+00	   1.9890000e+03	
   1.1100000e+02	   2.1300000e+02	   1.1400000e+02	   8.0000000e+00	   3.0000000e+00	   3.6950000e+00	   3.0050000e+00	   1.6700000e+00	   1.0000000e+00	   2.0000000e+00	   3.0000000e+00	   1.0000000e+00	   2.3450000e+03	
   1.0600000e+02	   1.1600000e+02	   1.0700000e+02	   4.0000000e+00	   1.0000000e+00	   2.9450000e+00	   2.9000000e+00	   2.1000000e+00	   3.0000000e+00	   1.0000000e+00	   2.0000000e+00	   3.0000000e+00	   3.4440000e+03	
   2.0800000e+02	   2.0900000e+02	   2.1100000e+02	   1.0000000e+01	   3.0000000e+00	   3.9450000e+00	   3.0750000e+00	   1.1700000e+00	   2.0000000e+00	   3.0000000e+00	   1.0000000e+00	   2.0000000e+00	   2.6010000e+03	
   1.1600000e+02	   2.1300000e+02	   2.1400000e+02	   1.1000000e+01	   1.0000000e+00	   2.9000000e+00	   3.0050000e+00	   2.1700000e+00	   2.0000000e+00	   3.0000000e+00	   1.0000000e+00	   3.0000000e+00	   3.0510000e+03	
   2.0400000e+02	   2.1000000e+02	   3.1000000e+02	   1.4000000e+01	   5.0000000e+00	   4.8850000e+00	   3.3400000e+00	   3.0000000e-02	   1.0000000e+00	   2.0000000e+00	   3.0000000e+00	   1.0000000e+00	   2.4960000e+03	
   2.1000000e+02	   2.1500000e+02	   3.0800000e+02	   1.3000000e+01	   3.0000000e+00	   3.3400000e+00	   4.2050000e+00	   6.0000000e-02	   2.0000000e+00	   3.0000000e+00	   1.0000000e+00	   3.0000000e+00	   3.3110000e+03	
   2.0400000e+02	   2.0600000e+02	   2.1400000e+02	   1.1000000e+01	   3.0000000e+00	   4.8850000e+00	   4.0050000e+00	   2.1700000e+00	   3.0000000e+00	   2.0000000e+00	   1.0000000e+00	   3.0000000e+00	   1.1150000e+03	
   1.1100000e+02	   1.1200000e+02	   1.1400000e+02	   8.0000000e+00	   1.0000000e+00	   3.6950000e+00	   3.5150000e+00	   1.6700000e+00	   3.0000000e+00	   2.0000000e+00	   1.0000000e+00	   3.0000000e+00	   2.0750000e+03	
   1.1200000e+02	   2.0800000e+02	   1.0700000e+02	   4.0000000e+00	   2.0000000e+00	   3.5150000e+00	   3.9450000e+00	   2.1000000e+00	   1.0000000e+00	   3.0000000e+00	   2.0000000e+00	   3.0000000e+00	   3.5650000e+03	
   1.1600000e+02	   2.1300000e+02	   1.1400000e+02	   8.0000000e+00	   1.0000000e+00	   2.9000000e+00	   3.0050000e+00	   1.6700000e+00	   2.0000000e+00	   3.0000000e+00	   1.0000000e+00	   3.0000000e+00	   2.5580000e+03	
   2.1300000e+02	   2.1500000e+02	   2.1400000e+02	   1.1000000e+01	   4.0000000e+00	   3.0050000e+00	   4.2050000e+00	   2.1700000e+00	   3.0000000e+00	   2.0000000e+00	   1.0000000e+00	   2.0000000e+00	   1.6970000e+03	
   2.0700000e+02	   2.1300000e+02	   2.0300000e+02	   9.0000000e+00	   5.0000000e+00	   4.9400000e+00	   3.0050000e+00	   9.9500000e-01	   1.0000000e+00	   2.0000000e+00	   3.0000000e+00	   1.0000000e+00	   1.1220000e+03	
   1.1200000e+02	   2.1000000e+02	   1.0200000e+02	   1.0000000e+00	   1.0000000e+00	   3.5150000e+00	   3.3400000e+00	   1.5300000e+00	   2.0000000e+00	   3.0000000e+00	   1.0000000e+00	   3.0000000e+00	   1.3500000e+03	
   1.0600000e+02	   2.0900000e+02	   1.1300000e+02	   7.0000000e+00	   1.0000000e+00	   2.9450000e+00	   3.0750000e+00	   1.9100000e+00	   1.0000000e+00	   2.0000000e+00	   3.0000000e+00	   1.0000000e+00	   1.8760000e+03	
   1.1200000e+02	   1.1600000e+02	   1.0200000e+02	   1.0000000e+00	   2.0000000e+00	   3.5150000e+00	   2.9000000e+00	   1.5300000e+00	   3.0000000e+00	   2.0000000e+00	   1.0000000e+00	   3.0000000e+00	   6.2280000e+03	
   1.1600000e+02	   2.1000000e+02	   2.1100000e+02	   1.0000000e+01	   2.0000000e+00	   2.9000000e+00	   3.3400000e+00	   1.1700000e+00	   3.0000000e+00	   2.0000000e+00	   1.0000000e+00	   2.0000000e+00	   4.4510000e+03	
   2.0400000e+02	   2.1300000e+02	   1.1400000e+02	   8.0000000e+00	   5.0000000e+00	   4.8850000e+00	   3.0050000e+00	   1.6700000e+00	   2.0000000e+00	   3.0000000e+00	   1.0000000e+00	   2.0000000e+00	   1.5060000e+03	
   2.0700000e+02	   2.1000000e+02	   1.0800000e+02	   5.0000000e+00	   5.0000000e+00	   4.9400000e+00	   3.3400000e+00	   2.0500000e+00	   1.0000000e+00	   2.0000000e+00	   3.0000000e+00	   2.0000000e+00	   8.6200000e+02	
   1.1600000e+02	   2.0600000e+02	   3.0700000e+02	   1.2000000e+01	   4.0000000e+00	   2.9000000e+00	   4.0050000e+00	   1.1000000e-01	   1.0000000e+00	   3.0000000e+00	   2.0000000e+00	   3.0000000e+00	   2.0540000e+03	
   1.1200000e+02	   2.0700000e+02	   2.0300000e+02	   9.0000000e+00	   5.0000000e+00	   3.5150000e+00	   4.9400000e+00	   9.9500000e-01	   1.0000000e+00	   2.0000000e+00	   3.0000000e+00	   2.0000000e+00	   1.1210000e+03	
   2.0400000e+02	   2.1200000e+02	   1.1300000e+02	   7.0000000e+00	   2.0000000e+00	   4.8850000e+00	   4.2400000e+00	   1.9100000e+00	   2.0000000e+00	   3.0000000e+00	   1.0000000e+00	   2.0000000e+00	   5.5750000e+03	
   2.1300000e+02	   2.1500000e+02	   1.1000000e+02	   6.0000000e+00	   4.0000000e+00	   3.0050000e+00	   4.2050000e+00	   2.4050000e+00	   3.0000000e+00	   1.0000000e+00	   2.0000000e+00	   1.0000000e+00	   4.1780000e+03	
   1.0600000e+02	   1.1200000e+02	   1.0200000e+02	   1.0000000e+00	   2.0000000e+00	   2.9450000e+00	   3.5150000e+00	   1.5300000e+00	   3.0000000e+00	   2.0000000e+00	   1.0000000e+00	   3.0000000e+00	   2.8710000e+03	
   2.0100000e+02	   2.0900000e+02	   3.0800000e+02	   1.3000000e+01	   5.0000000e+00	   4.8900000e+00	   3.0750000e+00	   6.0000000e-02	   3.0000000e+00	   1.0000000e+00	   2.0000000e+00	   3.0000000e+00	   3.6080000e+03	
   2.0800000e+02	   2.0900000e+02	   2.0300000e+02	   9.0000000e+00	   3.0000000e+00	   3.9450000e+00	   3.0750000e+00	   9.9500000e-01	   2.0000000e+00	   3.0000000e+00	   1.0000000e+00	   3.0000000e+00	   7.0820000e+03	
   1.0600000e+02	   1.1600000e+02	   1.1300000e+02	   7.0000000e+00	   1.0000000e+00	   2.9450000e+00	   2.9000000e+00	   1.9100000e+00	   2.0000000e+00	   1.0000000e+00	   3.0000000e+00	   2.0000000e+00	   1.6490000e+03	
   2.0100000e+02	   2.1300000e+02	   3.0700000e+02	   1.2000000e+01	   5.0000000e+00	   4.8900000e+00	   3.0050000e+00	   1.1000000e-01	   2.0000000e+00	   1.0000000e+00	   3.0000000e+00	   2.0000000e+00	   1.3360000e+03	
   2.0600000e+02	   2.1300000e+02	   3.0800000e+02	   1.3000000e+01	   4.0000000e+00	   4.0050000e+00	   3.0050000e+00	   6.0000000e-02	   1.0000000e+00	   2.0000000e+00	   3.0000000e+00	   1.0000000e+00	   2.9390000e+03	
   1.1100000e+02	   2.1300000e+02	   1.0300000e+02	   2.0000000e+00	   3.0000000e+00	   3.6950000e+00	   3.0050000e+00	   2.5350000e+00	   1.0000000e+00	   2.0000000e+00	   3.0000000e+00	   1.0000000e+00	   3.4220000e+03	
   1.1100000e+02	   2.0900000e+02	   3.1000000e+02	   1.4000000e+01	   2.0000000e+00	   3.6950000e+00	   3.0750000e+00	   3.0000000e-02	   1.0000000e+00	   2.0000000e+00	   3.0000000e+00	   1.0000000e+00	   3.1250000e+03	
   1.1200000e+02	   2.0500000e+02	   3.1000000e+02	   1.4000000e+01	   4.0000000e+00	   3.5150000e+00	   4.9200000e+00	   3.0000000e-02	   1.0000000e+00	   3.0000000e+00	   2.0000000e+00	   3.0000000e+00	   3.8910000e+03	
   2.0800000e+02	   2.1500000e+02	   1.0400000e+02	   3.0000000e+00	   1.0000000e+00	   3.9450000e+00	   4.2050000e+00	   6.1000000e-01	   1.0000000e+00	   2.0000000e+00	   3.0000000e+00	   2.0000000e+00	   1.7860000e+03	
   1.0600000e+02	   1.1100000e+02	   3.1200000e+02	   1.5000000e+01	   3.0000000e+00	   2.9450000e+00	   3.6950000e+00	   1.3000000e-01	   3.0000000e+00	   1.0000000e+00	   2.0000000e+00	   3.0000000e+00	   9.2080000e+03	
   1.1600000e+02	   2.1200000e+02	   1.0400000e+02	   3.0000000e+00	   4.0000000e+00	   2.9000000e+00	   4.2400000e+00	   6.1000000e-01	   2.0000000e+00	   3.0000000e+00	   1.0000000e+00	   3.0000000e+00	   2.0570000e+03	
   1.1100000e+02	   2.1300000e+02	   1.0800000e+02	   5.0000000e+00	   3.0000000e+00	   3.6950000e+00	   3.0050000e+00	   2.0500000e+00	   1.0000000e+00	   2.0000000e+00	   3.0000000e+00	   1.0000000e+00	   5.3550000e+03	
   2.0600000e+02	   2.0800000e+02	   1.0200000e+02	   1.0000000e+00	   1.0000000e+00	   4.0050000e+00	   3.9450000e+00	   1.5300000e+00	   1.0000000e+00	   3.0000000e+00	   2.0000000e+00	   1.0000000e+00	   8.0810000e+03	
   1.1200000e+02	   2.1500000e+02	   1.0800000e+02	   5.0000000e+00	   3.0000000e+00	   3.5150000e+00	   4.2050000e+00	   2.0500000e+00	   2.0000000e+00	   3.0000000e+00	   1.0000000e+00	   3.0000000e+00	   1.7430000e+03	
   1.0600000e+02	   2.0100000e+02	   3.0800000e+02	   1.3000000e+01	   5.0000000e+00	   2.9450000e+00	   4.8900000e+00	   6.0000000e-02	   2.0000000e+00	   3.0000000e+00	   1.0000000e+00	   3.0000000e+00	   3.7500000e+03	
   2.0700000e+02	   2.1200000e+02	   3.1200000e+02	   1.5000000e+01	   3.0000000e+00	   4.9400000e+00	   4.2400000e+00	   1.3000000e-01	   2.0000000e+00	   3.0000000e+00	   1.0000000e+00	   2.0000000e+00	   7.6850000e+03	
   2.0900000e+02	   2.1300000e+02	   3.1200000e+02	   1.5000000e+01	   1.0000000e+00	   3.0750000e+00	   3.0050000e+00	   1.3000000e-01	   2.0000000e+00	   3.0000000e+00	   1.0000000e+00	   3.0000000e+00	   6.6790000e+03	
   2.0100000e+02	   2.1300000e+02	   1.1300000e+02	   7.0000000e+00	   5.0000000e+00	   4.8900000e+00	   3.0050000e+00	   1.9100000e+00	   2.0000000e+00	   1.0000000e+00	   3.0000000e+00	   2.0000000e+00	   2.4640000e+03	
   2.0800000e+02	   2.1500000e+02	   1.0800000e+02	   5.0000000e+00	   1.0000000e+00	   3.9450000e+00	   4.2050000e+00	   2.0500000e+00	   1.0000000e+00	   3.0000000e+00	   2.0000000e+00	   3.0000000e+00	   2.7990000e+03	
   2.0700000e+02	   2.1300000e+02	   2.1400000e+02	   1.1000000e+01	   5.0000000e+00	   4.9400000e+00	   3.0050000e+00	   2.1700000e+00	   3.0000000e+00	   1.0000000e+00	   2.0000000e+00	   3.0000000e+00	   1.8690000e+03	
   2.0800000e+02	   2.1200000e+02	   1.0700000e+02	   4.0000000e+00	   2.0000000e+00	   3.9450000e+00	   4.2400000e+00	   2.1000000e+00	   1.0000000e+00	   3.0000000e+00	   2.0000000e+00	   3.0000000e+00	   3.0130000e+03	
   2.0400000e+02	   2.0500000e+02	   1.1000000e+02	   6.0000000e+00	   1.0000000e+00	   4.8850000e+00	   4.9200000e+00	   2.4050000e+00	   3.0000000e+00	   1.0000000e+00	   2.0000000e+00	   1.0000000e+00	   1.6460000e+04	
   2.1000000e+02	   2.1200000e+02	   1.0400000e+02	   3.0000000e+00	   3.0000000e+00	   3.3400000e+00	   4.2400000e+00	   6.1000000e-01	   2.0000000e+00	   3.0000000e+00	   1.0000000e+00	   3.0000000e+00	   2.6980000e+03	
   1.1100000e+02	   2.0700000e+02	   1.1400000e+02	   8.0000000e+00	   4.0000000e+00	   3.6950000e+00	   4.9400000e+00	   1.6700000e+00	   2.0000000e+00	   1.0000000e+00	   3.0000000e+00	   1.0000000e+00	   9.4700000e+02	
   1.1600000e+02	   2.1500000e+02	   3.0700000e+02	   1.2000000e+01	   4.0000000e+00	   2.9000000e+00	   4.2050000e+00	   1.1000000e-01	   3.0000000e+00	   1.0000000e+00	   2.0000000e+00	   1.0000000e+00	   1.5370000e+03	
   1.0600000e+02	   2.1200000e+02	   1.0300000e+02	   2.0000000e+00	   4.0000000e+00	   2.9450000e+00	   4.2400000e+00	   2.5350000e+00	   1.0000000e+00	   2.0000000e+00	   3.0000000e+00	   1.0000000e+00	   9.4590000e+03	
   1.1100000e+02	   1.1600000e+02	   1.0700000e+02	   4.0000000e+00	   3.0000000e+00	   3.6950000e+00	   2.9000000e+00	   2.1000000e+00	   3.0000000e+00	   1.0000000e+00	   2.0000000e+00	   3.0000000e+00	   3.6960000e+03	
   1.1200000e+02	   2.0500000e+02	   1.0700000e+02	   4.0000000e+00	   4.0000000e+00	   3.5150000e+00	   4.9200000e+00	   2.1000000e+00	   3.0000000e+00	   2.0000000e+00	   1.0000000e+00	   2.0000000e+00	   1.3850000e+03	
   1.1100000e+02	   1.1200000e+02	   1.0700000e+02	   4.0000000e+00	   1.0000000e+00	   3.6950000e+00	   3.5150000e+00	   2.1000000e+00	   2.0000000e+00	   1.0000000e+00	   3.0000000e+00	   2.0000000e+00	   7.2120000e+03	
   2.0700000e+02	   2.0800000e+02	   3.1000000e+02	   1.4000000e+01	   4.0000000e+00	   4.9400000e+00	   3.9450000e+00	   3.0000000e-02	   2.0000000e+00	   3.0000000e+00	   1.0000000e+00	   2.0000000e+00	   1.4190000e+03	
   1.1100000e+02	   2.1200000e+02	   1.1000000e+02	   6.0000000e+00	   2.0000000e+00	   3.6950000e+00	   4.2400000e+00	   2.4050000e+00	   3.0000000e+00	   1.0000000e+00	   2.0000000e+00	   1.0000000e+00	   3.5630000e+03	
   1.1200000e+02	   2.0800000e+02	   2.1100000e+02	   1.0000000e+01	   2.0000000e+00	   3.5150000e+00	   3.9450000e+00	   1.1700000e+00	   2.0000000e+00	   3.0000000e+00	   1.0000000e+00	   2.0000000e+00	   5.9000000e+03	
   2.0100000e+02	   2.1500000e+02	   1.0700000e+02	   4.0000000e+00	   3.0000000e+00	   4.8900000e+00	   4.2050000e+00	   2.1000000e+00	   3.0000000e+00	   1.0000000e+00	   2.0000000e+00	   3.0000000e+00	   1.8940000e+03	
   1.1600000e+02	   2.0100000e+02	   1.0800000e+02	   5.0000000e+00	   5.0000000e+00	   2.9000000e+00	   4.8900000e+00	   2.0500000e+00	   3.0000000e+00	   1.0000000e+00	   2.0000000e+00	   1.0000000e+00	   2.0430000e+03	
   1.1100000e+02	   2.0800000e+02	   2.1400000e+02	   1.1000000e+01	   1.0000000e+00	   3.6950000e+00	   3.9450000e+00	   2.1700000e+00	   2.0000000e+00	   1.0000000e+00	   3.0000000e+00	   2.0000000e+00	   8.0180000e+03	
   1.1600000e+02	   2.0500000e+02	   1.1400000e+02	   8.0000000e+00	   5.0000000e+00	   2.9000000e+00	   4.9200000e+00	   1.6700000e+00	   1.0000000e+00	   3.0000000e+00	   2.0000000e+00	   3.0000000e+00	   2.0450000e+03	
   1.0600000e+02	   2.0800000e+02	   3.0700000e+02	   1.2000000e+01	   4.0000000e+00	   2.9450000e+00	   3.9450000e+00	   1.1000000e-01	   3.0000000e+00	   1.0000000e+00	   2.0000000e+00	   3.0000000e+00	   5.0900000e+03	
   1.0600000e+02	   2.0700000e+02	   1.0800000e+02	   5.0000000e+00	   5.0000000e+00	   2.9450000e+00	   4.9400000e+00	   2.0500000e+00	   2.0000000e+00	   1.0000000e+00	   3.0000000e+00	   1.0000000e+00	   2.4080000e+03	
   1.1100000e+02	   2.0400000e+02	   1.1000000e+02	   6.0000000e+00	   4.0000000e+00	   3.6950000e+00	   4.8850000e+00	   2.4050000e+00	   3.0000000e+00	   2.0000000e+00	   1.0000000e+00	   2.0000000e+00	   1.6760000e+03	
   2.1200000e+02	   2.1300000e+02	   1.1000000e+02	   6.0000000e+00	   4.0000000e+00	   4.2400000e+00	   3.0050000e+00	   2.4050000e+00	   1.0000000e+00	   3.0000000e+00	   2.0000000e+00	   1.0000000e+00	   2.1440000e+03	
   1.1600000e+02	   2.1000000e+02	   2.0300000e+02	   9.0000000e+00	   2.0000000e+00	   2.9000000e+00	   3.3400000e+00	   9.9500000e-01	   3.0000000e+00	   1.0000000e+00	   2.0000000e+00	   1.0000000e+00	   3.7640000e+03	
   2.0400000e+02	   2.1000000e+02	   3.1200000e+02	   1.5000000e+01	   5.0000000e+00	   4.8850000e+00	   3.3400000e+00	   1.3000000e-01	   2.0000000e+00	   1.0000000e+00	   3.0000000e+00	   2.0000000e+00	   2.6450000e+03	
   2.0900000e+02	   2.1500000e+02	   1.1000000e+02	   6.0000000e+00	   4.0000000e+00	   3.0750000e+00	   4.2050000e+00	   2.4050000e+00	   2.0000000e+00	   3.0000000e+00	   1.0000000e+00	   3.0000000e+00	   2.3000000e+03	
   1.1600000e+02	   2.0700000e+02	   1.0200000e+02	   1.0000000e+00	   5.0000000e+00	   2.9000000e+00	   4.9400000e+00	   1.5300000e+00	   1.0000000e+00	   3.0000000e+00	   2.0000000e+00	   3.0000000e+00	   2.3220000e+03	
   1.1600000e+02	   2.0900000e+02	   1.1000000e+02	   6.0000000e+00	   1.0000000e+00	   2.9000000e+00	   3.0750000e+00	   2.4050000e+00	   3.0000000e+00	   1.0000000e+00	   2.0000000e+00	   1.0000000e+00	   9.5260000e+03	
   1.0600000e+02	   1.1100000e+02	   1.1000000e+02	   6.0000000e+00	   3.0000000e+00	   2.9450000e+00	   3.6950000e+00	   2.4050000e+00	   2.0000000e+00	   1.0000000e+00	   3.0000000e+00	   1.0000000e+00	   6.7340000e+03	
   2.0100000e+02	   2.0600000e+02	   3.1000000e+02	   1.4000000e+01	   3.0000000e+00	   4.8900000e+00	   4.0050000e+00	   3.0000000e-02	   3.0000000e+00	   2.0000000e+00	   1.0000000e+00	   3.0000000e+00	   2.3710000e+03	
   2.1200000e+02	   2.1300000e+02	   1.1400000e+02	   8.0000000e+00	   4.0000000e+00	   4.2400000e+00	   3.0050000e+00	   1.6700000e+00	   1.0000000e+00	   2.0000000e+00	   3.0000000e+00	   1.0000000e+00	   2.1240000e+03	
   1.1200000e+02	   2.0900000e+02	   1.0300000e+02	   2.0000000e+00	   2.0000000e+00	   3.5150000e+00	   3.0750000e+00	   2.5350000e+00	   2.0000000e+00	   1.0000000e+00	   3.0000000e+00	   2.0000000e+00	   7.1030000e+03	
   1.0600000e+02	   1.1100000e+02	   1.0800000e+02	   5.0000000e+00	   3.0000000e+00	   2.9450000e+00	   3.6950000e+00	   2.0500000e+00	   1.0000000e+00	   3.0000000e+00	   2.0000000e+00	   3.0000000e+00	   9.7760000e+03	
   2.0700000e+02	   2.1000000e+02	   2.0300000e+02	   9.0000000e+00	   5.0000000e+00	   4.9400000e+00	   3.3400000e+00	   9.9500000e-01	   3.0000000e+00	   1.0000000e+00	   2.0000000e+00	   3.0000000e+00	   6.6690000e+03	
   2.0700000e+02	   2.1300000e+02	   1.0400000e+02	   3.0000000e+00	   5.0000000e+00	   4.9400000e+00	   3.0050000e+00	   6.1000000e-01	   1.0000000e+00	   2.0000000e+00	   3.0000000e+00	   1.0000000e+00	   3.0810000e+03	
   1.0600000e+02	   2.0100000e+02	   1.0300000e+02	   2.0000000e+00	   5.0000000e+00	   2.9450000e+00	   4.8900000e+00	   2.5350000e+00	   1.0000000e+00	   2.0000000e+00	   3.0000000e+00	   2.0000000e+00	   2.2890000e+03	
   1.1100000e+02	   2.1200000e+02	   1.0300000e+02	   2.0000000e+00	   2.0000000e+00	   3.6950000e+00	   4.2400000e+00	   2.5350000e+00	   3.0000000e+00	   2.0000000e+00	   1.0000000e+00	   2.0000000e+00	   1.9730000e+03	
   2.0700000e+02	   2.1300000e+02	   1.0700000e+02	   4.0000000e+00	   5.0000000e+00	   4.9400000e+00	   3.0050000e+00	   2.1000000e+00	   2.0000000e+00	   1.0000000e+00	   3.0000000e+00	   2.0000000e+00	   7.7800000e+02	
   1.1600000e+02	   2.0100000e+02	   2.1400000e+02	   1.1000000e+01	   5.0000000e+00	   2.9000000e+00	   4.8900000e+00	   2.1700000e+00	   2.0000000e+00	   3.0000000e+00	   1.0000000e+00	   3.0000000e+00	   1.9450000e+03	
   1.1200000e+02	   2.0700000e+02	   2.1400000e+02	   1.1000000e+01	   5.0000000e+00	   3.5150000e+00	   4.9400000e+00	   2.1700000e+00	   2.0000000e+00	   1.0000000e+00	   3.0000000e+00	   1.0000000e+00	   1.0270000e+03	
   2.0900000e+02	   2.1200000e+02	   1.1400000e+02	   8.0000000e+00	   4.0000000e+00	   3.0750000e+00	   4.2400000e+00	   1.6700000e+00	   2.0000000e+00	   1.0000000e+00	   3.0000000e+00	   1.0000000e+00	   2.6900000e+03	
   2.1200000e+02	   2.1300000e+02	   1.1300000e+02	   7.0000000e+00	   4.0000000e+00	   4.2400000e+00	   3.0050000e+00	   1.9100000e+00	   3.0000000e+00	   1.0000000e+00	   2.0000000e+00	   3.0000000e+00	   1.7280000e+03	
   1.1100000e+02	   2.0600000e+02	   2.1400000e+02	   1.1000000e+01	   2.0000000e+00	   3.6950000e+00	   4.0050000e+00	   2.1700000e+00	   1.0000000e+00	   3.0000000e+00	   2.0000000e+00	   1.0000000e+00	   5.8880000e+03	
   2.0400000e+02	   2.0500000e+02	   3.1000000e+02	   1.4000000e+01	   1.0000000e+00	   4.8850000e+00	   4.9200000e+00	   3.0000000e-02	   3.0000000e+00	   1.0000000e+00	   2.0000000e+00	   1.0000000e+00	   7.5800000e+03	
   2.0700000e+02	   2.1500000e+02	   1.1400000e+02	   8.0000000e+00	   3.0000000e+00	   4.9400000e+00	   4.2050000e+00	   1.6700000e+00	   3.0000000e+00	   2.0000000e+00	   1.0000000e+00	   3.0000000e+00	   2.3850000e+03	
   1.1600000e+02	   2.0100000e+02	   1.1000000e+02	   6.0000000e+00	   5.0000000e+00	   2.9000000e+00	   4.8900000e+00	   2.4050000e+00	   2.0000000e+00	   1.0000000e+00	   3.0000000e+00	   1.0000000e+00	   1.5040000e+03	
   1.0600000e+02	   1.1200000e+02	   3.0700000e+02	   1.2000000e+01	   2.0000000e+00	   2.9450000e+00	   3.5150000e+00	   1.1000000e-01	   2.0000000e+00	   3.0000000e+00	   1.0000000e+00	   2.0000000e+00	   4.8330000e+03	
   1.1600000e+02	   2.1300000e+02	   3.1200000e+02	   1.5000000e+01	   1.0000000e+00	   2.9000000e+00	   3.0050000e+00	   1.3000000e-01	   2.0000000e+00	   3.0000000e+00	   1.0000000e+00	   3.0000000e+00	   3.0940000e+03	
   1.1200000e+02	   2.0800000e+02	   3.0800000e+02	   1.3000000e+01	   2.0000000e+00	   3.5150000e+00	   3.9450000e+00	   6.0000000e-02	   2.0000000e+00	   3.0000000e+00	   1.0000000e+00	   2.0000000e+00	   9.4930000e+03	
   1.0600000e+02	   2.0500000e+02	   3.1200000e+02	   1.5000000e+01	   5.0000000e+00	   2.9450000e+00	   4.9200000e+00	   1.3000000e-01	   2.0000000e+00	   1.0000000e+00	   3.0000000e+00	   1.0000000e+00	   4.0930000e+03	
   2.0400000e+02	   2.0900000e+02	   1.0800000e+02	   5.0000000e+00	   5.0000000e+00	   4.8850000e+00	   3.0750000e+00	   2.0500000e+00	   2.0000000e+00	   3.0000000e+00	   1.0000000e+00	   2.0000000e+00	   2.3790000e+03	
   1.1100000e+02	   2.1000000e+02	   1.0800000e+02	   5.0000000e+00	   2.0000000e+00	   3.6950000e+00	   3.3400000e+00	   2.0500000e+00	   2.0000000e+00	   1.0000000e+00	   3.0000000e+00	   2.0000000e+00	   6.8570000e+03	
   1.0600000e+02	   2.1000000e+02	   3.0800000e+02	   1.3000000e+01	   2.0000000e+00	   2.9450000e+00	   3.3400000e+00	   6.0000000e-02	   3.0000000e+00	   1.0000000e+00	   2.0000000e+00	   1.0000000e+00	   8.5180000e+03	
   2.0700000e+02	   2.1200000e+02	   2.1100000e+02	   1.0000000e+01	   3.0000000e+00	   4.9400000e+00	   4.2400000e+00	   1.1700000e+00	   1.0000000e+00	   2.0000000e+00	   3.0000000e+00	   1.0000000e+00	   6.5390000e+03	
   1.0600000e+02	   2.1000000e+02	   2.1400000e+02	   1.1000000e+01	   2.0000000e+00	   2.9450000e+00	   3.3400000e+00	   2.1700000e+00	   1.0000000e+00	   3.0000000e+00	   2.0000000e+00	   1.0000000e+00	   1.8876000e+04	
   2.0700000e+02	   2.1500000e+02	   3.0800000e+02	   1.3000000e+01	   3.0000000e+00	   4.9400000e+00	   4.2050000e+00	   6.0000000e-02	   1.0000000e+00	   2.0000000e+00	   3.0000000e+00	   1.0000000e+00	   2.5990000e+03	
   2.0900000e+02	   2.1000000e+02	   3.0800000e+02	   1.3000000e+01	   1.0000000e+00	   3.0750000e+00	   3.3400000e+00	   6.0000000e-02	   2.0000000e+00	   3.0000000e+00	   1.0000000e+00	   3.0000000e+00	   3.9850000e+03	
   2.0700000e+02	   2.1500000e+02	   2.1400000e+02	   1.1000000e+01	   3.0000000e+00	   4.9400000e+00	   4.2050000e+00	   2.1700000e+00	   3.0000000e+00	   2.0000000e+00	   1.0000000e+00	   3.0000000e+00	   1.8620000e+03	
   1.1200000e+02	   1.1600000e+02	   1.1400000e+02	   8.0000000e+00	   2.0000000e+00	   3.5150000e+00	   2.9000000e+00	   1.6700000e+00	   2.0000000e+00	   1.0000000e+00	   3.0000000e+00	   2.0000000e+00	   4.0260000e+03	
   1.1200000e+02	   2.0100000e+02	   1.0300000e+02	   2.0000000e+00	   4.0000000e+00	   3.5150000e+00	   4.8900000e+00	   2.5350000e+00	   1.0000000e+00	   2.0000000e+00	   3.0000000e+00	   2.0000000e+00	   4.9430000e+03	
   2.0100000e+02	   2.1300000e+02	   2.1100000e+02	   1.0000000e+01	   5.0000000e+00	   4.8900000e+00	   3.0050000e+00	   1.1700000e+00	   3.0000000e+00	   1.0000000e+00	   2.0000000e+00	   3.0000000e+00	   2.3470000e+03	
   2.0100000e+02	   2.1000000e+02	   1.0200000e+02	   1.0000000e+00	   5.0000000e+00	   4.8900000e+00	   3.3400000e+00	   1.5300000e+00	   2.0000000e+00	   1.0000000e+00	   3.0000000e+00	   2.0000000e+00	   6.4200000e+03	
   1.0600000e+02	   2.1300000e+02	   3.0700000e+02	   1.2000000e+01	   1.0000000e+00	   2.9450000e+00	   3.0050000e+00	   1.1000000e-01	   2.0000000e+00	   1.0000000e+00	   3.0000000e+00	   2.0000000e+00	   6.1780000e+03	
   2.0100000e+02	   2.0400000e+02	   3.0700000e+02	   1.2000000e+01	   1.0000000e+00	   4.8900000e+00	   4.8850000e+00	   1.1000000e-01	   1.0000000e+00	   3.0000000e+00	   2.0000000e+00	   3.0000000e+00	   1.3155000e+04	
   2.0500000e+02	   2.0600000e+02	   1.0800000e+02	   5.0000000e+00	   3.0000000e+00	   4.9200000e+00	   4.0050000e+00	   2.0500000e+00	   2.0000000e+00	   1.0000000e+00	   3.0000000e+00	   2.0000000e+00	   1.9190000e+03	
   2.0900000e+02	   2.1300000e+02	   1.0700000e+02	   4.0000000e+00	   1.0000000e+00	   3.0750000e+00	   3.0050000e+00	   2.1000000e+00	   3.0000000e+00	   1.0000000e+00	   2.0000000e+00	   1.0000000e+00	   4.9750000e+03	
   2.0600000e+02	   2.1300000e+02	   1.0800000e+02	   5.0000000e+00	   4.0000000e+00	   4.0050000e+00	   3.0050000e+00	   2.0500000e+00	   2.0000000e+00	   1.0000000e+00	   3.0000000e+00	   2.0000000e+00	   6.9320000e+03	
   1.1100000e+02	   2.0400000e+02	   2.1400000e+02	   1.1000000e+01	   4.0000000e+00	   3.6950000e+00	   4.8850000e+00	   2.1700000e+00	   1.0000000e+00	   3.0000000e+00	   2.0000000e+00	   3.0000000e+00	   9.8620000e+03	
   2.0600000e+02	   2.1500000e+02	   1.0800000e+02	   5.0000000e+00	   1.0000000e+00	   4.0050000e+00	   4.2050000e+00	   2.0500000e+00	   2.0000000e+00	   1.0000000e+00	   3.0000000e+00	   1.0000000e+00	   4.2840000e+03	
   2.0500000e+02	   2.1500000e+02	   3.0700000e+02	   1.2000000e+01	   3.0000000e+00	   4.9200000e+00	   4.2050000e+00	   1.1000000e-01	   1.0000000e+00	   3.0000000e+00	   2.0000000e+00	   1.0000000e+00	   2.7400000e+03	
   1.1600000e+02	   2.1300000e+02	   3.1000000e+02	   1.4000000e+01	   1.0000000e+00	   2.9000000e+00	   3.0050000e+00	   3.0000000e-02	   3.0000000e+00	   1.0000000e+00	   2.0000000e+00	   1.0000000e+00	   3.2480000e+03	
   1.1100000e+02	   2.0800000e+02	   3.1200000e+02	   1.5000000e+01	   1.0000000e+00	   3.6950000e+00	   3.9450000e+00	   1.3000000e-01	   1.0000000e+00	   3.0000000e+00	   2.0000000e+00	   1.0000000e+00	   3.0040000e+03	
   1.1600000e+02	   2.1200000e+02	   2.0300000e+02	   9.0000000e+00	   4.0000000e+00	   2.9000000e+00	   4.2400000e+00	   9.9500000e-01	   2.0000000e+00	   1.0000000e+00	   3.0000000e+00	   1.0000000e+00	   2.5390000e+03	
   1.1200000e+02	   2.0400000e+02	   3.1200000e+02	   1.5000000e+01	   4.0000000e+00	   3.5150000e+00	   4.8850000e+00	   1.3000000e-01	   1.0000000e+00	   2.0000000e+00	   3.0000000e+00	   2.0000000e+00	   3.9320000e+03	
   1.0600000e+02	   1.1200000e+02	   1.1000000e+02	   6.0000000e+00	   2.0000000e+00	   2.9450000e+00	   3.5150000e+00	   2.4050000e+00	   2.0000000e+00	   1.0000000e+00	   3.0000000e+00	   2.0000000e+00	   5.1840000e+03	
   1.1200000e+02	   2.0500000e+02	   1.0200000e+02	   1.0000000e+00	   4.0000000e+00	   3.5150000e+00	   4.9200000e+00	   1.5300000e+00	   3.0000000e+00	   2.0000000e+00	   1.0000000e+00	   2.0000000e+00	   5.0080000e+03	
   1.0600000e+02	   2.1000000e+02	   1.0300000e+02	   2.0000000e+00	   2.0000000e+00	   2.9450000e+00	   3.3400000e+00	   2.5350000e+00	   2.0000000e+00	   1.0000000e+00	   3.0000000e+00	   1.0000000e+00	   6.8170000e+03	
   2.0400000e+02	   2.1200000e+02	   3.1200000e+02	   1.5000000e+01	   2.0000000e+00	   4.8850000e+00	   4.2400000e+00	   1.3000000e-01	   2.0000000e+00	   3.0000000e+00	   1.0000000e+00	   3.0000000e+00	   2.9850000e+03	
   2.0100000e+02	   2.1500000e+02	   1.1400000e+02	   8.0000000e+00	   3.0000000e+00	   4.8900000e+00	   4.2050000e+00	   1.6700000e+00	   3.0000000e+00	   1.0000000e+00	   2.0000000e+00	   1.0000000e+00	   6.1020000e+03	
   2.0600000e+02	   2.1000000e+02	   1.0700000e+02	   4.0000000e+00	   2.0000000e+00	   4.0050000e+00	   3.3400000e+00	   2.1000000e+00	   3.0000000e+00	   1.0000000e+00	   2.0000000e+00	   3.0000000e+00	   3.0640000e+03	
   1.1200000e+02	   2.1000000e+02	   2.0300000e+02	   9.0000000e+00	   1.0000000e+00	   3.5150000e+00	   3.3400000e+00	   9.9500000e-01	   3.0000000e+00	   2.0000000e+00	   1.0000000e+00	   2.0000000e+00	   2.2180000e+03	
   1.1200000e+02	   2.0900000e+02	   3.1000000e+02	   1.4000000e+01	   2.0000000e+00	   3.5150000e+00	   3.0750000e+00	   3.0000000e-02	   3.0000000e+00	   1.0000000e+00	   2.0000000e+00	   3.0000000e+00	   5.0820000e+03	
   2.0600000e+02	   2.0900000e+02	   1.0700000e+02	   4.0000000e+00	   3.0000000e+00	   4.0050000e+00	   3.0750000e+00	   2.1000000e+00	   3.0000000e+00	   2.0000000e+00	   1.0000000e+00	   3.0000000e+00	   7.2310000e+03	
   2.0800000e+02	   2.1300000e+02	   2.0300000e+02	   9.0000000e+00	   3.0000000e+00	   3.9450000e+00	   3.0050000e+00	   9.9500000e-01	   1.0000000e+00	   2.0000000e+00	   3.0000000e+00	   1.0000000e+00	   7.8700000e+03	
   2.0500000e+02	   2.1000000e+02	   2.1100000e+02	   1.0000000e+01	   5.0000000e+00	   4.9200000e+00	   3.3400000e+00	   1.1700000e+00	   1.0000000e+00	   2.0000000e+00	   3.0000000e+00	   1.0000000e+00	   1.6680000e+03	
   2.0600000e+02	   2.1500000e+02	   1.1000000e+02	   6.0000000e+00	   1.0000000e+00	   4.0050000e+00	   4.2050000e+00	   2.4050000e+00	   2.0000000e+00	   3.0000000e+00	   1.0000000e+00	   3.0000000e+00	   2.5370000e+03	
   1.1200000e+02	   2.0800000e+02	   2.0300000e+02	   9.0000000e+00	   2.0000000e+00	   3.5150000e+00	   3.9450000e+00	   9.9500000e-01	   1.0000000e+00	   2.0000000e+00	   3.0000000e+00	   2.0000000e+00	   4.4120000e+03	
   2.0100000e+02	   2.0900000e+02	   1.0400000e+02	   3.0000000e+00	   5.0000000e+00	   4.8900000e+00	   3.0750000e+00	   6.1000000e-01	   3.0000000e+00	   1.0000000e+00	   2.0000000e+00	   3.0000000e+00	   1.6990000e+03	
   2.0800000e+02	   2.1500000e+02	   1.1300000e+02	   7.0000000e+00	   1.0000000e+00	   3.9450000e+00	   4.2050000e+00	   1.9100000e+00	   3.0000000e+00	   1.0000000e+00	   2.0000000e+00	   1.0000000e+00	   5.1370000e+03	
   1.0600000e+02	   2.0500000e+02	   1.0400000e+02	   3.0000000e+00	   5.0000000e+00	   2.9450000e+00	   4.9200000e+00	   6.1000000e-01	   1.0000000e+00	   2.0000000e+00	   3.0000000e+00	   2.0000000e+00	   1.4343000e+04	
   1.1600000e+02	   2.1000000e+02	   1.0400000e+02	   3.0000000e+00	   2.0000000e+00	   2.9000000e+00	   3.3400000e+00	   6.1000000e-01	   3.0000000e+00	   2.0000000e+00	   1.0000000e+00	   2.0000000e+00	   2.7490000e+03	
   2.0400000e+02	   2.1500000e+02	   2.1400000e+02	   1.1000000e+01	   2.0000000e+00	   4.8850000e+00	   4.2050000e+00	   2.1700000e+00	   1.0000000e+00	   3.0000000e+00	   2.0000000e+00	   1.0000000e+00	   1.9760000e+03	
   2.1300000e+02	   2.1500000e+02	   2.1100000e+02	   1.0000000e+01	   4.0000000e+00	   3.0050000e+00	   4.2050000e+00	   1.1700000e+00	   2.0000000e+00	   1.0000000e+00	   3.0000000e+00	   1.0000000e+00	   5.5010000e+03	
   2.0500000e+02	   2.0700000e+02	   2.0300000e+02	   9.0000000e+00	   1.0000000e+00	   4.9200000e+00	   4.9400000e+00	   9.9500000e-01	   3.0000000e+00	   2.0000000e+00	   1.0000000e+00	   3.0000000e+00	   2.2820000e+03	
   1.1600000e+02	   2.1000000e+02	   3.0800000e+02	   1.3000000e+01	   2.0000000e+00	   2.9000000e+00	   3.3400000e+00	   6.0000000e-02	   3.0000000e+00	   1.0000000e+00	   2.0000000e+00	   1.0000000e+00	   1.8890000e+03	
   2.0100000e+02	   2.1200000e+02	   1.0800000e+02	   5.0000000e+00	   2.0000000e+00	   4.8900000e+00	   4.2400000e+00	   2.0500000e+00	   2.0000000e+00	   3.0000000e+00	   1.0000000e+00	   2.0000000e+00	   3.3480000e+03	
   1.1200000e+02	   1.1600000e+02	   3.0700000e+02	   1.2000000e+01	   2.0000000e+00	   3.5150000e+00	   2.9000000e+00	   1.1000000e-01	   2.0000000e+00	   1.0000000e+00	   3.0000000e+00	   2.0000000e+00	   9.2550000e+03	
   2.0800000e+02	   2.0900000e+02	   1.0200000e+02	   1.0000000e+00	   3.0000000e+00	   3.9450000e+00	   3.0750000e+00	   1.5300000e+00	   3.0000000e+00	   1.0000000e+00	   2.0000000e+00	   1.0000000e+00	   9.3260000e+03	
   2.0800000e+02	   2.1500000e+02	   2.1100000e+02	   1.0000000e+01	   1.0000000e+00	   3.9450000e+00	   4.2050000e+00	   1.1700000e+00	   3.0000000e+00	   1.0000000e+00	   2.0000000e+00	   1.0000000e+00	   3.4760000e+03	
   2.0100000e+02	   2.0800000e+02	   1.1000000e+02	   6.0000000e+00	   3.0000000e+00	   4.8900000e+00	   3.9450000e+00	   2.4050000e+00	   2.0000000e+00	   1.0000000e+00	   3.0000000e+00	   2.0000000e+00	   4.0240000e+03	
   2.0500000e+02	   2.1000000e+02	   1.1300000e+02	   7.0000000e+00	   5.0000000e+00	   4.9200000e+00	   3.3400000e+00	   1.9100000e+00	   1.0000000e+00	   2.0000000e+00	   3.0000000e+00	   1.0000000e+00	   4.1230000e+03	
   1.0600000e+02	   2.0600000e+02	   3.1000000e+02	   1.4000000e+01	   4.0000000e+00	   2.9450000e+00	   4.0050000e+00	   3.0000000e-02	   2.0000000e+00	   3.0000000e+00	   1.0000000e+00	   3.0000000e+00	   1.5499000e+04	
   1.0600000e+02	   2.0700000e+02	   1.0700000e+02	   4.0000000e+00	   5.0000000e+00	   2.9450000e+00	   4.9400000e+00	   2.1000000e+00	   1.0000000e+00	   2.0000000e+00	   3.0000000e+00	   2.0000000e+00	   1.0513000e+04	
   2.0500000e+02	   2.0900000e+02	   3.1000000e+02	   1.4000000e+01	   5.0000000e+00	   4.9200000e+00	   3.0750000e+00	   3.0000000e-02	   1.0000000e+00	   3.0000000e+00	   2.0000000e+00	   1.0000000e+00	   2.2930000e+03	
   1.1200000e+02	   2.1000000e+02	   2.1400000e+02	   1.1000000e+01	   1.0000000e+00	   3.5150000e+00	   3.3400000e+00	   2.1700000e+00	   3.0000000e+00	   2.0000000e+00	   1.0000000e+00	   2.0000000e+00	   3.9930000e+03	
   2.0400000e+02	   2.0500000e+02	   2.1100000e+02	   1.0000000e+01	   1.0000000e+00	   4.8850000e+00	   4.9200000e+00	   1.1700000e+00	   3.0000000e+00	   1.0000000e+00	   2.0000000e+00	   3.0000000e+00	   1.0314000e+04	
   1.1200000e+02	   2.0800000e+02	   1.1400000e+02	   8.0000000e+00	   2.0000000e+00	   3.5150000e+00	   3.9450000e+00	   1.6700000e+00	   1.0000000e+00	   2.0000000e+00	   3.0000000e+00	   1.0000000e+00	   1.0664000e+04	
   1.1600000e+02	   2.0800000e+02	   3.1000000e+02	   1.4000000e+01	   4.0000000e+00	   2.9000000e+00	   3.9450000e+00	   3.0000000e-02	   2.0000000e+00	   3.0000000e+00	   1.0000000e+00	   3.0000000e+00	   1.1412000e+04	
   2.0400000e+02	   2.1500000e+02	   1.1300000e+02	   7.0000000e+00	   2.0000000e+00	   4.8850000e+00	   4.2050000e+00	   1.9100000e+00	   2.0000000e+00	   1.0000000e+00	   3.0000000e+00	   1.0000000e+00	   8.2090000e+03	
   2.0900000e+02	   2.1500000e+02	   1.1300000e+02	   7.0000000e+00	   4.0000000e+00	   3.0750000e+00	   4.2050000e+00	   1.9100000e+00	   1.0000000e+00	   3.0000000e+00	   2.0000000e+00	   3.0000000e+00	   6.4060000e+03	
   1.1100000e+02	   2.0600000e+02	   1.1000000e+02	   6.0000000e+00	   2.0000000e+00	   3.6950000e+00	   4.0050000e+00	   2.4050000e+00	   2.0000000e+00	   1.0000000e+00	   3.0000000e+00	   1.0000000e+00	   7.9810000e+03	
   1.1100000e+02	   2.0700000e+02	   1.0400000e+02	   3.0000000e+00	   4.0000000e+00	   3.6950000e+00	   4.9400000e+00	   6.1000000e-01	   1.0000000e+00	   3.0000000e+00	   2.0000000e+00	   3.0000000e+00	   5.3560000e+03	
   1.1100000e+02	   2.0400000e+02	   1.0700000e+02	   4.0000000e+00	   4.0000000e+00	   3.6950000e+00	   4.8850000e+00	   2.1000000e+00	   2.0000000e+00	   3.0000000e+00	   1.0000000e+00	   3.0000000e+00	   1.3780000e+03	
   2.0100000e+02	   2.1000000e+02	   1.1300000e+02	   7.0000000e+00	   5.0000000e+00	   4.8900000e+00	   3.3400000e+00	   1.9100000e+00	   3.0000000e+00	   1.0000000e+00	   2.0000000e+00	   3.0000000e+00	   4.3750000e+03	
   2.0500000e+02	   2.0800000e+02	   1.1300000e+02	   7.0000000e+00	   3.0000000e+00	   4.9200000e+00	   3.9450000e+00	   1.9100000e+00	   3.0000000e+00	   1.0000000e+00	   2.0000000e+00	   3.0000000e+00	   3.2880000e+03	
   1.1600000e+02	   2.0900000e+02	   2.0300000e+02	   9.0000000e+00	   1.0000000e+00	   2.9000000e+00	   3.0750000e+00	   9.9500000e-01	   2.0000000e+00	   1.0000000e+00	   3.0000000e+00	   1.0000000e+00	   2.2240000e+03	
   1.1200000e+02	   2.1500000e+02	   2.1100000e+02	   1.0000000e+01	   3.0000000e+00	   3.5150000e+00	   4.2050000e+00	   1.1700000e+00	   1.0000000e+00	   2.0000000e+00	   3.0000000e+00	   2.0000000e+00	   1.6950000e+03	
   2.0600000e+02	   2.0800000e+02	   1.0400000e+02	   3.0000000e+00	   1.0000000e+00	   4.0050000e+00	   3.9450000e+00	   6.1000000e-01	   1.0000000e+00	   2.0000000e+00	   3.0000000e+00	   1.0000000e+00	   9.7560000e+03	
   1.0600000e+02	   2.0500000e+02	   1.0300000e+02	   2.0000000e+00	   5.0000000e+00	   2.9450000e+00	   4.9200000e+00	   2.5350000e+00	   2.0000000e+00	   1.0000000e+00	   3.0000000e+00	   2.0000000e+00	   8.7070000e+03	
   1.1600000e+02	   2.0700000e+02	   1.0700000e+02	   4.0000000e+00	   5.0000000e+00	   2.9000000e+00	   4.9400000e+00	   2.1000000e+00	   2.0000000e+00	   1.0000000e+00	   3.0000000e+00	   1.0000000e+00	   2.4550000e+03	
   1.1200000e+02	   2.0500000e+02	   1.0300000e+02	   2.0000000e+00	   4.0000000e+00	   3.5150000e+00	   4.9200000e+00	   2.5350000e+00	   2.0000000e+00	   3.0000000e+00	   1.0000000e+00	   3.0000000e+00	   3.2360000e+03	
   2.0700000e+02	   2.1000000e+02	   2.1400000e+02	   1.1000000e+01	   5.0000000e+00	   4.9400000e+00	   3.3400000e+00	   2.1700000e+00	   1.0000000e+00	   3.0000000e+00	   2.0000000e+00	   1.0000000e+00	   5.9050000e+03	
   2.0100000e+02	   2.0600000e+02	   3.0800000e+02	   1.3000000e+01	   3.0000000e+00	   4.8900000e+00	   4.0050000e+00	   6.0000000e-02	   1.0000000e+00	   3.0000000e+00	   2.0000000e+00	   1.0000000e+00	   2.8000000e+03	
   2.0500000e+02	   2.1200000e+02	   1.1300000e+02	   7.0000000e+00	   2.0000000e+00	   4.9200000e+00	   4.2400000e+00	   1.9100000e+00	   1.0000000e+00	   3.0000000e+00	   2.0000000e+00	   1.0000000e+00	   2.2550000e+03	
   1.1100000e+02	   2.0900000e+02	   3.0800000e+02	   1.3000000e+01	   2.0000000e+00	   3.6950000e+00	   3.0750000e+00	   6.0000000e-02	   3.0000000e+00	   1.0000000e+00	   2.0000000e+00	   3.0000000e+00	   6.1750000e+03	
   1.0600000e+02	   2.1300000e+02	   1.0300000e+02	   2.0000000e+00	   1.0000000e+00	   2.9450000e+00	   3.0050000e+00	   2.5350000e+00	   2.0000000e+00	   3.0000000e+00	   1.0000000e+00	   2.0000000e+00	   3.0490000e+03	
   1.1100000e+02	   1.1600000e+02	   1.0200000e+02	   1.0000000e+00	   3.0000000e+00	   3.6950000e+00	   2.9000000e+00	   1.5300000e+00	   3.0000000e+00	   1.0000000e+00	   2.0000000e+00	   3.0000000e+00	   2.0230000e+03	
   1.0600000e+02	   2.1200000e+02	   2.1400000e+02	   1.1000000e+01	   4.0000000e+00	   2.9450000e+00	   4.2400000e+00	   2.1700000e+00	   1.0000000e+00	   3.0000000e+00	   2.0000000e+00	   1.0000000e+00	   1.0359000e+04	
   2.1200000e+02	   2.1300000e+02	   3.0800000e+02	   1.3000000e+01	   4.0000000e+00	   4.2400000e+00	   3.0050000e+00	   6.0000000e-02	   1.0000000e+00	   3.0000000e+00	   2.0000000e+00	   1.0000000e+00	   2.4110000e+03	
   2.0800000e+02	   2.1500000e+02	   1.0200000e+02	   1.0000000e+00	   1.0000000e+00	   3.9450000e+00	   4.2050000e+00	   1.5300000e+00	   1.0000000e+00	   2.0000000e+00	   3.0000000e+00	   2.0000000e+00	   2.6290000e+03	
   2.0800000e+02	   2.1200000e+02	   3.0700000e+02	   1.2000000e+01	   2.0000000e+00	   3.9450000e+00	   4.2400000e+00	   1.1000000e-01	   3.0000000e+00	   2.0000000e+00	   1.0000000e+00	   2.0000000e+00	   1.5430000e+03	
   2.0500000e+02	   2.1500000e+02	   1.0200000e+02	   1.0000000e+00	   3.0000000e+00	   4.9200000e+00	   4.2050000e+00	   1.5300000e+00	   1.0000000e+00	   2.0000000e+00	   3.0000000e+00	   1.0000000e+00	   3.1620000e+03	
   1.1100000e+02	   2.0600000e+02	   3.1200000e+02	   1.5000000e+01	   2.0000000e+00	   3.6950000e+00	   4.0050000e+00	   1.3000000e-01	   1.0000000e+00	   3.0000000e+00	   2.0000000e+00	   3.0000000e+00	   6.2250000e+03	
   1.0600000e+02	   1.1600000e+02	   1.1400000e+02	   8.0000000e+00	   1.0000000e+00	   2.9450000e+00	   2.9000000e+00	   1.6700000e+00	   2.0000000e+00	   3.0000000e+00	   1.0000000e+00	   2.0000000e+00	   3.1610000e+03	
   1.1200000e+02	   2.0500000e+02	   2.1100000e+02	   1.0000000e+01	   4.0000000e+00	   3.5150000e+00	   4.9200000e+00	   1.1700000e+00	   2.0000000e+00	   3.0000000e+00	   1.0000000e+00	   3.0000000e+00	   5.6800000e+03	
   1.1600000e+02	   2.0800000e+02	   1.1300000e+02	   7.0000000e+00	   4.0000000e+00	   2.9000000e+00	   3.9450000e+00	   1.9100000e+00	   2.0000000e+00	   1.0000000e+00	   3.0000000e+00	   3.0000000e+00	   1.2190000e+04	
   1.1200000e+02	   2.1200000e+02	   3.1000000e+02	   1.4000000e+01	   3.0000000e+00	   3.5150000e+00	   4.2400000e+00	   3.0000000e-02	   2.0000000e+00	   3.0000000e+00	   1.0000000e+00	   3.0000000e+00	   4.0580000e+03	
   1.0600000e+02	   2.1300000e+02	   1.1300000e+02	   7.0000000e+00	   1.0000000e+00	   2.9450000e+00	   3.0050000e+00	   1.9100000e+00	   2.0000000e+00	   3.0000000e+00	   1.0000000e+00	   3.0000000e+00	   4.8500000e+03	
   2.0600000e+02	   2.0700000e+02	   1.0300000e+02	   2.0000000e+00	   3.0000000e+00	   4.0050000e+00	   4.9400000e+00	   2.5350000e+00	   1.0000000e+00	   3.0000000e+00	   2.0000000e+00	   3.0000000e+00	   1.1664000e+04	
   1.1600000e+02	   2.1200000e+02	   1.0200000e+02	   1.0000000e+00	   4.0000000e+00	   2.9000000e+00	   4.2400000e+00	   1.5300000e+00	   2.0000000e+00	   1.0000000e+00	   3.0000000e+00	   1.0000000e+00	   1.7120000e+03	
   1.0600000e+02	   2.1500000e+02	   1.0700000e+02	   4.0000000e+00	   4.0000000e+00	   2.9450000e+00	   4.2050000e+00	   2.1000000e+00	   3.0000000e+00	   2.0000000e+00	   1.0000000e+00	   3.0000000e+00	   2.0980000e+03	
   2.0900000e+02	   2.1200000e+02	   1.0300000e+02	   2.0000000e+00	   4.0000000e+00	   3.0750000e+00	   4.2400000e+00	   2.5350000e+00	   2.0000000e+00	   3.0000000e+00	   1.0000000e+00	   3.0000000e+00	   2.9930000e+03	
   1.1100000e+02	   2.0700000e+02	   1.0700000e+02	   4.0000000e+00	   4.0000000e+00	   3.6950000e+00	   4.9400000e+00	   2.1000000e+00	   3.0000000e+00	   1.0000000e+00	   2.0000000e+00	   1.0000000e+00	   4.9060000e+03	
   2.0100000e+02	   2.1200000e+02	   3.1000000e+02	   1.4000000e+01	   2.0000000e+00	   4.8900000e+00	   4.2400000e+00	   3.0000000e-02	   3.0000000e+00	   1.0000000e+00	   2.0000000e+00	   3.0000000e+00	   8.2710000e+03	
   1.1200000e+02	   2.0900000e+02	   3.1200000e+02	   1.5000000e+01	   2.0000000e+00	   3.5150000e+00	   3.0750000e+00	   1.3000000e-01	   2.0000000e+00	   1.0000000e+00	   3.0000000e+00	   1.0000000e+00	   6.7580000e+03	
   2.0700000e+02	   2.1200000e+02	   1.1400000e+02	   8.0000000e+00	   3.0000000e+00	   4.9400000e+00	   4.2400000e+00	   1.6700000e+00	   1.0000000e+00	   3.0000000e+00	   2.0000000e+00	   1.0000000e+00	   3.2410000e+03	
   1.1200000e+02	   2.0100000e+02	   3.1200000e+02	   1.5000000e+01	   4.0000000e+00	   3.5150000e+00	   4.8900000e+00	   1.3000000e-01	   3.0000000e+00	   1.0000000e+00	   2.0000000e+00	   1.0000000e+00	   2.8330000e+03	
   1.1100000e+02	   2.1500000e+02	   2.0300000e+02	   9.0000000e+00	   2.0000000e+00	   3.6950000e+00	   4.2050000e+00	   9.9500000e-01	   3.0000000e+00	   2.0000000e+00	   1.0000000e+00	   2.0000000e+00	   6.7650000e+03	
   2.0100000e+02	   2.1000000e+02	   1.1000000e+02	   6.0000000e+00	   5.0000000e+00	   4.8900000e+00	   3.3400000e+00	   2.4050000e+00	   2.0000000e+00	   1.0000000e+00	   3.0000000e+00	   2.0000000e+00	   4.3360000e+03	
   2.0600000e+02	   2.1500000e+02	   1.0200000e+02	   1.0000000e+00	   1.0000000e+00	   4.0050000e+00	   4.2050000e+00	   1.5300000e+00	   2.0000000e+00	   3.0000000e+00	   1.0000000e+00	   3.0000000e+00	   2.0670000e+03	
   1.1200000e+02	   2.0600000e+02	   1.0700000e+02	   4.0000000e+00	   2.0000000e+00	   3.5150000e+00	   4.0050000e+00	   2.1000000e+00	   3.0000000e+00	   1.0000000e+00	   2.0000000e+00	   1.0000000e+00	   8.5930000e+03	
   2.0400000e+02	   2.0500000e+02	   2.1400000e+02	   1.1000000e+01	   1.0000000e+00	   4.8850000e+00	   4.9200000e+00	   2.1700000e+00	   2.0000000e+00	   3.0000000e+00	   1.0000000e+00	   2.0000000e+00	   6.1940000e+03	
   2.0100000e+02	   2.0600000e+02	   3.0700000e+02	   1.2000000e+01	   3.0000000e+00	   4.8900000e+00	   4.0050000e+00	   1.1000000e-01	   1.0000000e+00	   2.0000000e+00	   3.0000000e+00	   1.0000000e+00	   3.9690000e+03	
   2.0400000e+02	   2.1300000e+02	   3.0800000e+02	   1.3000000e+01	   5.0000000e+00	   4.8850000e+00	   3.0050000e+00	   6.0000000e-02	   2.0000000e+00	   1.0000000e+00	   3.0000000e+00	   2.0000000e+00	   3.2750000e+03	
   2.0900000e+02	   2.1000000e+02	   1.0400000e+02	   3.0000000e+00	   1.0000000e+00	   3.0750000e+00	   3.3400000e+00	   6.1000000e-01	   3.0000000e+00	   1.0000000e+00	   2.0000000e+00	   1.0000000e+00	   4.4320000e+03	
   1.0600000e+02	   1.1100000e+02	   2.0300000e+02	   9.0000000e+00	   3.0000000e+00	   2.9450000e+00	   3.6950000e+00	   9.9500000e-01	   3.0000000e+00	   2.0000000e+00	   1.0000000e+00	   3.0000000e+00	   1.9470000e+03	
   1.0600000e+02	   2.0600000e+02	   1.1300000e+02	   7.0000000e+00	   4.0000000e+00	   2.9450000e+00	   4.0050000e+00	   1.9100000e+00	   2.0000000e+00	   3.0000000e+00	   1.0000000e+00	   2.0000000e+00	   3.2860000e+03	
   2.0400000e+02	   2.0700000e+02	   1.1000000e+02	   6.0000000e+00	   1.0000000e+00	   4.8850000e+00	   4.9400000e+00	   2.4050000e+00	   1.0000000e+00	   2.0000000e+00	   3.0000000e+00	   1.0000000e+00	   1.6730000e+03	
   1.1100000e+02	   1.1200000e+02	   3.1200000e+02	   1.5000000e+01	   1.0000000e+00	   3.6950000e+00	   3.5150000e+00	   1.3000000e-01	   2.0000000e+00	   1.0000000e+00	   3.0000000e+00	   2.0000000e+00	   2.7760000e+03	
   1.1200000e+02	   2.1500000e+02	   1.1300000e+02	   7.0000000e+00	   3.0000000e+00	   3.5150000e+00	   4.2050000e+00	   1.9100000e+00	   1.0000000e+00	   2.0000000e+00	   3.0000000e+00	   2.0000000e+00	   1.4040000e+03	
   2.0400000e+02	   2.0800000e+02	   1.0700000e+02	   4.0000000e+00	   3.0000000e+00	   4.8850000e+00	   3.9450000e+00	   2.1000000e+00	   1.0000000e+00	   3.0000000e+00	   2.0000000e+00	   1.0000000e+00	   2.1020000e+03	
   1.1600000e+02	   2.0100000e+02	   2.0300000e+02	   9.0000000e+00	   5.0000000e+00	   2.9000000e+00	   4.8900000e+00	   9.9500000e-01	   3.0000000e+00	   2.0000000e+00	   1.0000000e+00	   2.0000000e+00	   1.6560000e+03	
   1.1600000e+02	   2.0700000e+02	   3.0700000e+02	   1.2000000e+01	   5.0000000e+00	   2.9000000e+00	   4.9400000e+00	   1.1000000e-01	   1.0000000e+00	   3.0000000e+00	   2.0000000e+00	   3.0000000e+00	   9.9500000e+02	
   2.0800000e+02	   2.1200000e+02	   3.1000000e+02	   1.4000000e+01	   2.0000000e+00	   3.9450000e+00	   4.2400000e+00	   3.0000000e-02	   3.0000000e+00	   1.0000000e+00	   2.0000000e+00	   1.0000000e+00	   2.2410000e+03	
   2.0700000e+02	   2.1200000e+02	   1.0400000e+02	   3.0000000e+00	   3.0000000e+00	   4.9400000e+00	   4.2400000e+00	   6.1000000e-01	   3.0000000e+00	   2.0000000e+00	   1.0000000e+00	   3.0000000e+00	   2.0890000e+03	
   1.1200000e+02	   2.0100000e+02	   3.0700000e+02	   1.2000000e+01	   4.0000000e+00	   3.5150000e+00	   4.8900000e+00	   1.1000000e-01	   1.0000000e+00	   3.0000000e+00	   2.0000000e+00	   3.0000000e+00	   3.4680000e+03	
   1.1600000e+02	   2.1500000e+02	   2.0300000e+02	   9.0000000e+00	   4.0000000e+00	   2.9000000e+00	   4.2050000e+00	   9.9500000e-01	   3.0000000e+00	   1.0000000e+00	   2.0000000e+00	   1.0000000e+00	   2.9170000e+03	
   1.1100000e+02	   2.1300000e+02	   1.0400000e+02	   3.0000000e+00	   3.0000000e+00	   3.6950000e+00	   3.0050000e+00	   6.1000000e-01	   3.0000000e+00	   1.0000000e+00	   2.0000000e+00	   3.0000000e+00	   4.9030000e+03	
   2.0400000e+02	   2.1500000e+02	   1.0200000e+02	   1.0000000e+00	   2.0000000e+00	   4.8850000e+00	   4.2050000e+00	   1.5300000e+00	   2.0000000e+00	   1.0000000e+00	   3.0000000e+00	   1.0000000e+00	   6.3210000e+03	
   2.0500000e+02	   2.0600000e+02	   3.1000000e+02	   1.4000000e+01	   3.0000000e+00	   4.9200000e+00	   4.0050000e+00	   3.0000000e-02	   2.0000000e+00	   3.0000000e+00	   1.0000000e+00	   2.0000000e+00	   2.8540000e+03	
   1.1100000e+02	   2.0500000e+02	   1.0800000e+02	   5.0000000e+00	   4.0000000e+00	   3.6950000e+00	   4.9200000e+00	   2.0500000e+00	   2.0000000e+00	   1.0000000e+00	   3.0000000e+00	   1.0000000e+00	   6.0670000e+03	
   2.1000000e+02	   2.1500000e+02	   2.0300000e+02	   9.0000000e+00	   3.0000000e+00	   3.3400000e+00	   4.2050000e+00	   9.9500000e-01	   1.0000000e+00	   2.0000000e+00	   3.0000000e+00	   1.0000000e+00	   8.4320000e+03	
   1.1600000e+02	   2.0900000e+02	   3.0700000e+02	   1.2000000e+01	   1.0000000e+00	   2.9000000e+00	   3.0750000e+00	   1.1000000e-01	   1.0000000e+00	   2.0000000e+00	   3.0000000e+00	   2.0000000e+00	   8.3490000e+03	
   1.1600000e+02	   2.1300000e+02	   1.0800000e+02	   5.0000000e+00	   1.0000000e+00	   2.9000000e+00	   3.0050000e+00	   2.0500000e+00	   2.0000000e+00	   1.0000000e+00	   3.0000000e+00	   1.0000000e+00	   6.3340000e+03	
   2.0500000e+02	   2.1200000e+02	   3.0700000e+02	   1.2000000e+01	   2.0000000e+00	   4.9200000e+00	   4.2400000e+00	   1.1000000e-01	   1.0000000e+00	   2.0000000e+00	   3.0000000e+00	   1.0000000e+00	   3.3040000e+03	
   1.0600000e+02	   1.1200000e+02	   1.0300000e+02	   2.0000000e+00	   2.0000000e+00	   2.9450000e+00	   3.5150000e+00	   2.5350000e+00	   1.0000000e+00	   3.0000000e+00	   2.0000000e+00	   1.0000000e+00	   3.7350000e+03	
   1.0600000e+02	   1.1100000e+02	   2.1400000e+02	   1.1000000e+01	   3.0000000e+00	   2.9450000e+00	   3.6950000e+00	   2.1700000e+00	   1.0000000e+00	   2.0000000e+00	   3.0000000e+00	   1.0000000e+00	   1.3500000e+03	
   2.0400000e+02	   2.0600000e+02	   1.0200000e+02	   1.0000000e+00	   3.0000000e+00	   4.8850000e+00	   4.0050000e+00	   1.5300000e+00	   3.0000000e+00	   2.0000000e+00	   1.0000000e+00	   3.0000000e+00	   2.6890000e+03	
   2.0600000e+02	   2.0800000e+02	   3.1000000e+02	   1.4000000e+01	   1.0000000e+00	   4.0050000e+00	   3.9450000e+00	   3.0000000e-02	   3.0000000e+00	   1.0000000e+00	   2.0000000e+00	   1.0000000e+00	   8.8310000e+03	
   2.0500000e+02	   2.0700000e+02	   1.1400000e+02	   8.0000000e+00	   1.0000000e+00	   4.9200000e+00	   4.9400000e+00	   1.6700000e+00	   1.0000000e+00	   2.0000000e+00	   3.0000000e+00	   1.0000000e+00	   4.2470000e+03	
   1.0600000e+02	   2.0500000e+02	   2.1100000e+02	   1.0000000e+01	   5.0000000e+00	   2.9450000e+00	   4.9200000e+00	   1.1700000e+00	   3.0000000e+00	   2.0000000e+00	   1.0000000e+00	   3.0000000e+00	   2.0020000e+03	
   2.0800000e+02	   2.1000000e+02	   1.0200000e+02	   1.0000000e+00	   2.0000000e+00	   3.9450000e+00	   3.3400000e+00	   1.5300000e+00	   1.0000000e+00	   2.0000000e+00	   3.0000000e+00	   2.0000000e+00	   8.5520000e+03	
   2.0500000e+02	   2.1500000e+02	   2.1400000e+02	   1.1000000e+01	   3.0000000e+00	   4.9200000e+00	   4.2050000e+00	   2.1700000e+00	   3.0000000e+00	   1.0000000e+00	   2.0000000e+00	   3.0000000e+00	   7.3940000e+03	
   2.0100000e+02	   2.0900000e+02	   1.0300000e+02	   2.0000000e+00	   5.0000000e+00	   4.8900000e+00	   3.0750000e+00	   2.5350000e+00	   3.0000000e+00	   1.0000000e+00	   2.0000000e+00	   3.0000000e+00	   7.4210000e+03	
   2.0400000e+02	   2.0800000e+02	   1.1300000e+02	   7.0000000e+00	   3.0000000e+00	   4.8850000e+00	   3.9450000e+00	   1.9100000e+00	   1.0000000e+00	   3.0000000e+00	   2.0000000e+00	   1.0000000e+00	   4.4470000e+03	
   2.0600000e+02	   2.1200000e+02	   1.0300000e+02	   2.0000000e+00	   1.0000000e+00	   4.0050000e+00	   4.2400000e+00	   2.5350000e+00	   1.0000000e+00	   2.0000000e+00	   3.0000000e+00	   2.0000000e+00	   2.9540000e+03	
   2.0700000e+02	   2.1300000e+02	   1.1400000e+02	   8.0000000e+00	   5.0000000e+00	   4.9400000e+00	   3.0050000e+00	   1.6700000e+00	   2.0000000e+00	   3.0000000e+00	   1.0000000e+00	   2.0000000e+00	   1.3820000e+03	
   1.0600000e+02	   1.1200000e+02	   2.0300000e+02	   9.0000000e+00	   2.0000000e+00	   2.9450000e+00	   3.5150000e+00	   9.9500000e-01	   2.0000000e+00	   3.0000000e+00	   1.0000000e+00	   2.0000000e+00	   3.7450000e+03	
   1.1200000e+02	   2.0100000e+02	   2.1400000e+02	   1.1000000e+01	   4.0000000e+00	   3.5150000e+00	   4.8900000e+00	   2.1700000e+00	   2.0000000e+00	   1.0000000e+00	   3.0000000e+00	   1.0000000e+00	   5.1060000e+03	
   2.0700000e+02	   2.1000000e+02	   3.0800000e+02	   1.3000000e+01	   5.0000000e+00	   4.9400000e+00	   3.3400000e+00	   6.0000000e-02	   1.0000000e+00	   3.0000000e+00	   2.0000000e+00	   1.0000000e+00	   3.2900000e+03	
   1.1100000e+02	   2.0500000e+02	   1.0400000e+02	   3.0000000e+00	   4.0000000e+00	   3.6950000e+00	   4.9200000e+00	   6.1000000e-01	   3.0000000e+00	   2.0000000e+00	   1.0000000e+00	   2.0000000e+00	   1.1902000e+04	
   1.1200000e+02	   2.1200000e+02	   1.0300000e+02	   2.0000000e+00	   3.0000000e+00	   3.5150000e+00	   4.2400000e+00	   2.5350000e+00	   1.0000000e+00	   3.0000000e+00	   2.0000000e+00	   3.0000000e+00	   4.4300000e+03	
   2.0100000e+02	   2.0400000e+02	   3.0800000e+02	   1.3000000e+01	   1.0000000e+00	   4.8900000e+00	   4.8850000e+00	   6.0000000e-02	   1.0000000e+00	   3.0000000e+00	   2.0000000e+00	   3.0000000e+00	   1.1080000e+03	
   1.1100000e+02	   2.0800000e+02	   1.0400000e+02	   3.0000000e+00	   1.0000000e+00	   3.6950000e+00	   3.9450000e+00	   6.1000000e-01	   2.0000000e+00	   3.0000000e+00	   1.0000000e+00	   2.0000000e+00	   9.1240000e+03	
   1.0600000e+02	   2.0800000e+02	   1.1400000e+02	   8.0000000e+00	   4.0000000e+00	   2.9450000e+00	   3.9450000e+00	   1.6700000e+00	   2.0000000e+00	   1.0000000e+00	   3.0000000e+00	   2.0000000e+00	   3.8660000e+03	
   2.0500000e+02	   2.1200000e+02	   2.1100000e+02	   1.0000000e+01	   2.0000000e+00	   4.9200000e+00	   4.2400000e+00	   1.1700000e+00	   2.0000000e+00	   3.0000000e+00	   1.0000000e+00	   2.0000000e+00	   3.3140000e+03	
   2.0100000e+02	   2.0700000e+02	   1.0300000e+02	   2.0000000e+00	   1.0000000e+00	   4.8900000e+00	   4.9400000e+00	   2.5350000e+00	   2.0000000e+00	   3.0000000e+00	   1.0000000e+00	   2.0000000e+00	   4.9280000e+03	
   2.0700000e+02	   2.1300000e+02	   1.1300000e+02	   7.0000000e+00	   5.0000000e+00	   4.9400000e+00	   3.0050000e+00	   1.9100000e+00	   3.0000000e+00	   2.0000000e+00	   1.0000000e+00	   3.0000000e+00	   6.6290000e+03	
   1.1600000e+02	   2.1200000e+02	   3.0800000e+02	   1.3000000e+01	   4.0000000e+00	   2.9000000e+00	   4.2400000e+00	   6.0000000e-02	   3.0000000e+00	   1.0000000e+00	   2.0000000e+00	   1.0000000e+00	   5.0480000e+03	
   2.0600000e+02	   2.0900000e+02	   3.1000000e+02	   1.4000000e+01	   3.0000000e+00	   4.0050000e+00	   3.0750000e+00	   3.0000000e-02	   3.0000000e+00	   1.0000000e+00	   2.0000000e+00	   3.0000000e+00	   3.6360000e+03	
   1.0600000e+02	   1.1100000e+02	   3.0700000e+02	   1.2000000e+01	   3.0000000e+00	   2.9450000e+00	   3.6950000e+00	   1.1000000e-01	   3.0000000e+00	   2.0000000e+00	   1.0000000e+00	   3.0000000e+00	   9.0460000e+03	
   2.0400000e+02	   2.0700000e+02	   3.1000000e+02	   1.4000000e+01	   1.0000000e+00	   4.8850000e+00	   4.9400000e+00	   3.0000000e-02	   1.0000000e+00	   3.0000000e+00	   2.0000000e+00	   1.0000000e+00	   2.8380000e+03	
   1.1200000e+02	   2.1000000e+02	   1.0300000e+02	   2.0000000e+00	   1.0000000e+00	   3.5150000e+00	   3.3400000e+00	   2.5350000e+00	   2.0000000e+00	   3.0000000e+00	   1.0000000e+00	   3.0000000e+00	   2.9070000e+03	
   2.0700000e+02	   2.1300000e+02	   2.1100000e+02	   1.0000000e+01	   5.0000000e+00	   4.9400000e+00	   3.0050000e+00	   1.1700000e+00	   2.0000000e+00	   3.0000000e+00	   1.0000000e+00	   2.0000000e+00	   4.9250000e+03	
   1.0600000e+02	   2.0500000e+02	   1.1400000e+02	   8.0000000e+00	   5.0000000e+00	   2.9450000e+00	   4.9200000e+00	   1.6700000e+00	   3.0000000e+00	   1.0000000e+00	   2.0000000e+00	   3.0000000e+00	   1.0730000e+04	
   2.0100000e+02	   2.1300000e+02	   3.1200000e+02	   1.5000000e+01	   5.0000000e+00	   4.8900000e+00	   3.0050000e+00	   1.3000000e-01	   3.0000000e+00	   1.0000000e+00	   2.0000000e+00	   3.0000000e+00	   4.5910000e+03	
   1.1100000e+02	   2.1200000e+02	   1.1300000e+02	   7.0000000e+00	   2.0000000e+00	   3.6950000e+00	   4.2400000e+00	   1.9100000e+00	   3.0000000e+00	   2.0000000e+00	   1.0000000e+00	   2.0000000e+00	   7.0100000e+03	
   2.0500000e+02	   2.1300000e+02	   3.0700000e+02	   1.2000000e+01	   5.0000000e+00	   4.9200000e+00	   3.0050000e+00	   1.1000000e-01	   2.0000000e+00	   3.0000000e+00	   1.0000000e+00	   2.0000000e+00	   1.6500000e+03	
   2.0100000e+02	   2.0700000e+02	   3.0800000e+02	   1.3000000e+01	   1.0000000e+00	   4.8900000e+00	   4.9400000e+00	   6.0000000e-02	   1.0000000e+00	   2.0000000e+00	   3.0000000e+00	   1.0000000e+00	   3.3850000e+03	
   2.0600000e+02	   2.1300000e+02	   2.0300000e+02	   9.0000000e+00	   4.0000000e+00	   4.0050000e+00	   3.0050000e+00	   9.9500000e-01	   3.0000000e+00	   1.0000000e+00	   2.0000000e+00	   3.0000000e+00	   4.1370000e+03	
   1.1100000e+02	   2.0100000e+02	   1.0800000e+02	   5.0000000e+00	   4.0000000e+00	   3.6950000e+00	   4.8900000e+00	   2.0500000e+00	   3.0000000e+00	   2.0000000e+00	   1.0000000e+00	   2.0000000e+00	   4.4300000e+03	
   1.0600000e+02	   2.1200000e+02	   2.1100000e+02	   1.0000000e+01	   4.0000000e+00	   2.9450000e+00	   4.2400000e+00	   1.1700000e+00	   1.0000000e+00	   3.0000000e+00	   2.0000000e+00	   1.0000000e+00	   5.1940000e+03	
   2.0100000e+02	   2.0800000e+02	   2.1100000e+02	   1.0000000e+01	   3.0000000e+00	   4.8900000e+00	   3.9450000e+00	   1.1700000e+00	   2.0000000e+00	   3.0000000e+00	   1.0000000e+00	   2.0000000e+00	   3.8250000e+03	
   2.0500000e+02	   2.1200000e+02	   1.0400000e+02	   3.0000000e+00	   2.0000000e+00	   4.9200000e+00	   4.2400000e+00	   6.1000000e-01	   1.0000000e+00	   2.0000000e+00	   3.0000000e+00	   1.0000000e+00	   3.7390000e+03	
   2.0400000e+02	   2.1200000e+02	   1.1000000e+02	   6.0000000e+00	   2.0000000e+00	   4.8850000e+00	   4.2400000e+00	   2.4050000e+00	   1.0000000e+00	   3.0000000e+00	   2.0000000e+00	   1.0000000e+00	   5.3050000e+03	
   2.0800000e+02	   2.1300000e+02	   1.1000000e+02	   6.0000000e+00	   3.0000000e+00	   3.9450000e+00	   3.0050000e+00	   2.4050000e+00	   3.0000000e+00	   2.0000000e+00	   1.0000000e+00	   2.0000000e+00	   1.0188000e+04	
   1.0600000e+02	   2.1000000e+02	   1.0800000e+02	   5.0000000e+00	   2.0000000e+00	   2.9450000e+00	   3.3400000e+00	   2.0500000e+00	   1.0000000e+00	   2.0000000e+00	   3.0000000e+00	   1.0000000e+00	   3.0460000e+03	
   2.0600000e+02	   2.0900000e+02	   1.1000000e+02	   6.0000000e+00	   3.0000000e+00	   4.0050000e+00	   3.0750000e+00	   2.4050000e+00	   3.0000000e+00	   2.0000000e+00	   1.0000000e+00	   3.0000000e+00	   8.8370000e+03	
   1.1200000e+02	   2.0100000e+02	   2.1100000e+02	   1.0000000e+01	   4.0000000e+00	   3.5150000e+00	   4.8900000e+00	   1.1700000e+00	   2.0000000e+00	   3.0000000e+00	   1.0000000e+00	   3.0000000e+00	   6.7100000e+03	
   1.0600000e+02	   2.0400000e+02	   3.1000000e+02	   1.4000000e+01	   5.0000000e+00	   2.9450000e+00	   4.8850000e+00	   3.0000000e-02	   2.0000000e+00	   3.0000000e+00	   1.0000000e+00	   2.0000000e+00	   6.0710000e+03	
   1.0600000e+02	   2.1000000e+02	   1.0400000e+02	   3.0000000e+00	   2.0000000e+00	   2.9450000e+00	   3.3400000e+00	   6.1000000e-01	   3.0000000e+00	   1.0000000e+00	   2.0000000e+00	   3.0000000e+00	   1.9890000e+03	
   1.1200000e+02	   2.0100000e+02	   1.0800000e+02	   5.0000000e+00	   4.0000000e+00	   3.5150000e+00	   4.8900000e+00	   2.0500000e+00	   2.0000000e+00	   1.0000000e+00	   3.0000000e+00	   1.0000000e+00	   3.7030000e+03	
   2.0500000e+02	   2.1000000e+02	   3.1000000e+02	   1.4000000e+01	   5.0000000e+00	   4.9200000e+00	   3.3400000e+00	   3.0000000e-02	   1.0000000e+00	   3.0000000e+00	   2.0000000e+00	   1.0000000e+00	   4.3910000e+03	
   2.0500000e+02	   2.0900000e+02	   1.0700000e+02	   4.0000000e+00	   5.0000000e+00	   4.9200000e+00	   3.0750000e+00	   2.1000000e+00	   2.0000000e+00	   1.0000000e+00	   3.0000000e+00	   2.0000000e+00	   4.2650000e+03	
   1.1200000e+02	   2.0100000e+02	   1.0400000e+02	   3.0000000e+00	   4.0000000e+00	   3.5150000e+00	   4.8900000e+00	   6.1000000e-01	   2.0000000e+00	   3.0000000e+00	   1.0000000e+00	   3.0000000e+00	   1.7870000e+03	
   2.0400000e+02	   2.0800000e+02	   3.0700000e+02	   1.2000000e+01	   3.0000000e+00	   4.8850000e+00	   3.9450000e+00	   1.1000000e-01	   2.0000000e+00	   3.0000000e+00	   1.0000000e+00	   2.0000000e+00	   2.3550000e+03	
   1.0600000e+02	   1.1200000e+02	   2.1400000e+02	   1.1000000e+01	   2.0000000e+00	   2.9450000e+00	   3.5150000e+00	   2.1700000e+00	   2.0000000e+00	   1.0000000e+00	   3.0000000e+00	   2.0000000e+00	   1.4280000e+03	
   2.0800000e+02	   2.1200000e+02	   1.0400000e+02	   3.0000000e+00	   2.0000000e+00	   3.9450000e+00	   4.2400000e+00	   6.1000000e-01	   1.0000000e+00	   2.0000000e+00	   3.0000000e+00	   2.0000000e+00	   5.2070000e+03	
   2.0600000e+02	   2.0800000e+02	   3.0700000e+02	   1.2000000e+01	   1.0000000e+00	   4.0050000e+00	   3.9450000e+00	   1.1000000e-01	   3.0000000e+00	   2.0000000e+00	   1.0000000e+00	   3.0000000e+00	   3.2320000e+03	
   1.1200000e+02	   2.0400000e+02	   1.0200000e+02	   1.0000000e+00	   4.0000000e+00	   3.5150000e+00	   4.8850000e+00	   1.5300000e+00	   2.0000000e+00	   1.0000000e+00	   3.0000000e+00	   1.0000000e+00	   2.1570000e+03	
   1.1200000e+02	   2.0900000e+02	   1.0800000e+02	   5.0000000e+00	   2.0000000e+00	   3.5150000e+00	   3.0750000e+00	   2.0500000e+00	   3.0000000e+00	   1.0000000e+00	   2.0000000e+00	   3.0000000e+00	   1.1374000e+04	
   2.0100000e+02	   2.0400000e+02	   2.0300000e+02	   9.0000000e+00	   1.0000000e+00	   4.8900000e+00	   4.8850000e+00	   9.9500000e-01	   1.0000000e+00	   2.0000000e+00	   3.0000000e+00	   1.0000000e+00	   2.1080000e+03	
   1.1100000e+02	   2.1500000e+02	   2.1100000e+02	   1.0000000e+01	   2.0000000e+00	   3.6950000e+00	   4.2050000e+00	   1.1700000e+00	   3.0000000e+00	   2.0000000e+00	   1.0000000e+00	   3.0000000e+00	   4.3440000e+03	
   2.0500000e+02	   2.0900000e+02	   1.1000000e+02	   6.0000000e+00	   5.0000000e+00	   4.9200000e+00	   3.0750000e+00	   2.4050000e+00	   1.0000000e+00	   2.0000000e+00	   3.0000000e+00	   1.0000000e+00	   3.1840000e+03	
   1.1100000e+02	   2.0600000e+02	   1.1400000e+02	   8.0000000e+00	   2.0000000e+00	   3.6950000e+00	   4.0050000e+00	   1.6700000e+00	   3.0000000e+00	   1.0000000e+00	   2.0000000e+00	   1.0000000e+00	   9.6220000e+03	
   2.0600000e+02	   2.0900000e+02	   1.0400000e+02	   3.0000000e+00	   3.0000000e+00	   4.0050000e+00	   3.0750000e+00	   6.1000000e-01	   2.0000000e+00	   1.0000000e+00	   3.0000000e+00	   2.0000000e+00	   5.8850000e+03	
   2.0500000e+02	   2.1500000e+02	   3.1200000e+02	   1.5000000e+01	   3.0000000e+00	   4.9200000e+00	   4.2050000e+00	   1.3000000e-01	   2.0000000e+00	   1.0000000e+00	   3.0000000e+00	   2.0000000e+00	   3.3340000e+03	
   2.0400000e+02	   2.0600000e+02	   1.1300000e+02	   7.0000000e+00	   3.0000000e+00	   4.8850000e+00	   4.0050000e+00	   1.9100000e+00	   2.0000000e+00	   3.0000000e+00	   1.0000000e+00	   2.0000000e+00	   2.6320000e+03	
   1.1200000e+02	   2.0400000e+02	   3.0800000e+02	   1.3000000e+01	   4.0000000e+00	   3.5150000e+00	   4.8850000e+00	   6.0000000e-02	   3.0000000e+00	   1.0000000e+00	   2.0000000e+00	   1.0000000e+00	   1.1182000e+04	
   1.0600000e+02	   2.0900000e+02	   2.1100000e+02	   1.0000000e+01	   1.0000000e+00	   2.9450000e+00	   3.0750000e+00	   1.1700000e+00	   2.0000000e+00	   3.0000000e+00	   1.0000000e+00	   2.0000000e+00	   1.7320000e+03	
   2.0400000e+02	   2.0900000e+02	   1.1000000e+02	   6.0000000e+00	   5.0000000e+00	   4.8850000e+00	   3.0750000e+00	   2.4050000e+00	   3.0000000e+00	   1.0000000e+00	   2.0000000e+00	   3.0000000e+00	   2.1790000e+03	
   1.0600000e+02	   2.0500000e+02	   1.0200000e+02	   1.0000000e+00	   5.0000000e+00	   2.9450000e+00	   4.9200000e+00	   1.5300000e+00	   3.0000000e+00	   2.0000000e+00	   1.0000000e+00	   3.0000000e+00	   5.3940000e+03	
   2.1000000e+02	   2.1300000e+02	   1.1400000e+02	   8.0000000e+00	   2.0000000e+00	   3.3400000e+00	   3.0050000e+00	   1.6700000e+00	   3.0000000e+00	   2.0000000e+00	   1.0000000e+00	   3.0000000e+00	   2.7080000e+03	
   1.1100000e+02	   2.1500000e+02	   3.1200000e+02	   1.5000000e+01	   2.0000000e+00	   3.6950000e+00	   4.2050000e+00	   1.3000000e-01	   3.0000000e+00	   2.0000000e+00	   1.0000000e+00	   2.0000000e+00	   6.6240000e+03	
   2.0100000e+02	   2.0400000e+02	   2.1100000e+02	   1.0000000e+01	   1.0000000e+00	   4.8900000e+00	   4.8850000e+00	   1.1700000e+00	   1.0000000e+00	   3.0000000e+00	   2.0000000e+00	   3.0000000e+00	   4.0730000e+03	
   2.0600000e+02	   2.0900000e+02	   3.1200000e+02	   1.5000000e+01	   3.0000000e+00	   4.0050000e+00	   3.0750000e+00	   1.3000000e-01	   2.0000000e+00	   3.0000000e+00	   1.0000000e+00	   2.0000000e+00	   3.8180000e+03	
   1.1600000e+02	   2.0800000e+02	   1.0200000e+02	   1.0000000e+00	   4.0000000e+00	   2.9000000e+00	   3.9450000e+00	   1.5300000e+00	   1.0000000e+00	   2.0000000e+00	   3.0000000e+00	   2.0000000e+00	   2.7990000e+03	
   1.0600000e+02	   2.0100000e+02	   1.0400000e+02	   3.0000000e+00	   5.0000000e+00	   2.9450000e+00	   4.8900000e+00	   6.1000000e-01	   1.0000000e+00	   3.0000000e+00	   2.0000000e+00	   1.0000000e+00	   1.9030000e+03	
   2.0700000e+02	   2.0800000e+02	   3.1200000e+02	   1.5000000e+01	   4.0000000e+00	   4.9400000e+00	   3.9450000e+00	   1.3000000e-01	   3.0000000e+00	   1.0000000e+00	   2.0000000e+00	   3.0000000e+00	   8.2490000e+03	
   2.0600000e+02	   2.0900000e+02	   3.0800000e+02	   1.3000000e+01	   3.0000000e+00	   4.0050000e+00	   3.0750000e+00	   6.0000000e-02	   1.0000000e+00	   3.0000000e+00	   2.0000000e+00	   1.0000000e+00	   6.9350000e+03	
   2.0900000e+02	   2.1300000e+02	   1.0800000e+02	   5.0000000e+00	   1.0000000e+00	   3.0750000e+00	   3.0050000e+00	   2.0500000e+00	   3.0000000e+00	   2.0000000e+00	   1.0000000e+00	   2.0000000e+00	   6.3420000e+03	
   2.0600000e+02	   2.0800000e+02	   3.0800000e+02	   1.3000000e+01	   1.0000000e+00	   4.0050000e+00	   3.9450000e+00	   6.0000000e-02	   2.0000000e+00	   1.0000000e+00	   3.0000000e+00	   2.0000000e+00	   1.1309000e+04	
   2.0400000e+02	   2.0900000e+02	   3.1200000e+02	   1.5000000e+01	   5.0000000e+00	   4.8850000e+00	   3.0750000e+00	   1.3000000e-01	   2.0000000e+00	   3.0000000e+00	   1.0000000e+00	   2.0000000e+00	   1.9320000e+03	
   1.1600000e+02	   2.0500000e+02	   1.0200000e+02	   1.0000000e+00	   5.0000000e+00	   2.9000000e+00	   4.9200000e+00	   1.5300000e+00	   2.0000000e+00	   1.0000000e+00	   3.0000000e+00	   1.0000000e+00	   1.8600000e+03	
   2.0600000e+02	   2.1200000e+02	   1.0700000e+02	   4.0000000e+00	   1.0000000e+00	   4.0050000e+00	   4.2400000e+00	   2.1000000e+00	   3.0000000e+00	   2.0000000e+00	   1.0000000e+00	   3.0000000e+00	   7.3170000e+03	
   2.0400000e+02	   2.1000000e+02	   3.0700000e+02	   1.2000000e+01	   5.0000000e+00	   4.8850000e+00	   3.3400000e+00	   1.1000000e-01	   2.0000000e+00	   1.0000000e+00	   3.0000000e+00	   2.0000000e+00	   1.3420000e+03	
   1.1600000e+02	   2.1200000e+02	   3.1200000e+02	   1.5000000e+01	   4.0000000e+00	   2.9000000e+00	   4.2400000e+00	   1.3000000e-01	   2.0000000e+00	   1.0000000e+00	   3.0000000e+00	   1.0000000e+00	   8.3400000e+03	
