   1.0000000e+00	   2.0300000e+02	   2.0000000e+00	   4.4000000e-01	   1.0610000e+04	   1.9300000e+00	   5.8650000e+03	
   2.0000000e+00	   1.0800000e+02	   1.0000000e+00	   4.0400000e+00	   7.6010000e+03	   3.5200000e+00	   5.7640000e+03	
   3.0000000e+00	   2.0500000e+02	   2.0000000e+00	   3.5600000e+00	   5.0360000e+03	   1.7900000e+00	   3.6310000e+03	
   4.0000000e+00	   3.0200000e+02	   3.0000000e+00	   2.1800000e+00	   4.2710000e+03	   4.1100000e+00	   3.7660000e+03	
   5.0000000e+00	   1.0100000e+02	   1.0000000e+00	   9.0000000e-01	   3.1370000e+03	   4.3200000e+00	   1.4529000e+04	
   6.0000000e+00	   1.1000000e+02	   1.0000000e+00	   4.9400000e+00	   5.2030000e+03	   1.9600000e+00	   5.0320000e+03	
   7.0000000e+00	   2.0100000e+02	   2.0000000e+00	   3.9100000e+00	   4.1230000e+03	   1.6200000e+00	   1.0763000e+04	
   8.0000000e+00	   3.1300000e+02	   3.0000000e+00	   3.6300000e+00	   3.5230000e+03	   2.4900000e+00	   2.9660000e+03	
   9.0000000e+00	   1.0300000e+02	   1.0000000e+00	   3.0600000e+00	   3.5220000e+03	   3.0300000e+00	   3.3650000e+03	
   1.0000000e+01	   2.1500000e+02	   2.0000000e+00	   3.1100000e+00	   6.8550000e+03	   8.5000000e-01	   4.9320000e+03	
   1.1000000e+01	   1.0600000e+02	   1.0000000e+00	   3.2300000e+00	   4.9540000e+03	   3.3900000e+00	   3.2660000e+03	
   1.2000000e+01	   1.0400000e+02	   1.0000000e+00	   9.3000000e-01	   4.7880000e+03	   1.8400000e+00	   2.5660000e+03	
   1.3000000e+01	   2.0600000e+02	   2.0000000e+00	   5.0000000e+00	   6.4220000e+03	   4.0300000e+00	   6.7640000e+03	
   1.4000000e+01	   3.0700000e+02	   3.0000000e+00	   5.9000000e-01	   2.6880000e+03	   4.2400000e+00	   3.4650000e+03	
   1.5000000e+01	   2.0700000e+02	   2.0000000e+00	   4.9800000e+00	   2.3910000e+03	   1.2800000e+00	   4.8310000e+03	
   1.6000000e+01	   3.0600000e+02	   3.0000000e+00	   1.1200000e+00	   3.8230000e+03	   4.4100000e+00	   4.0980000e+03	
   1.7000000e+01	   3.1100000e+02	   3.0000000e+00	   6.4000000e-01	   3.3560000e+03	   4.3700000e+00	   1.3263000e+04	
   1.8000000e+01	   2.0800000e+02	   2.0000000e+00	   5.0000000e+00	   2.6900000e+03	   3.8300000e+00	   3.6650000e+03	
   1.9000000e+01	   1.1100000e+02	   1.0000000e+00	   3.3000000e+00	   2.6230000e+03	   3.9300000e+00	   3.8660000e+03	
   2.0000000e+01	   3.0900000e+02	   3.0000000e+00	   3.1700000e+00	   3.8900000e+03	   3.1800000e+00	   5.5990000e+03	
   2.1000000e+01	   2.1200000e+02	   2.0000000e+00	   3.3600000e+00	   3.2370000e+03	   1.9500000e+00	   8.3980000e+03	
   2.2000000e+01	   2.0900000e+02	   2.0000000e+00	   3.5800000e+00	   1.2452000e+04	   3.6500000e+00	   2.5990000e+03	
   2.3000000e+01	   1.0700000e+02	   1.0000000e+00	   3.1500000e+00	   2.7560000e+03	   1.3800000e+00	   5.3480000e+03	
   2.4000000e+01	   1.1300000e+02	   1.0000000e+00	   5.0000000e+00	   3.7550000e+03	   3.4800000e+00	   4.8650000e+03	
   2.5000000e+01	   3.0800000e+02	   3.0000000e+00	   6.2000000e-01	   2.9220000e+03	   3.1700000e+00	   2.3320000e+03	
   2.6000000e+01	   3.1400000e+02	   3.0000000e+00	   1.3900000e+00	   6.8540000e+03	   3.6800000e+00	   2.9990000e+03	
   2.7000000e+01	   1.0500000e+02	   1.0000000e+00	   2.0400000e+00	   4.8370000e+03	   8.3000000e-01	   3.0660000e+03	
   2.8000000e+01	   2.0200000e+02	   2.0000000e+00	   1.1600000e+00	   2.0570000e+03	   4.1900000e+00	   8.5970000e+03	
   2.9000000e+01	   1.1600000e+02	   1.0000000e+00	   5.0000000e+00	   4.6220000e+03	   4.0700000e+00	   2.7670000e+03	
   3.0000000e+01	   1.1500000e+02	   1.0000000e+00	   1.4300000e+00	   4.3220000e+03	   1.4400000e+00	   1.2263000e+04	
   3.1000000e+01	   3.1200000e+02	   3.0000000e+00	   4.6000000e-01	   1.9570000e+03	   3.2500000e+00	   2.6660000e+03	
   3.2000000e+01	   3.1000000e+02	   3.0000000e+00	   0.0000000e+00	   4.6880000e+03	   3.0800000e+00	   3.8990000e+03	
   3.3000000e+01	   1.1400000e+02	   1.0000000e+00	   1.5000000e+00	   9.4200000e+03	   3.4600000e+00	   2.1320000e+03	
   3.4000000e+01	   2.1400000e+02	   2.0000000e+00	   1.3000000e+00	   3.6550000e+03	   3.5200000e+00	   2.9660000e+03	
   3.5000000e+01	   3.0300000e+02	   3.0000000e+00	   7.2000000e-01	   3.3380000e+03	   4.2100000e+00	   2.7650000e+03	
   3.6000000e+01	   1.0900000e+02	   1.0000000e+00	   3.5000000e+00	   3.6560000e+03	   5.0000000e+00	   4.1660000e+03	
   3.7000000e+01	   2.1100000e+02	   2.0000000e+00	   1.1800000e+00	   2.1710000e+03	   4.3000000e-01	   1.7660000e+03	
   3.8000000e+01	   2.1300000e+02	   2.0000000e+00	   3.0700000e+00	   2.7370000e+03	   1.6300000e+00	   3.9660000e+03	
   3.9000000e+01	   3.0400000e+02	   3.0000000e+00	   1.0600000e+00	   2.6550000e+03	   3.4900000e+00	   2.5660000e+03	
   4.0000000e+01	   2.0400000e+02	   2.0000000e+00	   4.5700000e+00	   7.5360000e+03	   2.0800000e+00	   6.5650000e+03	
   4.1000000e+01	   1.1200000e+02	   1.0000000e+00	   5.0000000e+00	   2.5220000e+03	   3.8300000e+00	   3.5330000e+03	
   4.2000000e+01	   1.0200000e+02	   1.0000000e+00	   1.8300000e+00	   2.5050000e+03	   2.4500000e+00	   2.1320000e+03	
   4.3000000e+01	   3.0100000e+02	   3.0000000e+00	   4.6000000e-01	   2.7220000e+03	   2.1200000e+00	   2.9320000e+03	
   4.4000000e+01	   3.0500000e+02	   3.0000000e+00	   1.1300000e+00	   5.5540000e+03	   1.6100000e+00	   2.1577000e+04	
   4.5000000e+01	   2.1000000e+02	   2.0000000e+00	   5.0000000e+00	   3.3550000e+03	   3.7600000e+00	   5.5320000e+03	
