   1.0000000e+00	   1.0000000e+00	   1.0200000e+02	   3.1000000e+00	   5.5970000e+03	
   1.0000000e+00	   2.0000000e+00	   3.0800000e+02	   5.0000000e-01	   5.9220000e+03	
   1.0000000e+00	   3.0000000e+00	   2.0200000e+02	   1.0300000e+00	   2.5570000e+03	
   1.0000000e+00	   4.0000000e+00	   2.1100000e+02	   1.7400000e+00	   3.1580000e+03	
   1.0000000e+00	   5.0000000e+00	   2.0300000e+02	   1.1500000e+00	   4.4920000e+03	
   1.0000000e+00	   6.0000000e+00	   1.0800000e+02	   2.7300000e+00	   1.7260000e+03	
   1.0000000e+00	   7.0000000e+00	   2.0600000e+02	   2.9900000e+00	   4.0270000e+03	
   1.0000000e+00	   8.0000000e+00	   1.0300000e+02	   2.3100000e+00	   2.4930000e+03	
   1.0000000e+00	   9.0000000e+00	   3.0200000e+02	   4.2800000e+00	   4.9270000e+03	
   1.0000000e+00	   1.0000000e+01	   1.0600000e+02	   4.3700000e+00	   3.0280000e+03	
   1.0000000e+00	   1.1000000e+01	   3.0400000e+02	   4.5000000e-01	   3.4930000e+03	
   1.0000000e+00	   1.2000000e+01	   3.1100000e+02	   1.8100000e+00	   2.5610000e+03	
   1.0000000e+00	   1.3000000e+01	   2.0700000e+02	   3.4400000e+00	   2.8270000e+03	
   1.0000000e+00	   1.4000000e+01	   1.1600000e+02	   2.8400000e+00	   2.4270000e+03	
   1.0000000e+00	   1.5000000e+01	   1.1200000e+02	   2.9300000e+00	   2.5260000e+03	
   1.0000000e+00	   1.6000000e+01	   2.1300000e+02	   2.0500000e+00	   3.4260000e+03	
   1.0000000e+00	   1.7000000e+01	   1.0900000e+02	   4.3300000e+00	   3.9270000e+03	
   1.0000000e+00	   1.8000000e+01	   3.0600000e+02	   3.5700000e+00	   2.8620000e+03	
   1.0000000e+00	   1.9000000e+01	   3.0300000e+02	   2.3000000e-01	   2.8920000e+03	
   1.0000000e+00	   2.0000000e+01	   2.1200000e+02	   2.9200000e+00	   2.5600000e+03	
   1.0000000e+00	   2.1000000e+01	   2.1000000e+02	   1.7300000e+00	   3.0930000e+03	
   1.0000000e+00	   2.2000000e+01	   2.0900000e+02	   4.1400000e+00	   4.7280000e+03	
   1.0000000e+00	   2.3000000e+01	   2.1500000e+02	   3.5300000e+00	   2.6270000e+03	
   1.0000000e+00	   2.4000000e+01	   3.0100000e+02	   4.6000000e-01	   5.2260000e+03	
   1.0000000e+00	   2.5000000e+01	   2.0400000e+02	   2.9000000e+00	   4.2590000e+03	
   1.0000000e+00	   2.6000000e+01	   3.0900000e+02	   3.0500000e+00	   2.3260000e+03	
   1.0000000e+00	   2.7000000e+01	   2.0500000e+02	   3.1900000e+00	   3.8260000e+03	
   1.0000000e+00	   2.8000000e+01	   1.1100000e+02	   4.2400000e+00	   2.9940000e+03	
   1.0000000e+00	   2.9000000e+01	   1.1400000e+02	   1.5700000e+00	   2.4930000e+03	
   1.0000000e+00	   3.0000000e+01	   2.1400000e+02	   3.7400000e+00	   7.8240000e+03	
   1.0000000e+00	   3.1000000e+01	   1.0100000e+02	   4.2300000e+00	   6.8930000e+03	
   1.0000000e+00	   3.2000000e+01	   3.1200000e+02	   2.4800000e+00	   3.6930000e+03	
   1.0000000e+00	   3.3000000e+01	   3.1300000e+02	   1.9600000e+00	   5.3930000e+03	
   1.0000000e+00	   3.4000000e+01	   1.1500000e+02	   2.4300000e+00	   3.7920000e+03	
   1.0000000e+00	   3.5000000e+01	   3.1400000e+02	   7.1000000e-01	   2.6590000e+03	
   1.0000000e+00	   3.6000000e+01	   3.0700000e+02	   1.2100000e+00	   2.1260000e+03	
   1.0000000e+00	   3.7000000e+01	   1.0400000e+02	   3.6400000e+00	   5.5930000e+03	
   1.0000000e+00	   3.8000000e+01	   3.0500000e+02	   1.0700000e+00	   3.2600000e+03	
   1.0000000e+00	   3.9000000e+01	   1.0700000e+02	   1.8800000e+00	   2.1270000e+03	
   1.0000000e+00	   4.0000000e+01	   2.0100000e+02	   2.7600000e+00	   2.5940000e+03	
   1.0000000e+00	   4.1000000e+01	   1.0500000e+02	   4.9900000e+00	   5.8930000e+03	
   1.0000000e+00	   4.2000000e+01	   2.0800000e+02	   1.8100000e+00	   1.9920000e+03	
   1.0000000e+00	   4.3000000e+01	   1.1000000e+02	   1.7900000e+00	   2.3950000e+03	
   1.0000000e+00	   4.4000000e+01	   3.1000000e+02	   7.5000000e-01	   2.0950000e+03	
   1.0000000e+00	   4.5000000e+01	   1.1300000e+02	   2.7200000e+00	   3.0240000e+03	
   2.0000000e+00	   1.0000000e+00	   2.0200000e+02	   1.6300000e+00	   3.4240000e+03	
   2.0000000e+00	   2.0000000e+00	   2.1000000e+02	   1.3700000e+00	   1.3280000e+03	
   2.0000000e+00	   3.0000000e+00	   1.1500000e+02	   1.7300000e+00	   1.9620000e+03	
   2.0000000e+00	   4.0000000e+00	   1.1400000e+02	   1.1700000e+00	   2.2610000e+03	
   2.0000000e+00	   5.0000000e+00	   2.0900000e+02	   4.1700000e+00	   5.1930000e+03	
   2.0000000e+00	   6.0000000e+00	   2.0800000e+02	   6.9000000e-01	   3.1260000e+03	
   2.0000000e+00	   7.0000000e+00	   3.0300000e+02	   6.6000000e-01	   1.4290000e+03	
   2.0000000e+00	   8.0000000e+00	   3.0600000e+02	   3.1200000e+00	   3.7270000e+03	
   2.0000000e+00	   9.0000000e+00	   1.0400000e+02	   3.7500000e+00	   3.3610000e+03	
   2.0000000e+00	   1.0000000e+01	   3.0800000e+02	   1.1100000e+00	   2.9940000e+03	
   2.0000000e+00	   1.1000000e+01	   1.0800000e+02	   3.3200000e+00	   2.0950000e+03	
   2.0000000e+00	   1.2000000e+01	   1.0300000e+02	   1.9200000e+00	   2.4610000e+03	
   2.0000000e+00	   1.3000000e+01	   2.1400000e+02	   3.2500000e+00	   1.6940000e+03	
   2.0000000e+00	   1.4000000e+01	   1.1000000e+02	   2.1800000e+00	   2.5950000e+03	
   2.0000000e+00	   1.5000000e+01	   1.0900000e+02	   4.1400000e+00	   2.0290000e+03	
   2.0000000e+00	   1.6000000e+01	   3.1300000e+02	   2.1300000e+00	   1.9940000e+03	
   2.0000000e+00	   1.7000000e+01	   3.0700000e+02	   1.2600000e+00	   1.6610000e+03	
   2.0000000e+00	   1.8000000e+01	   2.0500000e+02	   3.3100000e+00	   1.5950000e+03	
   2.0000000e+00	   1.9000000e+01	   3.1100000e+02	   8.5000000e-01	   3.4920000e+03	
   2.0000000e+00	   2.0000000e+01	   1.0700000e+02	   2.1100000e+00	   1.4960000e+03	
   2.0000000e+00	   2.1000000e+01	   1.1200000e+02	   2.9300000e+00	   4.1610000e+03	
   2.0000000e+00	   2.2000000e+01	   3.1400000e+02	   7.6000000e-01	   2.2930000e+03	
   2.0000000e+00	   2.3000000e+01	   3.0400000e+02	   7.9000000e-01	   1.6950000e+03	
   2.0000000e+00	   2.4000000e+01	   2.0100000e+02	   3.4800000e+00	   1.3270000e+03	
   2.0000000e+00	   2.5000000e+01	   3.0100000e+02	   2.9000000e-01	   2.6290000e+03	
   2.0000000e+00	   2.6000000e+01	   2.0400000e+02	   2.9100000e+00	   2.3280000e+03	
   2.0000000e+00	   2.7000000e+01	   2.0700000e+02	   3.6900000e+00	   2.5270000e+03	
   2.0000000e+00	   2.8000000e+01	   1.1600000e+02	   2.9300000e+00	   3.7600000e+03	
   2.0000000e+00	   2.9000000e+01	   3.0900000e+02	   2.9300000e+00	   5.0950000e+03	
   2.0000000e+00	   3.0000000e+01	   1.1300000e+02	   3.0200000e+00	   1.6930000e+03	
   2.0000000e+00	   3.1000000e+01	   1.0100000e+02	   3.9300000e+00	   3.1940000e+03	
   2.0000000e+00	   3.2000000e+01	   3.0500000e+02	   1.3500000e+00	   2.4280000e+03	
   2.0000000e+00	   3.3000000e+01	   2.1100000e+02	   2.1600000e+00	   1.6950000e+03	
   2.0000000e+00	   3.4000000e+01	   2.1200000e+02	   2.8700000e+00	   2.9950000e+03	
   2.0000000e+00	   3.5000000e+01	   3.1200000e+02	   5.4000000e-01	   2.7270000e+03	
   2.0000000e+00	   3.6000000e+01	   1.1100000e+02	   4.2500000e+00	   1.9110000e+03	
   2.0000000e+00	   3.7000000e+01	   1.0200000e+02	   3.0800000e+00	   2.6280000e+03	
   2.0000000e+00	   3.8000000e+01	   1.0600000e+02	   4.7300000e+00	   3.0100000e+03	
   2.0000000e+00	   3.9000000e+01	   2.1500000e+02	   3.5400000e+00	   1.5290000e+03	
   2.0000000e+00	   4.0000000e+01	   2.0600000e+02	   2.9000000e+00	   2.6600000e+03	
   2.0000000e+00	   4.1000000e+01	   2.1300000e+02	   1.1600000e+00	   1.8280000e+03	
   2.0000000e+00	   4.2000000e+01	   1.0500000e+02	   4.9200000e+00	   1.7960000e+03	
   2.0000000e+00	   4.3000000e+01	   2.0300000e+02	   1.5900000e+00	   1.5940000e+03	
   2.0000000e+00	   4.4000000e+01	   3.0200000e+02	   4.1700000e+00	   2.0280000e+03	
   2.0000000e+00	   4.5000000e+01	   3.1000000e+02	   4.5000000e-01	   2.8270000e+03	
