   1.0900000e+02	   3.0200000e+02	   3.1400000e+02	   1.5000000e+01	   1.0000000e+00	   4.2350000e+00	   4.2250000e+00	   7.3500000e-01	   1.0000000e+00	   3.0000000e+00	   2.0000000e+00	   1.0000000e+00	   1.7660000e+03	
   2.0500000e+02	   3.0600000e+02	   3.1400000e+02	   1.5000000e+01	   1.0000000e+00	   3.2500000e+00	   3.3450000e+00	   7.3500000e-01	   1.0000000e+00	   3.0000000e+00	   2.0000000e+00	   3.0000000e+00	   2.2020000e+03	
   2.0500000e+02	   2.1400000e+02	   2.1000000e+02	   7.0000000e+00	   2.0000000e+00	   3.2500000e+00	   3.4950000e+00	   1.5500000e+00	   1.0000000e+00	   3.0000000e+00	   2.0000000e+00	   1.0000000e+00	   4.5900000e+03	
   1.0400000e+02	   2.1400000e+02	   2.1200000e+02	   9.0000000e+00	   2.0000000e+00	   3.6950000e+00	   3.4950000e+00	   2.8950000e+00	   1.0000000e+00	   3.0000000e+00	   2.0000000e+00	   1.0000000e+00	   2.2350000e+03	
   1.0200000e+02	   2.0500000e+02	   1.0700000e+02	   1.0000000e+00	   1.0000000e+00	   3.0900000e+00	   3.2500000e+00	   1.9950000e+00	   2.0000000e+00	   1.0000000e+00	   3.0000000e+00	   2.0000000e+00	   2.5330000e+03	
   1.1100000e+02	   2.0700000e+02	   2.1100000e+02	   8.0000000e+00	   3.0000000e+00	   4.2450000e+00	   3.5650000e+00	   1.9500000e+00	   3.0000000e+00	   1.0000000e+00	   2.0000000e+00	   3.0000000e+00	   1.1320000e+03	
   1.0200000e+02	   1.0600000e+02	   1.0700000e+02	   1.0000000e+00	   5.0000000e+00	   3.0900000e+00	   4.5500000e+00	   1.9950000e+00	   1.0000000e+00	   2.0000000e+00	   3.0000000e+00	   2.0000000e+00	   1.4090000e+03	
   2.0100000e+02	   2.0500000e+02	   3.1400000e+02	   1.5000000e+01	   1.0000000e+00	   3.1200000e+00	   3.2500000e+00	   7.3500000e-01	   3.0000000e+00	   1.0000000e+00	   2.0000000e+00	   1.0000000e+00	   2.0860000e+03	
   1.0200000e+02	   1.0500000e+02	   2.1100000e+02	   8.0000000e+00	   5.0000000e+00	   3.0900000e+00	   4.9550000e+00	   1.9500000e+00	   2.0000000e+00	   3.0000000e+00	   1.0000000e+00	   3.0000000e+00	   1.3680000e+03	
   1.0900000e+02	   3.0200000e+02	   2.0300000e+02	   5.0000000e+00	   1.0000000e+00	   4.2350000e+00	   4.2250000e+00	   1.3700000e+00	   2.0000000e+00	   3.0000000e+00	   1.0000000e+00	   2.0000000e+00	   3.4360000e+03	
   1.0600000e+02	   2.0500000e+02	   3.0100000e+02	   1.0000000e+01	   5.0000000e+00	   4.5500000e+00	   3.2500000e+00	   3.7500000e-01	   1.0000000e+00	   2.0000000e+00	   3.0000000e+00	   1.0000000e+00	   1.6840000e+03	
   1.0200000e+02	   2.1500000e+02	   3.0100000e+02	   1.0000000e+01	   2.0000000e+00	   3.0900000e+00	   3.5350000e+00	   3.7500000e-01	   2.0000000e+00	   1.0000000e+00	   3.0000000e+00	   2.0000000e+00	   5.9000000e+03	
   1.0600000e+02	   2.1400000e+02	   3.0900000e+02	   1.2000000e+01	   5.0000000e+00	   4.5500000e+00	   3.4950000e+00	   2.9900000e+00	   2.0000000e+00	   3.0000000e+00	   1.0000000e+00	   2.0000000e+00	   1.0600000e+03	
   1.0900000e+02	   2.0900000e+02	   1.1300000e+02	   3.0000000e+00	   1.0000000e+00	   4.2350000e+00	   4.1550000e+00	   2.8700000e+00	   2.0000000e+00	   3.0000000e+00	   1.0000000e+00	   2.0000000e+00	   1.6990000e+03	
   1.0100000e+02	   2.0700000e+02	   3.0900000e+02	   1.2000000e+01	   3.0000000e+00	   4.0800000e+00	   3.5650000e+00	   2.9900000e+00	   3.0000000e+00	   2.0000000e+00	   1.0000000e+00	   2.0000000e+00	   3.8690000e+03	
   1.0200000e+02	   1.0900000e+02	   2.0300000e+02	   5.0000000e+00	   5.0000000e+00	   3.0900000e+00	   4.2350000e+00	   1.3700000e+00	   2.0000000e+00	   1.0000000e+00	   3.0000000e+00	   1.0000000e+00	   1.3270000e+03	
   1.0400000e+02	   2.0100000e+02	   3.1400000e+02	   1.5000000e+01	   3.0000000e+00	   3.6950000e+00	   3.1200000e+00	   7.3500000e-01	   3.0000000e+00	   1.0000000e+00	   2.0000000e+00	   3.0000000e+00	   1.6320000e+03	
   1.0200000e+02	   2.0100000e+02	   1.1300000e+02	   3.0000000e+00	   1.0000000e+00	   3.0900000e+00	   3.1200000e+00	   2.8700000e+00	   2.0000000e+00	   3.0000000e+00	   1.0000000e+00	   2.0000000e+00	   4.9840000e+03	
   1.1100000e+02	   2.0900000e+02	   1.0700000e+02	   1.0000000e+00	   1.0000000e+00	   4.2450000e+00	   4.1550000e+00	   1.9950000e+00	   1.0000000e+00	   3.0000000e+00	   2.0000000e+00	   1.0000000e+00	   1.5130000e+03	
   1.0400000e+02	   2.1500000e+02	   3.0100000e+02	   1.0000000e+01	   1.0000000e+00	   3.6950000e+00	   3.5350000e+00	   3.7500000e-01	   1.0000000e+00	   3.0000000e+00	   2.0000000e+00	   1.0000000e+00	   1.6180000e+03	
   1.1100000e+02	   2.1400000e+02	   2.1000000e+02	   7.0000000e+00	   4.0000000e+00	   4.2450000e+00	   3.4950000e+00	   1.5500000e+00	   1.0000000e+00	   3.0000000e+00	   2.0000000e+00	   1.0000000e+00	   1.2770000e+03	
   1.0100000e+02	   1.0200000e+02	   3.1000000e+02	   1.3000000e+01	   4.0000000e+00	   4.0800000e+00	   3.0900000e+00	   6.0000000e-01	   3.0000000e+00	   2.0000000e+00	   1.0000000e+00	   2.0000000e+00	   1.5260000e+03	
   1.0600000e+02	   2.0100000e+02	   2.1200000e+02	   9.0000000e+00	   5.0000000e+00	   4.5500000e+00	   3.1200000e+00	   2.8950000e+00	   1.0000000e+00	   2.0000000e+00	   3.0000000e+00	   1.0000000e+00	   1.3220000e+03	
   1.0100000e+02	   1.0900000e+02	   2.1100000e+02	   8.0000000e+00	   1.0000000e+00	   4.0800000e+00	   4.2350000e+00	   1.9500000e+00	   1.0000000e+00	   3.0000000e+00	   2.0000000e+00	   3.0000000e+00	   7.5300000e+02	
   2.0700000e+02	   2.0900000e+02	   1.0700000e+02	   1.0000000e+00	   3.0000000e+00	   3.5650000e+00	   4.1550000e+00	   1.9950000e+00	   3.0000000e+00	   2.0000000e+00	   1.0000000e+00	   3.0000000e+00	   4.6140000e+03	
   1.0500000e+02	   2.1400000e+02	   3.0900000e+02	   1.2000000e+01	   5.0000000e+00	   4.9550000e+00	   3.4950000e+00	   2.9900000e+00	   1.0000000e+00	   2.0000000e+00	   3.0000000e+00	   1.0000000e+00	   9.1200000e+02	
   1.0200000e+02	   3.0200000e+02	   2.0300000e+02	   5.0000000e+00	   5.0000000e+00	   3.0900000e+00	   4.2250000e+00	   1.3700000e+00	   2.0000000e+00	   3.0000000e+00	   1.0000000e+00	   3.0000000e+00	   2.2780000e+03	
   1.0900000e+02	   2.0500000e+02	   1.1200000e+02	   2.0000000e+00	   4.0000000e+00	   4.2350000e+00	   3.2500000e+00	   2.9300000e+00	   2.0000000e+00	   3.0000000e+00	   1.0000000e+00	   2.0000000e+00	   1.3910000e+03	
   1.0100000e+02	   1.0900000e+02	   2.0800000e+02	   6.0000000e+00	   1.0000000e+00	   4.0800000e+00	   4.2350000e+00	   1.2500000e+00	   1.0000000e+00	   3.0000000e+00	   2.0000000e+00	   3.0000000e+00	   1.2090000e+03	
   1.1100000e+02	   2.1500000e+02	   3.0900000e+02	   1.2000000e+01	   3.0000000e+00	   4.2450000e+00	   3.5350000e+00	   2.9900000e+00	   1.0000000e+00	   3.0000000e+00	   2.0000000e+00	   1.0000000e+00	   6.8600000e+02	
   1.0600000e+02	   3.0600000e+02	   3.1000000e+02	   1.3000000e+01	   5.0000000e+00	   4.5500000e+00	   3.3450000e+00	   6.0000000e-01	   2.0000000e+00	   3.0000000e+00	   1.0000000e+00	   2.0000000e+00	   1.0840000e+03	
   1.0600000e+02	   3.0600000e+02	   1.1200000e+02	   2.0000000e+00	   5.0000000e+00	   4.5500000e+00	   3.3450000e+00	   2.9300000e+00	   3.0000000e+00	   2.0000000e+00	   1.0000000e+00	   3.0000000e+00	   1.3750000e+03	
   2.0700000e+02	   2.1400000e+02	   2.1000000e+02	   7.0000000e+00	   1.0000000e+00	   3.5650000e+00	   3.4950000e+00	   1.5500000e+00	   2.0000000e+00	   3.0000000e+00	   1.0000000e+00	   2.0000000e+00	   1.3140000e+03	
   1.0900000e+02	   3.0200000e+02	   3.1000000e+02	   1.3000000e+01	   1.0000000e+00	   4.2350000e+00	   4.2250000e+00	   6.0000000e-01	   3.0000000e+00	   1.0000000e+00	   2.0000000e+00	   3.0000000e+00	   1.4940000e+03	
   2.0500000e+02	   3.0200000e+02	   3.0900000e+02	   1.2000000e+01	   4.0000000e+00	   3.2500000e+00	   4.2250000e+00	   2.9900000e+00	   1.0000000e+00	   3.0000000e+00	   2.0000000e+00	   3.0000000e+00	   1.5620000e+03	
   1.0900000e+02	   2.1500000e+02	   1.1300000e+02	   3.0000000e+00	   3.0000000e+00	   4.2350000e+00	   3.5350000e+00	   2.8700000e+00	   2.0000000e+00	   1.0000000e+00	   3.0000000e+00	   2.0000000e+00	   1.3490000e+03	
   1.0500000e+02	   1.0600000e+02	   3.0500000e+02	   1.1000000e+01	   2.0000000e+00	   4.9550000e+00	   4.5500000e+00	   1.2100000e+00	   1.0000000e+00	   2.0000000e+00	   3.0000000e+00	   1.0000000e+00	   7.4000000e+02	
   1.0200000e+02	   3.0600000e+02	   1.1300000e+02	   3.0000000e+00	   2.0000000e+00	   3.0900000e+00	   3.3450000e+00	   2.8700000e+00	   3.0000000e+00	   2.0000000e+00	   1.0000000e+00	   2.0000000e+00	   7.1510000e+03	
   2.0700000e+02	   3.0200000e+02	   3.0500000e+02	   1.1000000e+01	   3.0000000e+00	   3.5650000e+00	   4.2250000e+00	   1.2100000e+00	   2.0000000e+00	   3.0000000e+00	   1.0000000e+00	   3.0000000e+00	   2.4890000e+03	
   2.0100000e+02	   3.0200000e+02	   1.1500000e+02	   4.0000000e+00	   5.0000000e+00	   3.1200000e+00	   4.2250000e+00	   2.0800000e+00	   2.0000000e+00	   1.0000000e+00	   3.0000000e+00	   1.0000000e+00	   2.2230000e+03	
   1.0100000e+02	   2.0500000e+02	   3.1400000e+02	   1.5000000e+01	   4.0000000e+00	   4.0800000e+00	   3.2500000e+00	   7.3500000e-01	   3.0000000e+00	   2.0000000e+00	   1.0000000e+00	   3.0000000e+00	   2.8020000e+03	
   2.0900000e+02	   3.0200000e+02	   2.1100000e+02	   8.0000000e+00	   1.0000000e+00	   4.1550000e+00	   4.2250000e+00	   1.9500000e+00	   2.0000000e+00	   1.0000000e+00	   3.0000000e+00	   1.0000000e+00	   2.5870000e+03	
   1.0900000e+02	   2.0100000e+02	   1.1500000e+02	   4.0000000e+00	   5.0000000e+00	   4.2350000e+00	   3.1200000e+00	   2.0800000e+00	   2.0000000e+00	   3.0000000e+00	   1.0000000e+00	   2.0000000e+00	   1.7780000e+03	
   1.0100000e+02	   2.1500000e+02	   3.1400000e+02	   1.5000000e+01	   3.0000000e+00	   4.0800000e+00	   3.5350000e+00	   7.3500000e-01	   1.0000000e+00	   3.0000000e+00	   2.0000000e+00	   1.0000000e+00	   2.1150000e+03	
   1.0500000e+02	   2.0700000e+02	   1.0700000e+02	   1.0000000e+00	   5.0000000e+00	   4.9550000e+00	   3.5650000e+00	   1.9950000e+00	   1.0000000e+00	   2.0000000e+00	   3.0000000e+00	   1.0000000e+00	   1.5360000e+03	
   1.0600000e+02	   2.1400000e+02	   3.0100000e+02	   1.0000000e+01	   5.0000000e+00	   4.5500000e+00	   3.4950000e+00	   3.7500000e-01	   1.0000000e+00	   2.0000000e+00	   3.0000000e+00	   1.0000000e+00	   1.4690000e+03	
   1.0100000e+02	   2.0900000e+02	   2.1200000e+02	   9.0000000e+00	   1.0000000e+00	   4.0800000e+00	   4.1550000e+00	   2.8950000e+00	   3.0000000e+00	   2.0000000e+00	   1.0000000e+00	   3.0000000e+00	   2.9640000e+03	
   2.0900000e+02	   2.1500000e+02	   2.1200000e+02	   9.0000000e+00	   3.0000000e+00	   4.1550000e+00	   3.5350000e+00	   2.8950000e+00	   2.0000000e+00	   3.0000000e+00	   1.0000000e+00	   2.0000000e+00	   5.6580000e+03	
   2.0100000e+02	   3.0600000e+02	   3.1400000e+02	   1.5000000e+01	   2.0000000e+00	   3.1200000e+00	   3.3450000e+00	   7.3500000e-01	   1.0000000e+00	   3.0000000e+00	   2.0000000e+00	   3.0000000e+00	   4.1070000e+03	
   1.0600000e+02	   2.0700000e+02	   3.0100000e+02	   1.0000000e+01	   4.0000000e+00	   4.5500000e+00	   3.5650000e+00	   3.7500000e-01	   1.0000000e+00	   2.0000000e+00	   3.0000000e+00	   1.0000000e+00	   1.9830000e+03	
   1.0600000e+02	   2.1400000e+02	   2.1000000e+02	   7.0000000e+00	   5.0000000e+00	   4.5500000e+00	   3.4950000e+00	   1.5500000e+00	   3.0000000e+00	   2.0000000e+00	   1.0000000e+00	   3.0000000e+00	   1.5100000e+03	
   1.1100000e+02	   2.0900000e+02	   1.1300000e+02	   3.0000000e+00	   1.0000000e+00	   4.2450000e+00	   4.1550000e+00	   2.8700000e+00	   2.0000000e+00	   1.0000000e+00	   3.0000000e+00	   2.0000000e+00	   8.3300000e+02	
   1.0100000e+02	   1.0900000e+02	   3.0900000e+02	   1.2000000e+01	   1.0000000e+00	   4.0800000e+00	   4.2350000e+00	   2.9900000e+00	   1.0000000e+00	   2.0000000e+00	   3.0000000e+00	   2.0000000e+00	   1.1090000e+03	
   1.0900000e+02	   2.0100000e+02	   2.1100000e+02	   8.0000000e+00	   5.0000000e+00	   4.2350000e+00	   3.1200000e+00	   1.9500000e+00	   3.0000000e+00	   2.0000000e+00	   1.0000000e+00	   3.0000000e+00	   1.2280000e+03	
   2.0700000e+02	   3.0600000e+02	   3.1400000e+02	   1.5000000e+01	   2.0000000e+00	   3.5650000e+00	   3.3450000e+00	   7.3500000e-01	   2.0000000e+00	   1.0000000e+00	   3.0000000e+00	   1.0000000e+00	   2.2220000e+03	
   2.0500000e+02	   3.0600000e+02	   2.0300000e+02	   5.0000000e+00	   1.0000000e+00	   3.2500000e+00	   3.3450000e+00	   1.3700000e+00	   2.0000000e+00	   1.0000000e+00	   3.0000000e+00	   1.0000000e+00	   1.6440000e+03	
   1.0200000e+02	   1.0900000e+02	   3.1400000e+02	   1.5000000e+01	   5.0000000e+00	   3.0900000e+00	   4.2350000e+00	   7.3500000e-01	   3.0000000e+00	   2.0000000e+00	   1.0000000e+00	   2.0000000e+00	   1.8120000e+03	
   2.0100000e+02	   3.0600000e+02	   2.1200000e+02	   9.0000000e+00	   2.0000000e+00	   3.1200000e+00	   3.3450000e+00	   2.8950000e+00	   3.0000000e+00	   1.0000000e+00	   2.0000000e+00	   1.0000000e+00	   2.5620000e+03	
   1.0100000e+02	   1.0400000e+02	   2.1100000e+02	   8.0000000e+00	   2.0000000e+00	   4.0800000e+00	   3.6950000e+00	   1.9500000e+00	   3.0000000e+00	   2.0000000e+00	   1.0000000e+00	   2.0000000e+00	   2.3910000e+03	
   2.1500000e+02	   3.0600000e+02	   3.1100000e+02	   1.4000000e+01	   1.0000000e+00	   3.5350000e+00	   3.3450000e+00	   1.3300000e+00	   2.0000000e+00	   3.0000000e+00	   1.0000000e+00	   3.0000000e+00	   2.1660000e+03	
   2.1400000e+02	   3.0200000e+02	   3.0500000e+02	   1.1000000e+01	   4.0000000e+00	   3.4950000e+00	   4.2250000e+00	   1.2100000e+00	   2.0000000e+00	   1.0000000e+00	   3.0000000e+00	   1.0000000e+00	   1.8410000e+03	
   1.0500000e+02	   2.1500000e+02	   3.1000000e+02	   1.3000000e+01	   5.0000000e+00	   4.9550000e+00	   3.5350000e+00	   6.0000000e-01	   3.0000000e+00	   2.0000000e+00	   1.0000000e+00	   3.0000000e+00	   1.0290000e+03	
   1.0200000e+02	   2.1400000e+02	   1.1300000e+02	   3.0000000e+00	   2.0000000e+00	   3.0900000e+00	   3.4950000e+00	   2.8700000e+00	   2.0000000e+00	   1.0000000e+00	   3.0000000e+00	   1.0000000e+00	   4.3180000e+03	
   2.0500000e+02	   2.1500000e+02	   3.1100000e+02	   1.4000000e+01	   2.0000000e+00	   3.2500000e+00	   3.5350000e+00	   1.3300000e+00	   1.0000000e+00	   2.0000000e+00	   3.0000000e+00	   2.0000000e+00	   6.3990000e+03	
   2.1400000e+02	   3.0600000e+02	   1.1500000e+02	   4.0000000e+00	   1.0000000e+00	   3.4950000e+00	   3.3450000e+00	   2.0800000e+00	   2.0000000e+00	   3.0000000e+00	   1.0000000e+00	   3.0000000e+00	   2.5160000e+03	
   1.0400000e+02	   2.0900000e+02	   1.1200000e+02	   2.0000000e+00	   2.0000000e+00	   3.6950000e+00	   4.1550000e+00	   2.9300000e+00	   1.0000000e+00	   2.0000000e+00	   3.0000000e+00	   1.0000000e+00	   2.4170000e+03	
   1.0600000e+02	   1.1100000e+02	   2.1000000e+02	   7.0000000e+00	   2.0000000e+00	   4.5500000e+00	   4.2450000e+00	   1.5500000e+00	   2.0000000e+00	   3.0000000e+00	   1.0000000e+00	   2.0000000e+00	   5.9580000e+03	
   1.0900000e+02	   1.1100000e+02	   1.1500000e+02	   4.0000000e+00	   1.0000000e+00	   4.2350000e+00	   4.2450000e+00	   2.0800000e+00	   1.0000000e+00	   3.0000000e+00	   2.0000000e+00	   1.0000000e+00	   5.6360000e+03	
   2.0100000e+02	   3.0200000e+02	   3.0500000e+02	   1.1000000e+01	   5.0000000e+00	   3.1200000e+00	   4.2250000e+00	   1.2100000e+00	   3.0000000e+00	   2.0000000e+00	   1.0000000e+00	   2.0000000e+00	   1.4790000e+03	
   1.1100000e+02	   2.0700000e+02	   1.1300000e+02	   3.0000000e+00	   3.0000000e+00	   4.2450000e+00	   3.5650000e+00	   2.8700000e+00	   1.0000000e+00	   3.0000000e+00	   2.0000000e+00	   1.0000000e+00	   1.7620000e+03	
   2.1400000e+02	   2.1500000e+02	   2.1000000e+02	   7.0000000e+00	   1.0000000e+00	   3.4950000e+00	   3.5350000e+00	   1.5500000e+00	   1.0000000e+00	   3.0000000e+00	   2.0000000e+00	   1.0000000e+00	   4.0200000e+03	
   1.0500000e+02	   2.1400000e+02	   3.0500000e+02	   1.1000000e+01	   5.0000000e+00	   4.9550000e+00	   3.4950000e+00	   1.2100000e+00	   1.0000000e+00	   2.0000000e+00	   3.0000000e+00	   1.0000000e+00	   1.1090000e+03	
   1.0500000e+02	   2.1500000e+02	   3.0900000e+02	   1.2000000e+01	   5.0000000e+00	   4.9550000e+00	   3.5350000e+00	   2.9900000e+00	   1.0000000e+00	   3.0000000e+00	   2.0000000e+00	   1.0000000e+00	   7.9100000e+02	
   1.0600000e+02	   2.0900000e+02	   1.0700000e+02	   1.0000000e+00	   2.0000000e+00	   4.5500000e+00	   4.1550000e+00	   1.9950000e+00	   2.0000000e+00	   3.0000000e+00	   1.0000000e+00	   2.0000000e+00	   6.9600000e+02	
   1.0900000e+02	   3.0600000e+02	   2.1100000e+02	   8.0000000e+00	   4.0000000e+00	   4.2350000e+00	   3.3450000e+00	   1.9500000e+00	   2.0000000e+00	   1.0000000e+00	   3.0000000e+00	   2.0000000e+00	   6.2500000e+02	
   2.0500000e+02	   3.0600000e+02	   3.1100000e+02	   1.4000000e+01	   1.0000000e+00	   3.2500000e+00	   3.3450000e+00	   1.3300000e+00	   1.0000000e+00	   2.0000000e+00	   3.0000000e+00	   2.0000000e+00	   1.2910000e+03	
   1.0500000e+02	   1.0600000e+02	   2.1100000e+02	   8.0000000e+00	   2.0000000e+00	   4.9550000e+00	   4.5500000e+00	   1.9500000e+00	   2.0000000e+00	   1.0000000e+00	   3.0000000e+00	   2.0000000e+00	   1.4400000e+03	
   1.0500000e+02	   2.0500000e+02	   2.1000000e+02	   7.0000000e+00	   5.0000000e+00	   4.9550000e+00	   3.2500000e+00	   1.5500000e+00	   3.0000000e+00	   1.0000000e+00	   2.0000000e+00	   3.0000000e+00	   7.6000000e+02	
   2.0900000e+02	   2.1500000e+02	   3.1100000e+02	   1.4000000e+01	   3.0000000e+00	   4.1550000e+00	   3.5350000e+00	   1.3300000e+00	   1.0000000e+00	   3.0000000e+00	   2.0000000e+00	   1.0000000e+00	   2.4220000e+03	
   1.0600000e+02	   1.0900000e+02	   1.1200000e+02	   2.0000000e+00	   2.0000000e+00	   4.5500000e+00	   4.2350000e+00	   2.9300000e+00	   1.0000000e+00	   3.0000000e+00	   2.0000000e+00	   1.0000000e+00	   2.1420000e+03	
   1.0400000e+02	   3.0200000e+02	   3.1000000e+02	   1.3000000e+01	   3.0000000e+00	   3.6950000e+00	   4.2250000e+00	   6.0000000e-01	   1.0000000e+00	   3.0000000e+00	   2.0000000e+00	   3.0000000e+00	   5.2920000e+03	
   1.0200000e+02	   1.0500000e+02	   2.0300000e+02	   5.0000000e+00	   5.0000000e+00	   3.0900000e+00	   4.9550000e+00	   1.3700000e+00	   3.0000000e+00	   1.0000000e+00	   2.0000000e+00	   1.0000000e+00	   1.2250000e+03	
   2.0500000e+02	   2.0900000e+02	   3.1400000e+02	   1.5000000e+01	   4.0000000e+00	   3.2500000e+00	   4.1550000e+00	   7.3500000e-01	   3.0000000e+00	   2.0000000e+00	   1.0000000e+00	   2.0000000e+00	   2.4540000e+03	
   1.0900000e+02	   2.0700000e+02	   1.0700000e+02	   1.0000000e+00	   3.0000000e+00	   4.2350000e+00	   3.5650000e+00	   1.9950000e+00	   2.0000000e+00	   3.0000000e+00	   1.0000000e+00	   2.0000000e+00	   7.0400000e+02	
   1.0200000e+02	   3.0200000e+02	   1.1200000e+02	   2.0000000e+00	   5.0000000e+00	   3.0900000e+00	   4.2250000e+00	   2.9300000e+00	   3.0000000e+00	   2.0000000e+00	   1.0000000e+00	   2.0000000e+00	   1.6790000e+03	
   2.0100000e+02	   2.0500000e+02	   3.0500000e+02	   1.1000000e+01	   1.0000000e+00	   3.1200000e+00	   3.2500000e+00	   1.2100000e+00	   1.0000000e+00	   3.0000000e+00	   2.0000000e+00	   3.0000000e+00	   2.0030000e+03	
   1.0200000e+02	   1.0600000e+02	   3.1400000e+02	   1.5000000e+01	   5.0000000e+00	   3.0900000e+00	   4.5500000e+00	   7.3500000e-01	   2.0000000e+00	   1.0000000e+00	   3.0000000e+00	   1.0000000e+00	   1.1370000e+03	
   1.0200000e+02	   1.0400000e+02	   2.1000000e+02	   7.0000000e+00	   3.0000000e+00	   3.0900000e+00	   3.6950000e+00	   1.5500000e+00	   2.0000000e+00	   1.0000000e+00	   3.0000000e+00	   1.0000000e+00	   8.7900000e+02	
   2.0100000e+02	   2.1500000e+02	   1.1500000e+02	   4.0000000e+00	   2.0000000e+00	   3.1200000e+00	   3.5350000e+00	   2.0800000e+00	   2.0000000e+00	   3.0000000e+00	   1.0000000e+00	   3.0000000e+00	   4.0200000e+03	
   1.0200000e+02	   1.0500000e+02	   1.0700000e+02	   1.0000000e+00	   5.0000000e+00	   3.0900000e+00	   4.9550000e+00	   1.9950000e+00	   2.0000000e+00	   3.0000000e+00	   1.0000000e+00	   3.0000000e+00	   6.5500000e+02	
   1.0100000e+02	   2.1400000e+02	   3.1100000e+02	   1.4000000e+01	   3.0000000e+00	   4.0800000e+00	   3.4950000e+00	   1.3300000e+00	   1.0000000e+00	   2.0000000e+00	   3.0000000e+00	   1.0000000e+00	   3.3140000e+03	
   1.1100000e+02	   3.0600000e+02	   2.1200000e+02	   9.0000000e+00	   4.0000000e+00	   4.2450000e+00	   3.3450000e+00	   2.8950000e+00	   2.0000000e+00	   3.0000000e+00	   1.0000000e+00	   2.0000000e+00	   6.2600000e+02	
   2.1500000e+02	   3.0200000e+02	   3.0500000e+02	   1.1000000e+01	   3.0000000e+00	   3.5350000e+00	   4.2250000e+00	   1.2100000e+00	   3.0000000e+00	   1.0000000e+00	   2.0000000e+00	   1.0000000e+00	   9.8600000e+02	
   1.0400000e+02	   1.0500000e+02	   1.1300000e+02	   3.0000000e+00	   5.0000000e+00	   3.6950000e+00	   4.9550000e+00	   2.8700000e+00	   1.0000000e+00	   2.0000000e+00	   3.0000000e+00	   2.0000000e+00	   8.1900000e+02	
   1.1100000e+02	   2.0900000e+02	   2.1200000e+02	   9.0000000e+00	   1.0000000e+00	   4.2450000e+00	   4.1550000e+00	   2.8950000e+00	   2.0000000e+00	   3.0000000e+00	   1.0000000e+00	   2.0000000e+00	   6.9300000e+02	
   2.0500000e+02	   3.0600000e+02	   2.1100000e+02	   8.0000000e+00	   1.0000000e+00	   3.2500000e+00	   3.3450000e+00	   1.9500000e+00	   2.0000000e+00	   3.0000000e+00	   1.0000000e+00	   3.0000000e+00	   1.0310000e+03	
   2.0700000e+02	   2.1400000e+02	   2.0300000e+02	   5.0000000e+00	   1.0000000e+00	   3.5650000e+00	   3.4950000e+00	   1.3700000e+00	   1.0000000e+00	   3.0000000e+00	   2.0000000e+00	   1.0000000e+00	   3.1470000e+03	
   2.1500000e+02	   3.0200000e+02	   1.1500000e+02	   4.0000000e+00	   3.0000000e+00	   3.5350000e+00	   4.2250000e+00	   2.0800000e+00	   3.0000000e+00	   1.0000000e+00	   2.0000000e+00	   1.0000000e+00	   1.5580000e+03	
   1.0400000e+02	   1.0600000e+02	   2.0800000e+02	   6.0000000e+00	   4.0000000e+00	   3.6950000e+00	   4.5500000e+00	   1.2500000e+00	   3.0000000e+00	   1.0000000e+00	   2.0000000e+00	   1.0000000e+00	   6.9100000e+02	
   1.1100000e+02	   2.1500000e+02	   1.1200000e+02	   2.0000000e+00	   3.0000000e+00	   4.2450000e+00	   3.5350000e+00	   2.9300000e+00	   1.0000000e+00	   3.0000000e+00	   2.0000000e+00	   1.0000000e+00	   1.5910000e+03	
   1.0100000e+02	   1.1100000e+02	   1.0700000e+02	   1.0000000e+00	   1.0000000e+00	   4.0800000e+00	   4.2450000e+00	   1.9950000e+00	   3.0000000e+00	   2.0000000e+00	   1.0000000e+00	   2.0000000e+00	   6.2700000e+02	
   2.0500000e+02	   3.0200000e+02	   3.1100000e+02	   1.4000000e+01	   4.0000000e+00	   3.2500000e+00	   4.2250000e+00	   1.3300000e+00	   1.0000000e+00	   2.0000000e+00	   3.0000000e+00	   2.0000000e+00	   8.4000000e+02	
   1.0500000e+02	   3.0600000e+02	   3.1000000e+02	   1.3000000e+01	   5.0000000e+00	   4.9550000e+00	   3.3450000e+00	   6.0000000e-01	   3.0000000e+00	   1.0000000e+00	   2.0000000e+00	   3.0000000e+00	   5.8200000e+02	
   1.0600000e+02	   2.1500000e+02	   3.0100000e+02	   1.0000000e+01	   4.0000000e+00	   4.5500000e+00	   3.5350000e+00	   3.7500000e-01	   1.0000000e+00	   3.0000000e+00	   2.0000000e+00	   1.0000000e+00	   5.9100000e+02	
   2.0700000e+02	   2.1500000e+02	   3.0500000e+02	   1.1000000e+01	   1.0000000e+00	   3.5650000e+00	   3.5350000e+00	   1.2100000e+00	   1.0000000e+00	   2.0000000e+00	   3.0000000e+00	   1.0000000e+00	   4.8280000e+03	
   3.0200000e+02	   3.0600000e+02	   1.0700000e+02	   1.0000000e+00	   4.0000000e+00	   4.2250000e+00	   3.3450000e+00	   1.9950000e+00	   2.0000000e+00	   1.0000000e+00	   3.0000000e+00	   2.0000000e+00	   1.0210000e+03	
   1.0500000e+02	   2.0900000e+02	   3.1000000e+02	   1.3000000e+01	   4.0000000e+00	   4.9550000e+00	   4.1550000e+00	   6.0000000e-01	   3.0000000e+00	   2.0000000e+00	   1.0000000e+00	   3.0000000e+00	   5.6900000e+02	
   1.0200000e+02	   1.0600000e+02	   2.1100000e+02	   8.0000000e+00	   5.0000000e+00	   3.0900000e+00	   4.5500000e+00	   1.9500000e+00	   2.0000000e+00	   1.0000000e+00	   3.0000000e+00	   1.0000000e+00	   6.9100000e+02	
   2.0100000e+02	   2.1400000e+02	   1.1200000e+02	   2.0000000e+00	   2.0000000e+00	   3.1200000e+00	   3.4950000e+00	   2.9300000e+00	   2.0000000e+00	   3.0000000e+00	   1.0000000e+00	   1.0000000e+00	   6.0800000e+02	
   1.1100000e+02	   2.0700000e+02	   1.1200000e+02	   2.0000000e+00	   3.0000000e+00	   4.2450000e+00	   3.5650000e+00	   2.9300000e+00	   3.0000000e+00	   2.0000000e+00	   1.0000000e+00	   3.0000000e+00	   1.7340000e+03	
   1.1100000e+02	   3.0200000e+02	   3.0100000e+02	   1.0000000e+01	   1.0000000e+00	   4.2450000e+00	   4.2250000e+00	   3.7500000e-01	   3.0000000e+00	   1.0000000e+00	   2.0000000e+00	   3.0000000e+00	   5.5100000e+03	
   1.0900000e+02	   2.0100000e+02	   3.0100000e+02	   1.0000000e+01	   5.0000000e+00	   4.2350000e+00	   3.1200000e+00	   3.7500000e-01	   3.0000000e+00	   1.0000000e+00	   2.0000000e+00	   3.0000000e+00	   1.1980000e+03	
   2.0500000e+02	   2.1500000e+02	   2.0800000e+02	   6.0000000e+00	   2.0000000e+00	   3.2500000e+00	   3.5350000e+00	   1.2500000e+00	   2.0000000e+00	   3.0000000e+00	   1.0000000e+00	   2.0000000e+00	   2.6930000e+03	
   2.0900000e+02	   3.0600000e+02	   2.1100000e+02	   8.0000000e+00	   4.0000000e+00	   4.1550000e+00	   3.3450000e+00	   1.9500000e+00	   3.0000000e+00	   2.0000000e+00	   1.0000000e+00	   2.0000000e+00	   2.4560000e+03	
   1.1100000e+02	   2.0500000e+02	   2.0800000e+02	   6.0000000e+00	   4.0000000e+00	   4.2450000e+00	   3.2500000e+00	   1.2500000e+00	   3.0000000e+00	   1.0000000e+00	   2.0000000e+00	   3.0000000e+00	   1.5990000e+03	
   1.0600000e+02	   2.0500000e+02	   1.1300000e+02	   3.0000000e+00	   5.0000000e+00	   4.5500000e+00	   3.2500000e+00	   2.8700000e+00	   2.0000000e+00	   1.0000000e+00	   3.0000000e+00	   2.0000000e+00	   7.8200000e+02	
   1.0500000e+02	   2.0100000e+02	   2.1000000e+02	   7.0000000e+00	   5.0000000e+00	   4.9550000e+00	   3.1200000e+00	   1.5500000e+00	   1.0000000e+00	   2.0000000e+00	   3.0000000e+00	   1.0000000e+00	   1.2100000e+03	
   2.0500000e+02	   3.0600000e+02	   2.0800000e+02	   6.0000000e+00	   1.0000000e+00	   3.2500000e+00	   3.3450000e+00	   1.2500000e+00	   1.0000000e+00	   2.0000000e+00	   3.0000000e+00	   2.0000000e+00	   1.0520000e+03	
   1.0400000e+02	   2.0500000e+02	   3.0500000e+02	   1.1000000e+01	   2.0000000e+00	   3.6950000e+00	   3.2500000e+00	   1.2100000e+00	   2.0000000e+00	   3.0000000e+00	   1.0000000e+00	   2.0000000e+00	   2.0860000e+03	
   1.0600000e+02	   2.0700000e+02	   3.0500000e+02	   1.1000000e+01	   4.0000000e+00	   4.5500000e+00	   3.5650000e+00	   1.2100000e+00	   1.0000000e+00	   3.0000000e+00	   2.0000000e+00	   1.0000000e+00	   1.0090000e+03	
   2.0100000e+02	   2.1400000e+02	   1.1500000e+02	   4.0000000e+00	   2.0000000e+00	   3.1200000e+00	   3.4950000e+00	   2.0800000e+00	   2.0000000e+00	   3.0000000e+00	   1.0000000e+00	   3.0000000e+00	   2.1760000e+03	
   2.0500000e+02	   2.0700000e+02	   3.1000000e+02	   1.3000000e+01	   2.0000000e+00	   3.2500000e+00	   3.5650000e+00	   6.0000000e-01	   3.0000000e+00	   2.0000000e+00	   1.0000000e+00	   1.0000000e+00	   1.7030000e+03	
   1.0500000e+02	   1.1100000e+02	   2.1100000e+02	   8.0000000e+00	   3.0000000e+00	   4.9550000e+00	   4.2450000e+00	   1.9500000e+00	   3.0000000e+00	   2.0000000e+00	   1.0000000e+00	   3.0000000e+00	   1.1930000e+03	
   2.0500000e+02	   2.0900000e+02	   3.0900000e+02	   1.2000000e+01	   4.0000000e+00	   3.2500000e+00	   4.1550000e+00	   2.9900000e+00	   1.0000000e+00	   2.0000000e+00	   3.0000000e+00	   2.0000000e+00	   2.9170000e+03	
   1.0600000e+02	   2.1500000e+02	   1.1500000e+02	   4.0000000e+00	   4.0000000e+00	   4.5500000e+00	   3.5350000e+00	   2.0800000e+00	   3.0000000e+00	   1.0000000e+00	   2.0000000e+00	   3.0000000e+00	   2.0530000e+03	
   1.0200000e+02	   2.0900000e+02	   3.0900000e+02	   1.2000000e+01	   5.0000000e+00	   3.0900000e+00	   4.1550000e+00	   2.9900000e+00	   3.0000000e+00	   2.0000000e+00	   1.0000000e+00	   2.0000000e+00	   1.5650000e+03	
   1.0100000e+02	   2.1400000e+02	   3.0100000e+02	   1.0000000e+01	   3.0000000e+00	   4.0800000e+00	   3.4950000e+00	   3.7500000e-01	   3.0000000e+00	   2.0000000e+00	   1.0000000e+00	   3.0000000e+00	   2.0690000e+03	
   2.1500000e+02	   3.0200000e+02	   3.1000000e+02	   1.3000000e+01	   3.0000000e+00	   3.5350000e+00	   4.2250000e+00	   6.0000000e-01	   1.0000000e+00	   2.0000000e+00	   3.0000000e+00	   2.0000000e+00	   1.7590000e+03	
   2.0100000e+02	   2.0500000e+02	   1.1200000e+02	   2.0000000e+00	   1.0000000e+00	   3.1200000e+00	   3.2500000e+00	   2.9300000e+00	   1.0000000e+00	   2.0000000e+00	   3.0000000e+00	   2.0000000e+00	   4.0380000e+03	
   2.0700000e+02	   2.0900000e+02	   1.1500000e+02	   4.0000000e+00	   3.0000000e+00	   3.5650000e+00	   4.1550000e+00	   2.0800000e+00	   2.0000000e+00	   1.0000000e+00	   3.0000000e+00	   1.0000000e+00	   7.3820000e+03	
   1.0500000e+02	   1.1100000e+02	   2.1200000e+02	   9.0000000e+00	   3.0000000e+00	   4.9550000e+00	   4.2450000e+00	   2.8950000e+00	   1.0000000e+00	   3.0000000e+00	   2.0000000e+00	   1.0000000e+00	   1.7680000e+03	
   2.0500000e+02	   2.0700000e+02	   3.0900000e+02	   1.2000000e+01	   2.0000000e+00	   3.2500000e+00	   3.5650000e+00	   2.9900000e+00	   3.0000000e+00	   2.0000000e+00	   1.0000000e+00	   2.0000000e+00	   2.4430000e+03	
   1.0100000e+02	   1.0200000e+02	   1.0700000e+02	   1.0000000e+00	   4.0000000e+00	   4.0800000e+00	   3.0900000e+00	   1.9950000e+00	   3.0000000e+00	   2.0000000e+00	   1.0000000e+00	   3.0000000e+00	   2.6130000e+03	
   1.0900000e+02	   2.1500000e+02	   2.0300000e+02	   5.0000000e+00	   3.0000000e+00	   4.2350000e+00	   3.5350000e+00	   1.3700000e+00	   2.0000000e+00	   3.0000000e+00	   1.0000000e+00	   2.0000000e+00	   1.7340000e+03	
   1.1100000e+02	   2.0100000e+02	   2.1100000e+02	   8.0000000e+00	   5.0000000e+00	   4.2450000e+00	   3.1200000e+00	   1.9500000e+00	   1.0000000e+00	   3.0000000e+00	   2.0000000e+00	   1.0000000e+00	   1.4570000e+03	
   2.0700000e+02	   3.0600000e+02	   2.0300000e+02	   5.0000000e+00	   2.0000000e+00	   3.5650000e+00	   3.3450000e+00	   1.3700000e+00	   3.0000000e+00	   1.0000000e+00	   2.0000000e+00	   1.0000000e+00	   2.0880000e+03	
   2.0700000e+02	   3.0200000e+02	   3.1100000e+02	   1.4000000e+01	   3.0000000e+00	   3.5650000e+00	   4.2250000e+00	   1.3300000e+00	   3.0000000e+00	   1.0000000e+00	   2.0000000e+00	   1.0000000e+00	   3.3030000e+03	
   1.0900000e+02	   2.1400000e+02	   3.0900000e+02	   1.2000000e+01	   4.0000000e+00	   4.2350000e+00	   3.4950000e+00	   2.9900000e+00	   3.0000000e+00	   1.0000000e+00	   2.0000000e+00	   3.0000000e+00	   1.0500000e+03	
   2.0900000e+02	   3.0600000e+02	   3.1100000e+02	   1.4000000e+01	   4.0000000e+00	   4.1550000e+00	   3.3450000e+00	   1.3300000e+00	   2.0000000e+00	   3.0000000e+00	   1.0000000e+00	   3.0000000e+00	   1.4360000e+03	
   1.0100000e+02	   1.0200000e+02	   3.1400000e+02	   1.5000000e+01	   4.0000000e+00	   4.0800000e+00	   3.0900000e+00	   7.3500000e-01	   1.0000000e+00	   3.0000000e+00	   2.0000000e+00	   1.0000000e+00	   1.5430000e+03	
   2.0700000e+02	   2.0900000e+02	   3.1000000e+02	   1.3000000e+01	   3.0000000e+00	   3.5650000e+00	   4.1550000e+00	   6.0000000e-01	   3.0000000e+00	   2.0000000e+00	   1.0000000e+00	   3.0000000e+00	   3.0260000e+03	
   2.1400000e+02	   3.0200000e+02	   1.1200000e+02	   2.0000000e+00	   4.0000000e+00	   3.4950000e+00	   4.2250000e+00	   2.9300000e+00	   3.0000000e+00	   1.0000000e+00	   2.0000000e+00	   1.0000000e+00	   1.5750000e+03	
   2.0100000e+02	   3.0200000e+02	   1.0700000e+02	   1.0000000e+00	   5.0000000e+00	   3.1200000e+00	   4.2250000e+00	   1.9950000e+00	   2.0000000e+00	   1.0000000e+00	   3.0000000e+00	   1.0000000e+00	   9.8400000e+02	
   1.0100000e+02	   2.0500000e+02	   1.1500000e+02	   4.0000000e+00	   4.0000000e+00	   4.0800000e+00	   3.2500000e+00	   2.0800000e+00	   2.0000000e+00	   3.0000000e+00	   1.0000000e+00	   2.0000000e+00	   1.2280000e+03	
   1.0400000e+02	   3.0600000e+02	   2.1000000e+02	   7.0000000e+00	   2.0000000e+00	   3.6950000e+00	   3.3450000e+00	   1.5500000e+00	   2.0000000e+00	   1.0000000e+00	   3.0000000e+00	   2.0000000e+00	   1.1750000e+03	
   1.0900000e+02	   3.0200000e+02	   2.1200000e+02	   9.0000000e+00	   1.0000000e+00	   4.2350000e+00	   4.2250000e+00	   2.8950000e+00	   3.0000000e+00	   1.0000000e+00	   2.0000000e+00	   3.0000000e+00	   1.3850000e+03	
   2.0900000e+02	   3.0600000e+02	   3.0900000e+02	   1.2000000e+01	   4.0000000e+00	   4.1550000e+00	   3.3450000e+00	   2.9900000e+00	   2.0000000e+00	   1.0000000e+00	   3.0000000e+00	   1.0000000e+00	   2.0090000e+03	
   1.0600000e+02	   3.0200000e+02	   2.1000000e+02	   7.0000000e+00	   2.0000000e+00	   4.5500000e+00	   4.2250000e+00	   1.5500000e+00	   2.0000000e+00	   1.0000000e+00	   3.0000000e+00	   2.0000000e+00	   1.8860000e+03	
   1.0600000e+02	   3.0600000e+02	   2.1200000e+02	   9.0000000e+00	   5.0000000e+00	   4.5500000e+00	   3.3450000e+00	   2.8950000e+00	   2.0000000e+00	   3.0000000e+00	   1.0000000e+00	   2.0000000e+00	   1.1010000e+03	
   1.0200000e+02	   3.0600000e+02	   2.1100000e+02	   8.0000000e+00	   2.0000000e+00	   3.0900000e+00	   3.3450000e+00	   1.9500000e+00	   3.0000000e+00	   1.0000000e+00	   2.0000000e+00	   1.0000000e+00	   1.7510000e+03	
   1.0200000e+02	   2.1500000e+02	   3.1000000e+02	   1.3000000e+01	   2.0000000e+00	   3.0900000e+00	   3.5350000e+00	   6.0000000e-01	   2.0000000e+00	   3.0000000e+00	   1.0000000e+00	   3.0000000e+00	   3.4300000e+03	
   2.0100000e+02	   2.0500000e+02	   3.0900000e+02	   1.2000000e+01	   1.0000000e+00	   3.1200000e+00	   3.2500000e+00	   2.9900000e+00	   3.0000000e+00	   2.0000000e+00	   1.0000000e+00	   2.0000000e+00	   3.2180000e+03	
   1.0100000e+02	   2.0900000e+02	   3.0900000e+02	   1.2000000e+01	   1.0000000e+00	   4.0800000e+00	   4.1550000e+00	   2.9900000e+00	   3.0000000e+00	   1.0000000e+00	   2.0000000e+00	   3.0000000e+00	   2.0280000e+03	
   1.0600000e+02	   2.0700000e+02	   2.1200000e+02	   9.0000000e+00	   4.0000000e+00	   4.5500000e+00	   3.5650000e+00	   2.8950000e+00	   1.0000000e+00	   2.0000000e+00	   3.0000000e+00	   1.0000000e+00	   1.9380000e+03	
   1.0500000e+02	   2.1500000e+02	   1.1300000e+02	   3.0000000e+00	   5.0000000e+00	   4.9550000e+00	   3.5350000e+00	   2.8700000e+00	   2.0000000e+00	   3.0000000e+00	   1.0000000e+00	   2.0000000e+00	   1.4250000e+03	
   2.0500000e+02	   2.0900000e+02	   2.1200000e+02	   9.0000000e+00	   4.0000000e+00	   3.2500000e+00	   4.1550000e+00	   2.8950000e+00	   2.0000000e+00	   3.0000000e+00	   1.0000000e+00	   3.0000000e+00	   3.3590000e+03	
   2.0500000e+02	   3.0200000e+02	   1.1200000e+02	   2.0000000e+00	   4.0000000e+00	   3.2500000e+00	   4.2250000e+00	   2.9300000e+00	   3.0000000e+00	   1.0000000e+00	   2.0000000e+00	   1.0000000e+00	   1.2120000e+03	
   2.0100000e+02	   2.0700000e+02	   3.0100000e+02	   1.0000000e+01	   2.0000000e+00	   3.1200000e+00	   3.5650000e+00	   3.7500000e-01	   1.0000000e+00	   2.0000000e+00	   3.0000000e+00	   2.0000000e+00	   2.7500000e+03	
   1.1100000e+02	   3.0600000e+02	   2.0300000e+02	   5.0000000e+00	   4.0000000e+00	   4.2450000e+00	   3.3450000e+00	   1.3700000e+00	   3.0000000e+00	   2.0000000e+00	   1.0000000e+00	   3.0000000e+00	   1.4480000e+03	
   2.0700000e+02	   3.0200000e+02	   2.0300000e+02	   5.0000000e+00	   3.0000000e+00	   3.5650000e+00	   4.2250000e+00	   1.3700000e+00	   3.0000000e+00	   2.0000000e+00	   1.0000000e+00	   2.0000000e+00	   8.1600000e+02	
   1.0500000e+02	   2.0900000e+02	   2.1000000e+02	   7.0000000e+00	   4.0000000e+00	   4.9550000e+00	   4.1550000e+00	   1.5500000e+00	   2.0000000e+00	   3.0000000e+00	   1.0000000e+00	   2.0000000e+00	   6.6000000e+02	
   1.0400000e+02	   2.0700000e+02	   1.1300000e+02	   3.0000000e+00	   1.0000000e+00	   3.6950000e+00	   3.5650000e+00	   2.8700000e+00	   3.0000000e+00	   2.0000000e+00	   1.0000000e+00	   3.0000000e+00	   3.0180000e+03	
   2.0900000e+02	   2.1500000e+02	   1.1200000e+02	   2.0000000e+00	   3.0000000e+00	   4.1550000e+00	   3.5350000e+00	   2.9300000e+00	   2.0000000e+00	   1.0000000e+00	   3.0000000e+00	   3.0000000e+00	   5.7160000e+03	
   1.0600000e+02	   2.0500000e+02	   3.1400000e+02	   1.5000000e+01	   5.0000000e+00	   4.5500000e+00	   3.2500000e+00	   7.3500000e-01	   1.0000000e+00	   3.0000000e+00	   2.0000000e+00	   1.0000000e+00	   1.9670000e+03	
   2.0500000e+02	   2.0900000e+02	   2.1000000e+02	   7.0000000e+00	   4.0000000e+00	   3.2500000e+00	   4.1550000e+00	   1.5500000e+00	   2.0000000e+00	   1.0000000e+00	   3.0000000e+00	   1.0000000e+00	   4.9330000e+03	
   1.0100000e+02	   2.0100000e+02	   1.1200000e+02	   2.0000000e+00	   4.0000000e+00	   4.0800000e+00	   3.1200000e+00	   2.9300000e+00	   1.0000000e+00	   2.0000000e+00	   3.0000000e+00	   1.0000000e+00	   4.9080000e+03	
   1.0500000e+02	   2.1500000e+02	   1.1200000e+02	   2.0000000e+00	   5.0000000e+00	   4.9550000e+00	   3.5350000e+00	   2.9300000e+00	   1.0000000e+00	   3.0000000e+00	   2.0000000e+00	   1.0000000e+00	   1.2950000e+03	
   1.0400000e+02	   3.0600000e+02	   3.1100000e+02	   1.4000000e+01	   2.0000000e+00	   3.6950000e+00	   3.3450000e+00	   1.3300000e+00	   2.0000000e+00	   1.0000000e+00	   3.0000000e+00	   2.0000000e+00	   4.5200000e+03	
   2.1500000e+02	   3.0600000e+02	   1.1200000e+02	   2.0000000e+00	   1.0000000e+00	   3.5350000e+00	   3.3450000e+00	   2.9300000e+00	   3.0000000e+00	   1.0000000e+00	   2.0000000e+00	   1.0000000e+00	   4.6830000e+03	
   1.0400000e+02	   3.0200000e+02	   3.0100000e+02	   1.0000000e+01	   3.0000000e+00	   3.6950000e+00	   4.2250000e+00	   3.7500000e-01	   1.0000000e+00	   2.0000000e+00	   3.0000000e+00	   2.0000000e+00	   1.7260000e+03	
   1.0100000e+02	   2.0700000e+02	   2.0800000e+02	   6.0000000e+00	   3.0000000e+00	   4.0800000e+00	   3.5650000e+00	   1.2500000e+00	   1.0000000e+00	   2.0000000e+00	   3.0000000e+00	   1.0000000e+00	   3.0780000e+03	
   2.1500000e+02	   3.0200000e+02	   3.0900000e+02	   1.2000000e+01	   3.0000000e+00	   3.5350000e+00	   4.2250000e+00	   2.9900000e+00	   3.0000000e+00	   1.0000000e+00	   2.0000000e+00	   1.0000000e+00	   1.1970000e+03	
   2.0900000e+02	   3.0200000e+02	   3.1000000e+02	   1.3000000e+01	   1.0000000e+00	   4.1550000e+00	   4.2250000e+00	   6.0000000e-01	   1.0000000e+00	   2.0000000e+00	   3.0000000e+00	   2.0000000e+00	   2.2330000e+03	
   1.0400000e+02	   2.0900000e+02	   1.0700000e+02	   1.0000000e+00	   2.0000000e+00	   3.6950000e+00	   4.1550000e+00	   1.9950000e+00	   3.0000000e+00	   1.0000000e+00	   2.0000000e+00	   3.0000000e+00	   3.3630000e+03	
   1.0100000e+02	   2.1500000e+02	   1.0700000e+02	   1.0000000e+00	   3.0000000e+00	   4.0800000e+00	   3.5350000e+00	   1.9950000e+00	   1.0000000e+00	   2.0000000e+00	   3.0000000e+00	   1.0000000e+00	   2.1990000e+03	
   1.0400000e+02	   1.0500000e+02	   1.1500000e+02	   4.0000000e+00	   5.0000000e+00	   3.6950000e+00	   4.9550000e+00	   2.0800000e+00	   3.0000000e+00	   1.0000000e+00	   2.0000000e+00	   1.0000000e+00	   3.9160000e+03	
   2.0500000e+02	   3.0200000e+02	   3.1400000e+02	   1.5000000e+01	   4.0000000e+00	   3.2500000e+00	   4.2250000e+00	   7.3500000e-01	   3.0000000e+00	   1.0000000e+00	   2.0000000e+00	   1.0000000e+00	   1.0280000e+03	
   1.0500000e+02	   1.0900000e+02	   2.0800000e+02	   6.0000000e+00	   3.0000000e+00	   4.9550000e+00	   4.2350000e+00	   1.2500000e+00	   3.0000000e+00	   1.0000000e+00	   2.0000000e+00	   3.0000000e+00	   2.4040000e+03	
   1.0400000e+02	   2.1500000e+02	   3.1100000e+02	   1.4000000e+01	   1.0000000e+00	   3.6950000e+00	   3.5350000e+00	   1.3300000e+00	   1.0000000e+00	   3.0000000e+00	   2.0000000e+00	   1.0000000e+00	   1.1790000e+03	
   2.0100000e+02	   2.1400000e+02	   3.0500000e+02	   1.1000000e+01	   2.0000000e+00	   3.1200000e+00	   3.4950000e+00	   1.2100000e+00	   1.0000000e+00	   3.0000000e+00	   2.0000000e+00	   3.0000000e+00	   2.4840000e+03	
   2.0700000e+02	   2.0900000e+02	   2.1200000e+02	   9.0000000e+00	   3.0000000e+00	   3.5650000e+00	   4.1550000e+00	   2.8950000e+00	   1.0000000e+00	   3.0000000e+00	   2.0000000e+00	   1.0000000e+00	   6.0700000e+03	
   2.0500000e+02	   2.1400000e+02	   3.0900000e+02	   1.2000000e+01	   2.0000000e+00	   3.2500000e+00	   3.4950000e+00	   2.9900000e+00	   2.0000000e+00	   1.0000000e+00	   3.0000000e+00	   1.0000000e+00	   1.3250000e+03	
   2.0700000e+02	   3.0600000e+02	   1.1500000e+02	   4.0000000e+00	   2.0000000e+00	   3.5650000e+00	   3.3450000e+00	   2.0800000e+00	   2.0000000e+00	   3.0000000e+00	   1.0000000e+00	   3.0000000e+00	   2.3640000e+03	
   2.1500000e+02	   3.0200000e+02	   2.0300000e+02	   5.0000000e+00	   3.0000000e+00	   3.5350000e+00	   4.2250000e+00	   1.3700000e+00	   2.0000000e+00	   1.0000000e+00	   3.0000000e+00	   1.0000000e+00	   1.7370000e+03	
   1.1100000e+02	   2.1500000e+02	   2.1000000e+02	   7.0000000e+00	   3.0000000e+00	   4.2450000e+00	   3.5350000e+00	   1.5500000e+00	   3.0000000e+00	   2.0000000e+00	   1.0000000e+00	   3.0000000e+00	   1.2180000e+03	
   2.0100000e+02	   2.0700000e+02	   1.1500000e+02	   4.0000000e+00	   2.0000000e+00	   3.1200000e+00	   3.5650000e+00	   2.0800000e+00	   1.0000000e+00	   2.0000000e+00	   3.0000000e+00	   2.0000000e+00	   1.1540000e+03	
   2.1400000e+02	   3.0200000e+02	   2.0800000e+02	   6.0000000e+00	   4.0000000e+00	   3.4950000e+00	   4.2250000e+00	   1.2500000e+00	   3.0000000e+00	   1.0000000e+00	   2.0000000e+00	   1.0000000e+00	   1.6590000e+03	
   1.0400000e+02	   2.0900000e+02	   1.1300000e+02	   3.0000000e+00	   2.0000000e+00	   3.6950000e+00	   4.1550000e+00	   2.8700000e+00	   2.0000000e+00	   3.0000000e+00	   1.0000000e+00	   2.0000000e+00	   2.6400000e+03	
   1.0900000e+02	   2.0500000e+02	   1.1300000e+02	   3.0000000e+00	   4.0000000e+00	   4.2350000e+00	   3.2500000e+00	   2.8700000e+00	   2.0000000e+00	   1.0000000e+00	   3.0000000e+00	   2.0000000e+00	   2.8980000e+03	
   1.0200000e+02	   1.0400000e+02	   2.1100000e+02	   8.0000000e+00	   3.0000000e+00	   3.0900000e+00	   3.6950000e+00	   1.9500000e+00	   3.0000000e+00	   1.0000000e+00	   2.0000000e+00	   1.0000000e+00	   1.3710000e+03	
   1.0600000e+02	   2.0700000e+02	   1.1500000e+02	   4.0000000e+00	   4.0000000e+00	   4.5500000e+00	   3.5650000e+00	   2.0800000e+00	   2.0000000e+00	   3.0000000e+00	   1.0000000e+00	   2.0000000e+00	   7.6600000e+02	
   1.0400000e+02	   2.0500000e+02	   2.1200000e+02	   9.0000000e+00	   2.0000000e+00	   3.6950000e+00	   3.2500000e+00	   2.8950000e+00	   1.0000000e+00	   2.0000000e+00	   3.0000000e+00	   1.0000000e+00	   1.2240000e+03	
   1.0900000e+02	   3.0600000e+02	   2.0300000e+02	   5.0000000e+00	   4.0000000e+00	   4.2350000e+00	   3.3450000e+00	   1.3700000e+00	   3.0000000e+00	   2.0000000e+00	   1.0000000e+00	   3.0000000e+00	   1.0880000e+03	
   1.0900000e+02	   2.0900000e+02	   1.1500000e+02	   4.0000000e+00	   1.0000000e+00	   4.2350000e+00	   4.1550000e+00	   2.0800000e+00	   1.0000000e+00	   2.0000000e+00	   3.0000000e+00	   1.0000000e+00	   1.2000000e+03	
   1.0400000e+02	   1.0500000e+02	   3.1100000e+02	   1.4000000e+01	   5.0000000e+00	   3.6950000e+00	   4.9550000e+00	   1.3300000e+00	   1.0000000e+00	   2.0000000e+00	   3.0000000e+00	   2.0000000e+00	   1.3650000e+03	
   1.0200000e+02	   1.0500000e+02	   1.1300000e+02	   3.0000000e+00	   5.0000000e+00	   3.0900000e+00	   4.9550000e+00	   2.8700000e+00	   1.0000000e+00	   2.0000000e+00	   3.0000000e+00	   2.0000000e+00	   1.1730000e+03	
   1.1100000e+02	   2.0500000e+02	   1.1300000e+02	   3.0000000e+00	   4.0000000e+00	   4.2450000e+00	   3.2500000e+00	   2.8700000e+00	   3.0000000e+00	   1.0000000e+00	   2.0000000e+00	   3.0000000e+00	   3.3100000e+03	
   1.0200000e+02	   2.0700000e+02	   3.1000000e+02	   1.3000000e+01	   3.0000000e+00	   3.0900000e+00	   3.5650000e+00	   6.0000000e-01	   2.0000000e+00	   1.0000000e+00	   3.0000000e+00	   1.0000000e+00	   2.4830000e+03	
   1.0200000e+02	   1.0400000e+02	   3.0100000e+02	   1.0000000e+01	   3.0000000e+00	   3.0900000e+00	   3.6950000e+00	   3.7500000e-01	   2.0000000e+00	   3.0000000e+00	   1.0000000e+00	   3.0000000e+00	   1.5430000e+03	
   1.0100000e+02	   3.0200000e+02	   2.1200000e+02	   9.0000000e+00	   1.0000000e+00	   4.0800000e+00	   4.2250000e+00	   2.8950000e+00	   2.0000000e+00	   3.0000000e+00	   1.0000000e+00	   3.0000000e+00	   1.5710000e+03	
   1.0100000e+02	   1.0400000e+02	   1.0700000e+02	   1.0000000e+00	   2.0000000e+00	   4.0800000e+00	   3.6950000e+00	   1.9950000e+00	   1.0000000e+00	   2.0000000e+00	   3.0000000e+00	   2.0000000e+00	   1.8680000e+03	
   1.0400000e+02	   2.0100000e+02	   1.1300000e+02	   3.0000000e+00	   3.0000000e+00	   3.6950000e+00	   3.1200000e+00	   2.8700000e+00	   3.0000000e+00	   2.0000000e+00	   1.0000000e+00	   3.0000000e+00	   1.3270000e+03	
   1.0500000e+02	   1.0900000e+02	   2.1000000e+02	   7.0000000e+00	   3.0000000e+00	   4.9550000e+00	   4.2350000e+00	   1.5500000e+00	   2.0000000e+00	   3.0000000e+00	   1.0000000e+00	   2.0000000e+00	   1.2930000e+03	
   1.0900000e+02	   2.1500000e+02	   1.1200000e+02	   2.0000000e+00	   3.0000000e+00	   4.2350000e+00	   3.5350000e+00	   2.9300000e+00	   1.0000000e+00	   3.0000000e+00	   2.0000000e+00	   1.0000000e+00	   1.0110000e+03	
   1.0200000e+02	   1.1100000e+02	   2.0800000e+02	   6.0000000e+00	   5.0000000e+00	   3.0900000e+00	   4.2450000e+00	   1.2500000e+00	   2.0000000e+00	   3.0000000e+00	   1.0000000e+00	   3.0000000e+00	   1.1290000e+03	
   1.0200000e+02	   2.1400000e+02	   2.0300000e+02	   5.0000000e+00	   2.0000000e+00	   3.0900000e+00	   3.4950000e+00	   1.3700000e+00	   2.0000000e+00	   3.0000000e+00	   1.0000000e+00	   3.0000000e+00	   2.3950000e+03	
   2.1400000e+02	   2.1500000e+02	   3.0100000e+02	   1.0000000e+01	   1.0000000e+00	   3.4950000e+00	   3.5350000e+00	   3.7500000e-01	   1.0000000e+00	   3.0000000e+00	   2.0000000e+00	   1.0000000e+00	   1.2270000e+03	
   2.0100000e+02	   2.0900000e+02	   3.1100000e+02	   1.4000000e+01	   5.0000000e+00	   3.1200000e+00	   4.1550000e+00	   1.3300000e+00	   2.0000000e+00	   1.0000000e+00	   3.0000000e+00	   1.0000000e+00	   1.0810000e+03	
   2.0900000e+02	   2.1500000e+02	   1.1300000e+02	   3.0000000e+00	   3.0000000e+00	   4.1550000e+00	   3.5350000e+00	   2.8700000e+00	   2.0000000e+00	   1.0000000e+00	   3.0000000e+00	   2.0000000e+00	   2.4990000e+03	
   1.1100000e+02	   2.0500000e+02	   1.0700000e+02	   1.0000000e+00	   4.0000000e+00	   4.2450000e+00	   3.2500000e+00	   1.9950000e+00	   3.0000000e+00	   2.0000000e+00	   1.0000000e+00	   3.0000000e+00	   1.5440000e+03	
   1.0900000e+02	   2.1400000e+02	   2.1200000e+02	   9.0000000e+00	   4.0000000e+00	   4.2350000e+00	   3.4950000e+00	   2.8950000e+00	   2.0000000e+00	   1.0000000e+00	   3.0000000e+00	   2.0000000e+00	   3.5730000e+03	
   1.0100000e+02	   1.0400000e+02	   3.1100000e+02	   1.4000000e+01	   2.0000000e+00	   4.0800000e+00	   3.6950000e+00	   1.3300000e+00	   3.0000000e+00	   2.0000000e+00	   1.0000000e+00	   2.0000000e+00	   2.8020000e+03	
   1.0900000e+02	   3.0200000e+02	   1.0700000e+02	   1.0000000e+00	   1.0000000e+00	   4.2350000e+00	   4.2250000e+00	   1.9950000e+00	   3.0000000e+00	   2.0000000e+00	   1.0000000e+00	   2.0000000e+00	   1.1720000e+03	
   1.0200000e+02	   2.0700000e+02	   3.1400000e+02	   1.5000000e+01	   3.0000000e+00	   3.0900000e+00	   3.5650000e+00	   7.3500000e-01	   3.0000000e+00	   1.0000000e+00	   2.0000000e+00	   1.0000000e+00	   2.9720000e+03	
   1.0500000e+02	   3.0600000e+02	   2.0800000e+02	   6.0000000e+00	   5.0000000e+00	   4.9550000e+00	   3.3450000e+00	   1.2500000e+00	   3.0000000e+00	   1.0000000e+00	   2.0000000e+00	   3.0000000e+00	   1.2280000e+03	
   2.0700000e+02	   2.1500000e+02	   1.1200000e+02	   2.0000000e+00	   1.0000000e+00	   3.5650000e+00	   3.5350000e+00	   2.9300000e+00	   3.0000000e+00	   2.0000000e+00	   1.0000000e+00	   3.0000000e+00	   3.3070000e+03	
   1.0500000e+02	   3.0200000e+02	   1.0700000e+02	   1.0000000e+00	   4.0000000e+00	   4.9550000e+00	   4.2250000e+00	   1.9950000e+00	   3.0000000e+00	   1.0000000e+00	   2.0000000e+00	   3.0000000e+00	   8.2600000e+02	
   1.0100000e+02	   2.0900000e+02	   3.0500000e+02	   1.1000000e+01	   1.0000000e+00	   4.0800000e+00	   4.1550000e+00	   1.2100000e+00	   2.0000000e+00	   1.0000000e+00	   3.0000000e+00	   2.0000000e+00	   2.6180000e+03	
   1.0900000e+02	   3.0200000e+02	   1.1200000e+02	   2.0000000e+00	   1.0000000e+00	   4.2350000e+00	   4.2250000e+00	   2.9300000e+00	   3.0000000e+00	   2.0000000e+00	   1.0000000e+00	   3.0000000e+00	   2.3680000e+03	
   1.0200000e+02	   1.0400000e+02	   3.0500000e+02	   1.1000000e+01	   3.0000000e+00	   3.0900000e+00	   3.6950000e+00	   1.2100000e+00	   1.0000000e+00	   3.0000000e+00	   2.0000000e+00	   3.0000000e+00	   1.5130000e+03	
   1.1100000e+02	   2.0700000e+02	   1.1500000e+02	   4.0000000e+00	   3.0000000e+00	   4.2450000e+00	   3.5650000e+00	   2.0800000e+00	   1.0000000e+00	   3.0000000e+00	   2.0000000e+00	   1.0000000e+00	   1.5970000e+03	
   2.0500000e+02	   2.0700000e+02	   1.1300000e+02	   3.0000000e+00	   2.0000000e+00	   3.2500000e+00	   3.5650000e+00	   2.8700000e+00	   2.0000000e+00	   3.0000000e+00	   1.0000000e+00	   3.0000000e+00	   3.1780000e+03	
   2.0900000e+02	   2.1500000e+02	   2.0800000e+02	   6.0000000e+00	   3.0000000e+00	   4.1550000e+00	   3.5350000e+00	   1.2500000e+00	   2.0000000e+00	   1.0000000e+00	   3.0000000e+00	   2.0000000e+00	   2.0070000e+03	
   1.0900000e+02	   3.0200000e+02	   2.0800000e+02	   6.0000000e+00	   1.0000000e+00	   4.2350000e+00	   4.2250000e+00	   1.2500000e+00	   2.0000000e+00	   1.0000000e+00	   3.0000000e+00	   2.0000000e+00	   6.2970000e+03	
   1.0100000e+02	   1.0400000e+02	   1.1200000e+02	   2.0000000e+00	   2.0000000e+00	   4.0800000e+00	   3.6950000e+00	   2.9300000e+00	   2.0000000e+00	   3.0000000e+00	   1.0000000e+00	   3.0000000e+00	   2.4070000e+03	
   1.0500000e+02	   2.0500000e+02	   3.0500000e+02	   1.1000000e+01	   5.0000000e+00	   4.9550000e+00	   3.2500000e+00	   1.2100000e+00	   2.0000000e+00	   3.0000000e+00	   1.0000000e+00	   2.0000000e+00	   1.2160000e+03	
   2.0700000e+02	   2.1400000e+02	   3.1000000e+02	   1.3000000e+01	   1.0000000e+00	   3.5650000e+00	   3.4950000e+00	   6.0000000e-01	   3.0000000e+00	   1.0000000e+00	   2.0000000e+00	   1.0000000e+00	   3.1700000e+03	
   2.0100000e+02	   3.0200000e+02	   3.1000000e+02	   1.3000000e+01	   5.0000000e+00	   3.1200000e+00	   4.2250000e+00	   6.0000000e-01	   3.0000000e+00	   1.0000000e+00	   2.0000000e+00	   1.0000000e+00	   1.3060000e+03	
   1.0600000e+02	   2.0900000e+02	   3.0100000e+02	   1.0000000e+01	   2.0000000e+00	   4.5500000e+00	   4.1550000e+00	   3.7500000e-01	   1.0000000e+00	   2.0000000e+00	   3.0000000e+00	   1.0000000e+00	   1.4710000e+03	
   1.0200000e+02	   1.1100000e+02	   2.1200000e+02	   9.0000000e+00	   5.0000000e+00	   3.0900000e+00	   4.2450000e+00	   2.8950000e+00	   2.0000000e+00	   3.0000000e+00	   1.0000000e+00	   3.0000000e+00	   1.3310000e+03	
   2.0100000e+02	   3.0200000e+02	   2.0800000e+02	   6.0000000e+00	   5.0000000e+00	   3.1200000e+00	   4.2250000e+00	   1.2500000e+00	   2.0000000e+00	   1.0000000e+00	   3.0000000e+00	   1.0000000e+00	   1.1610000e+03	
   1.0600000e+02	   3.0600000e+02	   2.1000000e+02	   7.0000000e+00	   5.0000000e+00	   4.5500000e+00	   3.3450000e+00	   1.5500000e+00	   2.0000000e+00	   3.0000000e+00	   1.0000000e+00	   2.0000000e+00	   1.5710000e+03	
   1.0500000e+02	   2.0700000e+02	   1.1500000e+02	   4.0000000e+00	   5.0000000e+00	   4.9550000e+00	   3.5650000e+00	   2.0800000e+00	   1.0000000e+00	   3.0000000e+00	   2.0000000e+00	   1.0000000e+00	   8.0500000e+02	
   2.0500000e+02	   2.1400000e+02	   3.0100000e+02	   1.0000000e+01	   2.0000000e+00	   3.2500000e+00	   3.4950000e+00	   3.7500000e-01	   2.0000000e+00	   3.0000000e+00	   1.0000000e+00	   3.0000000e+00	   1.0490000e+03	
   1.0900000e+02	   3.0600000e+02	   3.1100000e+02	   1.4000000e+01	   4.0000000e+00	   4.2350000e+00	   3.3450000e+00	   1.3300000e+00	   3.0000000e+00	   1.0000000e+00	   2.0000000e+00	   3.0000000e+00	   1.1870000e+03	
   1.0100000e+02	   2.1500000e+02	   2.0300000e+02	   5.0000000e+00	   3.0000000e+00	   4.0800000e+00	   3.5350000e+00	   1.3700000e+00	   1.0000000e+00	   3.0000000e+00	   2.0000000e+00	   1.0000000e+00	   1.3510000e+03	
   2.0900000e+02	   3.0600000e+02	   1.1500000e+02	   4.0000000e+00	   4.0000000e+00	   4.1550000e+00	   3.3450000e+00	   2.0800000e+00	   3.0000000e+00	   1.0000000e+00	   2.0000000e+00	   1.0000000e+00	   1.4410000e+03	
   1.0500000e+02	   1.0900000e+02	   2.1100000e+02	   8.0000000e+00	   3.0000000e+00	   4.9550000e+00	   4.2350000e+00	   1.9500000e+00	   3.0000000e+00	   1.0000000e+00	   2.0000000e+00	   3.0000000e+00	   2.1810000e+03	
   2.0700000e+02	   3.0600000e+02	   2.0800000e+02	   6.0000000e+00	   2.0000000e+00	   3.5650000e+00	   3.3450000e+00	   1.2500000e+00	   2.0000000e+00	   3.0000000e+00	   1.0000000e+00	   3.0000000e+00	   1.8000000e+03	
   1.0500000e+02	   2.0900000e+02	   1.1300000e+02	   3.0000000e+00	   4.0000000e+00	   4.9550000e+00	   4.1550000e+00	   2.8700000e+00	   3.0000000e+00	   2.0000000e+00	   1.0000000e+00	   3.0000000e+00	   1.0620000e+03	
   1.0400000e+02	   1.1100000e+02	   2.1200000e+02	   9.0000000e+00	   3.0000000e+00	   3.6950000e+00	   4.2450000e+00	   2.8950000e+00	   3.0000000e+00	   2.0000000e+00	   1.0000000e+00	   2.0000000e+00	   5.0170000e+03	
   2.0700000e+02	   2.0900000e+02	   3.0100000e+02	   1.0000000e+01	   3.0000000e+00	   3.5650000e+00	   4.1550000e+00	   3.7500000e-01	   3.0000000e+00	   1.0000000e+00	   2.0000000e+00	   1.0000000e+00	   3.4750000e+03	
   2.1400000e+02	   2.1500000e+02	   2.0800000e+02	   6.0000000e+00	   1.0000000e+00	   3.4950000e+00	   3.5350000e+00	   1.2500000e+00	   3.0000000e+00	   1.0000000e+00	   2.0000000e+00	   3.0000000e+00	   1.4810000e+03	
   1.0200000e+02	   2.0100000e+02	   3.0100000e+02	   1.0000000e+01	   1.0000000e+00	   3.0900000e+00	   3.1200000e+00	   3.7500000e-01	   2.0000000e+00	   1.0000000e+00	   3.0000000e+00	   2.0000000e+00	   1.9070000e+03	
   2.0100000e+02	   2.0700000e+02	   3.0500000e+02	   1.1000000e+01	   2.0000000e+00	   3.1200000e+00	   3.5650000e+00	   1.2100000e+00	   2.0000000e+00	   1.0000000e+00	   3.0000000e+00	   1.0000000e+00	   1.7300000e+03	
   1.0100000e+02	   2.0500000e+02	   2.1100000e+02	   8.0000000e+00	   4.0000000e+00	   4.0800000e+00	   3.2500000e+00	   1.9500000e+00	   2.0000000e+00	   1.0000000e+00	   3.0000000e+00	   2.0000000e+00	   3.2060000e+03	
   2.0500000e+02	   3.0600000e+02	   3.0500000e+02	   1.1000000e+01	   1.0000000e+00	   3.2500000e+00	   3.3450000e+00	   1.2100000e+00	   2.0000000e+00	   3.0000000e+00	   1.0000000e+00	   3.0000000e+00	   2.2160000e+03	
   1.0900000e+02	   2.0100000e+02	   2.0800000e+02	   6.0000000e+00	   5.0000000e+00	   4.2350000e+00	   3.1200000e+00	   1.2500000e+00	   2.0000000e+00	   3.0000000e+00	   1.0000000e+00	   2.0000000e+00	   8.3000000e+02	
   1.0200000e+02	   2.1400000e+02	   2.1100000e+02	   8.0000000e+00	   2.0000000e+00	   3.0900000e+00	   3.4950000e+00	   1.9500000e+00	   3.0000000e+00	   1.0000000e+00	   2.0000000e+00	   1.0000000e+00	   1.7120000e+03	
   1.0100000e+02	   1.0600000e+02	   1.1500000e+02	   4.0000000e+00	   3.0000000e+00	   4.0800000e+00	   4.5500000e+00	   2.0800000e+00	   1.0000000e+00	   2.0000000e+00	   3.0000000e+00	   2.0000000e+00	   7.9400000e+02	
   2.0500000e+02	   2.0700000e+02	   3.1400000e+02	   1.5000000e+01	   2.0000000e+00	   3.2500000e+00	   3.5650000e+00	   7.3500000e-01	   2.0000000e+00	   3.0000000e+00	   1.0000000e+00	   3.0000000e+00	   1.3240000e+03	
   1.0100000e+02	   1.0200000e+02	   2.1000000e+02	   7.0000000e+00	   4.0000000e+00	   4.0800000e+00	   3.0900000e+00	   1.5500000e+00	   3.0000000e+00	   1.0000000e+00	   2.0000000e+00	   1.0000000e+00	   7.0400000e+02	
   1.0500000e+02	   2.0100000e+02	   3.1400000e+02	   1.5000000e+01	   5.0000000e+00	   4.9550000e+00	   3.1200000e+00	   7.3500000e-01	   1.0000000e+00	   3.0000000e+00	   2.0000000e+00	   1.0000000e+00	   7.5000000e+02	
   2.0100000e+02	   3.0200000e+02	   2.0300000e+02	   5.0000000e+00	   5.0000000e+00	   3.1200000e+00	   4.2250000e+00	   1.3700000e+00	   3.0000000e+00	   1.0000000e+00	   2.0000000e+00	   1.0000000e+00	   1.3770000e+03	
   1.1100000e+02	   2.0500000e+02	   2.0300000e+02	   5.0000000e+00	   4.0000000e+00	   4.2450000e+00	   3.2500000e+00	   1.3700000e+00	   3.0000000e+00	   2.0000000e+00	   1.0000000e+00	   3.0000000e+00	   1.5100000e+03	
   1.0400000e+02	   1.1100000e+02	   3.0500000e+02	   1.1000000e+01	   3.0000000e+00	   3.6950000e+00	   4.2450000e+00	   1.2100000e+00	   3.0000000e+00	   2.0000000e+00	   1.0000000e+00	   2.0000000e+00	   2.8900000e+03	
   2.0500000e+02	   2.1400000e+02	   1.0700000e+02	   1.0000000e+00	   2.0000000e+00	   3.2500000e+00	   3.4950000e+00	   1.9950000e+00	   1.0000000e+00	   3.0000000e+00	   2.0000000e+00	   3.0000000e+00	   2.9880000e+03	
   1.1100000e+02	   3.0600000e+02	   3.0100000e+02	   1.0000000e+01	   4.0000000e+00	   4.2450000e+00	   3.3450000e+00	   3.7500000e-01	   1.0000000e+00	   3.0000000e+00	   2.0000000e+00	   1.0000000e+00	   7.7700000e+02	
   1.0200000e+02	   2.1400000e+02	   3.0900000e+02	   1.2000000e+01	   2.0000000e+00	   3.0900000e+00	   3.4950000e+00	   2.9900000e+00	   3.0000000e+00	   2.0000000e+00	   1.0000000e+00	   2.0000000e+00	   2.2880000e+03	
   2.0100000e+02	   2.0500000e+02	   3.1100000e+02	   1.4000000e+01	   1.0000000e+00	   3.1200000e+00	   3.2500000e+00	   1.3300000e+00	   1.0000000e+00	   3.0000000e+00	   2.0000000e+00	   3.0000000e+00	   3.1880000e+03	
   1.0900000e+02	   2.1400000e+02	   2.0300000e+02	   5.0000000e+00	   4.0000000e+00	   4.2350000e+00	   3.4950000e+00	   1.3700000e+00	   3.0000000e+00	   2.0000000e+00	   1.0000000e+00	   3.0000000e+00	   2.1080000e+03	
   1.0600000e+02	   1.0900000e+02	   3.1100000e+02	   1.4000000e+01	   2.0000000e+00	   4.5500000e+00	   4.2350000e+00	   1.3300000e+00	   3.0000000e+00	   1.0000000e+00	   2.0000000e+00	   3.0000000e+00	   4.2210000e+03	
   1.0900000e+02	   3.0600000e+02	   2.0800000e+02	   6.0000000e+00	   4.0000000e+00	   4.2350000e+00	   3.3450000e+00	   1.2500000e+00	   1.0000000e+00	   2.0000000e+00	   3.0000000e+00	   1.0000000e+00	   1.3630000e+03	
   1.0100000e+02	   1.0500000e+02	   3.0100000e+02	   1.0000000e+01	   4.0000000e+00	   4.0800000e+00	   4.9550000e+00	   3.7500000e-01	   3.0000000e+00	   2.0000000e+00	   1.0000000e+00	   2.0000000e+00	   1.3890000e+03	
   2.0100000e+02	   2.0900000e+02	   1.1200000e+02	   2.0000000e+00	   5.0000000e+00	   3.1200000e+00	   4.1550000e+00	   2.9300000e+00	   1.0000000e+00	   3.0000000e+00	   2.0000000e+00	   3.0000000e+00	   1.5190000e+03	
   1.0600000e+02	   2.0900000e+02	   3.1000000e+02	   1.3000000e+01	   2.0000000e+00	   4.5500000e+00	   4.1550000e+00	   6.0000000e-01	   3.0000000e+00	   1.0000000e+00	   2.0000000e+00	   3.0000000e+00	   1.2900000e+03	
   1.0100000e+02	   1.0600000e+02	   3.1100000e+02	   1.4000000e+01	   3.0000000e+00	   4.0800000e+00	   4.5500000e+00	   1.3300000e+00	   2.0000000e+00	   1.0000000e+00	   3.0000000e+00	   1.0000000e+00	   1.7550000e+03	
   2.0500000e+02	   2.0900000e+02	   3.1000000e+02	   1.3000000e+01	   4.0000000e+00	   3.2500000e+00	   4.1550000e+00	   6.0000000e-01	   3.0000000e+00	   1.0000000e+00	   2.0000000e+00	   1.0000000e+00	   1.6050000e+03	
   1.1100000e+02	   3.0200000e+02	   2.0300000e+02	   5.0000000e+00	   1.0000000e+00	   4.2450000e+00	   4.2250000e+00	   1.3700000e+00	   2.0000000e+00	   1.0000000e+00	   3.0000000e+00	   1.0000000e+00	   1.4700000e+03	
   1.0400000e+02	   2.0900000e+02	   3.0900000e+02	   1.2000000e+01	   2.0000000e+00	   3.6950000e+00	   4.1550000e+00	   2.9900000e+00	   3.0000000e+00	   1.0000000e+00	   2.0000000e+00	   3.0000000e+00	   1.4700000e+03	
   1.0500000e+02	   2.0900000e+02	   3.1100000e+02	   1.4000000e+01	   4.0000000e+00	   4.9550000e+00	   4.1550000e+00	   1.3300000e+00	   2.0000000e+00	   3.0000000e+00	   1.0000000e+00	   2.0000000e+00	   1.2410000e+03	
   1.0100000e+02	   3.0600000e+02	   3.0500000e+02	   1.1000000e+01	   4.0000000e+00	   4.0800000e+00	   3.3450000e+00	   1.2100000e+00	   3.0000000e+00	   1.0000000e+00	   2.0000000e+00	   3.0000000e+00	   1.4560000e+03	
   1.1100000e+02	   2.0700000e+02	   1.0700000e+02	   1.0000000e+00	   3.0000000e+00	   4.2450000e+00	   3.5650000e+00	   1.9950000e+00	   2.0000000e+00	   1.0000000e+00	   3.0000000e+00	   2.0000000e+00	   2.1310000e+03	
   1.0600000e+02	   3.0200000e+02	   2.0300000e+02	   5.0000000e+00	   2.0000000e+00	   4.5500000e+00	   4.2250000e+00	   1.3700000e+00	   1.0000000e+00	   2.0000000e+00	   3.0000000e+00	   1.0000000e+00	   1.2840000e+03	
   1.0900000e+02	   2.1500000e+02	   2.0800000e+02	   6.0000000e+00	   3.0000000e+00	   4.2350000e+00	   3.5350000e+00	   1.2500000e+00	   1.0000000e+00	   2.0000000e+00	   3.0000000e+00	   1.0000000e+00	   1.3660000e+03	
   1.0900000e+02	   3.0600000e+02	   3.0500000e+02	   1.1000000e+01	   4.0000000e+00	   4.2350000e+00	   3.3450000e+00	   1.2100000e+00	   2.0000000e+00	   3.0000000e+00	   1.0000000e+00	   2.0000000e+00	   1.3430000e+03	
   2.0700000e+02	   3.0600000e+02	   2.1200000e+02	   9.0000000e+00	   2.0000000e+00	   3.5650000e+00	   3.3450000e+00	   2.8950000e+00	   3.0000000e+00	   2.0000000e+00	   1.0000000e+00	   2.0000000e+00	   2.7330000e+03	
   1.0200000e+02	   3.0600000e+02	   3.1000000e+02	   1.3000000e+01	   2.0000000e+00	   3.0900000e+00	   3.3450000e+00	   6.0000000e-01	   2.0000000e+00	   1.0000000e+00	   3.0000000e+00	   1.0000000e+00	   1.6020000e+03	
   1.1100000e+02	   2.0900000e+02	   2.1100000e+02	   8.0000000e+00	   1.0000000e+00	   4.2450000e+00	   4.1550000e+00	   1.9500000e+00	   1.0000000e+00	   2.0000000e+00	   3.0000000e+00	   1.0000000e+00	   1.6920000e+03	
   1.0400000e+02	   2.0700000e+02	   3.1400000e+02	   1.5000000e+01	   1.0000000e+00	   3.6950000e+00	   3.5650000e+00	   7.3500000e-01	   2.0000000e+00	   3.0000000e+00	   1.0000000e+00	   2.0000000e+00	   1.8960000e+03	
   1.0600000e+02	   2.0900000e+02	   2.0300000e+02	   5.0000000e+00	   2.0000000e+00	   4.5500000e+00	   4.1550000e+00	   1.3700000e+00	   2.0000000e+00	   1.0000000e+00	   3.0000000e+00	   2.0000000e+00	   1.5340000e+03	
   1.0600000e+02	   2.1500000e+02	   2.1100000e+02	   8.0000000e+00	   4.0000000e+00	   4.5500000e+00	   3.5350000e+00	   1.9500000e+00	   2.0000000e+00	   3.0000000e+00	   1.0000000e+00	   2.0000000e+00	   1.4380000e+03	
   1.0200000e+02	   2.1500000e+02	   2.0800000e+02	   6.0000000e+00	   2.0000000e+00	   3.0900000e+00	   3.5350000e+00	   1.2500000e+00	   3.0000000e+00	   1.0000000e+00	   2.0000000e+00	   3.0000000e+00	   2.5500000e+03	
   2.0500000e+02	   3.0600000e+02	   3.1000000e+02	   1.3000000e+01	   1.0000000e+00	   3.2500000e+00	   3.3450000e+00	   6.0000000e-01	   2.0000000e+00	   3.0000000e+00	   1.0000000e+00	   3.0000000e+00	   1.6800000e+03	
   1.0100000e+02	   2.1500000e+02	   2.1000000e+02	   7.0000000e+00	   3.0000000e+00	   4.0800000e+00	   3.5350000e+00	   1.5500000e+00	   1.0000000e+00	   2.0000000e+00	   3.0000000e+00	   1.0000000e+00	   1.2360000e+03	
   1.0600000e+02	   3.0600000e+02	   3.1100000e+02	   1.4000000e+01	   5.0000000e+00	   4.5500000e+00	   3.3450000e+00	   1.3300000e+00	   1.0000000e+00	   2.0000000e+00	   3.0000000e+00	   1.0000000e+00	   1.1650000e+03	
   1.0200000e+02	   1.0400000e+02	   3.0900000e+02	   1.2000000e+01	   3.0000000e+00	   3.0900000e+00	   3.6950000e+00	   2.9900000e+00	   2.0000000e+00	   3.0000000e+00	   1.0000000e+00	   3.0000000e+00	   1.1730000e+03	
   1.0200000e+02	   2.0900000e+02	   3.1100000e+02	   1.4000000e+01	   5.0000000e+00	   3.0900000e+00	   4.1550000e+00	   1.3300000e+00	   2.0000000e+00	   3.0000000e+00	   1.0000000e+00	   2.0000000e+00	   3.1730000e+03	
   1.1100000e+02	   3.0600000e+02	   3.1000000e+02	   1.3000000e+01	   4.0000000e+00	   4.2450000e+00	   3.3450000e+00	   6.0000000e-01	   2.0000000e+00	   3.0000000e+00	   1.0000000e+00	   2.0000000e+00	   1.8190000e+03	
   1.0500000e+02	   2.0500000e+02	   2.1200000e+02	   9.0000000e+00	   5.0000000e+00	   4.9550000e+00	   3.2500000e+00	   2.8950000e+00	   1.0000000e+00	   2.0000000e+00	   3.0000000e+00	   1.0000000e+00	   1.0220000e+03	
   2.0100000e+02	   2.1400000e+02	   2.0800000e+02	   6.0000000e+00	   2.0000000e+00	   3.1200000e+00	   3.4950000e+00	   1.2500000e+00	   2.0000000e+00	   1.0000000e+00	   3.0000000e+00	   1.0000000e+00	   1.8330000e+03	
   1.0900000e+02	   3.0200000e+02	   3.0900000e+02	   1.2000000e+01	   1.0000000e+00	   4.2350000e+00	   4.2250000e+00	   2.9900000e+00	   3.0000000e+00	   2.0000000e+00	   1.0000000e+00	   3.0000000e+00	   1.7710000e+03	
   1.0400000e+02	   1.0500000e+02	   3.0100000e+02	   1.0000000e+01	   5.0000000e+00	   3.6950000e+00	   4.9550000e+00	   3.7500000e-01	   3.0000000e+00	   2.0000000e+00	   1.0000000e+00	   2.0000000e+00	   1.1130000e+03	
   1.0900000e+02	   1.1100000e+02	   2.1000000e+02	   7.0000000e+00	   1.0000000e+00	   4.2350000e+00	   4.2450000e+00	   1.5500000e+00	   3.0000000e+00	   1.0000000e+00	   2.0000000e+00	   3.0000000e+00	   1.9060000e+03	
   1.0500000e+02	   1.0900000e+02	   3.1400000e+02	   1.5000000e+01	   3.0000000e+00	   4.9550000e+00	   4.2350000e+00	   7.3500000e-01	   1.0000000e+00	   3.0000000e+00	   2.0000000e+00	   1.0000000e+00	   1.3140000e+03	
   2.0700000e+02	   2.1500000e+02	   2.1000000e+02	   7.0000000e+00	   1.0000000e+00	   3.5650000e+00	   3.5350000e+00	   1.5500000e+00	   1.0000000e+00	   2.0000000e+00	   3.0000000e+00	   1.0000000e+00	   1.8370000e+03	
   2.0500000e+02	   3.0200000e+02	   1.1300000e+02	   3.0000000e+00	   4.0000000e+00	   3.2500000e+00	   4.2250000e+00	   2.8700000e+00	   1.0000000e+00	   3.0000000e+00	   2.0000000e+00	   3.0000000e+00	   1.4900000e+03	
   1.0500000e+02	   2.1500000e+02	   3.0500000e+02	   1.1000000e+01	   5.0000000e+00	   4.9550000e+00	   3.5350000e+00	   1.2100000e+00	   2.0000000e+00	   3.0000000e+00	   1.0000000e+00	   2.0000000e+00	   2.0540000e+03	
   1.0200000e+02	   2.0500000e+02	   1.1500000e+02	   4.0000000e+00	   1.0000000e+00	   3.0900000e+00	   3.2500000e+00	   2.0800000e+00	   2.0000000e+00	   3.0000000e+00	   1.0000000e+00	   2.0000000e+00	   1.3670000e+03	
   1.0400000e+02	   2.1400000e+02	   3.1400000e+02	   1.5000000e+01	   2.0000000e+00	   3.6950000e+00	   3.4950000e+00	   7.3500000e-01	   1.0000000e+00	   2.0000000e+00	   3.0000000e+00	   1.0000000e+00	   1.4950000e+03	
