   1.0000000e+00	   3.1000000e+02	   3.0000000e+00	   0.0000000e+00	   4.5640000e+03	   3.2500000e+00	   6.0320000e+03	
   2.0000000e+00	   1.1400000e+02	   1.0000000e+00	   3.8000000e-01	   3.6030000e+03	   1.9100000e+00	   3.1650000e+03	
   3.0000000e+00	   2.1500000e+02	   2.0000000e+00	   3.4100000e+00	   2.5690000e+03	   2.3300000e+00	   2.6980000e+03	
   4.0000000e+00	   3.0100000e+02	   3.0000000e+00	   3.0800000e+00	   5.2550000e+03	   1.5800000e+00	   5.0970000e+03	
   5.0000000e+00	   2.0900000e+02	   2.0000000e+00	   4.6100000e+00	   2.8560000e+03	   3.8200000e+00	   1.6990000e+03	
   6.0000000e+00	   2.1000000e+02	   2.0000000e+00	   3.6900000e+00	   3.7540000e+03	   4.3400000e+00	   1.2660000e+03	
   7.0000000e+00	   1.1300000e+02	   1.0000000e+00	   4.7900000e+00	   2.6560000e+03	   4.8700000e+00	   1.7990000e+03	
   8.0000000e+00	   3.0800000e+02	   3.0000000e+00	   1.6000000e-01	   4.5890000e+03	   3.0000000e-02	   2.3000000e+03	
   9.0000000e+00	   1.0800000e+02	   1.0000000e+00	   3.6700000e+00	   2.6720000e+03	   4.7600000e+00	   1.5000000e+03	
   1.0000000e+01	   3.0300000e+02	   3.0000000e+00	   3.6800000e+00	   5.7210000e+03	   3.1600000e+00	   3.0000000e+03	
   1.1000000e+01	   2.0600000e+02	   2.0000000e+00	   4.7800000e+00	   3.1220000e+03	   4.2100000e+00	   2.5660000e+03	
   1.2000000e+01	   1.0900000e+02	   1.0000000e+00	   4.5900000e+00	   2.7890000e+03	   3.6100000e+00	   2.1990000e+03	
   1.3000000e+01	   3.0900000e+02	   3.0000000e+00	   3.8500000e+00	   4.6890000e+03	   2.9000000e+00	   5.1660000e+03	
   1.4000000e+01	   2.0500000e+02	   2.0000000e+00	   3.3900000e+00	   3.8550000e+03	   1.5700000e+00	   1.5330000e+03	
   1.5000000e+01	   1.0200000e+02	   1.0000000e+00	   3.7600000e+00	   4.0570000e+03	   4.1900000e+00	   3.5320000e+03	
   1.6000000e+01	   1.1200000e+02	   1.0000000e+00	   2.1900000e+00	   3.8880000e+03	   2.7400000e+00	   3.1980000e+03	
   1.7000000e+01	   2.1400000e+02	   2.0000000e+00	   3.6000000e-01	   2.8910000e+03	   1.3000000e+00	   1.6330000e+03	
   1.8000000e+01	   3.1100000e+02	   3.0000000e+00	   1.8900000e+00	   3.8550000e+03	   6.5000000e-01	   2.9320000e+03	
   1.9000000e+01	   1.0600000e+02	   1.0000000e+00	   4.9400000e+00	   2.4230000e+03	   4.4400000e+00	   9.9900000e+02	
   2.0000000e+01	   3.0200000e+02	   3.0000000e+00	   4.9100000e+00	   1.8560000e+03	   3.3900000e+00	   1.8990000e+03	
   2.1000000e+01	   2.1100000e+02	   2.0000000e+00	   2.0700000e+00	   3.6210000e+03	   1.5500000e+00	   1.6660000e+03	
   2.2000000e+01	   3.0600000e+02	   3.0000000e+00	   3.1500000e+00	   3.7560000e+03	   1.2700000e+00	   4.2640000e+03	
   2.3000000e+01	   2.0100000e+02	   2.0000000e+00	   1.5900000e+00	   3.7560000e+03	   9.1000000e-01	   2.0320000e+03	
   2.4000000e+01	   3.1200000e+02	   3.0000000e+00	   4.3000000e-01	   2.7220000e+03	   5.0000000e-02	   1.3670000e+03	
   2.5000000e+01	   1.0100000e+02	   1.0000000e+00	   1.1200000e+00	   5.4210000e+03	   1.5400000e+00	   3.9490000e+03	
   2.6000000e+01	   1.1500000e+02	   1.0000000e+00	   2.5000000e-01	   3.0210000e+03	   1.2900000e+00	   1.5340000e+03	
   2.7000000e+01	   3.1400000e+02	   3.0000000e+00	   1.7300000e+00	   3.1220000e+03	   1.1700000e+00	   2.4990000e+03	
   2.8000000e+01	   1.0400000e+02	   1.0000000e+00	   3.1400000e+00	   3.5540000e+03	   1.6200000e+00	   2.1320000e+03	
   2.9000000e+01	   1.1100000e+02	   1.0000000e+00	   4.5300000e+00	   2.1900000e+03	   4.8900000e+00	   1.5990000e+03	
   3.0000000e+01	   1.0300000e+02	   1.0000000e+00	   1.4800000e+00	   3.0550000e+03	   1.6700000e+00	   1.2660000e+03	
   3.1000000e+01	   2.0700000e+02	   2.0000000e+00	   2.1800000e+00	   5.2040000e+03	   3.2400000e+00	   1.7330000e+03	
   3.2000000e+01	   3.0700000e+02	   3.0000000e+00	   1.1800000e+00	   3.1540000e+03	   2.2000000e-01	   1.6320000e+03	
   3.3000000e+01	   1.0500000e+02	   1.0000000e+00	   4.9100000e+00	   2.3540000e+03	   2.1100000e+00	   5.6320000e+03	
   3.4000000e+01	   3.0400000e+02	   3.0000000e+00	   8.8000000e-01	   3.9710000e+03	   3.2000000e-01	   1.2330000e+03	
   3.5000000e+01	   2.0400000e+02	   2.0000000e+00	   5.8000000e-01	   2.2550000e+03	   1.4000000e-01	   6.0640000e+03	
   3.6000000e+01	   3.1300000e+02	   3.0000000e+00	   3.7600000e+00	   3.6220000e+03	   8.8000000e-01	   1.5320000e+03	
   3.7000000e+01	   2.1200000e+02	   2.0000000e+00	   1.2900000e+00	   3.3550000e+03	   1.8900000e+00	   3.5990000e+03	
   3.8000000e+01	   2.0200000e+02	   2.0000000e+00	   4.6000000e-01	   2.7550000e+03	   7.5000000e-01	   4.0000000e+03	
   3.9000000e+01	   1.0700000e+02	   1.0000000e+00	   8.8000000e-01	   3.2880000e+03	   3.8000000e-01	   1.0330000e+03	
   4.0000000e+01	   1.1000000e+02	   1.0000000e+00	   3.2200000e+00	   4.2870000e+03	   1.5200000e+00	   3.0330000e+03	
   4.1000000e+01	   3.0500000e+02	   3.0000000e+00	   1.4900000e+00	   3.4210000e+03	   1.8300000e+00	   3.0980000e+03	
   4.2000000e+01	   2.0800000e+02	   2.0000000e+00	   1.5500000e+00	   4.0050000e+03	   2.7600000e+00	   1.3650000e+03	
   4.3000000e+01	   2.1300000e+02	   2.0000000e+00	   7.2000000e-01	   2.7230000e+03	   1.5000000e-01	   1.0990000e+03	
   4.4000000e+01	   1.1600000e+02	   1.0000000e+00	   1.5400000e+00	   2.9210000e+03	   3.3100000e+00	   1.2990000e+03	
   4.5000000e+01	   2.0300000e+02	   2.0000000e+00	   2.1000000e-01	   2.2220000e+03	   2.3000000e-01	   2.1010000e+03	
