   1.0000000e+00	   1.0000000e+00	   1.1200000e+02	   4.0200000e+00	   7.0640000e+03	
   1.0000000e+00	   2.0000000e+00	   2.1300000e+02	   3.9700000e+00	   5.1580000e+03	
   1.0000000e+00	   3.0000000e+00	   1.0500000e+02	   3.9900000e+00	   3.9240000e+03	
   1.0000000e+00	   4.0000000e+00	   3.0700000e+02	   3.9900000e+00	   2.3250000e+03	
   1.0000000e+00	   5.0000000e+00	   1.1100000e+02	   4.0200000e+00	   4.3270000e+03	
   1.0000000e+00	   6.0000000e+00	   1.0700000e+02	   2.9900000e+00	   4.5250000e+03	
   1.0000000e+00	   7.0000000e+00	   3.0900000e+02	   3.9900000e+00	   6.9260000e+03	
   1.0000000e+00	   8.0000000e+00	   1.0600000e+02	   3.9800000e+00	   4.1930000e+03	
   1.0000000e+00	   9.0000000e+00	   3.0200000e+02	   2.3000000e-01	   5.2930000e+03	
   1.0000000e+00	   1.0000000e+01	   3.1200000e+02	   3.1200000e+00	   1.1691000e+04	
   1.0000000e+00	   1.1000000e+01	   2.0400000e+02	   4.7700000e+00	   1.4757000e+04	
   1.0000000e+00	   1.2000000e+01	   2.0100000e+02	   0.0000000e+00	   1.6290000e+03	
   1.0000000e+00	   1.3000000e+01	   3.0400000e+02	   3.2600000e+00	   2.5280000e+03	
   1.0000000e+00	   1.4000000e+01	   1.1400000e+02	   2.8600000e+00	   1.8610000e+03	
   1.0000000e+00	   1.5000000e+01	   2.0200000e+02	   0.0000000e+00	   1.7940000e+03	
   1.0000000e+00	   1.6000000e+01	   1.1000000e+02	   0.0000000e+00	   1.6620000e+03	
   1.0000000e+00	   1.7000000e+01	   2.0300000e+02	   0.0000000e+00	   1.2940000e+03	
   1.0000000e+00	   1.8000000e+01	   1.1300000e+02	   2.5800000e+00	   1.6290000e+03	
   1.0000000e+00	   1.9000000e+01	   3.1400000e+02	   2.6400000e+00	   2.3280000e+03	
   1.0000000e+00	   2.0000000e+01	   1.0300000e+02	   1.1200000e+00	   1.5270000e+03	
   1.0000000e+00	   2.1000000e+01	   3.1300000e+02	   0.0000000e+00	   1.5940000e+03	
   1.0000000e+00	   2.2000000e+01	   2.1400000e+02	   2.7600000e+00	   1.7280000e+03	
   1.0000000e+00	   2.3000000e+01	   1.0200000e+02	   2.5000000e+00	   1.1630000e+03	
   1.0000000e+00	   2.4000000e+01	   2.1500000e+02	   0.0000000e+00	   1.5270000e+03	
   1.0000000e+00	   2.5000000e+01	   2.1200000e+02	   0.0000000e+00	   1.8260000e+03	
   1.0000000e+00	   2.6000000e+01	   3.1100000e+02	   0.0000000e+00	   1.4260000e+03	
   1.0000000e+00	   2.7000000e+01	   1.0800000e+02	   0.0000000e+00	   1.4950000e+03	
   1.0000000e+00	   2.8000000e+01	   3.1000000e+02	   0.0000000e+00	   2.1930000e+03	
   1.0000000e+00	   2.9000000e+01	   1.0100000e+02	   0.0000000e+00	   1.2280000e+03	
   1.0000000e+00	   3.0000000e+01	   3.0500000e+02	   0.0000000e+00	   1.6280000e+03	
   1.0000000e+00	   3.1000000e+01	   1.0900000e+02	   3.3200000e+00	   4.0930000e+03	
   1.0000000e+00	   3.2000000e+01	   1.0400000e+02	   0.0000000e+00	   1.2600000e+03	
   1.0000000e+00	   3.3000000e+01	   1.1500000e+02	   2.2200000e+00	   6.6930000e+03	
   1.0000000e+00	   3.4000000e+01	   2.1000000e+02	   0.0000000e+00	   1.9270000e+03	
   1.0000000e+00	   3.5000000e+01	   2.0800000e+02	   2.3600000e+00	   3.2930000e+03	
   1.0000000e+00	   3.6000000e+01	   3.0600000e+02	   4.2600000e+00	   3.2600000e+03	
   1.0000000e+00	   3.7000000e+01	   3.0100000e+02	   0.0000000e+00	   1.4610000e+03	
   1.0000000e+00	   3.8000000e+01	   2.1100000e+02	   0.0000000e+00	   2.9930000e+03	
   1.0000000e+00	   3.9000000e+01	   2.0700000e+02	   4.6200000e+00	   3.6590000e+03	
   1.0000000e+00	   4.0000000e+01	   3.0300000e+02	   0.0000000e+00	   1.1610000e+03	
   1.0000000e+00	   4.1000000e+01	   3.0800000e+02	   0.0000000e+00	   1.8610000e+03	
   1.0000000e+00	   4.2000000e+01	   2.0600000e+02	   0.0000000e+00	   1.4430000e+03	
   1.0000000e+00	   4.3000000e+01	   2.0900000e+02	   3.3900000e+00	   1.7270000e+03	
   1.0000000e+00	   4.4000000e+01	   1.1600000e+02	   0.0000000e+00	   1.1270000e+03	
   1.0000000e+00	   4.5000000e+01	   2.0500000e+02	   0.0000000e+00	   1.5610000e+03	
   2.0000000e+00	   1.0000000e+00	   1.1500000e+02	   2.2700000e+00	   2.1990000e+03	
   2.0000000e+00	   2.0000000e+00	   3.1000000e+02	   0.0000000e+00	   1.1280000e+03	
   2.0000000e+00	   3.0000000e+00	   2.1100000e+02	   0.0000000e+00	   1.1280000e+03	
   2.0000000e+00	   4.0000000e+00	   3.0900000e+02	   3.1600000e+00	   2.3280000e+03	
   2.0000000e+00	   5.0000000e+00	   2.0400000e+02	   4.4100000e+00	   4.5280000e+03	
   2.0000000e+00	   6.0000000e+00	   1.1600000e+02	   0.0000000e+00	   2.1280000e+03	
   2.0000000e+00	   7.0000000e+00	   3.0100000e+02	   3.3800000e+00	   1.2341000e+04	
   2.0000000e+00	   8.0000000e+00	   1.0700000e+02	   7.9000000e-01	   1.6950000e+03	
   2.0000000e+00	   9.0000000e+00	   3.0800000e+02	   0.0000000e+00	   1.1780000e+03	
   2.0000000e+00	   1.0000000e+01	   2.1200000e+02	   0.0000000e+00	   1.1610000e+03	
   2.0000000e+00	   1.1000000e+01	   2.1500000e+02	   0.0000000e+00	   1.2280000e+03	
   2.0000000e+00	   1.2000000e+01	   2.1300000e+02	   3.4300000e+00	   2.1290000e+03	
   2.0000000e+00	   1.3000000e+01	   2.0300000e+02	   0.0000000e+00	   1.2610000e+03	
   2.0000000e+00	   1.4000000e+01	   2.0100000e+02	   0.0000000e+00	   1.1280000e+03	
   2.0000000e+00	   1.5000000e+01	   2.0500000e+02	   0.0000000e+00	   1.2950000e+03	
   2.0000000e+00	   1.6000000e+01	   1.0200000e+02	   3.3100000e+00	   2.5280000e+03	
   2.0000000e+00	   1.7000000e+01	   2.0800000e+02	   2.2700000e+00	   1.6940000e+03	
   2.0000000e+00	   1.8000000e+01	   3.0700000e+02	   3.7300000e+00	   2.2960000e+03	
   2.0000000e+00	   1.9000000e+01	   3.0600000e+02	   4.1800000e+00	   1.9340000e+03	
   2.0000000e+00	   2.0000000e+01	   1.1300000e+02	   2.3400000e+00	   1.3940000e+03	
   2.0000000e+00	   2.1000000e+01	   1.0600000e+02	   2.0800000e+00	   2.3610000e+03	
   2.0000000e+00	   2.2000000e+01	   1.0400000e+02	   0.0000000e+00	   1.3110000e+03	
   2.0000000e+00	   2.3000000e+01	   1.1000000e+02	   0.0000000e+00	   1.6960000e+03	
   2.0000000e+00	   2.4000000e+01	   1.0800000e+02	   0.0000000e+00	   1.1610000e+03	
   2.0000000e+00	   2.5000000e+01	   3.1200000e+02	   3.2900000e+00	   2.0950000e+03	
   2.0000000e+00	   2.6000000e+01	   3.1100000e+02	   0.0000000e+00	   1.1280000e+03	
   2.0000000e+00	   2.7000000e+01	   2.0700000e+02	   4.6500000e+00	   1.5950000e+03	
   2.0000000e+00	   2.8000000e+01	   2.0600000e+02	   0.0000000e+00	   1.4610000e+03	
   2.0000000e+00	   2.9000000e+01	   3.0500000e+02	   0.0000000e+00	   1.4620000e+03	
   2.0000000e+00	   3.0000000e+01	   3.0300000e+02	   0.0000000e+00	   3.3110000e+03	
   2.0000000e+00	   3.1000000e+01	   1.1200000e+02	   3.2500000e+00	   1.7940000e+03	
   2.0000000e+00	   3.2000000e+01	   3.0400000e+02	   1.5100000e+00	   1.2950000e+03	
   2.0000000e+00	   3.3000000e+01	   3.0200000e+02	   0.0000000e+00	   1.1610000e+03	
   2.0000000e+00	   3.4000000e+01	   1.1400000e+02	   1.2100000e+00	   2.1290000e+03	
   2.0000000e+00	   3.5000000e+01	   3.1300000e+02	   1.3600000e+00	   1.8610000e+03	
   2.0000000e+00	   3.6000000e+01	   1.0900000e+02	   3.2400000e+00	   1.3950000e+03	
   2.0000000e+00	   3.7000000e+01	   2.1400000e+02	   3.7600000e+00	   4.9600000e+03	
   2.0000000e+00	   3.8000000e+01	   1.0300000e+02	   7.5000000e-01	   1.6950000e+03	
   2.0000000e+00	   3.9000000e+01	   1.1100000e+02	   3.5400000e+00	   1.2280000e+03	
   2.0000000e+00	   4.0000000e+01	   3.1400000e+02	   3.2600000e+00	   1.5950000e+03	
   2.0000000e+00	   4.1000000e+01	   1.0500000e+02	   2.5500000e+00	   2.4280000e+03	
   2.0000000e+00	   4.2000000e+01	   2.1000000e+02	   0.0000000e+00	   1.2940000e+03	
   2.0000000e+00	   4.3000000e+01	   2.0200000e+02	   0.0000000e+00	   1.3610000e+03	
   2.0000000e+00	   4.4000000e+01	   1.0100000e+02	   0.0000000e+00	   1.1290000e+03	
   2.0000000e+00	   4.5000000e+01	   2.0900000e+02	   3.3600000e+00	   1.0950000e+03	
