   1.1100000e+02	   3.1400000e+02	   2.0800000e+02	   8.0000000e+00	   4.0000000e+00	   3.7800000e+00	   2.9500000e+00	   2.3150000e+00	   2.0000000e+00	   1.0000000e+00	   3.0000000e+00	   1.0000000e+00	   2.3210000e+03	
   1.1200000e+02	   2.0900000e+02	   2.1200000e+02	   1.0000000e+01	   2.0000000e+00	   3.6350000e+00	   3.3750000e+00	   0.0000000e+00	   2.0000000e+00	   3.0000000e+00	   1.0000000e+00	   3.0000000e+00	   1.5210000e+03	
   1.0900000e+02	   2.0400000e+02	   1.0800000e+02	   2.0000000e+00	   5.0000000e+00	   3.2800000e+00	   4.5900000e+00	   0.0000000e+00	   2.0000000e+00	   1.0000000e+00	   3.0000000e+00	   1.0000000e+00	   1.7390000e+03	
   1.1200000e+02	   3.0600000e+02	   3.1100000e+02	   1.4000000e+01	   3.0000000e+00	   3.6350000e+00	   4.2200000e+00	   0.0000000e+00	   1.0000000e+00	   2.0000000e+00	   3.0000000e+00	   2.0000000e+00	   2.0990000e+03	
   2.0900000e+02	   3.0700000e+02	   3.0100000e+02	   1.1000000e+01	   3.0000000e+00	   3.3750000e+00	   3.8600000e+00	   1.6900000e+00	   2.0000000e+00	   3.0000000e+00	   1.0000000e+00	   3.0000000e+00	   9.8900000e+02	
   2.1400000e+02	   3.0600000e+02	   3.1300000e+02	   1.5000000e+01	   5.0000000e+00	   3.2600000e+00	   4.2200000e+00	   6.8000000e-01	   1.0000000e+00	   2.0000000e+00	   3.0000000e+00	   2.0000000e+00	   3.8480000e+03	
   2.0900000e+02	   3.0700000e+02	   3.0300000e+02	   1.2000000e+01	   3.0000000e+00	   3.3750000e+00	   3.8600000e+00	   0.0000000e+00	   3.0000000e+00	   1.0000000e+00	   2.0000000e+00	   1.0000000e+00	   1.1350000e+03	
   1.0900000e+02	   2.0400000e+02	   3.1100000e+02	   1.4000000e+01	   5.0000000e+00	   3.2800000e+00	   4.5900000e+00	   0.0000000e+00	   2.0000000e+00	   1.0000000e+00	   3.0000000e+00	   2.0000000e+00	   1.2190000e+03	
   1.0500000e+02	   3.1400000e+02	   1.1300000e+02	   3.0000000e+00	   2.0000000e+00	   3.2700000e+00	   2.9500000e+00	   2.4600000e+00	   3.0000000e+00	   2.0000000e+00	   1.0000000e+00	   2.0000000e+00	   1.6230000e+03	
   1.1100000e+02	   2.1400000e+02	   3.0800000e+02	   1.3000000e+01	   3.0000000e+00	   3.7800000e+00	   3.2600000e+00	   0.0000000e+00	   2.0000000e+00	   1.0000000e+00	   3.0000000e+00	   1.0000000e+00	   1.9600000e+03	
   1.0500000e+02	   2.0700000e+02	   2.0500000e+02	   7.0000000e+00	   5.0000000e+00	   3.2700000e+00	   4.6350000e+00	   0.0000000e+00	   2.0000000e+00	   1.0000000e+00	   3.0000000e+00	   1.0000000e+00	   1.5260000e+03	
   1.0900000e+02	   2.0400000e+02	   2.1000000e+02	   9.0000000e+00	   5.0000000e+00	   3.2800000e+00	   4.5900000e+00	   0.0000000e+00	   3.0000000e+00	   1.0000000e+00	   2.0000000e+00	   1.0000000e+00	   1.3160000e+03	
   2.1400000e+02	   3.0900000e+02	   3.0300000e+02	   1.2000000e+01	   2.0000000e+00	   3.2600000e+00	   3.5750000e+00	   0.0000000e+00	   1.0000000e+00	   2.0000000e+00	   3.0000000e+00	   2.0000000e+00	   1.7000000e+03	
   2.1400000e+02	   3.0700000e+02	   2.1000000e+02	   9.0000000e+00	   3.0000000e+00	   3.2600000e+00	   3.8600000e+00	   0.0000000e+00	   3.0000000e+00	   2.0000000e+00	   1.0000000e+00	   2.0000000e+00	   1.6720000e+03	
   1.0600000e+02	   3.1200000e+02	   1.1400000e+02	   4.0000000e+00	   1.0000000e+00	   3.0300000e+00	   3.2050000e+00	   2.0350000e+00	   1.0000000e+00	   3.0000000e+00	   2.0000000e+00	   3.0000000e+00	   1.8300000e+03	
   1.0500000e+02	   3.0900000e+02	   2.1000000e+02	   9.0000000e+00	   2.0000000e+00	   3.2700000e+00	   3.5750000e+00	   0.0000000e+00	   2.0000000e+00	   1.0000000e+00	   3.0000000e+00	   1.0000000e+00	   1.3820000e+03	
   1.0600000e+02	   1.1100000e+02	   2.0500000e+02	   7.0000000e+00	   4.0000000e+00	   3.0300000e+00	   3.7800000e+00	   0.0000000e+00	   3.0000000e+00	   1.0000000e+00	   2.0000000e+00	   1.0000000e+00	   6.7770000e+03	
   1.0500000e+02	   3.0600000e+02	   2.1200000e+02	   1.0000000e+01	   4.0000000e+00	   3.2700000e+00	   4.2200000e+00	   0.0000000e+00	   1.0000000e+00	   3.0000000e+00	   2.0000000e+00	   3.0000000e+00	   1.2630000e+03	
   1.0900000e+02	   2.0400000e+02	   3.0100000e+02	   1.1000000e+01	   5.0000000e+00	   3.2800000e+00	   4.5900000e+00	   1.6900000e+00	   3.0000000e+00	   2.0000000e+00	   1.0000000e+00	   2.0000000e+00	   1.0210000e+03	
   1.0600000e+02	   2.1400000e+02	   3.1300000e+02	   1.5000000e+01	   2.0000000e+00	   3.0300000e+00	   3.2600000e+00	   6.8000000e-01	   1.0000000e+00	   3.0000000e+00	   2.0000000e+00	   2.0000000e+00	   1.4330000e+03	
   2.1300000e+02	   3.0600000e+02	   2.1000000e+02	   9.0000000e+00	   3.0000000e+00	   3.7000000e+00	   4.2200000e+00	   0.0000000e+00	   2.0000000e+00	   1.0000000e+00	   3.0000000e+00	   1.0000000e+00	   1.0980000e+03	
   1.1100000e+02	   2.1400000e+02	   2.0800000e+02	   8.0000000e+00	   3.0000000e+00	   3.7800000e+00	   3.2600000e+00	   2.3150000e+00	   1.0000000e+00	   2.0000000e+00	   3.0000000e+00	   2.0000000e+00	   1.5850000e+03	
   1.0900000e+02	   3.1400000e+02	   2.1200000e+02	   1.0000000e+01	   2.0000000e+00	   3.2800000e+00	   2.9500000e+00	   0.0000000e+00	   3.0000000e+00	   2.0000000e+00	   1.0000000e+00	   3.0000000e+00	   2.9740000e+03	
   2.0900000e+02	   3.0900000e+02	   1.1600000e+02	   5.0000000e+00	   1.0000000e+00	   3.3750000e+00	   3.5750000e+00	   0.0000000e+00	   3.0000000e+00	   1.0000000e+00	   2.0000000e+00	   3.0000000e+00	   1.1330000e+03	
   2.0900000e+02	   3.1200000e+02	   3.0800000e+02	   1.3000000e+01	   1.0000000e+00	   3.3750000e+00	   3.2050000e+00	   0.0000000e+00	   2.0000000e+00	   1.0000000e+00	   3.0000000e+00	   1.0000000e+00	   1.4570000e+03	
   1.0500000e+02	   1.0600000e+02	   1.1400000e+02	   4.0000000e+00	   2.0000000e+00	   3.2700000e+00	   3.0300000e+00	   2.0350000e+00	   1.0000000e+00	   3.0000000e+00	   2.0000000e+00	   2.0000000e+00	   1.4850000e+03	
   1.0900000e+02	   3.0600000e+02	   2.1200000e+02	   1.0000000e+01	   4.0000000e+00	   3.2800000e+00	   4.2200000e+00	   0.0000000e+00	   1.0000000e+00	   3.0000000e+00	   2.0000000e+00	   3.0000000e+00	   1.1750000e+03	
   1.1100000e+02	   2.0700000e+02	   1.0800000e+02	   2.0000000e+00	   4.0000000e+00	   3.7800000e+00	   4.6350000e+00	   0.0000000e+00	   3.0000000e+00	   1.0000000e+00	   2.0000000e+00	   1.0000000e+00	   9.0400000e+02	
   2.1400000e+02	   3.0600000e+02	   1.0800000e+02	   2.0000000e+00	   5.0000000e+00	   3.2600000e+00	   4.2200000e+00	   0.0000000e+00	   3.0000000e+00	   2.0000000e+00	   1.0000000e+00	   2.0000000e+00	   1.0240000e+03	
   1.1100000e+02	   2.1300000e+02	   3.0300000e+02	   1.2000000e+01	   1.0000000e+00	   3.7800000e+00	   3.7000000e+00	   0.0000000e+00	   2.0000000e+00	   1.0000000e+00	   3.0000000e+00	   1.0000000e+00	   1.8130000e+03	
   1.1200000e+02	   2.0400000e+02	   1.0100000e+02	   1.0000000e+00	   4.0000000e+00	   3.6350000e+00	   4.5900000e+00	   0.0000000e+00	   2.0000000e+00	   1.0000000e+00	   3.0000000e+00	   1.0000000e+00	   1.4260000e+03	
   2.0700000e+02	   3.0700000e+02	   2.0500000e+02	   7.0000000e+00	   4.0000000e+00	   4.6350000e+00	   3.8600000e+00	   0.0000000e+00	   3.0000000e+00	   1.0000000e+00	   2.0000000e+00	   3.0000000e+00	   1.4650000e+03	
   2.0900000e+02	   3.0700000e+02	   2.0500000e+02	   7.0000000e+00	   3.0000000e+00	   3.3750000e+00	   3.8600000e+00	   0.0000000e+00	   2.0000000e+00	   1.0000000e+00	   3.0000000e+00	   1.0000000e+00	   1.3595000e+04	
   1.0600000e+02	   3.0900000e+02	   1.1400000e+02	   4.0000000e+00	   3.0000000e+00	   3.0300000e+00	   3.5750000e+00	   2.0350000e+00	   1.0000000e+00	   2.0000000e+00	   3.0000000e+00	   2.0000000e+00	   2.4180000e+03	
   2.0400000e+02	   3.0700000e+02	   2.1000000e+02	   9.0000000e+00	   4.0000000e+00	   4.5900000e+00	   3.8600000e+00	   0.0000000e+00	   1.0000000e+00	   2.0000000e+00	   3.0000000e+00	   1.0000000e+00	   1.1590000e+03	
   1.0500000e+02	   1.1200000e+02	   3.1100000e+02	   1.4000000e+01	   2.0000000e+00	   3.2700000e+00	   3.6350000e+00	   0.0000000e+00	   1.0000000e+00	   2.0000000e+00	   3.0000000e+00	   3.0000000e+00	   9.4000000e+02	
   2.1300000e+02	   3.0900000e+02	   2.1200000e+02	   1.0000000e+01	   1.0000000e+00	   3.7000000e+00	   3.5750000e+00	   0.0000000e+00	   1.0000000e+00	   2.0000000e+00	   3.0000000e+00	   2.0000000e+00	   3.4500000e+03	
   2.1400000e+02	   3.1400000e+02	   2.0500000e+02	   7.0000000e+00	   2.0000000e+00	   3.2600000e+00	   2.9500000e+00	   0.0000000e+00	   2.0000000e+00	   3.0000000e+00	   1.0000000e+00	   3.0000000e+00	   1.5590000e+03	
   1.0500000e+02	   1.0900000e+02	   1.1400000e+02	   4.0000000e+00	   1.0000000e+00	   3.2700000e+00	   3.2800000e+00	   2.0350000e+00	   1.0000000e+00	   3.0000000e+00	   2.0000000e+00	   3.0000000e+00	   1.1560000e+03	
   3.0600000e+02	   3.0900000e+02	   3.0100000e+02	   1.1000000e+01	   4.0000000e+00	   4.2200000e+00	   3.5750000e+00	   1.6900000e+00	   2.0000000e+00	   1.0000000e+00	   3.0000000e+00	   2.0000000e+00	   2.6830000e+03	
   1.0500000e+02	   1.0900000e+02	   2.1000000e+02	   9.0000000e+00	   1.0000000e+00	   3.2700000e+00	   3.2800000e+00	   0.0000000e+00	   1.0000000e+00	   3.0000000e+00	   2.0000000e+00	   3.0000000e+00	   1.7060000e+03	
   3.0600000e+02	   3.0700000e+02	   1.1600000e+02	   5.0000000e+00	   2.0000000e+00	   4.2200000e+00	   3.8600000e+00	   0.0000000e+00	   3.0000000e+00	   2.0000000e+00	   1.0000000e+00	   2.0000000e+00	   1.1600000e+03	
   2.0400000e+02	   3.0900000e+02	   2.0500000e+02	   7.0000000e+00	   5.0000000e+00	   4.5900000e+00	   3.5750000e+00	   0.0000000e+00	   1.0000000e+00	   2.0000000e+00	   3.0000000e+00	   1.0000000e+00	   1.1240000e+03	
   2.0700000e+02	   3.0900000e+02	   1.1300000e+02	   3.0000000e+00	   5.0000000e+00	   4.6350000e+00	   3.5750000e+00	   2.4600000e+00	   3.0000000e+00	   1.0000000e+00	   2.0000000e+00	   3.0000000e+00	   7.5000000e+02	
   2.0900000e+02	   3.1200000e+02	   1.0800000e+02	   2.0000000e+00	   1.0000000e+00	   3.3750000e+00	   3.2050000e+00	   0.0000000e+00	   3.0000000e+00	   1.0000000e+00	   2.0000000e+00	   1.0000000e+00	   2.4970000e+03	
   2.0700000e+02	   2.1300000e+02	   1.1600000e+02	   5.0000000e+00	   4.0000000e+00	   4.6350000e+00	   3.7000000e+00	   0.0000000e+00	   1.0000000e+00	   2.0000000e+00	   3.0000000e+00	   1.0000000e+00	   7.9300000e+02	
   1.0900000e+02	   2.1300000e+02	   3.0300000e+02	   1.2000000e+01	   3.0000000e+00	   3.2800000e+00	   3.7000000e+00	   0.0000000e+00	   1.0000000e+00	   3.0000000e+00	   2.0000000e+00	   1.0000000e+00	   2.8660000e+03	
   2.0700000e+02	   3.1200000e+02	   3.0300000e+02	   1.2000000e+01	   5.0000000e+00	   4.6350000e+00	   3.2050000e+00	   0.0000000e+00	   3.0000000e+00	   1.0000000e+00	   2.0000000e+00	   3.0000000e+00	   9.0000000e+02	
   3.0600000e+02	   3.1400000e+02	   2.0500000e+02	   7.0000000e+00	   5.0000000e+00	   4.2200000e+00	   2.9500000e+00	   0.0000000e+00	   2.0000000e+00	   3.0000000e+00	   1.0000000e+00	   2.0000000e+00	   1.3470000e+03	
   2.1300000e+02	   2.1400000e+02	   1.1300000e+02	   3.0000000e+00	   3.0000000e+00	   3.7000000e+00	   3.2600000e+00	   2.4600000e+00	   3.0000000e+00	   1.0000000e+00	   2.0000000e+00	   3.0000000e+00	   1.8090000e+03	
   2.0900000e+02	   3.0600000e+02	   1.0800000e+02	   2.0000000e+00	   4.0000000e+00	   3.3750000e+00	   4.2200000e+00	   0.0000000e+00	   2.0000000e+00	   3.0000000e+00	   1.0000000e+00	   3.0000000e+00	   1.6740000e+03	
   1.0600000e+02	   2.1300000e+02	   2.0200000e+02	   6.0000000e+00	   4.0000000e+00	   3.0300000e+00	   3.7000000e+00	   0.0000000e+00	   1.0000000e+00	   3.0000000e+00	   2.0000000e+00	   3.0000000e+00	   1.4180000e+03	
   1.0900000e+02	   1.1200000e+02	   1.0100000e+02	   1.0000000e+00	   2.0000000e+00	   3.2800000e+00	   3.6350000e+00	   0.0000000e+00	   3.0000000e+00	   1.0000000e+00	   2.0000000e+00	   3.0000000e+00	   1.4100000e+03	
   2.0900000e+02	   3.0900000e+02	   3.0100000e+02	   1.1000000e+01	   1.0000000e+00	   3.3750000e+00	   3.5750000e+00	   1.6900000e+00	   1.0000000e+00	   2.0000000e+00	   3.0000000e+00	   2.0000000e+00	   2.1420000e+03	
   1.0600000e+02	   2.0900000e+02	   1.0800000e+02	   2.0000000e+00	   2.0000000e+00	   3.0300000e+00	   3.3750000e+00	   0.0000000e+00	   1.0000000e+00	   3.0000000e+00	   2.0000000e+00	   3.0000000e+00	   1.2340000e+03	
   1.0600000e+02	   3.0700000e+02	   1.1600000e+02	   5.0000000e+00	   4.0000000e+00	   3.0300000e+00	   3.8600000e+00	   0.0000000e+00	   1.0000000e+00	   3.0000000e+00	   2.0000000e+00	   3.0000000e+00	   9.2300000e+02	
   1.1100000e+02	   3.0600000e+02	   1.1400000e+02	   4.0000000e+00	   3.0000000e+00	   3.7800000e+00	   4.2200000e+00	   2.0350000e+00	   3.0000000e+00	   2.0000000e+00	   1.0000000e+00	   2.0000000e+00	   9.6000000e+02	
   1.0900000e+02	   2.0400000e+02	   2.0200000e+02	   6.0000000e+00	   5.0000000e+00	   3.2800000e+00	   4.5900000e+00	   0.0000000e+00	   2.0000000e+00	   1.0000000e+00	   3.0000000e+00	   1.0000000e+00	   7.6300000e+02	
   3.0600000e+02	   3.0700000e+02	   2.0800000e+02	   8.0000000e+00	   2.0000000e+00	   4.2200000e+00	   3.8600000e+00	   2.3150000e+00	   2.0000000e+00	   3.0000000e+00	   1.0000000e+00	   3.0000000e+00	   8.5600000e+02	
   1.1200000e+02	   2.0700000e+02	   3.1300000e+02	   1.5000000e+01	   5.0000000e+00	   3.6350000e+00	   4.6350000e+00	   6.8000000e-01	   2.0000000e+00	   1.0000000e+00	   3.0000000e+00	   1.0000000e+00	   7.6700000e+02	
   1.0600000e+02	   2.1300000e+02	   1.1400000e+02	   4.0000000e+00	   4.0000000e+00	   3.0300000e+00	   3.7000000e+00	   2.0350000e+00	   1.0000000e+00	   2.0000000e+00	   3.0000000e+00	   2.0000000e+00	   1.9050000e+03	
   2.0700000e+02	   2.0900000e+02	   1.0100000e+02	   1.0000000e+00	   5.0000000e+00	   4.6350000e+00	   3.3750000e+00	   0.0000000e+00	   1.0000000e+00	   2.0000000e+00	   3.0000000e+00	   1.0000000e+00	   8.6900000e+02	
   1.0500000e+02	   2.0400000e+02	   3.1100000e+02	   1.4000000e+01	   5.0000000e+00	   3.2700000e+00	   4.5900000e+00	   0.0000000e+00	   2.0000000e+00	   3.0000000e+00	   1.0000000e+00	   3.0000000e+00	   9.9100000e+02	
   3.0700000e+02	   3.1200000e+02	   3.0800000e+02	   1.3000000e+01	   4.0000000e+00	   3.8600000e+00	   3.2050000e+00	   0.0000000e+00	   1.0000000e+00	   2.0000000e+00	   3.0000000e+00	   1.0000000e+00	   1.5440000e+03	
   1.0600000e+02	   1.1200000e+02	   2.1000000e+02	   9.0000000e+00	   4.0000000e+00	   3.0300000e+00	   3.6350000e+00	   0.0000000e+00	   3.0000000e+00	   1.0000000e+00	   2.0000000e+00	   1.0000000e+00	   1.9940000e+03	
   1.0500000e+02	   1.1200000e+02	   3.1300000e+02	   1.5000000e+01	   2.0000000e+00	   3.2700000e+00	   3.6350000e+00	   6.8000000e-01	   1.0000000e+00	   3.0000000e+00	   2.0000000e+00	   3.0000000e+00	   2.0780000e+03	
   1.0600000e+02	   1.1200000e+02	   3.1100000e+02	   1.4000000e+01	   4.0000000e+00	   3.0300000e+00	   3.6350000e+00	   0.0000000e+00	   3.0000000e+00	   1.0000000e+00	   2.0000000e+00	   1.0000000e+00	   1.9390000e+03	
   1.1200000e+02	   3.1200000e+02	   3.0800000e+02	   1.3000000e+01	   3.0000000e+00	   3.6350000e+00	   3.2050000e+00	   0.0000000e+00	   2.0000000e+00	   1.0000000e+00	   3.0000000e+00	   1.0000000e+00	   1.8280000e+03	
   1.0500000e+02	   2.1300000e+02	   3.1300000e+02	   1.5000000e+01	   3.0000000e+00	   3.2700000e+00	   3.7000000e+00	   6.8000000e-01	   1.0000000e+00	   3.0000000e+00	   2.0000000e+00	   3.0000000e+00	   1.1110000e+03	
   1.0600000e+02	   2.0400000e+02	   3.0800000e+02	   1.3000000e+01	   5.0000000e+00	   3.0300000e+00	   4.5900000e+00	   0.0000000e+00	   1.0000000e+00	   3.0000000e+00	   2.0000000e+00	   3.0000000e+00	   8.2600000e+02	
   3.0600000e+02	   3.0700000e+02	   1.1300000e+02	   3.0000000e+00	   2.0000000e+00	   4.2200000e+00	   3.8600000e+00	   2.4600000e+00	   2.0000000e+00	   1.0000000e+00	   3.0000000e+00	   1.0000000e+00	   8.9400000e+02	
   1.1200000e+02	   2.0900000e+02	   1.0800000e+02	   2.0000000e+00	   2.0000000e+00	   3.6350000e+00	   3.3750000e+00	   0.0000000e+00	   2.0000000e+00	   1.0000000e+00	   3.0000000e+00	   1.0000000e+00	   6.7760000e+03	
   2.1400000e+02	   3.0600000e+02	   1.1300000e+02	   3.0000000e+00	   5.0000000e+00	   3.2600000e+00	   4.2200000e+00	   2.4600000e+00	   1.0000000e+00	   2.0000000e+00	   3.0000000e+00	   2.0000000e+00	   1.2940000e+03	
   1.0600000e+02	   3.0600000e+02	   2.0800000e+02	   8.0000000e+00	   5.0000000e+00	   3.0300000e+00	   4.2200000e+00	   2.3150000e+00	   1.0000000e+00	   3.0000000e+00	   2.0000000e+00	   3.0000000e+00	   1.1600000e+03	
   2.0400000e+02	   3.0700000e+02	   3.1300000e+02	   1.5000000e+01	   4.0000000e+00	   4.5900000e+00	   3.8600000e+00	   6.8000000e-01	   3.0000000e+00	   2.0000000e+00	   1.0000000e+00	   3.0000000e+00	   8.2000000e+02	
   2.0700000e+02	   2.1400000e+02	   1.0100000e+02	   1.0000000e+00	   5.0000000e+00	   4.6350000e+00	   3.2600000e+00	   0.0000000e+00	   3.0000000e+00	   2.0000000e+00	   1.0000000e+00	   3.0000000e+00	   9.5200000e+02	
   1.1200000e+02	   3.0700000e+02	   2.1200000e+02	   1.0000000e+01	   2.0000000e+00	   3.6350000e+00	   3.8600000e+00	   0.0000000e+00	   3.0000000e+00	   1.0000000e+00	   2.0000000e+00	   1.0000000e+00	   8.3900000e+02	
   2.0900000e+02	   2.1300000e+02	   1.1300000e+02	   3.0000000e+00	   2.0000000e+00	   3.3750000e+00	   3.7000000e+00	   2.4600000e+00	   2.0000000e+00	   3.0000000e+00	   1.0000000e+00	   2.0000000e+00	   3.2620000e+03	
   3.0900000e+02	   3.1200000e+02	   1.0800000e+02	   2.0000000e+00	   2.0000000e+00	   3.5750000e+00	   3.2050000e+00	   0.0000000e+00	   1.0000000e+00	   3.0000000e+00	   2.0000000e+00	   3.0000000e+00	   2.2890000e+03	
   2.1400000e+02	   3.1400000e+02	   2.0200000e+02	   6.0000000e+00	   2.0000000e+00	   3.2600000e+00	   2.9500000e+00	   0.0000000e+00	   2.0000000e+00	   1.0000000e+00	   3.0000000e+00	   1.0000000e+00	   1.6830000e+03	
   2.1400000e+02	   3.0700000e+02	   2.0800000e+02	   8.0000000e+00	   3.0000000e+00	   3.2600000e+00	   3.8600000e+00	   2.3150000e+00	   3.0000000e+00	   1.0000000e+00	   2.0000000e+00	   1.0000000e+00	   7.8000000e+02	
   1.1100000e+02	   1.1200000e+02	   2.0200000e+02	   6.0000000e+00	   1.0000000e+00	   3.7800000e+00	   3.6350000e+00	   0.0000000e+00	   1.0000000e+00	   2.0000000e+00	   3.0000000e+00	   1.0000000e+00	   1.4120000e+03	
   1.0600000e+02	   2.1300000e+02	   1.1300000e+02	   3.0000000e+00	   4.0000000e+00	   3.0300000e+00	   3.7000000e+00	   2.4600000e+00	   1.0000000e+00	   2.0000000e+00	   3.0000000e+00	   2.0000000e+00	   1.7850000e+03	
   1.1200000e+02	   3.0600000e+02	   1.0800000e+02	   2.0000000e+00	   3.0000000e+00	   3.6350000e+00	   4.2200000e+00	   0.0000000e+00	   3.0000000e+00	   2.0000000e+00	   1.0000000e+00	   2.0000000e+00	   1.0240000e+03	
   2.0400000e+02	   3.1400000e+02	   3.0800000e+02	   1.3000000e+01	   5.0000000e+00	   4.5900000e+00	   2.9500000e+00	   0.0000000e+00	   3.0000000e+00	   2.0000000e+00	   1.0000000e+00	   3.0000000e+00	   8.5000000e+02	
   2.1300000e+02	   3.0600000e+02	   1.1600000e+02	   5.0000000e+00	   3.0000000e+00	   3.7000000e+00	   4.2200000e+00	   0.0000000e+00	   3.0000000e+00	   1.0000000e+00	   2.0000000e+00	   1.0000000e+00	   9.9900000e+02	
   1.1200000e+02	   2.0400000e+02	   2.1000000e+02	   9.0000000e+00	   4.0000000e+00	   3.6350000e+00	   4.5900000e+00	   0.0000000e+00	   3.0000000e+00	   1.0000000e+00	   2.0000000e+00	   1.0000000e+00	   8.1200000e+02	
   1.0500000e+02	   1.0900000e+02	   3.0100000e+02	   1.1000000e+01	   1.0000000e+00	   3.2700000e+00	   3.2800000e+00	   1.6900000e+00	   1.0000000e+00	   3.0000000e+00	   2.0000000e+00	   3.0000000e+00	   1.3090000e+03	
   1.1100000e+02	   3.1200000e+02	   2.1200000e+02	   1.0000000e+01	   3.0000000e+00	   3.7800000e+00	   3.2050000e+00	   0.0000000e+00	   2.0000000e+00	   3.0000000e+00	   1.0000000e+00	   3.0000000e+00	   1.4960000e+03	
   1.0600000e+02	   2.1400000e+02	   2.0800000e+02	   8.0000000e+00	   2.0000000e+00	   3.0300000e+00	   3.2600000e+00	   2.3150000e+00	   3.0000000e+00	   2.0000000e+00	   1.0000000e+00	   2.0000000e+00	   3.6690000e+03	
   1.1100000e+02	   2.1400000e+02	   1.1400000e+02	   4.0000000e+00	   3.0000000e+00	   3.7800000e+00	   3.2600000e+00	   2.0350000e+00	   3.0000000e+00	   2.0000000e+00	   1.0000000e+00	   2.0000000e+00	   2.3540000e+03	
   2.0700000e+02	   3.1400000e+02	   2.0800000e+02	   8.0000000e+00	   5.0000000e+00	   4.6350000e+00	   2.9500000e+00	   2.3150000e+00	   3.0000000e+00	   1.0000000e+00	   2.0000000e+00	   3.0000000e+00	   7.8800000e+02	
   1.1200000e+02	   3.1200000e+02	   2.1000000e+02	   9.0000000e+00	   3.0000000e+00	   3.6350000e+00	   3.2050000e+00	   0.0000000e+00	   3.0000000e+00	   2.0000000e+00	   1.0000000e+00	   2.0000000e+00	   1.6440000e+03	
   1.0600000e+02	   2.1400000e+02	   2.0500000e+02	   7.0000000e+00	   2.0000000e+00	   3.0300000e+00	   3.2600000e+00	   0.0000000e+00	   1.0000000e+00	   3.0000000e+00	   2.0000000e+00	   3.0000000e+00	   1.2180000e+03	
   1.1100000e+02	   3.0700000e+02	   2.0800000e+02	   8.0000000e+00	   1.0000000e+00	   3.7800000e+00	   3.8600000e+00	   2.3150000e+00	   3.0000000e+00	   1.0000000e+00	   2.0000000e+00	   1.0000000e+00	   9.9600000e+02	
   2.0900000e+02	   3.0900000e+02	   1.0800000e+02	   2.0000000e+00	   1.0000000e+00	   3.3750000e+00	   3.5750000e+00	   0.0000000e+00	   3.0000000e+00	   2.0000000e+00	   1.0000000e+00	   3.0000000e+00	   1.4600000e+03	
   1.0500000e+02	   3.1200000e+02	   1.1600000e+02	   5.0000000e+00	   1.0000000e+00	   3.2700000e+00	   3.2050000e+00	   0.0000000e+00	   3.0000000e+00	   2.0000000e+00	   1.0000000e+00	   2.0000000e+00	   1.1600000e+03	
   2.0900000e+02	   2.1400000e+02	   2.1200000e+02	   1.0000000e+01	   1.0000000e+00	   3.3750000e+00	   3.2600000e+00	   0.0000000e+00	   3.0000000e+00	   2.0000000e+00	   1.0000000e+00	   2.0000000e+00	   1.0080000e+03	
   3.0600000e+02	   3.1200000e+02	   1.1400000e+02	   4.0000000e+00	   5.0000000e+00	   4.2200000e+00	   3.2050000e+00	   2.0350000e+00	   2.0000000e+00	   3.0000000e+00	   1.0000000e+00	   2.0000000e+00	   1.0420000e+03	
   1.0500000e+02	   3.0700000e+02	   3.0100000e+02	   1.1000000e+01	   3.0000000e+00	   3.2700000e+00	   3.8600000e+00	   1.6900000e+00	   2.0000000e+00	   1.0000000e+00	   3.0000000e+00	   1.0000000e+00	   2.6070000e+03	
   1.0900000e+02	   2.0400000e+02	   1.1300000e+02	   3.0000000e+00	   5.0000000e+00	   3.2800000e+00	   4.5900000e+00	   2.4600000e+00	   3.0000000e+00	   1.0000000e+00	   2.0000000e+00	   1.0000000e+00	   9.6900000e+02	
   2.1300000e+02	   2.1400000e+02	   2.0200000e+02	   6.0000000e+00	   3.0000000e+00	   3.7000000e+00	   3.2600000e+00	   0.0000000e+00	   3.0000000e+00	   1.0000000e+00	   2.0000000e+00	   3.0000000e+00	   9.6500000e+02	
   1.1100000e+02	   2.0700000e+02	   3.1300000e+02	   1.5000000e+01	   4.0000000e+00	   3.7800000e+00	   4.6350000e+00	   6.8000000e-01	   1.0000000e+00	   2.0000000e+00	   3.0000000e+00	   2.0000000e+00	   7.9000000e+02	
   3.0700000e+02	   3.1200000e+02	   1.1400000e+02	   4.0000000e+00	   4.0000000e+00	   3.8600000e+00	   3.2050000e+00	   2.0350000e+00	   2.0000000e+00	   3.0000000e+00	   1.0000000e+00	   2.0000000e+00	   7.2300000e+02	
   2.0700000e+02	   3.0900000e+02	   3.0300000e+02	   1.2000000e+01	   5.0000000e+00	   4.6350000e+00	   3.5750000e+00	   0.0000000e+00	   1.0000000e+00	   3.0000000e+00	   2.0000000e+00	   1.0000000e+00	   7.7500000e+02	
   1.1100000e+02	   2.1400000e+02	   2.0200000e+02	   6.0000000e+00	   3.0000000e+00	   3.7800000e+00	   3.2600000e+00	   0.0000000e+00	   2.0000000e+00	   1.0000000e+00	   3.0000000e+00	   1.0000000e+00	   1.9260000e+03	
   1.0500000e+02	   2.0700000e+02	   2.0800000e+02	   8.0000000e+00	   5.0000000e+00	   3.2700000e+00	   4.6350000e+00	   2.3150000e+00	   2.0000000e+00	   1.0000000e+00	   3.0000000e+00	   1.0000000e+00	   1.0000000e+03	
   1.0600000e+02	   1.1200000e+02	   2.0200000e+02	   6.0000000e+00	   4.0000000e+00	   3.0300000e+00	   3.6350000e+00	   0.0000000e+00	   3.0000000e+00	   1.0000000e+00	   2.0000000e+00	   1.0000000e+00	   1.7080000e+03	
   1.0900000e+02	   1.1100000e+02	   3.0300000e+02	   1.2000000e+01	   3.0000000e+00	   3.2800000e+00	   3.7800000e+00	   0.0000000e+00	   1.0000000e+00	   2.0000000e+00	   3.0000000e+00	   1.0000000e+00	   1.7030000e+03	
   1.0900000e+02	   2.0700000e+02	   2.0500000e+02	   7.0000000e+00	   5.0000000e+00	   3.2800000e+00	   4.6350000e+00	   0.0000000e+00	   3.0000000e+00	   2.0000000e+00	   1.0000000e+00	   2.0000000e+00	   1.6480000e+03	
   3.0600000e+02	   3.1200000e+02	   1.0100000e+02	   1.0000000e+00	   5.0000000e+00	   4.2200000e+00	   3.2050000e+00	   0.0000000e+00	   1.0000000e+00	   3.0000000e+00	   2.0000000e+00	   1.0000000e+00	   1.0410000e+03	
   2.0400000e+02	   3.0600000e+02	   3.0800000e+02	   1.3000000e+01	   2.0000000e+00	   4.5900000e+00	   4.2200000e+00	   0.0000000e+00	   2.0000000e+00	   3.0000000e+00	   1.0000000e+00	   2.0000000e+00	   7.5500000e+02	
   1.1100000e+02	   3.0600000e+02	   3.0100000e+02	   1.1000000e+01	   3.0000000e+00	   3.7800000e+00	   4.2200000e+00	   1.6900000e+00	   3.0000000e+00	   1.0000000e+00	   2.0000000e+00	   1.0000000e+00	   9.3400000e+02	
   1.1200000e+02	   3.0900000e+02	   2.0800000e+02	   8.0000000e+00	   1.0000000e+00	   3.6350000e+00	   3.5750000e+00	   2.3150000e+00	   2.0000000e+00	   3.0000000e+00	   1.0000000e+00	   2.0000000e+00	   1.9260000e+03	
   1.0500000e+02	   2.1300000e+02	   3.0800000e+02	   1.3000000e+01	   3.0000000e+00	   3.2700000e+00	   3.7000000e+00	   0.0000000e+00	   1.0000000e+00	   2.0000000e+00	   3.0000000e+00	   2.0000000e+00	   1.6500000e+03	
   1.0500000e+02	   3.1400000e+02	   2.0200000e+02	   6.0000000e+00	   2.0000000e+00	   3.2700000e+00	   2.9500000e+00	   0.0000000e+00	   3.0000000e+00	   2.0000000e+00	   1.0000000e+00	   2.0000000e+00	   1.0550000e+03	
   1.1100000e+02	   2.0900000e+02	   3.1300000e+02	   1.5000000e+01	   3.0000000e+00	   3.7800000e+00	   3.3750000e+00	   6.8000000e-01	   1.0000000e+00	   2.0000000e+00	   3.0000000e+00	   2.0000000e+00	   1.1750000e+03	
   1.0900000e+02	   3.1200000e+02	   2.0200000e+02	   6.0000000e+00	   1.0000000e+00	   3.2800000e+00	   3.2050000e+00	   0.0000000e+00	   2.0000000e+00	   3.0000000e+00	   1.0000000e+00	   2.0000000e+00	   3.3690000e+03	
   1.0500000e+02	   3.0900000e+02	   2.0800000e+02	   8.0000000e+00	   2.0000000e+00	   3.2700000e+00	   3.5750000e+00	   2.3150000e+00	   2.0000000e+00	   3.0000000e+00	   1.0000000e+00	   3.0000000e+00	   2.4180000e+03	
   3.0600000e+02	   3.0900000e+02	   2.0200000e+02	   6.0000000e+00	   4.0000000e+00	   4.2200000e+00	   3.5750000e+00	   0.0000000e+00	   3.0000000e+00	   2.0000000e+00	   1.0000000e+00	   3.0000000e+00	   9.1000000e+02	
   1.0600000e+02	   3.1200000e+02	   3.1300000e+02	   1.5000000e+01	   1.0000000e+00	   3.0300000e+00	   3.2050000e+00	   6.8000000e-01	   1.0000000e+00	   2.0000000e+00	   3.0000000e+00	   2.0000000e+00	   1.0840000e+03	
   1.0500000e+02	   3.1400000e+02	   3.0800000e+02	   1.3000000e+01	   2.0000000e+00	   3.2700000e+00	   2.9500000e+00	   0.0000000e+00	   3.0000000e+00	   1.0000000e+00	   2.0000000e+00	   1.0000000e+00	   1.0530000e+03	
   1.1100000e+02	   3.1200000e+02	   3.1300000e+02	   1.5000000e+01	   3.0000000e+00	   3.7800000e+00	   3.2050000e+00	   6.8000000e-01	   1.0000000e+00	   2.0000000e+00	   3.0000000e+00	   2.0000000e+00	   8.9100000e+02	
   1.0600000e+02	   3.0600000e+02	   3.0100000e+02	   1.1000000e+01	   5.0000000e+00	   3.0300000e+00	   4.2200000e+00	   1.6900000e+00	   1.0000000e+00	   2.0000000e+00	   3.0000000e+00	   2.0000000e+00	   7.4500000e+02	
   1.0500000e+02	   1.0900000e+02	   1.1600000e+02	   5.0000000e+00	   1.0000000e+00	   3.2700000e+00	   3.2800000e+00	   0.0000000e+00	   2.0000000e+00	   1.0000000e+00	   3.0000000e+00	   1.0000000e+00	   1.7300000e+03	
   1.0500000e+02	   3.0700000e+02	   1.1600000e+02	   5.0000000e+00	   3.0000000e+00	   3.2700000e+00	   3.8600000e+00	   0.0000000e+00	   2.0000000e+00	   3.0000000e+00	   1.0000000e+00	   3.0000000e+00	   9.2800000e+02	
   1.0500000e+02	   3.1200000e+02	   1.0100000e+02	   1.0000000e+00	   1.0000000e+00	   3.2700000e+00	   3.2050000e+00	   0.0000000e+00	   1.0000000e+00	   3.0000000e+00	   2.0000000e+00	   3.0000000e+00	   1.2310000e+03	
   1.0900000e+02	   1.1200000e+02	   3.0800000e+02	   1.3000000e+01	   2.0000000e+00	   3.2800000e+00	   3.6350000e+00	   0.0000000e+00	   2.0000000e+00	   1.0000000e+00	   3.0000000e+00	   2.0000000e+00	   6.0170000e+03	
   1.0500000e+02	   2.0900000e+02	   3.1300000e+02	   1.5000000e+01	   1.0000000e+00	   3.2700000e+00	   3.3750000e+00	   6.8000000e-01	   3.0000000e+00	   2.0000000e+00	   1.0000000e+00	   2.0000000e+00	   9.9600000e+02	
   1.1100000e+02	   3.0700000e+02	   2.1000000e+02	   9.0000000e+00	   1.0000000e+00	   3.7800000e+00	   3.8600000e+00	   0.0000000e+00	   1.0000000e+00	   2.0000000e+00	   3.0000000e+00	   2.0000000e+00	   7.2000000e+02	
   1.0600000e+02	   2.1300000e+02	   3.0800000e+02	   1.3000000e+01	   4.0000000e+00	   3.0300000e+00	   3.7000000e+00	   0.0000000e+00	   1.0000000e+00	   2.0000000e+00	   3.0000000e+00	   2.0000000e+00	   1.4540000e+03	
   1.0900000e+02	   1.1100000e+02	   1.1600000e+02	   5.0000000e+00	   3.0000000e+00	   3.2800000e+00	   3.7800000e+00	   0.0000000e+00	   3.0000000e+00	   1.0000000e+00	   2.0000000e+00	   3.0000000e+00	   8.9500000e+02	
   2.0700000e+02	   3.1200000e+02	   2.1000000e+02	   9.0000000e+00	   5.0000000e+00	   4.6350000e+00	   3.2050000e+00	   0.0000000e+00	   2.0000000e+00	   1.0000000e+00	   3.0000000e+00	   2.0000000e+00	   8.2400000e+02	
   2.1300000e+02	   3.0700000e+02	   2.1200000e+02	   1.0000000e+01	   1.0000000e+00	   3.7000000e+00	   3.8600000e+00	   0.0000000e+00	   1.0000000e+00	   3.0000000e+00	   2.0000000e+00	   3.0000000e+00	   8.5800000e+02	
   3.0900000e+02	   3.1400000e+02	   1.1300000e+02	   3.0000000e+00	   4.0000000e+00	   3.5750000e+00	   2.9500000e+00	   2.4600000e+00	   1.0000000e+00	   2.0000000e+00	   3.0000000e+00	   2.0000000e+00	   9.6900000e+02	
   2.0700000e+02	   3.1200000e+02	   2.1200000e+02	   1.0000000e+01	   5.0000000e+00	   4.6350000e+00	   3.2050000e+00	   0.0000000e+00	   1.0000000e+00	   3.0000000e+00	   2.0000000e+00	   1.0000000e+00	   9.8400000e+02	
   1.1100000e+02	   2.1300000e+02	   1.1600000e+02	   5.0000000e+00	   1.0000000e+00	   3.7800000e+00	   3.7000000e+00	   0.0000000e+00	   2.0000000e+00	   3.0000000e+00	   1.0000000e+00	   3.0000000e+00	   9.7400000e+02	
   2.0900000e+02	   2.1400000e+02	   3.0800000e+02	   1.3000000e+01	   1.0000000e+00	   3.3750000e+00	   3.2600000e+00	   0.0000000e+00	   1.0000000e+00	   3.0000000e+00	   2.0000000e+00	   3.0000000e+00	   1.5130000e+03	
   1.1100000e+02	   3.1400000e+02	   3.1100000e+02	   1.4000000e+01	   4.0000000e+00	   3.7800000e+00	   2.9500000e+00	   0.0000000e+00	   1.0000000e+00	   2.0000000e+00	   3.0000000e+00	   2.0000000e+00	   1.3560000e+03	
   1.0500000e+02	   3.0900000e+02	   3.0800000e+02	   1.3000000e+01	   2.0000000e+00	   3.2700000e+00	   3.5750000e+00	   0.0000000e+00	   2.0000000e+00	   3.0000000e+00	   1.0000000e+00	   3.0000000e+00	   1.4890000e+03	
   2.0900000e+02	   2.1400000e+02	   3.1100000e+02	   1.4000000e+01	   1.0000000e+00	   3.3750000e+00	   3.2600000e+00	   0.0000000e+00	   3.0000000e+00	   2.0000000e+00	   1.0000000e+00	   2.0000000e+00	   1.5250000e+03	
   1.0500000e+02	   3.1400000e+02	   1.1400000e+02	   4.0000000e+00	   2.0000000e+00	   3.2700000e+00	   2.9500000e+00	   2.0350000e+00	   3.0000000e+00	   1.0000000e+00	   2.0000000e+00	   1.0000000e+00	   1.2300000e+03	
   1.0900000e+02	   3.0900000e+02	   3.1300000e+02	   1.5000000e+01	   2.0000000e+00	   3.2800000e+00	   3.5750000e+00	   6.8000000e-01	   1.0000000e+00	   2.0000000e+00	   3.0000000e+00	   1.0000000e+00	   1.2420000e+03	
   1.0500000e+02	   2.1400000e+02	   3.0100000e+02	   1.1000000e+01	   1.0000000e+00	   3.2700000e+00	   3.2600000e+00	   1.6900000e+00	   2.0000000e+00	   3.0000000e+00	   1.0000000e+00	   3.0000000e+00	   1.2170000e+03	
   2.1300000e+02	   3.0700000e+02	   3.0800000e+02	   1.3000000e+01	   1.0000000e+00	   3.7000000e+00	   3.8600000e+00	   0.0000000e+00	   3.0000000e+00	   2.0000000e+00	   1.0000000e+00	   2.0000000e+00	   7.7300000e+02	
   1.1100000e+02	   2.1300000e+02	   1.1400000e+02	   4.0000000e+00	   1.0000000e+00	   3.7800000e+00	   3.7000000e+00	   2.0350000e+00	   1.0000000e+00	   2.0000000e+00	   3.0000000e+00	   2.0000000e+00	   1.3400000e+03	
   2.0400000e+02	   3.0900000e+02	   3.1100000e+02	   1.4000000e+01	   5.0000000e+00	   4.5900000e+00	   3.5750000e+00	   0.0000000e+00	   3.0000000e+00	   2.0000000e+00	   1.0000000e+00	   3.0000000e+00	   7.9000000e+02	
   2.0900000e+02	   3.0600000e+02	   3.1100000e+02	   1.4000000e+01	   4.0000000e+00	   3.3750000e+00	   4.2200000e+00	   0.0000000e+00	   2.0000000e+00	   1.0000000e+00	   3.0000000e+00	   2.0000000e+00	   8.9300000e+02	
   1.1200000e+02	   3.1200000e+02	   2.0500000e+02	   7.0000000e+00	   3.0000000e+00	   3.6350000e+00	   3.2050000e+00	   0.0000000e+00	   1.0000000e+00	   2.0000000e+00	   3.0000000e+00	   2.0000000e+00	   2.3180000e+03	
   2.0900000e+02	   2.1400000e+02	   2.0500000e+02	   7.0000000e+00	   1.0000000e+00	   3.3750000e+00	   3.2600000e+00	   0.0000000e+00	   2.0000000e+00	   1.0000000e+00	   3.0000000e+00	   2.0000000e+00	   1.4210000e+03	
   2.0900000e+02	   3.1200000e+02	   2.1200000e+02	   1.0000000e+01	   1.0000000e+00	   3.3750000e+00	   3.2050000e+00	   0.0000000e+00	   2.0000000e+00	   3.0000000e+00	   1.0000000e+00	   3.0000000e+00	   1.1980000e+03	
   1.0600000e+02	   1.1200000e+02	   1.1400000e+02	   4.0000000e+00	   4.0000000e+00	   3.0300000e+00	   3.6350000e+00	   2.0350000e+00	   2.0000000e+00	   3.0000000e+00	   1.0000000e+00	   1.0000000e+00	   2.0540000e+03	
   1.0900000e+02	   3.1400000e+02	   1.0100000e+02	   1.0000000e+00	   2.0000000e+00	   3.2800000e+00	   2.9500000e+00	   0.0000000e+00	   3.0000000e+00	   2.0000000e+00	   1.0000000e+00	   3.0000000e+00	   1.4200000e+03	
   1.1100000e+02	   2.0900000e+02	   3.1100000e+02	   1.4000000e+01	   3.0000000e+00	   3.7800000e+00	   3.3750000e+00	   0.0000000e+00	   2.0000000e+00	   1.0000000e+00	   3.0000000e+00	   1.0000000e+00	   1.3980000e+03	
   2.1400000e+02	   3.0900000e+02	   2.1000000e+02	   9.0000000e+00	   2.0000000e+00	   3.2600000e+00	   3.5750000e+00	   0.0000000e+00	   3.0000000e+00	   1.0000000e+00	   2.0000000e+00	   3.0000000e+00	   1.0670000e+03	
   2.0700000e+02	   3.0900000e+02	   3.1300000e+02	   1.5000000e+01	   5.0000000e+00	   4.6350000e+00	   3.5750000e+00	   6.8000000e-01	   1.0000000e+00	   2.0000000e+00	   3.0000000e+00	   1.0000000e+00	   8.5700000e+02	
   2.0400000e+02	   2.1300000e+02	   1.1300000e+02	   3.0000000e+00	   4.0000000e+00	   4.5900000e+00	   3.7000000e+00	   2.4600000e+00	   1.0000000e+00	   2.0000000e+00	   3.0000000e+00	   1.0000000e+00	   1.0020000e+03	
   2.0700000e+02	   3.0700000e+02	   2.0200000e+02	   6.0000000e+00	   4.0000000e+00	   4.6350000e+00	   3.8600000e+00	   0.0000000e+00	   2.0000000e+00	   1.0000000e+00	   3.0000000e+00	   2.0000000e+00	   1.5600000e+03	
   2.1300000e+02	   2.1400000e+02	   3.0800000e+02	   1.3000000e+01	   3.0000000e+00	   3.7000000e+00	   3.2600000e+00	   0.0000000e+00	   3.0000000e+00	   1.0000000e+00	   2.0000000e+00	   3.0000000e+00	   1.2440000e+03	
   2.0400000e+02	   3.1400000e+02	   1.1600000e+02	   5.0000000e+00	   5.0000000e+00	   4.5900000e+00	   2.9500000e+00	   0.0000000e+00	   2.0000000e+00	   1.0000000e+00	   3.0000000e+00	   2.0000000e+00	   7.8900000e+02	
   1.0900000e+02	   1.1200000e+02	   2.0800000e+02	   8.0000000e+00	   2.0000000e+00	   3.2800000e+00	   3.6350000e+00	   2.3150000e+00	   2.0000000e+00	   3.0000000e+00	   1.0000000e+00	   2.0000000e+00	   8.6700000e+02	
   2.0700000e+02	   3.1200000e+02	   1.1300000e+02	   3.0000000e+00	   5.0000000e+00	   4.6350000e+00	   3.2050000e+00	   2.4600000e+00	   1.0000000e+00	   3.0000000e+00	   2.0000000e+00	   1.0000000e+00	   9.1700000e+02	
   1.0600000e+02	   3.0600000e+02	   2.0200000e+02	   6.0000000e+00	   5.0000000e+00	   3.0300000e+00	   4.2200000e+00	   0.0000000e+00	   1.0000000e+00	   2.0000000e+00	   3.0000000e+00	   2.0000000e+00	   8.5200000e+02	
   1.1100000e+02	   1.1200000e+02	   3.0100000e+02	   1.1000000e+01	   1.0000000e+00	   3.7800000e+00	   3.6350000e+00	   1.6900000e+00	   2.0000000e+00	   1.0000000e+00	   3.0000000e+00	   3.0000000e+00	   1.1030000e+03	
   2.1300000e+02	   3.0600000e+02	   2.0800000e+02	   8.0000000e+00	   3.0000000e+00	   3.7000000e+00	   4.2200000e+00	   2.3150000e+00	   1.0000000e+00	   2.0000000e+00	   3.0000000e+00	   2.0000000e+00	   9.3700000e+02	
   1.0900000e+02	   2.1300000e+02	   3.1100000e+02	   1.4000000e+01	   3.0000000e+00	   3.2800000e+00	   3.7000000e+00	   0.0000000e+00	   2.0000000e+00	   1.0000000e+00	   3.0000000e+00	   2.0000000e+00	   8.5200000e+02	
   1.0600000e+02	   3.1400000e+02	   3.1100000e+02	   1.4000000e+01	   1.0000000e+00	   3.0300000e+00	   2.9500000e+00	   0.0000000e+00	   3.0000000e+00	   1.0000000e+00	   2.0000000e+00	   1.0000000e+00	   1.1210000e+03	
   1.1200000e+02	   2.0400000e+02	   1.1600000e+02	   5.0000000e+00	   4.0000000e+00	   3.6350000e+00	   4.5900000e+00	   0.0000000e+00	   3.0000000e+00	   2.0000000e+00	   1.0000000e+00	   2.0000000e+00	   6.8700000e+02	
   2.0400000e+02	   2.1300000e+02	   3.0100000e+02	   1.1000000e+01	   4.0000000e+00	   4.5900000e+00	   3.7000000e+00	   1.6900000e+00	   2.0000000e+00	   1.0000000e+00	   3.0000000e+00	   2.0000000e+00	   7.3900000e+02	
   2.0700000e+02	   2.0900000e+02	   2.1200000e+02	   1.0000000e+01	   5.0000000e+00	   4.6350000e+00	   3.3750000e+00	   0.0000000e+00	   1.0000000e+00	   2.0000000e+00	   3.0000000e+00	   1.0000000e+00	   7.7000000e+02	
   1.0900000e+02	   3.1200000e+02	   1.0100000e+02	   1.0000000e+00	   1.0000000e+00	   3.2800000e+00	   3.2050000e+00	   0.0000000e+00	   2.0000000e+00	   1.0000000e+00	   3.0000000e+00	   2.0000000e+00	   7.2400000e+02	
   2.1400000e+02	   3.0700000e+02	   3.0100000e+02	   1.1000000e+01	   3.0000000e+00	   3.2600000e+00	   3.8600000e+00	   1.6900000e+00	   3.0000000e+00	   2.0000000e+00	   1.0000000e+00	   2.0000000e+00	   6.8600000e+02	
   1.1100000e+02	   2.0400000e+02	   2.0800000e+02	   8.0000000e+00	   4.0000000e+00	   3.7800000e+00	   4.5900000e+00	   2.3150000e+00	   3.0000000e+00	   2.0000000e+00	   1.0000000e+00	   2.0000000e+00	   9.2400000e+02	
   2.0400000e+02	   3.1200000e+02	   3.0800000e+02	   1.3000000e+01	   5.0000000e+00	   4.5900000e+00	   3.2050000e+00	   0.0000000e+00	   3.0000000e+00	   2.0000000e+00	   1.0000000e+00	   3.0000000e+00	   6.6900000e+02	
   2.0900000e+02	   3.1200000e+02	   1.0100000e+02	   1.0000000e+00	   1.0000000e+00	   3.3750000e+00	   3.2050000e+00	   0.0000000e+00	   2.0000000e+00	   3.0000000e+00	   1.0000000e+00	   3.0000000e+00	   1.5070000e+03	
   1.0900000e+02	   2.1300000e+02	   2.1200000e+02	   1.0000000e+01	   3.0000000e+00	   3.2800000e+00	   3.7000000e+00	   0.0000000e+00	   2.0000000e+00	   1.0000000e+00	   3.0000000e+00	   2.0000000e+00	   9.8700000e+02	
   2.0900000e+02	   3.0900000e+02	   2.1000000e+02	   9.0000000e+00	   1.0000000e+00	   3.3750000e+00	   3.5750000e+00	   0.0000000e+00	   2.0000000e+00	   1.0000000e+00	   3.0000000e+00	   2.0000000e+00	   7.9400000e+02	
   2.1400000e+02	   3.1200000e+02	   3.0300000e+02	   1.2000000e+01	   1.0000000e+00	   3.2600000e+00	   3.2050000e+00	   0.0000000e+00	   3.0000000e+00	   2.0000000e+00	   1.0000000e+00	   2.0000000e+00	   1.2990000e+03	
   1.0600000e+02	   2.0900000e+02	   2.1200000e+02	   1.0000000e+01	   2.0000000e+00	   3.0300000e+00	   3.3750000e+00	   0.0000000e+00	   2.0000000e+00	   1.0000000e+00	   3.0000000e+00	   1.0000000e+00	   1.1210000e+03	
   1.1100000e+02	   2.1300000e+02	   1.1300000e+02	   3.0000000e+00	   1.0000000e+00	   3.7800000e+00	   3.7000000e+00	   2.4600000e+00	   2.0000000e+00	   1.0000000e+00	   3.0000000e+00	   1.0000000e+00	   2.1990000e+03	
   1.1100000e+02	   3.0900000e+02	   3.1100000e+02	   1.4000000e+01	   2.0000000e+00	   3.7800000e+00	   3.5750000e+00	   0.0000000e+00	   1.0000000e+00	   3.0000000e+00	   2.0000000e+00	   3.0000000e+00	   6.1760000e+03	
   1.0900000e+02	   3.1200000e+02	   1.1300000e+02	   3.0000000e+00	   1.0000000e+00	   3.2800000e+00	   3.2050000e+00	   2.4600000e+00	   1.0000000e+00	   2.0000000e+00	   3.0000000e+00	   2.0000000e+00	   2.3500000e+03	
   1.0500000e+02	   3.0700000e+02	   1.1300000e+02	   3.0000000e+00	   3.0000000e+00	   3.2700000e+00	   3.8600000e+00	   2.4600000e+00	   1.0000000e+00	   2.0000000e+00	   3.0000000e+00	   2.0000000e+00	   7.5300000e+02	
   2.1400000e+02	   3.0600000e+02	   3.0300000e+02	   1.2000000e+01	   5.0000000e+00	   3.2600000e+00	   4.2200000e+00	   0.0000000e+00	   2.0000000e+00	   1.0000000e+00	   3.0000000e+00	   1.0000000e+00	   1.0810000e+03	
   1.0500000e+02	   1.0900000e+02	   2.0200000e+02	   6.0000000e+00	   1.0000000e+00	   3.2700000e+00	   3.2800000e+00	   0.0000000e+00	   2.0000000e+00	   1.0000000e+00	   3.0000000e+00	   1.0000000e+00	   7.6000000e+02	
   1.1200000e+02	   3.0700000e+02	   3.1100000e+02	   1.4000000e+01	   2.0000000e+00	   3.6350000e+00	   3.8600000e+00	   0.0000000e+00	   2.0000000e+00	   3.0000000e+00	   1.0000000e+00	   3.0000000e+00	   8.3900000e+02	
   1.0500000e+02	   1.0600000e+02	   3.0100000e+02	   1.1000000e+01	   2.0000000e+00	   3.2700000e+00	   3.0300000e+00	   1.6900000e+00	   3.0000000e+00	   1.0000000e+00	   2.0000000e+00	   3.0000000e+00	   2.4000000e+03	
   3.0700000e+02	   3.1400000e+02	   1.0100000e+02	   1.0000000e+00	   4.0000000e+00	   3.8600000e+00	   2.9500000e+00	   0.0000000e+00	   1.0000000e+00	   3.0000000e+00	   2.0000000e+00	   1.0000000e+00	   1.4560000e+03	
   1.0500000e+02	   2.1300000e+02	   1.0800000e+02	   2.0000000e+00	   3.0000000e+00	   3.2700000e+00	   3.7000000e+00	   0.0000000e+00	   1.0000000e+00	   2.0000000e+00	   3.0000000e+00	   2.0000000e+00	   9.8800000e+02	
   2.0400000e+02	   2.0900000e+02	   1.0100000e+02	   1.0000000e+00	   5.0000000e+00	   4.5900000e+00	   3.3750000e+00	   0.0000000e+00	   2.0000000e+00	   3.0000000e+00	   1.0000000e+00	   2.0000000e+00	   7.2100000e+02	
   2.0400000e+02	   2.1400000e+02	   3.1100000e+02	   1.4000000e+01	   5.0000000e+00	   4.5900000e+00	   3.2600000e+00	   0.0000000e+00	   1.0000000e+00	   2.0000000e+00	   3.0000000e+00	   1.0000000e+00	   9.8900000e+02	
   3.1200000e+02	   3.1400000e+02	   2.0200000e+02	   6.0000000e+00	   2.0000000e+00	   3.2050000e+00	   2.9500000e+00	   0.0000000e+00	   1.0000000e+00	   2.0000000e+00	   3.0000000e+00	   1.0000000e+00	   1.4660000e+03	
   1.1100000e+02	   2.0700000e+02	   3.0300000e+02	   1.2000000e+01	   4.0000000e+00	   3.7800000e+00	   4.6350000e+00	   0.0000000e+00	   3.0000000e+00	   1.0000000e+00	   2.0000000e+00	   1.0000000e+00	   9.8600000e+02	
   3.0600000e+02	   3.0900000e+02	   3.0800000e+02	   1.3000000e+01	   4.0000000e+00	   4.2200000e+00	   3.5750000e+00	   0.0000000e+00	   2.0000000e+00	   3.0000000e+00	   1.0000000e+00	   2.0000000e+00	   1.1610000e+03	
   2.0400000e+02	   3.1400000e+02	   2.0200000e+02	   6.0000000e+00	   5.0000000e+00	   4.5900000e+00	   2.9500000e+00	   0.0000000e+00	   1.0000000e+00	   3.0000000e+00	   2.0000000e+00	   1.0000000e+00	   6.9100000e+02	
   2.1400000e+02	   3.1400000e+02	   1.1600000e+02	   5.0000000e+00	   2.0000000e+00	   3.2600000e+00	   2.9500000e+00	   0.0000000e+00	   2.0000000e+00	   3.0000000e+00	   1.0000000e+00	   3.0000000e+00	   1.0660000e+03	
   3.0900000e+02	   3.1200000e+02	   2.0500000e+02	   7.0000000e+00	   2.0000000e+00	   3.5750000e+00	   3.2050000e+00	   0.0000000e+00	   1.0000000e+00	   3.0000000e+00	   2.0000000e+00	   3.0000000e+00	   9.1400000e+02	
   1.0600000e+02	   3.0700000e+02	   1.0800000e+02	   2.0000000e+00	   4.0000000e+00	   3.0300000e+00	   3.8600000e+00	   0.0000000e+00	   1.0000000e+00	   2.0000000e+00	   3.0000000e+00	   2.0000000e+00	   7.4900000e+02	
   2.0400000e+02	   2.0900000e+02	   3.0800000e+02	   1.3000000e+01	   5.0000000e+00	   4.5900000e+00	   3.3750000e+00	   0.0000000e+00	   1.0000000e+00	   2.0000000e+00	   3.0000000e+00	   1.0000000e+00	   1.4440000e+03	
   1.1200000e+02	   2.0700000e+02	   1.1600000e+02	   5.0000000e+00	   5.0000000e+00	   3.6350000e+00	   4.6350000e+00	   0.0000000e+00	   2.0000000e+00	   3.0000000e+00	   1.0000000e+00	   3.0000000e+00	   1.3680000e+03	
   1.0900000e+02	   2.1400000e+02	   1.0100000e+02	   1.0000000e+00	   1.0000000e+00	   3.2800000e+00	   3.2600000e+00	   0.0000000e+00	   1.0000000e+00	   3.0000000e+00	   2.0000000e+00	   1.0000000e+00	   1.3560000e+03	
   1.0500000e+02	   2.0700000e+02	   1.0800000e+02	   2.0000000e+00	   5.0000000e+00	   3.2700000e+00	   4.6350000e+00	   0.0000000e+00	   1.0000000e+00	   2.0000000e+00	   3.0000000e+00	   2.0000000e+00	   8.0200000e+02	
   1.0900000e+02	   3.0700000e+02	   2.1200000e+02	   1.0000000e+01	   3.0000000e+00	   3.2800000e+00	   3.8600000e+00	   0.0000000e+00	   2.0000000e+00	   3.0000000e+00	   1.0000000e+00	   3.0000000e+00	   7.6600000e+02	
   3.0600000e+02	   3.1200000e+02	   2.1200000e+02	   1.0000000e+01	   5.0000000e+00	   4.2200000e+00	   3.2050000e+00	   0.0000000e+00	   2.0000000e+00	   1.0000000e+00	   3.0000000e+00	   2.0000000e+00	   7.6400000e+02	
   2.0400000e+02	   3.1400000e+02	   2.0800000e+02	   8.0000000e+00	   5.0000000e+00	   4.5900000e+00	   2.9500000e+00	   2.3150000e+00	   2.0000000e+00	   1.0000000e+00	   3.0000000e+00	   2.0000000e+00	   7.1100000e+02	
   3.0900000e+02	   3.1400000e+02	   3.1300000e+02	   1.5000000e+01	   4.0000000e+00	   3.5750000e+00	   2.9500000e+00	   6.8000000e-01	   1.0000000e+00	   3.0000000e+00	   2.0000000e+00	   3.0000000e+00	   9.3200000e+02	
   2.0400000e+02	   3.1400000e+02	   2.1000000e+02	   9.0000000e+00	   5.0000000e+00	   4.5900000e+00	   2.9500000e+00	   0.0000000e+00	   3.0000000e+00	   1.0000000e+00	   2.0000000e+00	   3.0000000e+00	   6.6900000e+02	
   1.1200000e+02	   2.0700000e+02	   3.0300000e+02	   1.2000000e+01	   5.0000000e+00	   3.6350000e+00	   4.6350000e+00	   0.0000000e+00	   2.0000000e+00	   3.0000000e+00	   1.0000000e+00	   3.0000000e+00	   6.8000000e+02	
   1.0500000e+02	   3.0900000e+02	   1.0100000e+02	   1.0000000e+00	   2.0000000e+00	   3.2700000e+00	   3.5750000e+00	   0.0000000e+00	   3.0000000e+00	   2.0000000e+00	   1.0000000e+00	   3.0000000e+00	   1.1120000e+03	
   1.1100000e+02	   3.0900000e+02	   1.1600000e+02	   5.0000000e+00	   2.0000000e+00	   3.7800000e+00	   3.5750000e+00	   0.0000000e+00	   2.0000000e+00	   3.0000000e+00	   1.0000000e+00	   3.0000000e+00	   3.0610000e+03	
   2.1300000e+02	   3.1200000e+02	   1.1400000e+02	   4.0000000e+00	   3.0000000e+00	   3.7000000e+00	   3.2050000e+00	   2.0350000e+00	   1.0000000e+00	   3.0000000e+00	   2.0000000e+00	   3.0000000e+00	   8.8500000e+02	
   1.0500000e+02	   3.1400000e+02	   3.0100000e+02	   1.1000000e+01	   2.0000000e+00	   3.2700000e+00	   2.9500000e+00	   1.6900000e+00	   1.0000000e+00	   2.0000000e+00	   3.0000000e+00	   2.0000000e+00	   1.5210000e+03	
   1.0500000e+02	   3.0600000e+02	   2.0500000e+02	   7.0000000e+00	   4.0000000e+00	   3.2700000e+00	   4.2200000e+00	   0.0000000e+00	   2.0000000e+00	   3.0000000e+00	   1.0000000e+00	   3.0000000e+00	   1.3550000e+03	
   1.0900000e+02	   1.1200000e+02	   1.1600000e+02	   5.0000000e+00	   2.0000000e+00	   3.2800000e+00	   3.6350000e+00	   0.0000000e+00	   1.0000000e+00	   2.0000000e+00	   3.0000000e+00	   1.0000000e+00	   1.9100000e+03	
   2.0400000e+02	   2.1300000e+02	   2.0500000e+02	   7.0000000e+00	   4.0000000e+00	   4.5900000e+00	   3.7000000e+00	   0.0000000e+00	   3.0000000e+00	   2.0000000e+00	   1.0000000e+00	   3.0000000e+00	   1.2620000e+03	
   1.0600000e+02	   1.1200000e+02	   3.1300000e+02	   1.5000000e+01	   4.0000000e+00	   3.0300000e+00	   3.6350000e+00	   6.8000000e-01	   2.0000000e+00	   3.0000000e+00	   1.0000000e+00	   3.0000000e+00	   1.5600000e+03	
   1.0600000e+02	   2.0400000e+02	   1.1600000e+02	   5.0000000e+00	   5.0000000e+00	   3.0300000e+00	   4.5900000e+00	   0.0000000e+00	   1.0000000e+00	   2.0000000e+00	   3.0000000e+00	   2.0000000e+00	   7.3900000e+02	
   3.0600000e+02	   3.0700000e+02	   1.1400000e+02	   4.0000000e+00	   2.0000000e+00	   4.2200000e+00	   3.8600000e+00	   2.0350000e+00	   1.0000000e+00	   2.0000000e+00	   3.0000000e+00	   2.0000000e+00	   6.8500000e+02	
   1.0600000e+02	   2.1300000e+02	   2.0800000e+02	   8.0000000e+00	   4.0000000e+00	   3.0300000e+00	   3.7000000e+00	   2.3150000e+00	   3.0000000e+00	   1.0000000e+00	   2.0000000e+00	   1.0000000e+00	   1.4170000e+03	
   1.0500000e+02	   1.1200000e+02	   3.0100000e+02	   1.1000000e+01	   2.0000000e+00	   3.2700000e+00	   3.6350000e+00	   1.6900000e+00	   3.0000000e+00	   2.0000000e+00	   1.0000000e+00	   2.0000000e+00	   1.6200000e+03	
   2.0900000e+02	   2.1400000e+02	   3.1300000e+02	   1.5000000e+01	   1.0000000e+00	   3.3750000e+00	   3.2600000e+00	   6.8000000e-01	   3.0000000e+00	   1.0000000e+00	   2.0000000e+00	   3.0000000e+00	   1.0590000e+03	
   2.0400000e+02	   2.0700000e+02	   3.0800000e+02	   1.3000000e+01	   1.0000000e+00	   4.5900000e+00	   4.6350000e+00	   0.0000000e+00	   2.0000000e+00	   1.0000000e+00	   3.0000000e+00	   1.0000000e+00	   1.8440000e+03	
   1.1200000e+02	   3.0700000e+02	   3.0100000e+02	   1.1000000e+01	   2.0000000e+00	   3.6350000e+00	   3.8600000e+00	   1.6900000e+00	   3.0000000e+00	   1.0000000e+00	   2.0000000e+00	   1.0000000e+00	   1.2000000e+03	
   1.1100000e+02	   3.1400000e+02	   1.0800000e+02	   2.0000000e+00	   4.0000000e+00	   3.7800000e+00	   2.9500000e+00	   0.0000000e+00	   1.0000000e+00	   2.0000000e+00	   3.0000000e+00	   2.0000000e+00	   8.6700000e+02	
   3.0600000e+02	   3.0700000e+02	   1.0800000e+02	   2.0000000e+00	   2.0000000e+00	   4.2200000e+00	   3.8600000e+00	   0.0000000e+00	   2.0000000e+00	   1.0000000e+00	   3.0000000e+00	   2.0000000e+00	   9.2400000e+02	
   1.0500000e+02	   1.0900000e+02	   1.1300000e+02	   3.0000000e+00	   1.0000000e+00	   3.2700000e+00	   3.2800000e+00	   2.4600000e+00	   1.0000000e+00	   2.0000000e+00	   3.0000000e+00	   2.0000000e+00	   1.0710000e+03	
   2.0700000e+02	   3.0700000e+02	   2.0800000e+02	   8.0000000e+00	   4.0000000e+00	   4.6350000e+00	   3.8600000e+00	   2.3150000e+00	   1.0000000e+00	   2.0000000e+00	   3.0000000e+00	   1.0000000e+00	   1.2630000e+03	
   1.0900000e+02	   1.1100000e+02	   3.1300000e+02	   1.5000000e+01	   3.0000000e+00	   3.2800000e+00	   3.7800000e+00	   6.8000000e-01	   2.0000000e+00	   3.0000000e+00	   1.0000000e+00	   2.0000000e+00	   1.2140000e+03	
   1.1100000e+02	   2.0400000e+02	   2.1200000e+02	   1.0000000e+01	   4.0000000e+00	   3.7800000e+00	   4.5900000e+00	   0.0000000e+00	   1.0000000e+00	   2.0000000e+00	   3.0000000e+00	   2.0000000e+00	   8.4300000e+02	
   1.0900000e+02	   2.1300000e+02	   2.0500000e+02	   7.0000000e+00	   3.0000000e+00	   3.2800000e+00	   3.7000000e+00	   0.0000000e+00	   3.0000000e+00	   1.0000000e+00	   2.0000000e+00	   3.0000000e+00	   1.1590000e+03	
   1.1100000e+02	   3.1400000e+02	   3.0100000e+02	   1.1000000e+01	   4.0000000e+00	   3.7800000e+00	   2.9500000e+00	   1.6900000e+00	   2.0000000e+00	   3.0000000e+00	   1.0000000e+00	   3.0000000e+00	   9.9200000e+02	
   3.0600000e+02	   3.1400000e+02	   1.1400000e+02	   4.0000000e+00	   5.0000000e+00	   4.2200000e+00	   2.9500000e+00	   2.0350000e+00	   2.0000000e+00	   3.0000000e+00	   1.0000000e+00	   3.0000000e+00	   1.2460000e+03	
   1.0600000e+02	   1.1100000e+02	   3.0300000e+02	   1.2000000e+01	   4.0000000e+00	   3.0300000e+00	   3.7800000e+00	   0.0000000e+00	   1.0000000e+00	   3.0000000e+00	   2.0000000e+00	   3.0000000e+00	   2.2710000e+03	
   2.1400000e+02	   3.1400000e+02	   1.0100000e+02	   1.0000000e+00	   2.0000000e+00	   3.2600000e+00	   2.9500000e+00	   0.0000000e+00	   2.0000000e+00	   1.0000000e+00	   3.0000000e+00	   1.0000000e+00	   2.6250000e+03	
   1.1200000e+02	   2.0900000e+02	   2.0200000e+02	   6.0000000e+00	   2.0000000e+00	   3.6350000e+00	   3.3750000e+00	   0.0000000e+00	   1.0000000e+00	   2.0000000e+00	   3.0000000e+00	   2.0000000e+00	   1.1660000e+03	
   1.1100000e+02	   2.1400000e+02	   2.0500000e+02	   7.0000000e+00	   3.0000000e+00	   3.7800000e+00	   3.2600000e+00	   0.0000000e+00	   3.0000000e+00	   2.0000000e+00	   1.0000000e+00	   2.0000000e+00	   9.9600000e+02	
   1.0500000e+02	   1.1100000e+02	   1.1300000e+02	   3.0000000e+00	   3.0000000e+00	   3.2700000e+00	   3.7800000e+00	   2.4600000e+00	   3.0000000e+00	   2.0000000e+00	   1.0000000e+00	   2.0000000e+00	   1.2160000e+03	
   2.0400000e+02	   2.0900000e+02	   3.0100000e+02	   1.1000000e+01	   5.0000000e+00	   4.5900000e+00	   3.3750000e+00	   1.6900000e+00	   3.0000000e+00	   1.0000000e+00	   2.0000000e+00	   3.0000000e+00	   8.4600000e+02	
   1.0900000e+02	   2.0700000e+02	   2.1000000e+02	   9.0000000e+00	   5.0000000e+00	   3.2800000e+00	   4.6350000e+00	   0.0000000e+00	   1.0000000e+00	   2.0000000e+00	   3.0000000e+00	   2.0000000e+00	   7.1800000e+02	
   1.0500000e+02	   2.0700000e+02	   2.1200000e+02	   1.0000000e+01	   5.0000000e+00	   3.2700000e+00	   4.6350000e+00	   0.0000000e+00	   3.0000000e+00	   1.0000000e+00	   2.0000000e+00	   1.0000000e+00	   9.5900000e+02	
   1.0900000e+02	   2.0900000e+02	   1.0800000e+02	   2.0000000e+00	   1.0000000e+00	   3.2800000e+00	   3.3750000e+00	   0.0000000e+00	   1.0000000e+00	   2.0000000e+00	   3.0000000e+00	   1.0000000e+00	   1.3710000e+03	
   2.0400000e+02	   3.0600000e+02	   1.1300000e+02	   3.0000000e+00	   2.0000000e+00	   4.5900000e+00	   4.2200000e+00	   2.4600000e+00	   1.0000000e+00	   2.0000000e+00	   3.0000000e+00	   1.0000000e+00	   1.2060000e+03	
   2.0700000e+02	   2.1300000e+02	   3.0100000e+02	   1.1000000e+01	   4.0000000e+00	   4.6350000e+00	   3.7000000e+00	   1.6900000e+00	   2.0000000e+00	   1.0000000e+00	   3.0000000e+00	   2.0000000e+00	   6.3200000e+02	
   1.1200000e+02	   2.1400000e+02	   2.0200000e+02	   6.0000000e+00	   3.0000000e+00	   3.6350000e+00	   3.2600000e+00	   0.0000000e+00	   1.0000000e+00	   3.0000000e+00	   2.0000000e+00	   3.0000000e+00	   1.0580000e+03	
   3.0900000e+02	   3.1400000e+02	   2.1000000e+02	   9.0000000e+00	   4.0000000e+00	   3.5750000e+00	   2.9500000e+00	   0.0000000e+00	   2.0000000e+00	   1.0000000e+00	   3.0000000e+00	   1.0000000e+00	   1.1410000e+03	
   1.0500000e+02	   1.0900000e+02	   2.0500000e+02	   7.0000000e+00	   1.0000000e+00	   3.2700000e+00	   3.2800000e+00	   0.0000000e+00	   3.0000000e+00	   2.0000000e+00	   1.0000000e+00	   2.0000000e+00	   8.8400000e+02	
   3.0600000e+02	   3.0700000e+02	   3.1300000e+02	   1.5000000e+01	   2.0000000e+00	   4.2200000e+00	   3.8600000e+00	   6.8000000e-01	   2.0000000e+00	   3.0000000e+00	   1.0000000e+00	   3.0000000e+00	   8.9300000e+02	
   2.0700000e+02	   3.0600000e+02	   2.1000000e+02	   9.0000000e+00	   3.0000000e+00	   4.6350000e+00	   4.2200000e+00	   0.0000000e+00	   1.0000000e+00	   2.0000000e+00	   3.0000000e+00	   1.0000000e+00	   8.0200000e+02	
   1.1100000e+02	   2.1300000e+02	   3.1100000e+02	   1.4000000e+01	   1.0000000e+00	   3.7800000e+00	   3.7000000e+00	   0.0000000e+00	   2.0000000e+00	   1.0000000e+00	   3.0000000e+00	   1.0000000e+00	   1.0760000e+03	
   3.0600000e+02	   3.0700000e+02	   2.0500000e+02	   7.0000000e+00	   2.0000000e+00	   4.2200000e+00	   3.8600000e+00	   0.0000000e+00	   1.0000000e+00	   2.0000000e+00	   3.0000000e+00	   2.0000000e+00	   7.3700000e+02	
   1.1200000e+02	   3.0700000e+02	   3.0300000e+02	   1.2000000e+01	   2.0000000e+00	   3.6350000e+00	   3.8600000e+00	   0.0000000e+00	   2.0000000e+00	   1.0000000e+00	   3.0000000e+00	   1.0000000e+00	   9.5200000e+02	
   1.1200000e+02	   2.0900000e+02	   2.1000000e+02	   9.0000000e+00	   2.0000000e+00	   3.6350000e+00	   3.3750000e+00	   0.0000000e+00	   3.0000000e+00	   2.0000000e+00	   1.0000000e+00	   2.0000000e+00	   9.2200000e+02	
   2.1300000e+02	   3.1400000e+02	   3.0300000e+02	   1.2000000e+01	   4.0000000e+00	   3.7000000e+00	   2.9500000e+00	   0.0000000e+00	   3.0000000e+00	   1.0000000e+00	   2.0000000e+00	   1.0000000e+00	   1.1870000e+03	
   2.0400000e+02	   2.0900000e+02	   2.0200000e+02	   6.0000000e+00	   5.0000000e+00	   4.5900000e+00	   3.3750000e+00	   0.0000000e+00	   1.0000000e+00	   3.0000000e+00	   2.0000000e+00	   1.0000000e+00	   9.6300000e+02	
   1.1200000e+02	   3.0900000e+02	   3.1100000e+02	   1.4000000e+01	   1.0000000e+00	   3.6350000e+00	   3.5750000e+00	   0.0000000e+00	   3.0000000e+00	   1.0000000e+00	   2.0000000e+00	   1.0000000e+00	   1.4170000e+03	
   1.0900000e+02	   2.1400000e+02	   1.1300000e+02	   3.0000000e+00	   1.0000000e+00	   3.2800000e+00	   3.2600000e+00	   2.4600000e+00	   1.0000000e+00	   2.0000000e+00	   3.0000000e+00	   1.0000000e+00	   9.1000000e+02	
   1.0500000e+02	   3.0600000e+02	   1.1400000e+02	   4.0000000e+00	   4.0000000e+00	   3.2700000e+00	   4.2200000e+00	   2.0350000e+00	   2.0000000e+00	   3.0000000e+00	   1.0000000e+00	   3.0000000e+00	   1.6700000e+03	
   1.0900000e+02	   2.1400000e+02	   2.0800000e+02	   8.0000000e+00	   1.0000000e+00	   3.2800000e+00	   3.2600000e+00	   2.3150000e+00	   2.0000000e+00	   1.0000000e+00	   3.0000000e+00	   2.0000000e+00	   9.1800000e+02	
   3.0700000e+02	   3.0900000e+02	   3.0300000e+02	   1.2000000e+01	   2.0000000e+00	   3.8600000e+00	   3.5750000e+00	   0.0000000e+00	   2.0000000e+00	   1.0000000e+00	   3.0000000e+00	   2.0000000e+00	   6.7900000e+02	
   2.1300000e+02	   3.0900000e+02	   1.1400000e+02	   4.0000000e+00	   1.0000000e+00	   3.7000000e+00	   3.5750000e+00	   2.0350000e+00	   3.0000000e+00	   2.0000000e+00	   1.0000000e+00	   3.0000000e+00	   1.8560000e+03	
   1.1200000e+02	   2.0700000e+02	   3.0100000e+02	   1.1000000e+01	   5.0000000e+00	   3.6350000e+00	   4.6350000e+00	   1.6900000e+00	   2.0000000e+00	   1.0000000e+00	   3.0000000e+00	   1.0000000e+00	   7.8700000e+02	
   1.0900000e+02	   3.0700000e+02	   1.0100000e+02	   1.0000000e+00	   3.0000000e+00	   3.2800000e+00	   3.8600000e+00	   0.0000000e+00	   1.0000000e+00	   3.0000000e+00	   2.0000000e+00	   3.0000000e+00	   1.2470000e+03	
   2.0700000e+02	   3.0700000e+02	   1.1300000e+02	   3.0000000e+00	   4.0000000e+00	   4.6350000e+00	   3.8600000e+00	   2.4600000e+00	   1.0000000e+00	   2.0000000e+00	   3.0000000e+00	   1.0000000e+00	   6.8500000e+02	
   2.0400000e+02	   3.0900000e+02	   1.1600000e+02	   5.0000000e+00	   5.0000000e+00	   4.5900000e+00	   3.5750000e+00	   0.0000000e+00	   3.0000000e+00	   2.0000000e+00	   1.0000000e+00	   3.0000000e+00	   7.3000000e+02	
   1.1100000e+02	   2.0900000e+02	   3.0300000e+02	   1.2000000e+01	   3.0000000e+00	   3.7800000e+00	   3.3750000e+00	   0.0000000e+00	   3.0000000e+00	   2.0000000e+00	   1.0000000e+00	   2.0000000e+00	   1.1880000e+03	
   1.0900000e+02	   1.1200000e+02	   2.1000000e+02	   9.0000000e+00	   2.0000000e+00	   3.2800000e+00	   3.6350000e+00	   0.0000000e+00	   3.0000000e+00	   1.0000000e+00	   2.0000000e+00	   3.0000000e+00	   7.0600000e+02	
   2.0700000e+02	   3.0700000e+02	   3.0300000e+02	   1.2000000e+01	   4.0000000e+00	   4.6350000e+00	   3.8600000e+00	   0.0000000e+00	   2.0000000e+00	   3.0000000e+00	   1.0000000e+00	   3.0000000e+00	   7.4200000e+02	
   1.0900000e+02	   2.0900000e+02	   2.1000000e+02	   9.0000000e+00	   1.0000000e+00	   3.2800000e+00	   3.3750000e+00	   0.0000000e+00	   1.0000000e+00	   3.0000000e+00	   2.0000000e+00	   1.0000000e+00	   8.2500000e+02	
   1.0600000e+02	   1.1100000e+02	   2.1200000e+02	   1.0000000e+01	   4.0000000e+00	   3.0300000e+00	   3.7800000e+00	   0.0000000e+00	   3.0000000e+00	   2.0000000e+00	   1.0000000e+00	   2.0000000e+00	   1.3570000e+03	
   2.1300000e+02	   3.0600000e+02	   2.0200000e+02	   6.0000000e+00	   3.0000000e+00	   3.7000000e+00	   4.2200000e+00	   0.0000000e+00	   1.0000000e+00	   3.0000000e+00	   2.0000000e+00	   3.0000000e+00	   8.2200000e+02	
   1.0600000e+02	   1.1200000e+02	   1.0100000e+02	   1.0000000e+00	   4.0000000e+00	   3.0300000e+00	   3.6350000e+00	   0.0000000e+00	   2.0000000e+00	   3.0000000e+00	   1.0000000e+00	   3.0000000e+00	   1.3010000e+03	
   1.1100000e+02	   3.0600000e+02	   1.1300000e+02	   3.0000000e+00	   3.0000000e+00	   3.7800000e+00	   4.2200000e+00	   2.4600000e+00	   2.0000000e+00	   1.0000000e+00	   3.0000000e+00	   1.0000000e+00	   9.3200000e+02	
   1.0900000e+02	   2.0700000e+02	   3.1300000e+02	   1.5000000e+01	   5.0000000e+00	   3.2800000e+00	   4.6350000e+00	   6.8000000e-01	   1.0000000e+00	   2.0000000e+00	   3.0000000e+00	   2.0000000e+00	   8.2400000e+02	
   3.0700000e+02	   3.1200000e+02	   1.1600000e+02	   5.0000000e+00	   4.0000000e+00	   3.8600000e+00	   3.2050000e+00	   0.0000000e+00	   3.0000000e+00	   1.0000000e+00	   2.0000000e+00	   3.0000000e+00	   6.5600000e+02	
   2.0400000e+02	   3.1200000e+02	   1.1400000e+02	   4.0000000e+00	   5.0000000e+00	   4.5900000e+00	   3.2050000e+00	   2.0350000e+00	   2.0000000e+00	   1.0000000e+00	   3.0000000e+00	   2.0000000e+00	   7.6900000e+02	
   2.1400000e+02	   3.1200000e+02	   3.1300000e+02	   1.5000000e+01	   1.0000000e+00	   3.2600000e+00	   3.2050000e+00	   6.8000000e-01	   1.0000000e+00	   3.0000000e+00	   2.0000000e+00	   3.0000000e+00	   9.1500000e+02	
   1.0900000e+02	   3.0600000e+02	   3.0800000e+02	   1.3000000e+01	   4.0000000e+00	   3.2800000e+00	   4.2200000e+00	   0.0000000e+00	   1.0000000e+00	   2.0000000e+00	   3.0000000e+00	   1.0000000e+00	   1.6520000e+03	
   1.0600000e+02	   2.1400000e+02	   3.1100000e+02	   1.4000000e+01	   2.0000000e+00	   3.0300000e+00	   3.2600000e+00	   0.0000000e+00	   1.0000000e+00	   3.0000000e+00	   2.0000000e+00	   3.0000000e+00	   8.8300000e+02	
   1.1200000e+02	   3.1200000e+02	   1.1600000e+02	   5.0000000e+00	   3.0000000e+00	   3.6350000e+00	   3.2050000e+00	   0.0000000e+00	   1.0000000e+00	   2.0000000e+00	   3.0000000e+00	   2.0000000e+00	   6.9000000e+02	
   2.1300000e+02	   3.0900000e+02	   1.0800000e+02	   2.0000000e+00	   1.0000000e+00	   3.7000000e+00	   3.5750000e+00	   0.0000000e+00	   3.0000000e+00	   2.0000000e+00	   1.0000000e+00	   3.0000000e+00	   6.8600000e+02	
   1.0900000e+02	   3.0700000e+02	   2.0800000e+02	   8.0000000e+00	   3.0000000e+00	   3.2800000e+00	   3.8600000e+00	   2.3150000e+00	   1.0000000e+00	   3.0000000e+00	   2.0000000e+00	   3.0000000e+00	   6.6400000e+02	
   1.0900000e+02	   3.1200000e+02	   3.0300000e+02	   1.2000000e+01	   1.0000000e+00	   3.2800000e+00	   3.2050000e+00	   0.0000000e+00	   3.0000000e+00	   2.0000000e+00	   1.0000000e+00	   3.0000000e+00	   7.0100000e+02	
   2.1300000e+02	   3.0600000e+02	   1.0100000e+02	   1.0000000e+00	   3.0000000e+00	   3.7000000e+00	   4.2200000e+00	   0.0000000e+00	   2.0000000e+00	   3.0000000e+00	   1.0000000e+00	   3.0000000e+00	   6.9300000e+02	
   2.0400000e+02	   2.1300000e+02	   1.0100000e+02	   1.0000000e+00	   4.0000000e+00	   4.5900000e+00	   3.7000000e+00	   0.0000000e+00	   2.0000000e+00	   3.0000000e+00	   1.0000000e+00	   2.0000000e+00	   8.8400000e+02	
   2.0400000e+02	   3.1200000e+02	   1.0800000e+02	   2.0000000e+00	   5.0000000e+00	   4.5900000e+00	   3.2050000e+00	   0.0000000e+00	   2.0000000e+00	   1.0000000e+00	   3.0000000e+00	   2.0000000e+00	   6.3200000e+02	
   2.1300000e+02	   3.0900000e+02	   2.0500000e+02	   7.0000000e+00	   1.0000000e+00	   3.7000000e+00	   3.5750000e+00	   0.0000000e+00	   1.0000000e+00	   2.0000000e+00	   3.0000000e+00	   1.0000000e+00	   1.5350000e+03	
   3.0600000e+02	   3.0900000e+02	   3.1100000e+02	   1.4000000e+01	   4.0000000e+00	   4.2200000e+00	   3.5750000e+00	   0.0000000e+00	   3.0000000e+00	   1.0000000e+00	   2.0000000e+00	   3.0000000e+00	   1.0980000e+03	
   1.1100000e+02	   2.0900000e+02	   1.0100000e+02	   1.0000000e+00	   3.0000000e+00	   3.7800000e+00	   3.3750000e+00	   0.0000000e+00	   2.0000000e+00	   3.0000000e+00	   1.0000000e+00	   3.0000000e+00	   9.5600000e+02	
   2.1300000e+02	   3.0900000e+02	   3.0300000e+02	   1.2000000e+01	   1.0000000e+00	   3.7000000e+00	   3.5750000e+00	   0.0000000e+00	   1.0000000e+00	   3.0000000e+00	   2.0000000e+00	   1.0000000e+00	   2.0630000e+03	
   1.0900000e+02	   2.1400000e+02	   2.0200000e+02	   6.0000000e+00	   1.0000000e+00	   3.2800000e+00	   3.2600000e+00	   0.0000000e+00	   3.0000000e+00	   2.0000000e+00	   1.0000000e+00	   3.0000000e+00	   7.6500000e+02	
   1.1200000e+02	   3.1200000e+02	   1.0100000e+02	   1.0000000e+00	   3.0000000e+00	   3.6350000e+00	   3.2050000e+00	   0.0000000e+00	   1.0000000e+00	   2.0000000e+00	   3.0000000e+00	   2.0000000e+00	   1.0080000e+03	
   2.1400000e+02	   3.0900000e+02	   1.1400000e+02	   4.0000000e+00	   2.0000000e+00	   3.2600000e+00	   3.5750000e+00	   2.0350000e+00	   3.0000000e+00	   2.0000000e+00	   1.0000000e+00	   3.0000000e+00	   8.6600000e+02	
   1.0900000e+02	   2.1300000e+02	   1.0800000e+02	   2.0000000e+00	   3.0000000e+00	   3.2800000e+00	   3.7000000e+00	   0.0000000e+00	   1.0000000e+00	   3.0000000e+00	   2.0000000e+00	   1.0000000e+00	   1.0640000e+03	
   1.0500000e+02	   2.1400000e+02	   2.0500000e+02	   7.0000000e+00	   1.0000000e+00	   3.2700000e+00	   3.2600000e+00	   0.0000000e+00	   3.0000000e+00	   1.0000000e+00	   2.0000000e+00	   2.0000000e+00	   1.2630000e+03	
   1.1200000e+02	   2.0700000e+02	   1.1400000e+02	   4.0000000e+00	   5.0000000e+00	   3.6350000e+00	   4.6350000e+00	   2.0350000e+00	   1.0000000e+00	   3.0000000e+00	   2.0000000e+00	   3.0000000e+00	   7.3400000e+02	
   1.1100000e+02	   3.1200000e+02	   1.0800000e+02	   2.0000000e+00	   3.0000000e+00	   3.7800000e+00	   3.2050000e+00	   0.0000000e+00	   3.0000000e+00	   1.0000000e+00	   2.0000000e+00	   1.0000000e+00	   1.2370000e+03	
   2.0900000e+02	   2.1300000e+02	   3.0300000e+02	   1.2000000e+01	   2.0000000e+00	   3.3750000e+00	   3.7000000e+00	   0.0000000e+00	   1.0000000e+00	   3.0000000e+00	   2.0000000e+00	   1.0000000e+00	   1.6900000e+03	
   1.0500000e+02	   2.1300000e+02	   3.1100000e+02	   1.4000000e+01	   3.0000000e+00	   3.2700000e+00	   3.7000000e+00	   0.0000000e+00	   2.0000000e+00	   1.0000000e+00	   3.0000000e+00	   1.0000000e+00	   1.1750000e+03	
   1.0500000e+02	   3.1200000e+02	   2.0800000e+02	   8.0000000e+00	   1.0000000e+00	   3.2700000e+00	   3.2050000e+00	   2.3150000e+00	   1.0000000e+00	   2.0000000e+00	   3.0000000e+00	   2.0000000e+00	   1.0620000e+03	
   1.0500000e+02	   3.0700000e+02	   2.1200000e+02	   1.0000000e+01	   3.0000000e+00	   3.2700000e+00	   3.8600000e+00	   0.0000000e+00	   2.0000000e+00	   3.0000000e+00	   1.0000000e+00	   3.0000000e+00	   7.1500000e+02	
