   1.0000000e+00	   2.1200000e+02	   2.0000000e+00	   5.0000000e+00	   2.4890000e+03	   9.9000000e-01	   3.8650000e+03	
   2.0000000e+00	   1.0700000e+02	   1.0000000e+00	   2.8400000e+00	   2.6040000e+03	   2.0800000e+00	   1.5320000e+03	
   3.0000000e+00	   1.0300000e+02	   1.0000000e+00	   5.0000000e+00	   3.7350000e+03	   2.7900000e+00	   1.6650000e+03	
   4.0000000e+00	   1.0800000e+02	   1.0000000e+00	   4.9800000e+00	   1.8550000e+03	   3.3800000e+00	   2.2660000e+03	
   5.0000000e+00	   1.0500000e+02	   1.0000000e+00	   5.0000000e+00	   1.5370000e+03	   1.2500000e+00	   1.1990000e+03	
   6.0000000e+00	   2.0600000e+02	   2.0000000e+00	   5.0000000e+00	   1.4710000e+03	   1.5300000e+00	   1.3320000e+03	
   7.0000000e+00	   3.1400000e+02	   3.0000000e+00	   5.0000000e+00	   1.4570000e+03	   5.0000000e+00	   1.1000000e+03	
   8.0000000e+00	   2.1100000e+02	   2.0000000e+00	   5.0000000e+00	   1.2560000e+03	   2.0600000e+00	   1.9330000e+03	
   9.0000000e+00	   2.1400000e+02	   2.0000000e+00	   1.9800000e+00	   7.1220000e+03	   3.2200000e+00	   9.6600000e+02	
   1.0000000e+01	   1.1500000e+02	   1.0000000e+00	   1.0800000e+00	   2.8900000e+03	   1.3700000e+00	   1.7320000e+03	
   1.1000000e+01	   1.0400000e+02	   1.0000000e+00	   0.0000000e+00	   3.6890000e+03	   4.2000000e-01	   1.3660000e+03	
   1.2000000e+01	   1.0900000e+02	   1.0000000e+00	   5.0000000e+00	   1.1230000e+03	   5.0000000e+00	   1.0670000e+03	
   1.3000000e+01	   2.0500000e+02	   2.0000000e+00	   5.0000000e+00	   1.7230000e+03	   3.0100000e+00	   1.7320000e+03	
   1.4000000e+01	   2.0400000e+02	   2.0000000e+00	   1.8600000e+00	   3.3560000e+03	   5.0000000e+00	   1.7330000e+03	
   1.5000000e+01	   1.1600000e+02	   1.0000000e+00	   5.0000000e+00	   2.7560000e+03	   2.6100000e+00	   1.5660000e+03	
   1.6000000e+01	   3.0300000e+02	   3.0000000e+00	   5.0000000e+00	   1.8910000e+03	   2.6000000e-01	   1.6660000e+03	
   1.7000000e+01	   3.1000000e+02	   3.0000000e+00	   5.0000000e+00	   1.4900000e+03	   3.7000000e-01	   9.3200000e+02	
   1.8000000e+01	   2.0700000e+02	   2.0000000e+00	   5.0000000e+00	   1.1230000e+03	   4.8900000e+00	   8.3300000e+02	
   1.9000000e+01	   3.1300000e+02	   3.0000000e+00	   5.0000000e+00	   1.2380000e+03	   2.0900000e+00	   1.2990000e+03	
   2.0000000e+01	   2.0100000e+02	   2.0000000e+00	   5.0000000e+00	   2.1900000e+03	   8.6000000e-01	   1.5670000e+03	
   2.1000000e+01	   3.0700000e+02	   3.0000000e+00	   5.0000000e+00	   9.5500000e+02	   5.0000000e+00	   8.3300000e+02	
   2.2000000e+01	   1.1200000e+02	   1.0000000e+00	   5.0000000e+00	   3.7710000e+03	   3.3300000e+00	   1.4000000e+03	
   2.3000000e+01	   1.0100000e+02	   1.0000000e+00	   3.5200000e+00	   2.0220000e+03	   1.0500000e+00	   1.8000000e+03	
   2.4000000e+01	   1.1300000e+02	   1.0000000e+00	   5.0000000e+00	   2.6230000e+03	   3.0700000e+00	   2.1000000e+03	
   2.5000000e+01	   3.0100000e+02	   3.0000000e+00	   1.9600000e+00	   3.2210000e+03	   2.8300000e+00	   1.7660000e+03	
   2.6000000e+01	   2.0800000e+02	   2.0000000e+00	   5.0000000e+00	   1.1220000e+03	   2.7400000e+00	   1.2660000e+03	
   2.7000000e+01	   2.1300000e+02	   2.0000000e+00	   5.0000000e+00	   1.3560000e+03	   2.9000000e+00	   2.1330000e+03	
   2.8000000e+01	   1.1100000e+02	   1.0000000e+00	   5.0000000e+00	   1.0720000e+03	   4.3100000e+00	   1.0660000e+03	
   2.9000000e+01	   2.1000000e+02	   2.0000000e+00	   5.0000000e+00	   1.1900000e+03	   2.9800000e+00	   1.3660000e+03	
   3.0000000e+01	   2.0300000e+02	   2.0000000e+00	   4.0700000e+00	   3.0050000e+03	   2.2500000e+00	   1.1320000e+03	
   3.1000000e+01	   2.0200000e+02	   2.0000000e+00	   5.0000000e+00	   1.8890000e+03	   3.6300000e+00	   2.1330000e+03	
   3.2000000e+01	   3.1200000e+02	   3.0000000e+00	   5.0000000e+00	   1.0835000e+04	   5.0000000e+00	   1.9320000e+03	
   3.3000000e+01	   1.0600000e+02	   1.0000000e+00	   5.0000000e+00	   1.8880000e+03	   3.2100000e+00	   1.3000000e+03	
   3.4000000e+01	   3.0200000e+02	   3.0000000e+00	   5.0000000e+00	   6.4700000e+03	   2.3600000e+00	   1.4340000e+03	
   3.5000000e+01	   2.0900000e+02	   2.0000000e+00	   5.0000000e+00	   4.8210000e+03	   3.5100000e+00	   9.6600000e+02	
   3.6000000e+01	   1.1400000e+02	   1.0000000e+00	   3.0400000e+00	   2.3220000e+03	   2.3100000e+00	   1.1000000e+03	
   3.7000000e+01	   3.0400000e+02	   3.0000000e+00	   5.0000000e+00	   1.4380000e+03	   1.9400000e+00	   1.0660000e+03	
   3.8000000e+01	   3.0800000e+02	   3.0000000e+00	   0.0000000e+00	   3.3550000e+03	   3.0000000e-01	   1.7660000e+03	
   3.9000000e+01	   1.1000000e+02	   1.0000000e+00	   5.0000000e+00	   1.4220000e+03	   1.0700000e+00	   1.4660000e+03	
   4.0000000e+01	   3.0900000e+02	   3.0000000e+00	   5.0000000e+00	   1.2220000e+03	   1.1900000e+00	   9.9900000e+02	
   4.1000000e+01	   2.1500000e+02	   2.0000000e+00	   4.9000000e-01	   2.1570000e+03	   2.2500000e+00	   1.5330000e+03	
   4.2000000e+01	   3.0600000e+02	   3.0000000e+00	   5.0000000e+00	   1.1390000e+03	   3.9800000e+00	   1.2990000e+03	
   4.3000000e+01	   3.1100000e+02	   3.0000000e+00	   5.0000000e+00	   1.3220000e+03	   2.7600000e+00	   9.6600000e+02	
   4.4000000e+01	   1.0200000e+02	   1.0000000e+00	   5.0000000e+00	   1.0570000e+03	   3.4400000e+00	   2.9320000e+03	
   4.5000000e+01	   3.0500000e+02	   3.0000000e+00	   5.0000000e+00	   1.0730000e+03	   3.7500000e+00	   1.0670000e+03	
