   1.0000000e+00	   1.0000000e+00	   2.0200000e+02	   1.1500000e+00	   3.6670000e+03	
   1.0000000e+00	   2.0000000e+00	   3.0700000e+02	   4.2400000e+00	   2.1910000e+03	
   1.0000000e+00	   3.0000000e+00	   2.0400000e+02	   3.0000000e-02	   1.8900000e+03	
   1.0000000e+00	   4.0000000e+00	   3.0100000e+02	   2.9700000e+00	   3.2910000e+03	
   1.0000000e+00	   5.0000000e+00	   3.0400000e+02	   3.3500000e+00	   1.8950000e+03	
   1.0000000e+00	   6.0000000e+00	   3.0500000e+02	   1.7900000e+00	   4.4610000e+03	
   1.0000000e+00	   7.0000000e+00	   1.0900000e+02	   4.8200000e+00	   1.9270000e+03	
   1.0000000e+00	   8.0000000e+00	   2.0800000e+02	   3.1700000e+00	   2.7940000e+03	
   1.0000000e+00	   9.0000000e+00	   3.1100000e+02	   2.5000000e-01	   2.3930000e+03	
   1.0000000e+00	   1.0000000e+01	   3.1300000e+02	   0.0000000e+00	   2.6960000e+03	
   1.0000000e+00	   1.1000000e+01	   1.0800000e+02	   2.6400000e+00	   2.6270000e+03	
   1.0000000e+00	   1.2000000e+01	   1.1300000e+02	   5.0000000e+00	   4.7600000e+03	
   1.0000000e+00	   1.3000000e+01	   2.0700000e+02	   1.5000000e-01	   2.1600000e+03	
   1.0000000e+00	   1.4000000e+01	   2.0300000e+02	   7.6000000e-01	   1.7610000e+03	
   1.0000000e+00	   1.5000000e+01	   2.1400000e+02	   1.8000000e-01	   2.2280000e+03	
   1.0000000e+00	   1.6000000e+01	   1.1600000e+02	   2.4900000e+00	   3.8270000e+03	
   1.0000000e+00	   1.7000000e+01	   3.1400000e+02	   2.8400000e+00	   2.7930000e+03	
   1.0000000e+00	   1.8000000e+01	   1.0600000e+02	   2.1400000e+00	   4.3270000e+03	
   1.0000000e+00	   1.9000000e+01	   2.0500000e+02	   1.2000000e-01	   3.0940000e+03	
   1.0000000e+00	   2.0000000e+01	   3.1000000e+02	   2.0000000e-02	   2.1600000e+03	
   1.0000000e+00	   2.1000000e+01	   2.1300000e+02	   3.0000000e-02	   2.7600000e+03	
   1.0000000e+00	   2.2000000e+01	   1.1200000e+02	   2.9100000e+00	   2.3610000e+03	
   1.0000000e+00	   2.3000000e+01	   2.1000000e+02	   3.5000000e-01	   3.7260000e+03	
   1.0000000e+00	   2.4000000e+01	   2.0600000e+02	   3.1300000e+00	   1.6940000e+03	
   1.0000000e+00	   2.5000000e+01	   1.0300000e+02	   6.0000000e-02	   2.9260000e+03	
   1.0000000e+00	   2.6000000e+01	   3.0600000e+02	   6.5000000e-01	   2.2290000e+03	
   1.0000000e+00	   2.7000000e+01	   1.0100000e+02	   7.0000000e-02	   1.7930000e+03	
   1.0000000e+00	   2.8000000e+01	   1.1400000e+02	   9.5000000e-01	   2.8930000e+03	
   1.0000000e+00	   2.9000000e+01	   3.0300000e+02	   3.6100000e+00	   2.7930000e+03	
   1.0000000e+00	   3.0000000e+01	   3.1200000e+02	   0.0000000e+00	   2.6940000e+03	
   1.0000000e+00	   3.1000000e+01	   1.1100000e+02	   3.5000000e-01	   2.0600000e+03	
   1.0000000e+00	   3.2000000e+01	   1.1000000e+02	   8.0000000e-02	   2.9600000e+03	
   1.0000000e+00	   3.3000000e+01	   2.1500000e+02	   0.0000000e+00	   1.6600000e+03	
   1.0000000e+00	   3.4000000e+01	   2.0100000e+02	   1.2000000e-01	   2.9260000e+03	
   1.0000000e+00	   3.5000000e+01	   3.0800000e+02	   0.0000000e+00	   2.7940000e+03	
   1.0000000e+00	   3.6000000e+01	   2.1200000e+02	   0.0000000e+00	   2.6600000e+03	
   1.0000000e+00	   3.7000000e+01	   2.0900000e+02	   4.4100000e+00	   2.9930000e+03	
   1.0000000e+00	   3.8000000e+01	   1.0500000e+02	   6.4000000e-01	   2.2270000e+03	
   1.0000000e+00	   3.9000000e+01	   1.0700000e+02	   2.6600000e+00	   2.5270000e+03	
   1.0000000e+00	   4.0000000e+01	   1.0400000e+02	   7.6000000e-01	   2.6610000e+03	
   1.0000000e+00	   4.1000000e+01	   3.0200000e+02	   4.0000000e-02	   2.1270000e+03	
   1.0000000e+00	   4.2000000e+01	   3.0900000e+02	   2.3000000e+00	   3.4600000e+03	
   1.0000000e+00	   4.3000000e+01	   1.0200000e+02	   2.3000000e+00	   3.0630000e+03	
   1.0000000e+00	   4.4000000e+01	   2.1100000e+02	   7.9000000e-01	   3.2270000e+03	
   1.0000000e+00	   4.5000000e+01	   1.1500000e+02	   1.6400000e+00	   2.5260000e+03	
   2.0000000e+00	   1.0000000e+00	   2.0500000e+02	   1.2000000e-01	   2.1850000e+03	
   2.0000000e+00	   2.0000000e+00	   3.1300000e+02	   2.8000000e-01	   2.1610000e+03	
   2.0000000e+00	   3.0000000e+00	   3.1000000e+02	   2.5000000e-01	   2.7270000e+03	
   2.0000000e+00	   4.0000000e+00	   3.0800000e+02	   2.1000000e-01	   3.1610000e+03	
   2.0000000e+00	   5.0000000e+00	   3.1100000e+02	   5.8000000e-01	   2.5950000e+03	
   2.0000000e+00	   6.0000000e+00	   2.1300000e+02	   1.0000000e-01	   2.2940000e+03	
   2.0000000e+00	   7.0000000e+00	   3.0200000e+02	   1.2000000e-01	   2.0620000e+03	
   2.0000000e+00	   8.0000000e+00	   1.0300000e+02	   5.6000000e-01	   2.0940000e+03	
   2.0000000e+00	   9.0000000e+00	   2.0100000e+02	   1.6000000e-01	   1.5620000e+03	
   2.0000000e+00	   1.0000000e+01	   2.1500000e+02	   0.0000000e+00	   1.4950000e+03	
   2.0000000e+00	   1.1000000e+01	   2.1400000e+02	   5.7000000e-01	   2.2280000e+03	
   2.0000000e+00	   1.2000000e+01	   1.1200000e+02	   2.5000000e+00	   1.5940000e+03	
   2.0000000e+00	   1.3000000e+01	   3.1200000e+02	   2.1000000e-01	   3.0610000e+03	
   2.0000000e+00	   1.4000000e+01	   1.0500000e+02	   1.0100000e+00	   3.2280000e+03	
   2.0000000e+00	   1.5000000e+01	   1.1600000e+02	   2.7900000e+00	   2.1610000e+03	
   2.0000000e+00	   1.6000000e+01	   1.0100000e+02	   1.9500000e+00	   1.7280000e+03	
   2.0000000e+00	   1.7000000e+01	   2.0300000e+02	   7.2000000e-01	   1.9280000e+03	
   2.0000000e+00	   1.8000000e+01	   1.0600000e+02	   2.1200000e+00	   2.4270000e+03	
   2.0000000e+00	   1.9000000e+01	   3.0300000e+02	   3.3900000e+00	   2.3290000e+03	
   2.0000000e+00	   2.0000000e+01	   1.0900000e+02	   4.3200000e+00	   1.3610000e+03	
   2.0000000e+00	   2.1000000e+01	   2.0700000e+02	   1.9000000e-01	   2.1610000e+03	
   2.0000000e+00	   2.2000000e+01	   3.0400000e+02	   3.5700000e+00	   1.9280000e+03	
   2.0000000e+00	   2.3000000e+01	   2.0600000e+02	   3.9200000e+00	   2.2280000e+03	
   2.0000000e+00	   2.4000000e+01	   2.0800000e+02	   4.5100000e+00	   1.7290000e+03	
   2.0000000e+00	   2.5000000e+01	   1.1400000e+02	   3.0900000e+00	   1.5280000e+03	
   2.0000000e+00	   2.6000000e+01	   1.1100000e+02	   4.3000000e-01	   3.6600000e+03	
   2.0000000e+00	   2.7000000e+01	   1.0800000e+02	   2.6400000e+00	   1.2610000e+03	
   2.0000000e+00	   2.8000000e+01	   3.0100000e+02	   3.3700000e+00	   2.6290000e+03	
   2.0000000e+00	   2.9000000e+01	   3.1400000e+02	   3.7000000e+00	   2.8940000e+03	
   2.0000000e+00	   3.0000000e+01	   2.1200000e+02	   9.0000000e-02	   2.9940000e+03	
   2.0000000e+00	   3.1000000e+01	   3.0700000e+02	   4.6700000e+00	   4.6600000e+03	
   2.0000000e+00	   3.2000000e+01	   2.0900000e+02	   4.5900000e+00	   2.3960000e+03	
   2.0000000e+00	   3.3000000e+01	   2.0400000e+02	   1.2000000e-01	   4.8600000e+03	
   2.0000000e+00	   3.4000000e+01	   2.1100000e+02	   1.2600000e+00	   2.1610000e+03	
   2.0000000e+00	   3.5000000e+01	   1.0200000e+02	   2.1800000e+00	   1.9610000e+03	
   2.0000000e+00	   3.6000000e+01	   2.0200000e+02	   1.4600000e+00	   2.3620000e+03	
   2.0000000e+00	   3.7000000e+01	   1.0400000e+02	   8.1000000e-01	   3.6600000e+03	
   2.0000000e+00	   3.8000000e+01	   1.1300000e+02	   4.9900000e+00	   1.8610000e+03	
   2.0000000e+00	   3.9000000e+01	   1.1500000e+02	   3.1800000e+00	   2.2610000e+03	
   2.0000000e+00	   4.0000000e+01	   3.0900000e+02	   2.2700000e+00	   1.6280000e+03	
   2.0000000e+00	   4.1000000e+01	   1.0700000e+02	   2.4800000e+00	   2.6950000e+03	
   2.0000000e+00	   4.2000000e+01	   1.1000000e+02	   5.0000000e-01	   3.3280000e+03	
   2.0000000e+00	   4.3000000e+01	   2.1000000e+02	   1.5000000e+00	   2.7270000e+03	
   2.0000000e+00	   4.4000000e+01	   3.0600000e+02	   5.5000000e-01	   3.3950000e+03	
   2.0000000e+00	   4.5000000e+01	   3.0500000e+02	   3.5000000e-01	   2.6940000e+03	
