   1.0800000e+02	   1.1300000e+02	   3.0200000e+02	   1.0000000e+01	   5.0000000e+00	   2.6400000e+00	   4.9950000e+00	   8.0000000e-02	   2.0000000e+00	   1.0000000e+00	   3.0000000e+00	   1.0000000e+00	   1.5280000e+03	
   1.1500000e+02	   3.0400000e+02	   3.0200000e+02	   1.0000000e+01	   4.0000000e+00	   2.4100000e+00	   3.4600000e+00	   8.0000000e-02	   2.0000000e+00	   3.0000000e+00	   1.0000000e+00	   3.0000000e+00	   2.2610000e+03	
   1.0900000e+02	   2.0900000e+02	   2.1400000e+02	   8.0000000e+00	   1.0000000e+00	   4.5700000e+00	   4.5000000e+00	   3.7500000e-01	   1.0000000e+00	   3.0000000e+00	   2.0000000e+00	   1.0000000e+00	   2.7930000e+03	
   2.0600000e+02	   3.0400000e+02	   2.0300000e+02	   6.0000000e+00	   1.0000000e+00	   3.5250000e+00	   3.4600000e+00	   7.4000000e-01	   2.0000000e+00	   1.0000000e+00	   3.0000000e+00	   2.0000000e+00	   3.3960000e+03	
   1.1200000e+02	   2.0800000e+02	   3.1100000e+02	   1.3000000e+01	   4.0000000e+00	   2.7050000e+00	   3.8400000e+00	   4.1500000e-01	   2.0000000e+00	   1.0000000e+00	   3.0000000e+00	   2.0000000e+00	   2.9230000e+03	
   2.0800000e+02	   3.0300000e+02	   2.0300000e+02	   6.0000000e+00	   2.0000000e+00	   3.8400000e+00	   3.5000000e+00	   7.4000000e-01	   1.0000000e+00	   2.0000000e+00	   3.0000000e+00	   1.0000000e+00	   3.6860000e+03	
   1.1200000e+02	   1.1300000e+02	   2.1400000e+02	   8.0000000e+00	   5.0000000e+00	   2.7050000e+00	   4.9950000e+00	   3.7500000e-01	   3.0000000e+00	   1.0000000e+00	   2.0000000e+00	   1.0000000e+00	   1.4250000e+03	
   1.1500000e+02	   1.1600000e+02	   3.1100000e+02	   1.3000000e+01	   1.0000000e+00	   2.4100000e+00	   2.6400000e+00	   4.1500000e-01	   3.0000000e+00	   1.0000000e+00	   2.0000000e+00	   2.0000000e+00	   3.0970000e+03	
   1.1500000e+02	   2.0900000e+02	   2.0300000e+02	   6.0000000e+00	   5.0000000e+00	   2.4100000e+00	   4.5000000e+00	   7.4000000e-01	   2.0000000e+00	   1.0000000e+00	   3.0000000e+00	   1.0000000e+00	   1.8140000e+03	
   1.0800000e+02	   1.1500000e+02	   2.1500000e+02	   9.0000000e+00	   1.0000000e+00	   2.6400000e+00	   2.4100000e+00	   0.0000000e+00	   2.0000000e+00	   3.0000000e+00	   1.0000000e+00	   3.0000000e+00	   2.2700000e+03	
   1.0800000e+02	   3.0700000e+02	   3.1200000e+02	   1.4000000e+01	   5.0000000e+00	   2.6400000e+00	   4.4550000e+00	   1.0500000e-01	   3.0000000e+00	   2.0000000e+00	   1.0000000e+00	   2.0000000e+00	   2.2880000e+03	
   2.0800000e+02	   3.0300000e+02	   3.1000000e+02	   1.2000000e+01	   2.0000000e+00	   3.8400000e+00	   3.5000000e+00	   1.3500000e-01	   2.0000000e+00	   3.0000000e+00	   1.0000000e+00	   2.0000000e+00	   2.1600000e+03	
   2.0600000e+02	   3.0100000e+02	   2.1400000e+02	   8.0000000e+00	   2.0000000e+00	   3.5250000e+00	   3.1700000e+00	   3.7500000e-01	   3.0000000e+00	   1.0000000e+00	   2.0000000e+00	   1.0000000e+00	   3.1200000e+03	
   1.0900000e+02	   1.1600000e+02	   3.1200000e+02	   1.4000000e+01	   5.0000000e+00	   4.5700000e+00	   2.6400000e+00	   1.0500000e-01	   3.0000000e+00	   2.0000000e+00	   1.0000000e+00	   3.0000000e+00	   2.1810000e+03	
   3.0400000e+02	   3.0700000e+02	   1.0100000e+02	   1.0000000e+00	   3.0000000e+00	   3.4600000e+00	   4.4550000e+00	   1.0100000e+00	   1.0000000e+00	   3.0000000e+00	   2.0000000e+00	   3.0000000e+00	   1.7090000e+03	
   1.0900000e+02	   1.1600000e+02	   2.0300000e+02	   6.0000000e+00	   5.0000000e+00	   4.5700000e+00	   2.6400000e+00	   7.4000000e-01	   3.0000000e+00	   1.0000000e+00	   2.0000000e+00	   3.0000000e+00	   1.7080000e+03	
   1.0900000e+02	   3.0400000e+02	   2.1400000e+02	   8.0000000e+00	   4.0000000e+00	   4.5700000e+00	   3.4600000e+00	   3.7500000e-01	   3.0000000e+00	   2.0000000e+00	   1.0000000e+00	   3.0000000e+00	   1.4710000e+03	
   1.1500000e+02	   2.0900000e+02	   1.1000000e+02	   4.0000000e+00	   5.0000000e+00	   2.4100000e+00	   4.5000000e+00	   2.9000000e-01	   1.0000000e+00	   3.0000000e+00	   2.0000000e+00	   3.0000000e+00	   3.2330000e+03	
   1.1600000e+02	   3.0300000e+02	   3.1000000e+02	   1.2000000e+01	   3.0000000e+00	   2.6400000e+00	   3.5000000e+00	   1.3500000e-01	   1.0000000e+00	   2.0000000e+00	   3.0000000e+00	   2.0000000e+00	   3.8380000e+03	
   1.1600000e+02	   2.0900000e+02	   2.1500000e+02	   9.0000000e+00	   5.0000000e+00	   2.6400000e+00	   4.5000000e+00	   0.0000000e+00	   1.0000000e+00	   3.0000000e+00	   2.0000000e+00	   3.0000000e+00	   1.8060000e+03	
   1.0900000e+02	   1.1300000e+02	   3.0200000e+02	   1.0000000e+01	   2.0000000e+00	   4.5700000e+00	   4.9950000e+00	   8.0000000e-02	   3.0000000e+00	   2.0000000e+00	   1.0000000e+00	   2.0000000e+00	   9.9600000e+02	
   1.1200000e+02	   1.1300000e+02	   1.0100000e+02	   1.0000000e+00	   5.0000000e+00	   2.7050000e+00	   4.9950000e+00	   1.0100000e+00	   2.0000000e+00	   3.0000000e+00	   1.0000000e+00	   3.0000000e+00	   1.3120000e+03	
   1.0800000e+02	   1.0900000e+02	   3.1200000e+02	   1.4000000e+01	   5.0000000e+00	   2.6400000e+00	   4.5700000e+00	   1.0500000e-01	   1.0000000e+00	   2.0000000e+00	   3.0000000e+00	   2.0000000e+00	   1.5390000e+03	
   1.0700000e+02	   1.1300000e+02	   1.1400000e+02	   5.0000000e+00	   5.0000000e+00	   2.5700000e+00	   4.9950000e+00	   2.0200000e+00	   2.0000000e+00	   3.0000000e+00	   1.0000000e+00	   3.0000000e+00	   1.7050000e+03	
   1.1200000e+02	   3.0700000e+02	   1.1000000e+02	   4.0000000e+00	   5.0000000e+00	   2.7050000e+00	   4.4550000e+00	   2.9000000e-01	   2.0000000e+00	   1.0000000e+00	   3.0000000e+00	   1.0000000e+00	   1.9430000e+03	
   1.0800000e+02	   2.0600000e+02	   2.0300000e+02	   6.0000000e+00	   3.0000000e+00	   2.6400000e+00	   3.5250000e+00	   7.4000000e-01	   2.0000000e+00	   3.0000000e+00	   1.0000000e+00	   3.0000000e+00	   2.4530000e+03	
   2.0900000e+02	   3.0700000e+02	   1.0500000e+02	   3.0000000e+00	   1.0000000e+00	   4.5000000e+00	   4.4550000e+00	   8.2500000e-01	   1.0000000e+00	   2.0000000e+00	   3.0000000e+00	   2.0000000e+00	   2.2460000e+03	
   1.1200000e+02	   3.0400000e+02	   3.1000000e+02	   1.2000000e+01	   3.0000000e+00	   2.7050000e+00	   3.4600000e+00	   1.3500000e-01	   2.0000000e+00	   3.0000000e+00	   1.0000000e+00	   3.0000000e+00	   2.8660000e+03	
   1.0700000e+02	   1.0900000e+02	   1.0200000e+02	   2.0000000e+00	   5.0000000e+00	   2.5700000e+00	   4.5700000e+00	   2.2400000e+00	   1.0000000e+00	   2.0000000e+00	   3.0000000e+00	   2.0000000e+00	   1.2460000e+03	
   1.1600000e+02	   2.0900000e+02	   3.1300000e+02	   1.5000000e+01	   5.0000000e+00	   2.6400000e+00	   4.5000000e+00	   1.4000000e-01	   1.0000000e+00	   2.0000000e+00	   3.0000000e+00	   2.0000000e+00	   2.9800000e+03	
   1.0900000e+02	   2.0600000e+02	   3.1100000e+02	   1.3000000e+01	   3.0000000e+00	   4.5700000e+00	   3.5250000e+00	   4.1500000e-01	   1.0000000e+00	   2.0000000e+00	   3.0000000e+00	   1.0000000e+00	   1.3540000e+03	
   1.0900000e+02	   2.0800000e+02	   3.0200000e+02	   1.0000000e+01	   2.0000000e+00	   4.5700000e+00	   3.8400000e+00	   8.0000000e-02	   1.0000000e+00	   2.0000000e+00	   3.0000000e+00	   1.0000000e+00	   1.1380000e+03	
   1.1500000e+02	   1.1600000e+02	   1.0100000e+02	   1.0000000e+00	   1.0000000e+00	   2.4100000e+00	   2.6400000e+00	   1.0100000e+00	   3.0000000e+00	   2.0000000e+00	   1.0000000e+00	   2.0000000e+00	   2.1030000e+03	
   1.0900000e+02	   1.1500000e+02	   2.0300000e+02	   6.0000000e+00	   5.0000000e+00	   4.5700000e+00	   2.4100000e+00	   7.4000000e-01	   3.0000000e+00	   2.0000000e+00	   1.0000000e+00	   3.0000000e+00	   1.4810000e+03	
   2.0900000e+02	   3.0400000e+02	   3.0200000e+02	   1.0000000e+01	   3.0000000e+00	   4.5000000e+00	   3.4600000e+00	   8.0000000e-02	   1.0000000e+00	   3.0000000e+00	   2.0000000e+00	   3.0000000e+00	   2.6590000e+03	
   1.1200000e+02	   3.1400000e+02	   1.0500000e+02	   3.0000000e+00	   2.0000000e+00	   2.7050000e+00	   3.2700000e+00	   8.2500000e-01	   1.0000000e+00	   2.0000000e+00	   3.0000000e+00	   2.0000000e+00	   2.3670000e+03	
   1.0900000e+02	   1.1300000e+02	   3.0500000e+02	   1.1000000e+01	   2.0000000e+00	   4.5700000e+00	   4.9950000e+00	   1.0700000e+00	   1.0000000e+00	   3.0000000e+00	   2.0000000e+00	   1.0000000e+00	   1.5010000e+03	
   2.0900000e+02	   3.0700000e+02	   2.0300000e+02	   6.0000000e+00	   1.0000000e+00	   4.5000000e+00	   4.4550000e+00	   7.4000000e-01	   1.0000000e+00	   3.0000000e+00	   2.0000000e+00	   3.0000000e+00	   1.6270000e+03	
   1.0800000e+02	   2.0900000e+02	   3.1300000e+02	   1.5000000e+01	   5.0000000e+00	   2.6400000e+00	   4.5000000e+00	   1.4000000e-01	   3.0000000e+00	   2.0000000e+00	   1.0000000e+00	   2.0000000e+00	   1.8030000e+03	
   1.1200000e+02	   3.0300000e+02	   3.0500000e+02	   1.1000000e+01	   3.0000000e+00	   2.7050000e+00	   3.5000000e+00	   1.0700000e+00	   1.0000000e+00	   2.0000000e+00	   3.0000000e+00	   3.0000000e+00	   3.9090000e+03	
   3.0300000e+02	   3.1400000e+02	   3.0200000e+02	   1.0000000e+01	   1.0000000e+00	   3.5000000e+00	   3.2700000e+00	   8.0000000e-02	   1.0000000e+00	   2.0000000e+00	   3.0000000e+00	   2.0000000e+00	   2.5140000e+03	
   1.0900000e+02	   3.0100000e+02	   3.1300000e+02	   1.5000000e+01	   4.0000000e+00	   4.5700000e+00	   3.1700000e+00	   1.4000000e-01	   1.0000000e+00	   2.0000000e+00	   3.0000000e+00	   1.0000000e+00	   2.1170000e+03	
   2.0600000e+02	   3.0100000e+02	   2.0300000e+02	   6.0000000e+00	   2.0000000e+00	   3.5250000e+00	   3.1700000e+00	   7.4000000e-01	   3.0000000e+00	   2.0000000e+00	   1.0000000e+00	   3.0000000e+00	   2.5360000e+03	
   1.0900000e+02	   3.0700000e+02	   1.1000000e+02	   4.0000000e+00	   1.0000000e+00	   4.5700000e+00	   4.4550000e+00	   2.9000000e-01	   1.0000000e+00	   3.0000000e+00	   2.0000000e+00	   3.0000000e+00	   2.6430000e+03	
   1.0700000e+02	   2.0600000e+02	   3.0500000e+02	   1.1000000e+01	   3.0000000e+00	   2.5700000e+00	   3.5250000e+00	   1.0700000e+00	   2.0000000e+00	   1.0000000e+00	   3.0000000e+00	   1.0000000e+00	   2.9490000e+03	
   1.1200000e+02	   1.1600000e+02	   1.1400000e+02	   5.0000000e+00	   1.0000000e+00	   2.7050000e+00	   2.6400000e+00	   2.0200000e+00	   3.0000000e+00	   1.0000000e+00	   2.0000000e+00	   3.0000000e+00	   4.0540000e+03	
   2.0800000e+02	   3.0100000e+02	   2.1500000e+02	   9.0000000e+00	   2.0000000e+00	   3.8400000e+00	   3.1700000e+00	   0.0000000e+00	   2.0000000e+00	   1.0000000e+00	   3.0000000e+00	   2.0000000e+00	   3.9810000e+03	
   1.0900000e+02	   3.0100000e+02	   2.1500000e+02	   9.0000000e+00	   4.0000000e+00	   4.5700000e+00	   3.1700000e+00	   0.0000000e+00	   3.0000000e+00	   1.0000000e+00	   2.0000000e+00	   3.0000000e+00	   1.5870000e+03	
   2.0600000e+02	   3.0700000e+02	   1.1000000e+02	   4.0000000e+00	   3.0000000e+00	   3.5250000e+00	   4.4550000e+00	   2.9000000e-01	   1.0000000e+00	   2.0000000e+00	   3.0000000e+00	   2.0000000e+00	   2.3850000e+03	
   1.0800000e+02	   1.1300000e+02	   2.1400000e+02	   8.0000000e+00	   5.0000000e+00	   2.6400000e+00	   4.9950000e+00	   3.7500000e-01	   3.0000000e+00	   2.0000000e+00	   1.0000000e+00	   2.0000000e+00	   1.0630000e+03	
   1.1200000e+02	   1.1500000e+02	   3.1000000e+02	   1.2000000e+01	   1.0000000e+00	   2.7050000e+00	   2.4100000e+00	   1.3500000e-01	   3.0000000e+00	   1.0000000e+00	   2.0000000e+00	   3.0000000e+00	   3.1010000e+03	
   1.1300000e+02	   3.0300000e+02	   2.1300000e+02	   7.0000000e+00	   4.0000000e+00	   4.9950000e+00	   3.5000000e+00	   6.5000000e-02	   1.0000000e+00	   2.0000000e+00	   3.0000000e+00	   1.0000000e+00	   1.2600000e+03	
   1.0700000e+02	   2.0600000e+02	   2.0300000e+02	   6.0000000e+00	   3.0000000e+00	   2.5700000e+00	   3.5250000e+00	   7.4000000e-01	   3.0000000e+00	   1.0000000e+00	   2.0000000e+00	   1.0000000e+00	   1.5770000e+03	
   3.0300000e+02	   3.0700000e+02	   3.0500000e+02	   1.1000000e+01	   3.0000000e+00	   3.5000000e+00	   4.4550000e+00	   1.0700000e+00	   1.0000000e+00	   3.0000000e+00	   2.0000000e+00	   3.0000000e+00	   1.4970000e+03	
   1.1300000e+02	   2.0600000e+02	   1.1000000e+02	   4.0000000e+00	   4.0000000e+00	   4.9950000e+00	   3.5250000e+00	   2.9000000e-01	   2.0000000e+00	   1.0000000e+00	   3.0000000e+00	   2.0000000e+00	   1.6130000e+03	
   1.1200000e+02	   3.0700000e+02	   2.1500000e+02	   9.0000000e+00	   5.0000000e+00	   2.7050000e+00	   4.4550000e+00	   0.0000000e+00	   3.0000000e+00	   2.0000000e+00	   1.0000000e+00	   2.0000000e+00	   1.6910000e+03	
   1.1500000e+02	   3.0300000e+02	   2.1400000e+02	   8.0000000e+00	   4.0000000e+00	   2.4100000e+00	   3.5000000e+00	   3.7500000e-01	   3.0000000e+00	   1.0000000e+00	   2.0000000e+00	   1.0000000e+00	   1.9530000e+03	
   3.0100000e+02	   3.0400000e+02	   3.1000000e+02	   1.2000000e+01	   1.0000000e+00	   3.1700000e+00	   3.4600000e+00	   1.3500000e-01	   3.0000000e+00	   2.0000000e+00	   1.0000000e+00	   2.0000000e+00	   2.5300000e+03	
   3.0300000e+02	   3.1400000e+02	   2.1400000e+02	   8.0000000e+00	   1.0000000e+00	   3.5000000e+00	   3.2700000e+00	   3.7500000e-01	   3.0000000e+00	   2.0000000e+00	   1.0000000e+00	   2.0000000e+00	   1.8230000e+03	
   1.1200000e+02	   1.1600000e+02	   2.1500000e+02	   9.0000000e+00	   1.0000000e+00	   2.7050000e+00	   2.6400000e+00	   0.0000000e+00	   2.0000000e+00	   1.0000000e+00	   3.0000000e+00	   1.0000000e+00	   2.5730000e+03	
   1.1300000e+02	   3.0400000e+02	   3.1100000e+02	   1.3000000e+01	   4.0000000e+00	   4.9950000e+00	   3.4600000e+00	   4.1500000e-01	   3.0000000e+00	   1.0000000e+00	   2.0000000e+00	   3.0000000e+00	   1.5760000e+03	
   2.0600000e+02	   3.0700000e+02	   3.1300000e+02	   1.5000000e+01	   3.0000000e+00	   3.5250000e+00	   4.4550000e+00	   1.4000000e-01	   2.0000000e+00	   3.0000000e+00	   1.0000000e+00	   3.0000000e+00	   2.1020000e+03	
   1.1500000e+02	   2.0600000e+02	   1.1400000e+02	   5.0000000e+00	   4.0000000e+00	   2.4100000e+00	   3.5250000e+00	   2.0200000e+00	   2.0000000e+00	   3.0000000e+00	   1.0000000e+00	   3.0000000e+00	   2.2090000e+03	
   3.0100000e+02	   3.1400000e+02	   3.1000000e+02	   1.2000000e+01	   1.0000000e+00	   3.1700000e+00	   3.2700000e+00	   1.3500000e-01	   3.0000000e+00	   2.0000000e+00	   1.0000000e+00	   3.0000000e+00	   3.0600000e+03	
   1.1200000e+02	   1.1500000e+02	   3.0200000e+02	   1.0000000e+01	   1.0000000e+00	   2.7050000e+00	   2.4100000e+00	   8.0000000e-02	   1.0000000e+00	   2.0000000e+00	   3.0000000e+00	   2.0000000e+00	   3.4820000e+03	
   1.0900000e+02	   2.0800000e+02	   3.1100000e+02	   1.3000000e+01	   2.0000000e+00	   4.5700000e+00	   3.8400000e+00	   4.1500000e-01	   1.0000000e+00	   2.0000000e+00	   3.0000000e+00	   1.0000000e+00	   1.6250000e+03	
   2.0600000e+02	   3.0100000e+02	   3.0500000e+02	   1.1000000e+01	   2.0000000e+00	   3.5250000e+00	   3.1700000e+00	   1.0700000e+00	   3.0000000e+00	   1.0000000e+00	   2.0000000e+00	   1.0000000e+00	   3.3190000e+03	
   3.0100000e+02	   3.0300000e+02	   1.0200000e+02	   2.0000000e+00	   2.0000000e+00	   3.1700000e+00	   3.5000000e+00	   2.2400000e+00	   2.0000000e+00	   3.0000000e+00	   1.0000000e+00	   3.0000000e+00	   4.1790000e+03	
   1.0900000e+02	   1.1300000e+02	   3.1100000e+02	   1.3000000e+01	   2.0000000e+00	   4.5700000e+00	   4.9950000e+00	   4.1500000e-01	   2.0000000e+00	   1.0000000e+00	   3.0000000e+00	   1.0000000e+00	   1.4480000e+03	
   2.0600000e+02	   3.0100000e+02	   1.0500000e+02	   3.0000000e+00	   2.0000000e+00	   3.5250000e+00	   3.1700000e+00	   8.2500000e-01	   2.0000000e+00	   3.0000000e+00	   1.0000000e+00	   3.0000000e+00	   2.7950000e+03	
   1.1600000e+02	   3.0100000e+02	   2.1500000e+02	   9.0000000e+00	   2.0000000e+00	   2.6400000e+00	   3.1700000e+00	   0.0000000e+00	   1.0000000e+00	   2.0000000e+00	   3.0000000e+00	   1.0000000e+00	   1.9170000e+03	
   2.0800000e+02	   3.0400000e+02	   2.1300000e+02	   7.0000000e+00	   2.0000000e+00	   3.8400000e+00	   3.4600000e+00	   6.5000000e-02	   1.0000000e+00	   3.0000000e+00	   2.0000000e+00	   3.0000000e+00	   4.3120000e+03	
   1.0800000e+02	   3.0700000e+02	   1.0100000e+02	   1.0000000e+00	   5.0000000e+00	   2.6400000e+00	   4.4550000e+00	   1.0100000e+00	   1.0000000e+00	   2.0000000e+00	   3.0000000e+00	   2.0000000e+00	   3.1830000e+03	
   1.1200000e+02	   2.0900000e+02	   3.0500000e+02	   1.1000000e+01	   5.0000000e+00	   2.7050000e+00	   4.5000000e+00	   1.0700000e+00	   3.0000000e+00	   2.0000000e+00	   1.0000000e+00	   2.0000000e+00	   2.8780000e+03	
   1.1200000e+02	   2.0800000e+02	   1.0200000e+02	   2.0000000e+00	   4.0000000e+00	   2.7050000e+00	   3.8400000e+00	   2.2400000e+00	   2.0000000e+00	   1.0000000e+00	   3.0000000e+00	   2.0000000e+00	   2.4790000e+03	
   3.0100000e+02	   3.0700000e+02	   3.1300000e+02	   1.5000000e+01	   4.0000000e+00	   3.1700000e+00	   4.4550000e+00	   1.4000000e-01	   3.0000000e+00	   2.0000000e+00	   1.0000000e+00	   2.0000000e+00	   1.4530000e+03	
   2.0600000e+02	   3.0100000e+02	   3.1100000e+02	   1.3000000e+01	   2.0000000e+00	   3.5250000e+00	   3.1700000e+00	   4.1500000e-01	   1.0000000e+00	   3.0000000e+00	   2.0000000e+00	   3.0000000e+00	   2.4970000e+03	
   1.0700000e+02	   1.0900000e+02	   1.1400000e+02	   5.0000000e+00	   5.0000000e+00	   2.5700000e+00	   4.5700000e+00	   2.0200000e+00	   3.0000000e+00	   2.0000000e+00	   1.0000000e+00	   2.0000000e+00	   1.8560000e+03	
   1.0800000e+02	   3.1400000e+02	   1.0200000e+02	   2.0000000e+00	   2.0000000e+00	   2.6400000e+00	   3.2700000e+00	   2.2400000e+00	   1.0000000e+00	   2.0000000e+00	   3.0000000e+00	   2.0000000e+00	   3.8460000e+03	
   1.1300000e+02	   3.0300000e+02	   3.1100000e+02	   1.3000000e+01	   4.0000000e+00	   4.9950000e+00	   3.5000000e+00	   4.1500000e-01	   2.0000000e+00	   3.0000000e+00	   1.0000000e+00	   2.0000000e+00	   1.2250000e+03	
   3.0300000e+02	   3.1400000e+02	   1.0200000e+02	   2.0000000e+00	   1.0000000e+00	   3.5000000e+00	   3.2700000e+00	   2.2400000e+00	   3.0000000e+00	   2.0000000e+00	   1.0000000e+00	   2.0000000e+00	   1.9800000e+03	
   1.1300000e+02	   2.0900000e+02	   3.1000000e+02	   1.2000000e+01	   2.0000000e+00	   4.9950000e+00	   4.5000000e+00	   1.3500000e-01	   3.0000000e+00	   1.0000000e+00	   2.0000000e+00	   3.0000000e+00	   1.3680000e+03	
   2.0800000e+02	   3.0700000e+02	   2.1300000e+02	   7.0000000e+00	   2.0000000e+00	   3.8400000e+00	   4.4550000e+00	   6.5000000e-02	   2.0000000e+00	   1.0000000e+00	   3.0000000e+00	   1.0000000e+00	   1.5500000e+03	
   2.0900000e+02	   3.0300000e+02	   1.0500000e+02	   3.0000000e+00	   3.0000000e+00	   4.5000000e+00	   3.5000000e+00	   8.2500000e-01	   3.0000000e+00	   2.0000000e+00	   1.0000000e+00	   3.0000000e+00	   3.0350000e+03	
   2.0800000e+02	   2.0900000e+02	   3.1300000e+02	   1.5000000e+01	   2.0000000e+00	   3.8400000e+00	   4.5000000e+00	   1.4000000e-01	   1.0000000e+00	   2.0000000e+00	   3.0000000e+00	   2.0000000e+00	   2.6600000e+03	
   1.0900000e+02	   3.1400000e+02	   2.0300000e+02	   6.0000000e+00	   4.0000000e+00	   4.5700000e+00	   3.2700000e+00	   7.4000000e-01	   3.0000000e+00	   1.0000000e+00	   2.0000000e+00	   3.0000000e+00	   1.6980000e+03	
   1.0900000e+02	   2.0600000e+02	   3.1200000e+02	   1.4000000e+01	   3.0000000e+00	   4.5700000e+00	   3.5250000e+00	   1.0500000e-01	   3.0000000e+00	   2.0000000e+00	   1.0000000e+00	   3.0000000e+00	   1.7790000e+03	
   1.1200000e+02	   1.1500000e+02	   2.1500000e+02	   9.0000000e+00	   1.0000000e+00	   2.7050000e+00	   2.4100000e+00	   0.0000000e+00	   1.0000000e+00	   3.0000000e+00	   2.0000000e+00	   1.0000000e+00	   1.6770000e+03	
   3.0300000e+02	   3.1400000e+02	   2.1300000e+02	   7.0000000e+00	   1.0000000e+00	   3.5000000e+00	   3.2700000e+00	   6.5000000e-02	   3.0000000e+00	   2.0000000e+00	   1.0000000e+00	   2.0000000e+00	   1.9440000e+03	
   1.1200000e+02	   2.0800000e+02	   3.0500000e+02	   1.1000000e+01	   4.0000000e+00	   2.7050000e+00	   3.8400000e+00	   1.0700000e+00	   1.0000000e+00	   2.0000000e+00	   3.0000000e+00	   1.0000000e+00	   1.3440000e+03	
   1.0800000e+02	   3.0700000e+02	   1.0200000e+02	   2.0000000e+00	   5.0000000e+00	   2.6400000e+00	   4.4550000e+00	   2.2400000e+00	   1.0000000e+00	   2.0000000e+00	   3.0000000e+00	   2.0000000e+00	   2.2020000e+03	
   1.0700000e+02	   3.0100000e+02	   3.0500000e+02	   1.1000000e+01	   2.0000000e+00	   2.5700000e+00	   3.1700000e+00	   1.0700000e+00	   1.0000000e+00	   2.0000000e+00	   3.0000000e+00	   2.0000000e+00	   1.7250000e+03	
   3.0700000e+02	   3.1400000e+02	   3.0200000e+02	   1.0000000e+01	   4.0000000e+00	   4.4550000e+00	   3.2700000e+00	   8.0000000e-02	   1.0000000e+00	   2.0000000e+00	   3.0000000e+00	   1.0000000e+00	   1.7480000e+03	
   1.1200000e+02	   3.0700000e+02	   3.1200000e+02	   1.4000000e+01	   5.0000000e+00	   2.7050000e+00	   4.4550000e+00	   1.0500000e-01	   3.0000000e+00	   2.0000000e+00	   1.0000000e+00	   2.0000000e+00	   3.7030000e+03	
   1.0800000e+02	   2.0900000e+02	   3.1100000e+02	   1.3000000e+01	   5.0000000e+00	   2.6400000e+00	   4.5000000e+00	   4.1500000e-01	   3.0000000e+00	   2.0000000e+00	   1.0000000e+00	   2.0000000e+00	   3.3110000e+03	
   1.0800000e+02	   1.1200000e+02	   3.0200000e+02	   1.0000000e+01	   1.0000000e+00	   2.6400000e+00	   2.7050000e+00	   8.0000000e-02	   3.0000000e+00	   1.0000000e+00	   2.0000000e+00	   1.0000000e+00	   1.7090000e+03	
   1.1600000e+02	   3.1400000e+02	   2.1300000e+02	   7.0000000e+00	   2.0000000e+00	   2.6400000e+00	   3.2700000e+00	   6.5000000e-02	   3.0000000e+00	   2.0000000e+00	   1.0000000e+00	   3.0000000e+00	   2.4890000e+03	
   1.1600000e+02	   2.0600000e+02	   1.0500000e+02	   3.0000000e+00	   3.0000000e+00	   2.6400000e+00	   3.5250000e+00	   8.2500000e-01	   3.0000000e+00	   1.0000000e+00	   2.0000000e+00	   3.0000000e+00	   2.1380000e+03	
   2.0900000e+02	   3.0300000e+02	   2.1300000e+02	   7.0000000e+00	   3.0000000e+00	   4.5000000e+00	   3.5000000e+00	   6.5000000e-02	   3.0000000e+00	   1.0000000e+00	   2.0000000e+00	   1.0000000e+00	   2.4500000e+03	
   1.0700000e+02	   1.1500000e+02	   3.1100000e+02	   1.3000000e+01	   1.0000000e+00	   2.5700000e+00	   2.4100000e+00	   4.1500000e-01	   3.0000000e+00	   2.0000000e+00	   1.0000000e+00	   2.0000000e+00	   2.7980000e+03	
   1.0700000e+02	   3.1400000e+02	   3.1100000e+02	   1.3000000e+01	   2.0000000e+00	   2.5700000e+00	   3.2700000e+00	   4.1500000e-01	   1.0000000e+00	   3.0000000e+00	   2.0000000e+00	   3.0000000e+00	   1.8440000e+03	
   2.0900000e+02	   3.0400000e+02	   1.1400000e+02	   5.0000000e+00	   3.0000000e+00	   4.5000000e+00	   3.4600000e+00	   2.0200000e+00	   1.0000000e+00	   3.0000000e+00	   2.0000000e+00	   1.0000000e+00	   3.3310000e+03	
   1.0700000e+02	   2.0900000e+02	   1.1000000e+02	   4.0000000e+00	   5.0000000e+00	   2.5700000e+00	   4.5000000e+00	   2.9000000e-01	   3.0000000e+00	   1.0000000e+00	   2.0000000e+00	   1.0000000e+00	   1.8100000e+03	
   1.1200000e+02	   2.0900000e+02	   1.0500000e+02	   3.0000000e+00	   5.0000000e+00	   2.7050000e+00	   4.5000000e+00	   8.2500000e-01	   3.0000000e+00	   1.0000000e+00	   2.0000000e+00	   3.0000000e+00	   1.0580000e+03	
   3.0700000e+02	   3.1400000e+02	   1.1000000e+02	   4.0000000e+00	   4.0000000e+00	   4.4550000e+00	   3.2700000e+00	   2.9000000e-01	   1.0000000e+00	   2.0000000e+00	   3.0000000e+00	   1.0000000e+00	   1.6820000e+03	
   1.0700000e+02	   1.1300000e+02	   3.1000000e+02	   1.2000000e+01	   5.0000000e+00	   2.5700000e+00	   4.9950000e+00	   1.3500000e-01	   2.0000000e+00	   1.0000000e+00	   3.0000000e+00	   1.0000000e+00	   1.3790000e+03	
   1.1500000e+02	   3.1400000e+02	   3.1100000e+02	   1.3000000e+01	   3.0000000e+00	   2.4100000e+00	   3.2700000e+00	   4.1500000e-01	   3.0000000e+00	   1.0000000e+00	   2.0000000e+00	   1.0000000e+00	   2.2230000e+03	
   1.1200000e+02	   3.0100000e+02	   1.0200000e+02	   2.0000000e+00	   2.0000000e+00	   2.7050000e+00	   3.1700000e+00	   2.2400000e+00	   3.0000000e+00	   1.0000000e+00	   2.0000000e+00	   3.0000000e+00	   1.7570000e+03	
   1.0800000e+02	   3.0700000e+02	   3.1100000e+02	   1.3000000e+01	   5.0000000e+00	   2.6400000e+00	   4.4550000e+00	   4.1500000e-01	   2.0000000e+00	   1.0000000e+00	   3.0000000e+00	   1.0000000e+00	   1.2680000e+03	
   1.1300000e+02	   3.0300000e+02	   3.1000000e+02	   1.2000000e+01	   4.0000000e+00	   4.9950000e+00	   3.5000000e+00	   1.3500000e-01	   1.0000000e+00	   2.0000000e+00	   3.0000000e+00	   1.0000000e+00	   1.0850000e+03	
   1.1200000e+02	   1.1600000e+02	   3.0500000e+02	   1.1000000e+01	   1.0000000e+00	   2.7050000e+00	   2.6400000e+00	   1.0700000e+00	   3.0000000e+00	   1.0000000e+00	   2.0000000e+00	   1.0000000e+00	   1.4610000e+03	
   1.1200000e+02	   2.0600000e+02	   1.1000000e+02	   4.0000000e+00	   3.0000000e+00	   2.7050000e+00	   3.5250000e+00	   2.9000000e-01	   2.0000000e+00	   3.0000000e+00	   1.0000000e+00	   2.0000000e+00	   1.7080000e+03	
   2.0900000e+02	   3.0700000e+02	   3.1000000e+02	   1.2000000e+01	   1.0000000e+00	   4.5000000e+00	   4.4550000e+00	   1.3500000e-01	   3.0000000e+00	   2.0000000e+00	   1.0000000e+00	   2.0000000e+00	   1.2530000e+03	
   1.0900000e+02	   3.0400000e+02	   2.1500000e+02	   9.0000000e+00	   4.0000000e+00	   4.5700000e+00	   3.4600000e+00	   0.0000000e+00	   3.0000000e+00	   2.0000000e+00	   1.0000000e+00	   3.0000000e+00	   1.2010000e+03	
   1.0800000e+02	   3.0300000e+02	   3.1100000e+02	   1.3000000e+01	   3.0000000e+00	   2.6400000e+00	   3.5000000e+00	   4.1500000e-01	   3.0000000e+00	   1.0000000e+00	   2.0000000e+00	   1.0000000e+00	   3.1350000e+03	
   2.0900000e+02	   3.1400000e+02	   3.1200000e+02	   1.4000000e+01	   4.0000000e+00	   4.5000000e+00	   3.2700000e+00	   1.0500000e-01	   3.0000000e+00	   1.0000000e+00	   2.0000000e+00	   1.0000000e+00	   1.9330000e+03	
   3.0100000e+02	   3.0300000e+02	   2.1400000e+02	   8.0000000e+00	   2.0000000e+00	   3.1700000e+00	   3.5000000e+00	   3.7500000e-01	   2.0000000e+00	   3.0000000e+00	   1.0000000e+00	   3.0000000e+00	   2.1710000e+03	
   1.1500000e+02	   2.0800000e+02	   3.1200000e+02	   1.4000000e+01	   4.0000000e+00	   2.4100000e+00	   3.8400000e+00	   1.0500000e-01	   3.0000000e+00	   2.0000000e+00	   1.0000000e+00	   2.0000000e+00	   2.8760000e+03	
   1.0700000e+02	   3.1400000e+02	   1.1000000e+02	   4.0000000e+00	   2.0000000e+00	   2.5700000e+00	   3.2700000e+00	   2.9000000e-01	   3.0000000e+00	   2.0000000e+00	   1.0000000e+00	   2.0000000e+00	   1.7290000e+03	
   1.1500000e+02	   3.0400000e+02	   1.0200000e+02	   2.0000000e+00	   4.0000000e+00	   2.4100000e+00	   3.4600000e+00	   2.2400000e+00	   1.0000000e+00	   3.0000000e+00	   2.0000000e+00	   3.0000000e+00	   1.9520000e+03	
   2.0600000e+02	   3.0300000e+02	   1.0500000e+02	   3.0000000e+00	   1.0000000e+00	   3.5250000e+00	   3.5000000e+00	   8.2500000e-01	   2.0000000e+00	   3.0000000e+00	   1.0000000e+00	   3.0000000e+00	   2.4260000e+03	
   1.0900000e+02	   2.0800000e+02	   3.1200000e+02	   1.4000000e+01	   2.0000000e+00	   4.5700000e+00	   3.8400000e+00	   1.0500000e-01	   2.0000000e+00	   1.0000000e+00	   3.0000000e+00	   2.0000000e+00	   1.3840000e+03	
   1.0700000e+02	   2.0900000e+02	   1.1400000e+02	   5.0000000e+00	   5.0000000e+00	   2.5700000e+00	   4.5000000e+00	   2.0200000e+00	   3.0000000e+00	   1.0000000e+00	   2.0000000e+00	   1.0000000e+00	   1.9540000e+03	
   1.0900000e+02	   3.0400000e+02	   1.0200000e+02	   2.0000000e+00	   4.0000000e+00	   4.5700000e+00	   3.4600000e+00	   2.2400000e+00	   2.0000000e+00	   3.0000000e+00	   1.0000000e+00	   2.0000000e+00	   1.4580000e+03	
   1.1300000e+02	   3.1400000e+02	   2.1300000e+02	   7.0000000e+00	   4.0000000e+00	   4.9950000e+00	   3.2700000e+00	   6.5000000e-02	   2.0000000e+00	   1.0000000e+00	   3.0000000e+00	   2.0000000e+00	   1.1010000e+03	
   1.0800000e+02	   2.0800000e+02	   3.1000000e+02	   1.2000000e+01	   4.0000000e+00	   2.6400000e+00	   3.8400000e+00	   1.3500000e-01	   2.0000000e+00	   3.0000000e+00	   1.0000000e+00	   2.0000000e+00	   3.4330000e+03	
   1.0900000e+02	   1.1300000e+02	   1.0100000e+02	   1.0000000e+00	   2.0000000e+00	   4.5700000e+00	   4.9950000e+00	   1.0100000e+00	   1.0000000e+00	   3.0000000e+00	   2.0000000e+00	   3.0000000e+00	   9.9200000e+02	
   2.0900000e+02	   3.0300000e+02	   3.0200000e+02	   1.0000000e+01	   3.0000000e+00	   4.5000000e+00	   3.5000000e+00	   8.0000000e-02	   2.0000000e+00	   3.0000000e+00	   1.0000000e+00	   2.0000000e+00	   1.4180000e+03	
   3.0400000e+02	   3.0700000e+02	   2.0300000e+02	   6.0000000e+00	   3.0000000e+00	   3.4600000e+00	   4.4550000e+00	   7.4000000e-01	   2.0000000e+00	   1.0000000e+00	   3.0000000e+00	   1.0000000e+00	   1.2590000e+03	
   2.0600000e+02	   3.0300000e+02	   1.0200000e+02	   2.0000000e+00	   1.0000000e+00	   3.5250000e+00	   3.5000000e+00	   2.2400000e+00	   1.0000000e+00	   2.0000000e+00	   3.0000000e+00	   2.0000000e+00	   2.0730000e+03	
   1.1500000e+02	   3.0100000e+02	   2.1500000e+02	   9.0000000e+00	   3.0000000e+00	   2.4100000e+00	   3.1700000e+00	   0.0000000e+00	   3.0000000e+00	   2.0000000e+00	   1.0000000e+00	   2.0000000e+00	   1.9920000e+03	
   1.1300000e+02	   2.0600000e+02	   3.1200000e+02	   1.4000000e+01	   4.0000000e+00	   4.9950000e+00	   3.5250000e+00	   1.0500000e-01	   2.0000000e+00	   1.0000000e+00	   3.0000000e+00	   2.0000000e+00	   8.9900000e+02	
   1.1300000e+02	   3.0300000e+02	   1.1400000e+02	   5.0000000e+00	   4.0000000e+00	   4.9950000e+00	   3.5000000e+00	   2.0200000e+00	   1.0000000e+00	   3.0000000e+00	   2.0000000e+00	   1.0000000e+00	   1.4340000e+03	
   1.0700000e+02	   2.0600000e+02	   1.0100000e+02	   1.0000000e+00	   3.0000000e+00	   2.5700000e+00	   3.5250000e+00	   1.0100000e+00	   3.0000000e+00	   1.0000000e+00	   2.0000000e+00	   1.0000000e+00	   3.0010000e+03	
   1.0800000e+02	   2.0600000e+02	   3.0200000e+02	   1.0000000e+01	   3.0000000e+00	   2.6400000e+00	   3.5250000e+00	   8.0000000e-02	   1.0000000e+00	   2.0000000e+00	   3.0000000e+00	   1.0000000e+00	   1.7480000e+03	
   1.1300000e+02	   1.1500000e+02	   2.1400000e+02	   8.0000000e+00	   5.0000000e+00	   4.9950000e+00	   2.4100000e+00	   3.7500000e-01	   2.0000000e+00	   1.0000000e+00	   3.0000000e+00	   2.0000000e+00	   1.1050000e+03	
   1.1600000e+02	   3.0100000e+02	   1.0100000e+02	   1.0000000e+00	   2.0000000e+00	   2.6400000e+00	   3.1700000e+00	   1.0100000e+00	   1.0000000e+00	   3.0000000e+00	   2.0000000e+00	   1.0000000e+00	   1.5400000e+03	
   1.1300000e+02	   1.1500000e+02	   3.1300000e+02	   1.5000000e+01	   5.0000000e+00	   4.9950000e+00	   2.4100000e+00	   1.4000000e-01	   2.0000000e+00	   3.0000000e+00	   1.0000000e+00	   2.0000000e+00	   6.9600000e+02	
   3.0300000e+02	   3.1400000e+02	   1.0100000e+02	   1.0000000e+00	   1.0000000e+00	   3.5000000e+00	   3.2700000e+00	   1.0100000e+00	   2.0000000e+00	   3.0000000e+00	   1.0000000e+00	   3.0000000e+00	   1.1990000e+03	
   1.1500000e+02	   1.1600000e+02	   3.1200000e+02	   1.4000000e+01	   1.0000000e+00	   2.4100000e+00	   2.6400000e+00	   1.0500000e-01	   2.0000000e+00	   3.0000000e+00	   1.0000000e+00	   3.0000000e+00	   1.3700000e+03	
   2.0600000e+02	   2.0900000e+02	   3.1200000e+02	   1.4000000e+01	   3.0000000e+00	   3.5250000e+00	   4.5000000e+00	   1.0500000e-01	   3.0000000e+00	   1.0000000e+00	   2.0000000e+00	   1.0000000e+00	   1.5250000e+03	
   3.0100000e+02	   3.0300000e+02	   3.1300000e+02	   1.5000000e+01	   2.0000000e+00	   3.1700000e+00	   3.5000000e+00	   1.4000000e-01	   3.0000000e+00	   2.0000000e+00	   1.0000000e+00	   2.0000000e+00	   1.4090000e+03	
   1.1300000e+02	   2.0900000e+02	   1.1400000e+02	   5.0000000e+00	   2.0000000e+00	   4.9950000e+00	   4.5000000e+00	   2.0200000e+00	   2.0000000e+00	   1.0000000e+00	   3.0000000e+00	   2.0000000e+00	   8.2800000e+02	
   1.0900000e+02	   1.1500000e+02	   3.1300000e+02	   1.5000000e+01	   5.0000000e+00	   4.5700000e+00	   2.4100000e+00	   1.4000000e-01	   2.0000000e+00	   3.0000000e+00	   1.0000000e+00	   2.0000000e+00	   8.1500000e+02	
   1.0700000e+02	   1.0900000e+02	   2.1300000e+02	   7.0000000e+00	   5.0000000e+00	   2.5700000e+00	   4.5700000e+00	   6.5000000e-02	   1.0000000e+00	   3.0000000e+00	   2.0000000e+00	   3.0000000e+00	   9.0700000e+02	
   1.1600000e+02	   3.0300000e+02	   1.0200000e+02	   2.0000000e+00	   3.0000000e+00	   2.6400000e+00	   3.5000000e+00	   2.2400000e+00	   1.0000000e+00	   3.0000000e+00	   2.0000000e+00	   1.0000000e+00	   1.2250000e+03	
   1.1500000e+02	   2.0900000e+02	   3.0200000e+02	   1.0000000e+01	   5.0000000e+00	   2.4100000e+00	   4.5000000e+00	   8.0000000e-02	   2.0000000e+00	   1.0000000e+00	   3.0000000e+00	   1.0000000e+00	   1.4250000e+03	
   2.0800000e+02	   3.0100000e+02	   3.0500000e+02	   1.1000000e+01	   2.0000000e+00	   3.8400000e+00	   3.1700000e+00	   1.0700000e+00	   1.0000000e+00	   2.0000000e+00	   3.0000000e+00	   1.0000000e+00	   1.3420000e+03	
   1.0700000e+02	   1.1500000e+02	   1.1400000e+02	   5.0000000e+00	   1.0000000e+00	   2.5700000e+00	   2.4100000e+00	   2.0200000e+00	   1.0000000e+00	   3.0000000e+00	   2.0000000e+00	   1.0000000e+00	   6.1620000e+03	
   3.0300000e+02	   3.0700000e+02	   1.0200000e+02	   2.0000000e+00	   3.0000000e+00	   3.5000000e+00	   4.4550000e+00	   2.2400000e+00	   1.0000000e+00	   3.0000000e+00	   2.0000000e+00	   3.0000000e+00	   1.1330000e+03	
   2.0600000e+02	   2.0900000e+02	   1.0200000e+02	   2.0000000e+00	   3.0000000e+00	   3.5250000e+00	   4.5000000e+00	   2.2400000e+00	   1.0000000e+00	   2.0000000e+00	   3.0000000e+00	   2.0000000e+00	   1.2850000e+03	
   1.0700000e+02	   2.0900000e+02	   2.0300000e+02	   6.0000000e+00	   5.0000000e+00	   2.5700000e+00	   4.5000000e+00	   7.4000000e-01	   3.0000000e+00	   1.0000000e+00	   2.0000000e+00	   1.0000000e+00	   1.6720000e+03	
   1.0800000e+02	   3.0100000e+02	   3.0200000e+02	   1.0000000e+01	   2.0000000e+00	   2.6400000e+00	   3.1700000e+00	   8.0000000e-02	   2.0000000e+00	   3.0000000e+00	   1.0000000e+00	   2.0000000e+00	   1.4810000e+03	
   1.1300000e+02	   2.0600000e+02	   1.1400000e+02	   5.0000000e+00	   4.0000000e+00	   4.9950000e+00	   3.5250000e+00	   2.0200000e+00	   3.0000000e+00	   2.0000000e+00	   1.0000000e+00	   3.0000000e+00	   9.7800000e+02	
   1.0800000e+02	   3.0400000e+02	   1.0200000e+02	   2.0000000e+00	   3.0000000e+00	   2.6400000e+00	   3.4600000e+00	   2.2400000e+00	   3.0000000e+00	   2.0000000e+00	   1.0000000e+00	   3.0000000e+00	   2.4340000e+03	
   1.0800000e+02	   2.0800000e+02	   3.0200000e+02	   1.0000000e+01	   4.0000000e+00	   2.6400000e+00	   3.8400000e+00	   8.0000000e-02	   2.0000000e+00	   1.0000000e+00	   3.0000000e+00	   1.0000000e+00	   1.5730000e+03	
   1.1500000e+02	   3.0300000e+02	   3.0200000e+02	   1.0000000e+01	   4.0000000e+00	   2.4100000e+00	   3.5000000e+00	   8.0000000e-02	   1.0000000e+00	   3.0000000e+00	   2.0000000e+00	   3.0000000e+00	   1.7980000e+03	
   1.1600000e+02	   2.0600000e+02	   3.1200000e+02	   1.4000000e+01	   3.0000000e+00	   2.6400000e+00	   3.5250000e+00	   1.0500000e-01	   3.0000000e+00	   1.0000000e+00	   2.0000000e+00	   1.0000000e+00	   1.7720000e+03	
   1.0900000e+02	   1.1500000e+02	   3.0500000e+02	   1.1000000e+01	   5.0000000e+00	   4.5700000e+00	   2.4100000e+00	   1.0700000e+00	   3.0000000e+00	   1.0000000e+00	   2.0000000e+00	   3.0000000e+00	   8.6200000e+02	
   1.0900000e+02	   1.1600000e+02	   2.1500000e+02	   9.0000000e+00	   5.0000000e+00	   4.5700000e+00	   2.6400000e+00	   0.0000000e+00	   3.0000000e+00	   1.0000000e+00	   2.0000000e+00	   3.0000000e+00	   1.4890000e+03	
   1.0700000e+02	   1.0800000e+02	   3.0200000e+02	   1.0000000e+01	   1.0000000e+00	   2.5700000e+00	   2.6400000e+00	   8.0000000e-02	   3.0000000e+00	   1.0000000e+00	   2.0000000e+00	   1.0000000e+00	   1.6870000e+03	
   1.0800000e+02	   3.0100000e+02	   1.1400000e+02	   5.0000000e+00	   2.0000000e+00	   2.6400000e+00	   3.1700000e+00	   2.0200000e+00	   3.0000000e+00	   2.0000000e+00	   1.0000000e+00	   2.0000000e+00	   2.6190000e+03	
   1.1300000e+02	   3.0700000e+02	   1.1000000e+02	   4.0000000e+00	   2.0000000e+00	   4.9950000e+00	   4.4550000e+00	   2.9000000e-01	   1.0000000e+00	   3.0000000e+00	   2.0000000e+00	   1.0000000e+00	   1.3540000e+03	
   1.1600000e+02	   2.0800000e+02	   3.1300000e+02	   1.5000000e+01	   4.0000000e+00	   2.6400000e+00	   3.8400000e+00	   1.4000000e-01	   3.0000000e+00	   2.0000000e+00	   1.0000000e+00	   3.0000000e+00	   1.4570000e+03	
   1.0700000e+02	   1.1600000e+02	   1.0500000e+02	   3.0000000e+00	   1.0000000e+00	   2.5700000e+00	   2.6400000e+00	   8.2500000e-01	   2.0000000e+00	   1.0000000e+00	   3.0000000e+00	   1.0000000e+00	   1.2230000e+03	
   1.0800000e+02	   2.0600000e+02	   2.1500000e+02	   9.0000000e+00	   3.0000000e+00	   2.6400000e+00	   3.5250000e+00	   0.0000000e+00	   2.0000000e+00	   1.0000000e+00	   3.0000000e+00	   2.0000000e+00	   1.9380000e+03	
   2.0800000e+02	   3.0300000e+02	   3.1200000e+02	   1.4000000e+01	   2.0000000e+00	   3.8400000e+00	   3.5000000e+00	   1.0500000e-01	   3.0000000e+00	   1.0000000e+00	   2.0000000e+00	   1.0000000e+00	   1.3800000e+03	
   1.0800000e+02	   3.0400000e+02	   2.1400000e+02	   8.0000000e+00	   3.0000000e+00	   2.6400000e+00	   3.4600000e+00	   3.7500000e-01	   1.0000000e+00	   2.0000000e+00	   3.0000000e+00	   2.0000000e+00	   1.3220000e+03	
   1.1200000e+02	   3.1400000e+02	   2.1500000e+02	   9.0000000e+00	   2.0000000e+00	   2.7050000e+00	   3.2700000e+00	   0.0000000e+00	   3.0000000e+00	   2.0000000e+00	   1.0000000e+00	   3.0000000e+00	   1.6600000e+03	
   2.0600000e+02	   2.0900000e+02	   3.1100000e+02	   1.3000000e+01	   3.0000000e+00	   3.5250000e+00	   4.5000000e+00	   4.1500000e-01	   3.0000000e+00	   2.0000000e+00	   1.0000000e+00	   2.0000000e+00	   1.1990000e+03	
   1.1200000e+02	   1.1500000e+02	   3.1200000e+02	   1.4000000e+01	   1.0000000e+00	   2.7050000e+00	   2.4100000e+00	   1.0500000e-01	   2.0000000e+00	   1.0000000e+00	   3.0000000e+00	   2.0000000e+00	   1.6720000e+03	
   1.0700000e+02	   2.0600000e+02	   2.1300000e+02	   7.0000000e+00	   3.0000000e+00	   2.5700000e+00	   3.5250000e+00	   6.5000000e-02	   3.0000000e+00	   2.0000000e+00	   1.0000000e+00	   2.0000000e+00	   2.0410000e+03	
   3.0700000e+02	   3.1400000e+02	   2.1300000e+02	   7.0000000e+00	   4.0000000e+00	   4.4550000e+00	   3.2700000e+00	   6.5000000e-02	   1.0000000e+00	   3.0000000e+00	   2.0000000e+00	   1.0000000e+00	   1.5560000e+03	
   1.1600000e+02	   3.0400000e+02	   2.1400000e+02	   8.0000000e+00	   3.0000000e+00	   2.6400000e+00	   3.4600000e+00	   3.7500000e-01	   1.0000000e+00	   2.0000000e+00	   3.0000000e+00	   2.0000000e+00	   2.8680000e+03	
   2.0900000e+02	   3.0700000e+02	   3.0500000e+02	   1.1000000e+01	   1.0000000e+00	   4.5000000e+00	   4.4550000e+00	   1.0700000e+00	   2.0000000e+00	   1.0000000e+00	   3.0000000e+00	   1.0000000e+00	   1.4410000e+03	
   1.1300000e+02	   3.0700000e+02	   2.0300000e+02	   6.0000000e+00	   2.0000000e+00	   4.9950000e+00	   4.4550000e+00	   7.4000000e-01	   1.0000000e+00	   3.0000000e+00	   2.0000000e+00	   1.0000000e+00	   1.3610000e+03	
   1.0800000e+02	   1.0900000e+02	   3.0500000e+02	   1.1000000e+01	   5.0000000e+00	   2.6400000e+00	   4.5700000e+00	   1.0700000e+00	   2.0000000e+00	   1.0000000e+00	   3.0000000e+00	   1.0000000e+00	   1.2650000e+03	
   1.1500000e+02	   3.0400000e+02	   1.0100000e+02	   1.0000000e+00	   4.0000000e+00	   2.4100000e+00	   3.4600000e+00	   1.0100000e+00	   1.0000000e+00	   3.0000000e+00	   2.0000000e+00	   3.0000000e+00	   2.1970000e+03	
   1.0700000e+02	   2.0800000e+02	   1.0100000e+02	   1.0000000e+00	   4.0000000e+00	   2.5700000e+00	   3.8400000e+00	   1.0100000e+00	   2.0000000e+00	   3.0000000e+00	   1.0000000e+00	   3.0000000e+00	   2.3370000e+03	
   1.0900000e+02	   1.1600000e+02	   1.0200000e+02	   2.0000000e+00	   5.0000000e+00	   4.5700000e+00	   2.6400000e+00	   2.2400000e+00	   1.0000000e+00	   2.0000000e+00	   3.0000000e+00	   1.0000000e+00	   1.4940000e+03	
   1.1300000e+02	   3.0400000e+02	   1.0100000e+02	   1.0000000e+00	   4.0000000e+00	   4.9950000e+00	   3.4600000e+00	   1.0100000e+00	   2.0000000e+00	   1.0000000e+00	   3.0000000e+00	   2.0000000e+00	   7.6800000e+02	
   2.0800000e+02	   3.0700000e+02	   2.1500000e+02	   9.0000000e+00	   2.0000000e+00	   3.8400000e+00	   4.4550000e+00	   0.0000000e+00	   1.0000000e+00	   3.0000000e+00	   2.0000000e+00	   3.0000000e+00	   1.1440000e+03	
   1.1500000e+02	   2.0900000e+02	   1.1400000e+02	   5.0000000e+00	   5.0000000e+00	   2.4100000e+00	   4.5000000e+00	   2.0200000e+00	   2.0000000e+00	   1.0000000e+00	   3.0000000e+00	   1.0000000e+00	   1.4160000e+03	
   3.0100000e+02	   3.1400000e+02	   3.1200000e+02	   1.4000000e+01	   1.0000000e+00	   3.1700000e+00	   3.2700000e+00	   1.0500000e-01	   2.0000000e+00	   1.0000000e+00	   3.0000000e+00	   1.0000000e+00	   1.6290000e+03	
   1.1500000e+02	   3.0100000e+02	   3.1300000e+02	   1.5000000e+01	   3.0000000e+00	   2.4100000e+00	   3.1700000e+00	   1.4000000e-01	   2.0000000e+00	   3.0000000e+00	   1.0000000e+00	   3.0000000e+00	   1.4640000e+03	
   2.0900000e+02	   3.0100000e+02	   2.1500000e+02	   9.0000000e+00	   4.0000000e+00	   4.5000000e+00	   3.1700000e+00	   0.0000000e+00	   3.0000000e+00	   2.0000000e+00	   1.0000000e+00	   3.0000000e+00	   1.4670000e+03	
   1.0800000e+02	   3.0700000e+02	   3.0200000e+02	   1.0000000e+01	   5.0000000e+00	   2.6400000e+00	   4.4550000e+00	   8.0000000e-02	   2.0000000e+00	   1.0000000e+00	   3.0000000e+00	   1.0000000e+00	   1.1550000e+03	
   1.1300000e+02	   2.0900000e+02	   2.1400000e+02	   8.0000000e+00	   2.0000000e+00	   4.9950000e+00	   4.5000000e+00	   3.7500000e-01	   2.0000000e+00	   3.0000000e+00	   1.0000000e+00	   2.0000000e+00	   7.6000000e+02	
   1.0700000e+02	   1.1300000e+02	   2.1300000e+02	   7.0000000e+00	   5.0000000e+00	   2.5700000e+00	   4.9950000e+00	   6.5000000e-02	   3.0000000e+00	   1.0000000e+00	   2.0000000e+00	   1.0000000e+00	   9.2700000e+02	
   1.0700000e+02	   3.0400000e+02	   2.1400000e+02	   8.0000000e+00	   3.0000000e+00	   2.5700000e+00	   3.4600000e+00	   3.7500000e-01	   3.0000000e+00	   1.0000000e+00	   2.0000000e+00	   1.0000000e+00	   1.4080000e+03	
   1.0900000e+02	   1.1600000e+02	   2.1300000e+02	   7.0000000e+00	   5.0000000e+00	   4.5700000e+00	   2.6400000e+00	   6.5000000e-02	   2.0000000e+00	   1.0000000e+00	   3.0000000e+00	   2.0000000e+00	   1.5170000e+03	
   1.0700000e+02	   3.0700000e+02	   2.1400000e+02	   8.0000000e+00	   5.0000000e+00	   2.5700000e+00	   4.4550000e+00	   3.7500000e-01	   2.0000000e+00	   1.0000000e+00	   3.0000000e+00	   1.0000000e+00	   1.2400000e+03	
   2.0800000e+02	   3.0100000e+02	   3.0200000e+02	   1.0000000e+01	   2.0000000e+00	   3.8400000e+00	   3.1700000e+00	   8.0000000e-02	   2.0000000e+00	   1.0000000e+00	   3.0000000e+00	   2.0000000e+00	   1.5500000e+03	
   2.0800000e+02	   3.0300000e+02	   1.1000000e+02	   4.0000000e+00	   2.0000000e+00	   3.8400000e+00	   3.5000000e+00	   2.9000000e-01	   3.0000000e+00	   1.0000000e+00	   2.0000000e+00	   1.0000000e+00	   1.4370000e+03	
   3.0300000e+02	   3.1400000e+02	   2.1500000e+02	   9.0000000e+00	   1.0000000e+00	   3.5000000e+00	   3.2700000e+00	   0.0000000e+00	   1.0000000e+00	   2.0000000e+00	   3.0000000e+00	   2.0000000e+00	   1.5260000e+03	
   1.1600000e+02	   3.1400000e+02	   3.1200000e+02	   1.4000000e+01	   2.0000000e+00	   2.6400000e+00	   3.2700000e+00	   1.0500000e-01	   1.0000000e+00	   3.0000000e+00	   2.0000000e+00	   3.0000000e+00	   1.7180000e+03	
   2.0900000e+02	   3.0100000e+02	   3.1000000e+02	   1.2000000e+01	   4.0000000e+00	   4.5000000e+00	   3.1700000e+00	   1.3500000e-01	   2.0000000e+00	   1.0000000e+00	   3.0000000e+00	   2.0000000e+00	   1.5860000e+03	
   1.0700000e+02	   1.1200000e+02	   1.1000000e+02	   4.0000000e+00	   1.0000000e+00	   2.5700000e+00	   2.7050000e+00	   2.9000000e-01	   2.0000000e+00	   1.0000000e+00	   3.0000000e+00	   1.0000000e+00	   1.2180000e+03	
   1.1200000e+02	   3.0100000e+02	   1.1400000e+02	   5.0000000e+00	   2.0000000e+00	   2.7050000e+00	   3.1700000e+00	   2.0200000e+00	   1.0000000e+00	   2.0000000e+00	   3.0000000e+00	   1.0000000e+00	   1.2900000e+03	
   1.1200000e+02	   2.0800000e+02	   2.0300000e+02	   6.0000000e+00	   4.0000000e+00	   2.7050000e+00	   3.8400000e+00	   7.4000000e-01	   2.0000000e+00	   3.0000000e+00	   1.0000000e+00	   2.0000000e+00	   1.3350000e+03	
   1.0900000e+02	   2.0900000e+02	   2.1300000e+02	   7.0000000e+00	   1.0000000e+00	   4.5700000e+00	   4.5000000e+00	   6.5000000e-02	   2.0000000e+00	   1.0000000e+00	   3.0000000e+00	   2.0000000e+00	   8.6500000e+02	
   1.1300000e+02	   2.0600000e+02	   1.0500000e+02	   3.0000000e+00	   4.0000000e+00	   4.9950000e+00	   3.5250000e+00	   8.2500000e-01	   1.0000000e+00	   2.0000000e+00	   3.0000000e+00	   1.0000000e+00	   1.1530000e+03	
   1.1600000e+02	   2.0800000e+02	   1.0500000e+02	   3.0000000e+00	   4.0000000e+00	   2.6400000e+00	   3.8400000e+00	   8.2500000e-01	   3.0000000e+00	   1.0000000e+00	   2.0000000e+00	   3.0000000e+00	   1.4050000e+03	
   1.0800000e+02	   3.0100000e+02	   1.1000000e+02	   4.0000000e+00	   2.0000000e+00	   2.6400000e+00	   3.1700000e+00	   2.9000000e-01	   1.0000000e+00	   2.0000000e+00	   3.0000000e+00	   2.0000000e+00	   1.5220000e+03	
   1.0700000e+02	   1.1600000e+02	   3.0500000e+02	   1.1000000e+01	   1.0000000e+00	   2.5700000e+00	   2.6400000e+00	   1.0700000e+00	   2.0000000e+00	   1.0000000e+00	   3.0000000e+00	   3.0000000e+00	   5.4480000e+03	
   1.1200000e+02	   1.1300000e+02	   3.1000000e+02	   1.2000000e+01	   5.0000000e+00	   2.7050000e+00	   4.9950000e+00	   1.3500000e-01	   1.0000000e+00	   2.0000000e+00	   3.0000000e+00	   2.0000000e+00	   7.7200000e+02	
   1.1500000e+02	   2.0600000e+02	   1.1000000e+02	   4.0000000e+00	   4.0000000e+00	   2.4100000e+00	   3.5250000e+00	   2.9000000e-01	   1.0000000e+00	   2.0000000e+00	   3.0000000e+00	   2.0000000e+00	   1.8630000e+03	
   2.0800000e+02	   3.1400000e+02	   1.0100000e+02	   1.0000000e+00	   2.0000000e+00	   3.8400000e+00	   3.2700000e+00	   1.0100000e+00	   3.0000000e+00	   1.0000000e+00	   2.0000000e+00	   1.0000000e+00	   1.4740000e+03	
   1.0700000e+02	   1.1200000e+02	   3.1300000e+02	   1.5000000e+01	   1.0000000e+00	   2.5700000e+00	   2.7050000e+00	   1.4000000e-01	   1.0000000e+00	   3.0000000e+00	   2.0000000e+00	   3.0000000e+00	   1.5470000e+03	
   3.0100000e+02	   3.0400000e+02	   1.0100000e+02	   1.0000000e+00	   1.0000000e+00	   3.1700000e+00	   3.4600000e+00	   1.0100000e+00	   1.0000000e+00	   2.0000000e+00	   3.0000000e+00	   2.0000000e+00	   1.9300000e+03	
   1.1300000e+02	   3.0300000e+02	   2.1400000e+02	   8.0000000e+00	   4.0000000e+00	   4.9950000e+00	   3.5000000e+00	   3.7500000e-01	   1.0000000e+00	   2.0000000e+00	   3.0000000e+00	   1.0000000e+00	   8.6300000e+02	
   1.0900000e+02	   2.0600000e+02	   2.1500000e+02	   9.0000000e+00	   3.0000000e+00	   4.5700000e+00	   3.5250000e+00	   0.0000000e+00	   1.0000000e+00	   2.0000000e+00	   3.0000000e+00	   1.0000000e+00	   1.0010000e+03	
   2.0900000e+02	   3.1400000e+02	   2.0300000e+02	   6.0000000e+00	   4.0000000e+00	   4.5000000e+00	   3.2700000e+00	   7.4000000e-01	   2.0000000e+00	   3.0000000e+00	   1.0000000e+00	   3.0000000e+00	   1.5360000e+03	
   1.0900000e+02	   3.0700000e+02	   2.0300000e+02	   6.0000000e+00	   1.0000000e+00	   4.5700000e+00	   4.4550000e+00	   7.4000000e-01	   2.0000000e+00	   1.0000000e+00	   3.0000000e+00	   1.0000000e+00	   1.3320000e+03	
   1.0700000e+02	   1.0900000e+02	   1.0500000e+02	   3.0000000e+00	   5.0000000e+00	   2.5700000e+00	   4.5700000e+00	   8.2500000e-01	   3.0000000e+00	   2.0000000e+00	   1.0000000e+00	   2.0000000e+00	   1.0140000e+03	
   1.1200000e+02	   2.0600000e+02	   2.1300000e+02	   7.0000000e+00	   3.0000000e+00	   2.7050000e+00	   3.5250000e+00	   6.5000000e-02	   2.0000000e+00	   3.0000000e+00	   1.0000000e+00	   2.0000000e+00	   1.6640000e+03	
   1.1500000e+02	   3.0100000e+02	   1.1000000e+02	   4.0000000e+00	   3.0000000e+00	   2.4100000e+00	   3.1700000e+00	   2.9000000e-01	   3.0000000e+00	   1.0000000e+00	   2.0000000e+00	   1.0000000e+00	   2.3930000e+03	
   1.1500000e+02	   2.0600000e+02	   3.1300000e+02	   1.5000000e+01	   4.0000000e+00	   2.4100000e+00	   3.5250000e+00	   1.4000000e-01	   3.0000000e+00	   1.0000000e+00	   2.0000000e+00	   1.0000000e+00	   1.5720000e+03	
   1.0700000e+02	   1.1300000e+02	   1.0100000e+02	   1.0000000e+00	   5.0000000e+00	   2.5700000e+00	   4.9950000e+00	   1.0100000e+00	   3.0000000e+00	   2.0000000e+00	   1.0000000e+00	   2.0000000e+00	   6.7500000e+02	
   1.0800000e+02	   1.1200000e+02	   2.1300000e+02	   7.0000000e+00	   1.0000000e+00	   2.6400000e+00	   2.7050000e+00	   6.5000000e-02	   3.0000000e+00	   1.0000000e+00	   2.0000000e+00	   1.0000000e+00	   1.3210000e+03	
   1.1500000e+02	   3.0400000e+02	   1.1000000e+02	   4.0000000e+00	   4.0000000e+00	   2.4100000e+00	   3.4600000e+00	   2.9000000e-01	   1.0000000e+00	   2.0000000e+00	   3.0000000e+00	   2.0000000e+00	   1.4050000e+03	
   1.0700000e+02	   1.1600000e+02	   3.1300000e+02	   1.5000000e+01	   1.0000000e+00	   2.5700000e+00	   2.6400000e+00	   1.4000000e-01	   1.0000000e+00	   3.0000000e+00	   2.0000000e+00	   3.0000000e+00	   1.0250000e+03	
   1.1600000e+02	   3.0400000e+02	   1.1400000e+02	   5.0000000e+00	   3.0000000e+00	   2.6400000e+00	   3.4600000e+00	   2.0200000e+00	   2.0000000e+00	   1.0000000e+00	   3.0000000e+00	   2.0000000e+00	   1.8570000e+03	
   1.0800000e+02	   3.0400000e+02	   2.1500000e+02	   9.0000000e+00	   3.0000000e+00	   2.6400000e+00	   3.4600000e+00	   0.0000000e+00	   2.0000000e+00	   1.0000000e+00	   3.0000000e+00	   1.0000000e+00	   1.6990000e+03	
   1.0900000e+02	   2.0600000e+02	   2.1400000e+02	   8.0000000e+00	   3.0000000e+00	   4.5700000e+00	   3.5250000e+00	   3.7500000e-01	   2.0000000e+00	   1.0000000e+00	   3.0000000e+00	   2.0000000e+00	   1.3250000e+03	
   1.1200000e+02	   2.0900000e+02	   3.1100000e+02	   1.3000000e+01	   5.0000000e+00	   2.7050000e+00	   4.5000000e+00	   4.1500000e-01	   2.0000000e+00	   3.0000000e+00	   1.0000000e+00	   3.0000000e+00	   2.4970000e+03	
   1.0900000e+02	   3.0300000e+02	   3.1100000e+02	   1.3000000e+01	   4.0000000e+00	   4.5700000e+00	   3.5000000e+00	   4.1500000e-01	   2.0000000e+00	   1.0000000e+00	   3.0000000e+00	   2.0000000e+00	   1.4040000e+03	
   1.0900000e+02	   3.0400000e+02	   1.0100000e+02	   1.0000000e+00	   4.0000000e+00	   4.5700000e+00	   3.4600000e+00	   1.0100000e+00	   1.0000000e+00	   2.0000000e+00	   3.0000000e+00	   1.0000000e+00	   1.0420000e+03	
   1.0700000e+02	   1.1300000e+02	   1.0500000e+02	   3.0000000e+00	   5.0000000e+00	   2.5700000e+00	   4.9950000e+00	   8.2500000e-01	   1.0000000e+00	   2.0000000e+00	   3.0000000e+00	   2.0000000e+00	   1.0180000e+03	
   3.0700000e+02	   3.1400000e+02	   2.1500000e+02	   9.0000000e+00	   4.0000000e+00	   4.4550000e+00	   3.2700000e+00	   0.0000000e+00	   1.0000000e+00	   2.0000000e+00	   3.0000000e+00	   1.0000000e+00	   1.2020000e+03	
   3.0100000e+02	   3.0400000e+02	   3.1300000e+02	   1.5000000e+01	   1.0000000e+00	   3.1700000e+00	   3.4600000e+00	   1.4000000e-01	   3.0000000e+00	   2.0000000e+00	   1.0000000e+00	   2.0000000e+00	   1.5000000e+03	
   1.1600000e+02	   3.0400000e+02	   3.0200000e+02	   1.0000000e+01	   3.0000000e+00	   2.6400000e+00	   3.4600000e+00	   8.0000000e-02	   1.0000000e+00	   3.0000000e+00	   2.0000000e+00	   1.0000000e+00	   1.1310000e+03	
   3.0400000e+02	   3.1400000e+02	   2.1400000e+02	   8.0000000e+00	   1.0000000e+00	   3.4600000e+00	   3.2700000e+00	   3.7500000e-01	   3.0000000e+00	   2.0000000e+00	   1.0000000e+00	   2.0000000e+00	   1.6680000e+03	
   2.0600000e+02	   3.0700000e+02	   1.0100000e+02	   1.0000000e+00	   3.0000000e+00	   3.5250000e+00	   4.4550000e+00	   1.0100000e+00	   1.0000000e+00	   2.0000000e+00	   3.0000000e+00	   2.0000000e+00	   9.6200000e+02	
   3.0300000e+02	   3.1400000e+02	   1.1000000e+02	   4.0000000e+00	   1.0000000e+00	   3.5000000e+00	   3.2700000e+00	   2.9000000e-01	   3.0000000e+00	   2.0000000e+00	   1.0000000e+00	   2.0000000e+00	   1.5830000e+03	
   1.1200000e+02	   3.1400000e+02	   3.1300000e+02	   1.5000000e+01	   2.0000000e+00	   2.7050000e+00	   3.2700000e+00	   1.4000000e-01	   1.0000000e+00	   2.0000000e+00	   3.0000000e+00	   1.0000000e+00	   1.2670000e+03	
   1.0900000e+02	   3.0400000e+02	   2.0300000e+02	   6.0000000e+00	   4.0000000e+00	   4.5700000e+00	   3.4600000e+00	   7.4000000e-01	   1.0000000e+00	   2.0000000e+00	   3.0000000e+00	   1.0000000e+00	   9.1200000e+02	
   2.0800000e+02	   3.0300000e+02	   1.0500000e+02	   3.0000000e+00	   2.0000000e+00	   3.8400000e+00	   3.5000000e+00	   8.2500000e-01	   2.0000000e+00	   1.0000000e+00	   3.0000000e+00	   1.0000000e+00	   2.1400000e+03	
   3.0400000e+02	   3.0700000e+02	   1.1400000e+02	   5.0000000e+00	   3.0000000e+00	   3.4600000e+00	   4.4550000e+00	   2.0200000e+00	   3.0000000e+00	   2.0000000e+00	   1.0000000e+00	   2.0000000e+00	   1.5010000e+03	
   1.0700000e+02	   1.1300000e+02	   1.1000000e+02	   4.0000000e+00	   5.0000000e+00	   2.5700000e+00	   4.9950000e+00	   2.9000000e-01	   3.0000000e+00	   1.0000000e+00	   2.0000000e+00	   1.0000000e+00	   9.7000000e+02	
   1.0900000e+02	   3.0100000e+02	   3.1000000e+02	   1.2000000e+01	   4.0000000e+00	   4.5700000e+00	   3.1700000e+00	   1.3500000e-01	   2.0000000e+00	   1.0000000e+00	   3.0000000e+00	   2.0000000e+00	   8.7200000e+02	
   1.0900000e+02	   3.1400000e+02	   2.1400000e+02	   8.0000000e+00	   4.0000000e+00	   4.5700000e+00	   3.2700000e+00	   3.7500000e-01	   2.0000000e+00	   1.0000000e+00	   3.0000000e+00	   2.0000000e+00	   1.1480000e+03	
   2.0600000e+02	   2.0900000e+02	   1.0100000e+02	   1.0000000e+00	   3.0000000e+00	   3.5250000e+00	   4.5000000e+00	   1.0100000e+00	   2.0000000e+00	   1.0000000e+00	   3.0000000e+00	   1.0000000e+00	   1.9240000e+03	
   1.1200000e+02	   3.0100000e+02	   3.1000000e+02	   1.2000000e+01	   2.0000000e+00	   2.7050000e+00	   3.1700000e+00	   1.3500000e-01	   1.0000000e+00	   2.0000000e+00	   3.0000000e+00	   1.0000000e+00	   1.3050000e+03	
   1.1600000e+02	   2.0800000e+02	   2.1300000e+02	   7.0000000e+00	   4.0000000e+00	   2.6400000e+00	   3.8400000e+00	   6.5000000e-02	   2.0000000e+00	   3.0000000e+00	   1.0000000e+00	   2.0000000e+00	   2.1000000e+03	
   1.0900000e+02	   3.1400000e+02	   3.0500000e+02	   1.1000000e+01	   4.0000000e+00	   4.5700000e+00	   3.2700000e+00	   1.0700000e+00	   2.0000000e+00	   3.0000000e+00	   1.0000000e+00	   2.0000000e+00	   9.6800000e+02	
   2.0800000e+02	   3.0400000e+02	   1.1400000e+02	   5.0000000e+00	   2.0000000e+00	   3.8400000e+00	   3.4600000e+00	   2.0200000e+00	   2.0000000e+00	   1.0000000e+00	   3.0000000e+00	   1.0000000e+00	   2.1170000e+03	
   2.0600000e+02	   3.1400000e+02	   1.0200000e+02	   2.0000000e+00	   1.0000000e+00	   3.5250000e+00	   3.2700000e+00	   2.2400000e+00	   1.0000000e+00	   2.0000000e+00	   3.0000000e+00	   2.0000000e+00	   1.3130000e+03	
   1.1500000e+02	   3.0700000e+02	   2.1300000e+02	   7.0000000e+00	   5.0000000e+00	   2.4100000e+00	   4.4550000e+00	   6.5000000e-02	   2.0000000e+00	   3.0000000e+00	   1.0000000e+00	   3.0000000e+00	   1.5130000e+03	
   1.0900000e+02	   3.0100000e+02	   1.0200000e+02	   2.0000000e+00	   4.0000000e+00	   4.5700000e+00	   3.1700000e+00	   2.2400000e+00	   2.0000000e+00	   3.0000000e+00	   1.0000000e+00	   2.0000000e+00	   9.0100000e+02	
   3.0400000e+02	   3.0700000e+02	   1.1000000e+02	   4.0000000e+00	   3.0000000e+00	   3.4600000e+00	   4.4550000e+00	   2.9000000e-01	   3.0000000e+00	   1.0000000e+00	   2.0000000e+00	   1.0000000e+00	   1.3610000e+03	
   1.1500000e+02	   1.1600000e+02	   1.0500000e+02	   3.0000000e+00	   1.0000000e+00	   2.4100000e+00	   2.6400000e+00	   8.2500000e-01	   2.0000000e+00	   1.0000000e+00	   3.0000000e+00	   1.0000000e+00	   1.2890000e+03	
   1.0900000e+02	   3.0700000e+02	   3.1300000e+02	   1.5000000e+01	   1.0000000e+00	   4.5700000e+00	   4.4550000e+00	   1.4000000e-01	   2.0000000e+00	   1.0000000e+00	   3.0000000e+00	   1.0000000e+00	   4.0050000e+03	
   1.1500000e+02	   3.1400000e+02	   1.0500000e+02	   3.0000000e+00	   3.0000000e+00	   2.4100000e+00	   3.2700000e+00	   8.2500000e-01	   1.0000000e+00	   3.0000000e+00	   2.0000000e+00	   3.0000000e+00	   1.4540000e+03	
   1.1500000e+02	   2.0900000e+02	   3.1100000e+02	   1.3000000e+01	   5.0000000e+00	   2.4100000e+00	   4.5000000e+00	   4.1500000e-01	   2.0000000e+00	   3.0000000e+00	   1.0000000e+00	   3.0000000e+00	   1.4450000e+03	
   1.0900000e+02	   2.0800000e+02	   2.0300000e+02	   6.0000000e+00	   2.0000000e+00	   4.5700000e+00	   3.8400000e+00	   7.4000000e-01	   2.0000000e+00	   3.0000000e+00	   1.0000000e+00	   2.0000000e+00	   9.2800000e+02	
   2.0600000e+02	   3.0100000e+02	   2.1300000e+02	   7.0000000e+00	   2.0000000e+00	   3.5250000e+00	   3.1700000e+00	   6.5000000e-02	   1.0000000e+00	   2.0000000e+00	   3.0000000e+00	   1.0000000e+00	   2.3550000e+03	
   1.0700000e+02	   3.0100000e+02	   3.1000000e+02	   1.2000000e+01	   2.0000000e+00	   2.5700000e+00	   3.1700000e+00	   1.3500000e-01	   2.0000000e+00	   1.0000000e+00	   3.0000000e+00	   1.0000000e+00	   9.3000000e+02	
   2.0600000e+02	   3.0400000e+02	   1.1400000e+02	   5.0000000e+00	   1.0000000e+00	   3.5250000e+00	   3.4600000e+00	   2.0200000e+00	   3.0000000e+00	   1.0000000e+00	   2.0000000e+00	   3.0000000e+00	   1.9030000e+03	
   1.0800000e+02	   2.0900000e+02	   3.1000000e+02	   1.2000000e+01	   5.0000000e+00	   2.6400000e+00	   4.5000000e+00	   1.3500000e-01	   3.0000000e+00	   2.0000000e+00	   1.0000000e+00	   2.0000000e+00	   1.3840000e+03	
   1.0700000e+02	   3.0700000e+02	   1.0500000e+02	   3.0000000e+00	   5.0000000e+00	   2.5700000e+00	   4.4550000e+00	   8.2500000e-01	   2.0000000e+00	   1.0000000e+00	   3.0000000e+00	   1.0000000e+00	   1.2650000e+03	
   1.1500000e+02	   2.0600000e+02	   3.0500000e+02	   1.1000000e+01	   4.0000000e+00	   2.4100000e+00	   3.5250000e+00	   1.0700000e+00	   2.0000000e+00	   3.0000000e+00	   1.0000000e+00	   3.0000000e+00	   1.1900000e+03	
   1.1500000e+02	   2.0900000e+02	   2.1500000e+02	   9.0000000e+00	   5.0000000e+00	   2.4100000e+00	   4.5000000e+00	   0.0000000e+00	   1.0000000e+00	   3.0000000e+00	   2.0000000e+00	   3.0000000e+00	   1.0590000e+03	
   1.1300000e+02	   1.1600000e+02	   1.0200000e+02	   2.0000000e+00	   5.0000000e+00	   4.9950000e+00	   2.6400000e+00	   2.2400000e+00	   3.0000000e+00	   2.0000000e+00	   1.0000000e+00	   3.0000000e+00	   8.9400000e+02	
   1.1300000e+02	   1.1600000e+02	   3.0500000e+02	   1.1000000e+01	   5.0000000e+00	   4.9950000e+00	   2.6400000e+00	   1.0700000e+00	   1.0000000e+00	   2.0000000e+00	   3.0000000e+00	   1.0000000e+00	   8.5200000e+02	
   3.0100000e+02	   3.0400000e+02	   2.1400000e+02	   8.0000000e+00	   1.0000000e+00	   3.1700000e+00	   3.4600000e+00	   3.7500000e-01	   1.0000000e+00	   3.0000000e+00	   2.0000000e+00	   1.0000000e+00	   1.6920000e+03	
   2.0800000e+02	   3.0700000e+02	   1.0200000e+02	   2.0000000e+00	   2.0000000e+00	   3.8400000e+00	   4.4550000e+00	   2.2400000e+00	   2.0000000e+00	   1.0000000e+00	   3.0000000e+00	   1.0000000e+00	   1.0970000e+03	
   2.0600000e+02	   3.0400000e+02	   1.0100000e+02	   1.0000000e+00	   1.0000000e+00	   3.5250000e+00	   3.4600000e+00	   1.0100000e+00	   2.0000000e+00	   1.0000000e+00	   3.0000000e+00	   2.0000000e+00	   1.4610000e+03	
   1.0800000e+02	   3.0100000e+02	   1.0100000e+02	   1.0000000e+00	   2.0000000e+00	   2.6400000e+00	   3.1700000e+00	   1.0100000e+00	   2.0000000e+00	   1.0000000e+00	   3.0000000e+00	   1.0000000e+00	   1.2860000e+03	
   3.0100000e+02	   3.0700000e+02	   3.0500000e+02	   1.1000000e+01	   4.0000000e+00	   3.1700000e+00	   4.4550000e+00	   1.0700000e+00	   2.0000000e+00	   3.0000000e+00	   1.0000000e+00	   3.0000000e+00	   1.4050000e+03	
   1.1300000e+02	   3.0400000e+02	   1.0500000e+02	   3.0000000e+00	   4.0000000e+00	   4.9950000e+00	   3.4600000e+00	   8.2500000e-01	   1.0000000e+00	   3.0000000e+00	   2.0000000e+00	   1.0000000e+00	   7.6000000e+02	
   2.0900000e+02	   3.0700000e+02	   3.1100000e+02	   1.3000000e+01	   1.0000000e+00	   4.5000000e+00	   4.4550000e+00	   4.1500000e-01	   3.0000000e+00	   1.0000000e+00	   2.0000000e+00	   1.0000000e+00	   8.0300000e+02	
   1.0800000e+02	   3.0400000e+02	   3.1300000e+02	   1.5000000e+01	   3.0000000e+00	   2.6400000e+00	   3.4600000e+00	   1.4000000e-01	   2.0000000e+00	   1.0000000e+00	   3.0000000e+00	   1.0000000e+00	   1.1450000e+03	
   2.0600000e+02	   3.0700000e+02	   2.1300000e+02	   7.0000000e+00	   3.0000000e+00	   3.5250000e+00	   4.4550000e+00	   6.5000000e-02	   1.0000000e+00	   2.0000000e+00	   3.0000000e+00	   2.0000000e+00	   1.4300000e+03	
   1.1600000e+02	   2.0600000e+02	   3.0500000e+02	   1.1000000e+01	   3.0000000e+00	   2.6400000e+00	   3.5250000e+00	   1.0700000e+00	   3.0000000e+00	   2.0000000e+00	   1.0000000e+00	   1.0000000e+00	   1.7620000e+03	
   3.0400000e+02	   3.1400000e+02	   3.0500000e+02	   1.1000000e+01	   1.0000000e+00	   3.4600000e+00	   3.2700000e+00	   1.0700000e+00	   2.0000000e+00	   1.0000000e+00	   3.0000000e+00	   1.0000000e+00	   2.1060000e+03	
   1.0800000e+02	   2.0600000e+02	   1.1400000e+02	   5.0000000e+00	   3.0000000e+00	   2.6400000e+00	   3.5250000e+00	   2.0200000e+00	   2.0000000e+00	   1.0000000e+00	   3.0000000e+00	   1.0000000e+00	   1.1750000e+03	
   2.0900000e+02	   3.0100000e+02	   1.1400000e+02	   5.0000000e+00	   4.0000000e+00	   4.5000000e+00	   3.1700000e+00	   2.0200000e+00	   3.0000000e+00	   1.0000000e+00	   2.0000000e+00	   3.0000000e+00	   1.5410000e+03	
   2.0600000e+02	   2.0800000e+02	   2.1300000e+02	   7.0000000e+00	   1.0000000e+00	   3.5250000e+00	   3.8400000e+00	   6.5000000e-02	   3.0000000e+00	   2.0000000e+00	   1.0000000e+00	   3.0000000e+00	   1.4970000e+03	
   1.0900000e+02	   2.0800000e+02	   1.0500000e+02	   3.0000000e+00	   2.0000000e+00	   4.5700000e+00	   3.8400000e+00	   8.2500000e-01	   1.0000000e+00	   2.0000000e+00	   3.0000000e+00	   1.0000000e+00	   1.0350000e+03	
   1.1300000e+02	   3.0700000e+02	   2.1400000e+02	   8.0000000e+00	   2.0000000e+00	   4.9950000e+00	   4.4550000e+00	   3.7500000e-01	   1.0000000e+00	   3.0000000e+00	   2.0000000e+00	   1.0000000e+00	   7.1300000e+02	
   1.0700000e+02	   3.0400000e+02	   3.1000000e+02	   1.2000000e+01	   3.0000000e+00	   2.5700000e+00	   3.4600000e+00	   1.3500000e-01	   3.0000000e+00	   2.0000000e+00	   1.0000000e+00	   2.0000000e+00	   1.4250000e+03	
   1.1200000e+02	   1.1600000e+02	   3.1200000e+02	   1.4000000e+01	   1.0000000e+00	   2.7050000e+00	   2.6400000e+00	   1.0500000e-01	   3.0000000e+00	   2.0000000e+00	   1.0000000e+00	   3.0000000e+00	   1.3620000e+03	
   2.0900000e+02	   3.0700000e+02	   1.0200000e+02	   2.0000000e+00	   1.0000000e+00	   4.5000000e+00	   4.4550000e+00	   2.2400000e+00	   3.0000000e+00	   1.0000000e+00	   2.0000000e+00	   1.0000000e+00	   9.5400000e+02	
   1.1200000e+02	   3.0100000e+02	   3.1300000e+02	   1.5000000e+01	   2.0000000e+00	   2.7050000e+00	   3.1700000e+00	   1.4000000e-01	   2.0000000e+00	   1.0000000e+00	   3.0000000e+00	   2.0000000e+00	   1.3550000e+03	
   1.0700000e+02	   1.1600000e+02	   3.1100000e+02	   1.3000000e+01	   1.0000000e+00	   2.5700000e+00	   2.6400000e+00	   4.1500000e-01	   2.0000000e+00	   1.0000000e+00	   3.0000000e+00	   1.0000000e+00	   8.6300000e+02	
   3.0400000e+02	   3.0700000e+02	   1.0500000e+02	   3.0000000e+00	   3.0000000e+00	   3.4600000e+00	   4.4550000e+00	   8.2500000e-01	   3.0000000e+00	   2.0000000e+00	   1.0000000e+00	   2.0000000e+00	   9.7400000e+02	
   2.0900000e+02	   3.0300000e+02	   2.0300000e+02	   6.0000000e+00	   3.0000000e+00	   4.5000000e+00	   3.5000000e+00	   7.4000000e-01	   1.0000000e+00	   3.0000000e+00	   2.0000000e+00	   1.0000000e+00	   1.5400000e+03	
   1.1200000e+02	   3.0700000e+02	   1.0100000e+02	   1.0000000e+00	   5.0000000e+00	   2.7050000e+00	   4.4550000e+00	   1.0100000e+00	   1.0000000e+00	   3.0000000e+00	   2.0000000e+00	   1.0000000e+00	   9.1800000e+02	
   1.0900000e+02	   3.0300000e+02	   1.0500000e+02	   3.0000000e+00	   4.0000000e+00	   4.5700000e+00	   3.5000000e+00	   8.2500000e-01	   1.0000000e+00	   3.0000000e+00	   2.0000000e+00	   1.0000000e+00	   8.7100000e+02	
   1.0900000e+02	   3.0400000e+02	   3.1200000e+02	   1.4000000e+01	   4.0000000e+00	   4.5700000e+00	   3.4600000e+00	   1.0500000e-01	   2.0000000e+00	   3.0000000e+00	   1.0000000e+00	   2.0000000e+00	   1.3540000e+03	
   1.0900000e+02	   2.0900000e+02	   1.1000000e+02	   4.0000000e+00	   1.0000000e+00	   4.5700000e+00	   4.5000000e+00	   2.9000000e-01	   3.0000000e+00	   2.0000000e+00	   1.0000000e+00	   3.0000000e+00	   8.6900000e+02	
   1.0700000e+02	   3.1400000e+02	   3.1200000e+02	   1.4000000e+01	   2.0000000e+00	   2.5700000e+00	   3.2700000e+00	   1.0500000e-01	   3.0000000e+00	   1.0000000e+00	   2.0000000e+00	   1.0000000e+00	   1.4380000e+03	
   1.1200000e+02	   1.1300000e+02	   3.0200000e+02	   1.0000000e+01	   5.0000000e+00	   2.7050000e+00	   4.9950000e+00	   8.0000000e-02	   3.0000000e+00	   1.0000000e+00	   2.0000000e+00	   1.0000000e+00	   6.9700000e+02	
   1.1500000e+02	   3.0700000e+02	   3.1000000e+02	   1.2000000e+01	   5.0000000e+00	   2.4100000e+00	   4.4550000e+00	   1.3500000e-01	   1.0000000e+00	   3.0000000e+00	   2.0000000e+00	   3.0000000e+00	   9.3100000e+02	
   1.0700000e+02	   3.0300000e+02	   3.1200000e+02	   1.4000000e+01	   3.0000000e+00	   2.5700000e+00	   3.5000000e+00	   1.0500000e-01	   2.0000000e+00	   1.0000000e+00	   3.0000000e+00	   1.0000000e+00	   1.1460000e+03	
   1.1200000e+02	   1.1500000e+02	   1.1400000e+02	   5.0000000e+00	   1.0000000e+00	   2.7050000e+00	   2.4100000e+00	   2.0200000e+00	   1.0000000e+00	   2.0000000e+00	   3.0000000e+00	   1.0000000e+00	   9.6200000e+02	
   1.0800000e+02	   2.0600000e+02	   3.1000000e+02	   1.2000000e+01	   3.0000000e+00	   2.6400000e+00	   3.5250000e+00	   1.3500000e-01	   1.0000000e+00	   3.0000000e+00	   2.0000000e+00	   1.0000000e+00	   1.6440000e+03	
   1.0700000e+02	   1.1600000e+02	   2.0300000e+02	   6.0000000e+00	   1.0000000e+00	   2.5700000e+00	   2.6400000e+00	   7.4000000e-01	   2.0000000e+00	   3.0000000e+00	   1.0000000e+00	   3.0000000e+00	   9.0700000e+02	
   3.0300000e+02	   3.0700000e+02	   3.1300000e+02	   1.5000000e+01	   3.0000000e+00	   3.5000000e+00	   4.4550000e+00	   1.4000000e-01	   3.0000000e+00	   1.0000000e+00	   2.0000000e+00	   1.0000000e+00	   1.2880000e+03	
