   1.0000000e+00	   3.0700000e+02	   3.0000000e+00	   4.7500000e+00	   6.9970000e+03	   4.6100000e+00	   4.1650000e+03	
   2.0000000e+00	   2.1400000e+02	   2.0000000e+00	   2.5000000e-01	   2.3030000e+03	   1.4700000e+00	   3.3490000e+03	
   3.0000000e+00	   1.1500000e+02	   1.0000000e+00	   1.4500000e+00	   2.1680000e+03	   1.6500000e+00	   2.3650000e+03	
   4.0000000e+00	   3.1000000e+02	   3.0000000e+00	   4.4200000e+00	   1.9890000e+03	   7.4000000e-01	   1.2670000e+03	
   5.0000000e+00	   1.0800000e+02	   1.0000000e+00	   4.7700000e+00	   2.2030000e+03	   7.0000000e-01	   1.7990000e+03	
   6.0000000e+00	   3.0300000e+02	   3.0000000e+00	   5.0000000e+00	   1.7710000e+03	   3.6700000e+00	   1.9330000e+03	
   7.0000000e+00	   3.0800000e+02	   3.0000000e+00	   2.2000000e-01	   2.1890000e+03	   2.1700000e+00	   2.5320000e+03	
   8.0000000e+00	   3.0200000e+02	   3.0000000e+00	   1.1000000e-01	   1.8220000e+03	   4.1500000e+00	   2.2660000e+03	
   9.0000000e+00	   1.0300000e+02	   1.0000000e+00	   1.4700000e+00	   2.3570000e+03	   1.2400000e+00	   2.3330000e+03	
   1.0000000e+01	   2.1100000e+02	   2.0000000e+00	   4.2100000e+00	   1.5560000e+03	   6.1000000e-01	   2.1320000e+03	
   1.1000000e+01	   1.1400000e+02	   1.0000000e+00	   1.7000000e-01	   1.8230000e+03	   2.3400000e+00	   1.3660000e+03	
   1.2000000e+01	   2.0500000e+02	   2.0000000e+00	   4.0800000e+00	   2.4570000e+03	   8.6000000e-01	   1.4660000e+03	
   1.3000000e+01	   1.1200000e+02	   1.0000000e+00	   4.5400000e+00	   1.8890000e+03	   1.4500000e+00	   2.8650000e+03	
   1.4000000e+01	   3.1400000e+02	   3.0000000e+00	   4.5900000e+00	   2.3890000e+03	   3.6600000e+00	   1.3990000e+03	
   1.5000000e+01	   2.0200000e+02	   2.0000000e+00	   3.3000000e+00	   2.2550000e+03	   2.8100000e+00	   1.5670000e+03	
   1.6000000e+01	   3.0500000e+02	   3.0000000e+00	   2.8000000e-01	   2.5720000e+03	   1.3000000e+00	   2.1000000e+03	
   1.7000000e+01	   1.0500000e+02	   1.0000000e+00	   4.9000000e-01	   3.7370000e+03	   3.6000000e-01	   1.3660000e+03	
   1.8000000e+01	   3.0100000e+02	   3.0000000e+00	   4.8600000e+00	   2.2900000e+03	   1.4300000e+00	   8.6500000e+02	
   1.9000000e+01	   3.1300000e+02	   3.0000000e+00	   5.0000000e+00	   2.3890000e+03	   5.1000000e-01	   1.4660000e+03	
   2.0000000e+01	   1.0100000e+02	   1.0000000e+00	   4.7400000e+00	   1.4890000e+03	   2.7800000e+00	   1.2990000e+03	
   2.1000000e+01	   1.0400000e+02	   1.0000000e+00	   2.7000000e-01	   1.9220000e+03	   1.0600000e+00	   1.3670000e+03	
   2.2000000e+01	   1.0200000e+02	   1.0000000e+00	   4.7300000e+00	   2.2900000e+03	   1.9200000e+00	   1.2000000e+03	
   2.3000000e+01	   2.1300000e+02	   2.0000000e+00	   2.8900000e+00	   1.9890000e+03	   2.2200000e+00	   2.1320000e+03	
   2.4000000e+01	   2.1200000e+02	   2.0000000e+00	   5.3000000e-01	   1.8890000e+03	   5.0000000e-02	   2.1320000e+03	
   2.5000000e+01	   3.0400000e+02	   3.0000000e+00	   3.7800000e+00	   1.7910000e+03	   2.7300000e+00	   3.2990000e+03	
   2.6000000e+01	   1.1100000e+02	   1.0000000e+00	   1.2900000e+00	   2.2230000e+03	   1.1000000e+00	   1.4000000e+03	
   2.7000000e+01	   2.0900000e+02	   2.0000000e+00	   4.7800000e+00	   1.7890000e+03	   1.1300000e+00	   3.0330000e+03	
   2.8000000e+01	   2.0400000e+02	   2.0000000e+00	   3.9000000e-01	   2.1570000e+03	   2.3000000e-01	   1.3000000e+03	
   2.9000000e+01	   1.1600000e+02	   1.0000000e+00	   3.8900000e+00	   1.9890000e+03	   2.6000000e-01	   1.8330000e+03	
   3.0000000e+01	   1.0600000e+02	   1.0000000e+00	   2.6100000e+00	   1.6890000e+03	   3.7000000e-01	   1.6320000e+03	
   3.1000000e+01	   2.0300000e+02	   2.0000000e+00	   7.0000000e-02	   1.8570000e+03	   7.1000000e-01	   2.0000000e+03	
   3.2000000e+01	   3.1100000e+02	   3.0000000e+00	   4.3300000e+00	   2.7220000e+03	   2.6200000e+00	   1.8330000e+03	
   3.3000000e+01	   1.1000000e+02	   1.0000000e+00	   2.5000000e-01	   1.8880000e+03	   1.7000000e-01	   2.1990000e+03	
   3.4000000e+01	   2.0800000e+02	   2.0000000e+00	   5.0000000e+00	   2.0550000e+03	   2.8900000e+00	   1.4670000e+03	
   3.5000000e+01	   3.0600000e+02	   3.0000000e+00	   1.3700000e+00	   2.2220000e+03	   9.3000000e-01	   1.4330000e+03	
   3.6000000e+01	   3.1200000e+02	   3.0000000e+00	   4.1400000e+00	   3.7210000e+03	   2.3300000e+00	   9.6600000e+02	
   3.7000000e+01	   2.0600000e+02	   2.0000000e+00	   4.9300000e+00	   1.6220000e+03	   2.1800000e+00	   2.0340000e+03	
   3.8000000e+01	   1.1300000e+02	   1.0000000e+00	   5.0000000e+00	   1.7210000e+03	   2.2400000e+00	   6.1980000e+03	
   3.9000000e+01	   2.1000000e+02	   2.0000000e+00	   4.2300000e+00	   2.0210000e+03	   1.9200000e+00	   1.1990000e+03	
   4.0000000e+01	   3.0900000e+02	   3.0000000e+00	   4.4100000e+00	   2.2560000e+03	   2.7900000e+00	   1.5990000e+03	
   4.1000000e+01	   2.1500000e+02	   2.0000000e+00	   0.0000000e+00	   2.2560000e+03	   1.4900000e+00	   1.4000000e+03	
   4.2000000e+01	   2.0100000e+02	   2.0000000e+00	   3.8000000e-01	   2.0570000e+03	   1.1000000e-01	   1.4000000e+03	
   4.3000000e+01	   1.0900000e+02	   1.0000000e+00	   4.7500000e+00	   1.6220000e+03	   2.7000000e+00	   2.3670000e+03	
   4.4000000e+01	   2.0700000e+02	   2.0000000e+00	   1.8000000e-01	   1.4890000e+03	   1.6000000e-01	   1.0000000e+03	
   4.5000000e+01	   1.0700000e+02	   1.0000000e+00	   2.9600000e+00	   2.4710000e+03	   1.8400000e+00	   1.7330000e+03	
