   1.0000000e+00	   1.0000000e+00	   1.0900000e+02	   4.9100000e+00	   2.3990000e+03	
   1.0000000e+00	   2.0000000e+00	   1.0700000e+02	   2.8300000e+00	   3.0570000e+03	
   1.0000000e+00	   3.0000000e+00	   3.1300000e+02	   9.9000000e-01	   2.7230000e+03	
   1.0000000e+00	   4.0000000e+00	   3.0100000e+02	   6.0000000e-02	   2.9240000e+03	
   1.0000000e+00	   5.0000000e+00	   1.0600000e+02	   4.9600000e+00	   3.5280000e+03	
   1.0000000e+00	   6.0000000e+00	   2.1200000e+02	   3.1200000e+00	   2.2280000e+03	
   1.0000000e+00	   7.0000000e+00	   3.0600000e+02	   2.2000000e-01	   1.9610000e+03	
   1.0000000e+00	   8.0000000e+00	   3.0300000e+02	   3.8800000e+00	   4.0600000e+03	
   1.0000000e+00	   9.0000000e+00	   3.0200000e+02	   6.1000000e-01	   1.6960000e+03	
   1.0000000e+00	   1.0000000e+01	   3.1400000e+02	   3.3000000e-01	   2.1280000e+03	
   1.0000000e+00	   1.1000000e+01	   2.1000000e+02	   3.5900000e+00	   2.8270000e+03	
   1.0000000e+00	   1.2000000e+01	   2.1100000e+02	   4.6800000e+00	   2.2610000e+03	
   1.0000000e+00	   1.3000000e+01	   1.0300000e+02	   1.4600000e+00	   2.3630000e+03	
   1.0000000e+00	   1.4000000e+01	   2.0400000e+02	   4.8900000e+00	   3.1940000e+03	
   1.0000000e+00	   1.5000000e+01	   2.1300000e+02	   3.1800000e+00	   3.0270000e+03	
   1.0000000e+00	   1.6000000e+01	   1.0100000e+02	   2.6200000e+00	   2.6610000e+03	
   1.0000000e+00	   1.7000000e+01	   3.1200000e+02	   2.8000000e-01	   1.8270000e+03	
   1.0000000e+00	   1.8000000e+01	   1.0200000e+02	   2.6800000e+00	   2.1290000e+03	
   1.0000000e+00	   1.9000000e+01	   3.0700000e+02	   2.9100000e+00	   3.0590000e+03	
   1.0000000e+00	   2.0000000e+01	   3.1000000e+02	   2.0000000e-02	   1.6950000e+03	
   1.0000000e+00	   2.1000000e+01	   1.1100000e+02	   4.8800000e+00	   2.2610000e+03	
   1.0000000e+00	   2.2000000e+01	   2.0700000e+02	   4.9000000e+00	   2.0940000e+03	
   1.0000000e+00	   2.3000000e+01	   1.0500000e+02	   3.5700000e+00	   2.4610000e+03	
   1.0000000e+00	   2.4000000e+01	   2.0300000e+02	   3.9200000e+00	   2.2950000e+03	
   1.0000000e+00	   2.5000000e+01	   3.1100000e+02	   7.5000000e-01	   1.3930000e+03	
   1.0000000e+00	   2.6000000e+01	   2.0100000e+02	   3.1200000e+00	   1.4590000e+03	
   1.0000000e+00	   2.7000000e+01	   1.1300000e+02	   3.3600000e+00	   1.4950000e+03	
   1.0000000e+00	   2.8000000e+01	   3.0500000e+02	   4.1100000e+00	   2.8610000e+03	
   1.0000000e+00	   2.9000000e+01	   2.0800000e+02	   4.5100000e+00	   1.8270000e+03	
   1.0000000e+00	   3.0000000e+01	   3.0900000e+02	   1.1000000e+00	   2.3260000e+03	
   1.0000000e+00	   3.1000000e+01	   1.0800000e+02	   3.7100000e+00	   1.3940000e+03	
   1.0000000e+00	   3.2000000e+01	   1.1500000e+02	   4.8500000e+00	   2.5610000e+03	
   1.0000000e+00	   3.3000000e+01	   1.1400000e+02	   4.8500000e+00	   1.9930000e+03	
   1.0000000e+00	   3.4000000e+01	   3.0800000e+02	   7.5000000e-01	   3.1600000e+03	
   1.0000000e+00	   3.5000000e+01	   2.1500000e+02	   4.7600000e+00	   1.9590000e+03	
   1.0000000e+00	   3.6000000e+01	   2.1400000e+02	   4.6800000e+00	   2.2920000e+03	
   1.0000000e+00	   3.7000000e+01	   2.0600000e+02	   1.8600000e+00	   3.5280000e+03	
   1.0000000e+00	   3.8000000e+01	   1.1200000e+02	   4.5600000e+00	   1.1930000e+03	
   1.0000000e+00	   3.9000000e+01	   2.0900000e+02	   4.9900000e+00	   1.7270000e+03	
   1.0000000e+00	   4.0000000e+01	   3.0400000e+02	   3.7400000e+00	   1.7600000e+03	
   1.0000000e+00	   4.1000000e+01	   1.1000000e+02	   3.9700000e+00	   3.0290000e+03	
   1.0000000e+00	   4.2000000e+01	   2.0500000e+02	   3.7500000e+00	   1.7600000e+03	
   1.0000000e+00	   4.3000000e+01	   1.0400000e+02	   2.3100000e+00	   5.7590000e+03	
   1.0000000e+00	   4.4000000e+01	   2.0200000e+02	   4.1900000e+00	   1.4600000e+03	
   1.0000000e+00	   4.5000000e+01	   1.1600000e+02	   4.0700000e+00	   1.8600000e+03	
   2.0000000e+00	   1.0000000e+00	   2.1200000e+02	   3.7400000e+00	   2.7640000e+03	
   2.0000000e+00	   2.0000000e+00	   1.1500000e+02	   4.6200000e+00	   1.8280000e+03	
   2.0000000e+00	   3.0000000e+00	   2.1000000e+02	   3.8300000e+00	   1.6620000e+03	
   2.0000000e+00	   4.0000000e+00	   2.1400000e+02	   4.2900000e+00	   1.9610000e+03	
   2.0000000e+00	   5.0000000e+00	   3.0700000e+02	   2.2500000e+00	   1.9610000e+03	
   2.0000000e+00	   6.0000000e+00	   1.0200000e+02	   2.5700000e+00	   1.4950000e+03	
   2.0000000e+00	   7.0000000e+00	   2.0200000e+02	   3.7200000e+00	   1.0950000e+03	
   2.0000000e+00	   8.0000000e+00	   3.1400000e+02	   5.8000000e-01	   1.3280000e+03	
   2.0000000e+00	   9.0000000e+00	   3.0200000e+02	   0.0000000e+00	   1.6290000e+03	
   2.0000000e+00	   1.0000000e+01	   3.1300000e+02	   9.6000000e-01	   1.0950000e+03	
   2.0000000e+00	   1.1000000e+01	   2.0800000e+02	   4.3700000e+00	   1.1270000e+03	
   2.0000000e+00	   1.2000000e+01	   1.0900000e+02	   4.8100000e+00	   1.5950000e+03	
   2.0000000e+00	   1.3000000e+01	   1.0100000e+02	   2.6700000e+00	   1.6280000e+03	
   2.0000000e+00	   1.4000000e+01	   3.0800000e+02	   5.0000000e-01	   1.5280000e+03	
   2.0000000e+00	   1.5000000e+01	   3.0600000e+02	   6.0000000e-02	   1.5290000e+03	
   2.0000000e+00	   1.6000000e+01	   1.0700000e+02	   2.5200000e+00	   2.6270000e+03	
   2.0000000e+00	   1.7000000e+01	   1.0800000e+02	   3.5000000e+00	   1.1620000e+03	
   2.0000000e+00	   1.8000000e+01	   2.1100000e+02	   4.2100000e+00	   1.3280000e+03	
   2.0000000e+00	   1.9000000e+01	   1.0500000e+02	   4.1100000e+00	   1.7940000e+03	
   2.0000000e+00	   2.0000000e+01	   2.0600000e+02	   2.0400000e+00	   1.5960000e+03	
   2.0000000e+00	   2.1000000e+01	   3.0400000e+02	   3.2900000e+00	   1.3940000e+03	
   2.0000000e+00	   2.2000000e+01	   2.0500000e+02	   3.6800000e+00	   1.6950000e+03	
   2.0000000e+00	   2.3000000e+01	   1.0600000e+02	   4.9800000e+00	   1.5940000e+03	
   2.0000000e+00	   2.4000000e+01	   1.1200000e+02	   4.2600000e+00	   3.6610000e+03	
   2.0000000e+00	   2.5000000e+01	   1.1300000e+02	   3.7600000e+00	   1.3290000e+03	
   2.0000000e+00	   2.6000000e+01	   3.1100000e+02	   1.0800000e+00	   1.4610000e+03	
   2.0000000e+00	   2.7000000e+01	   3.1200000e+02	   2.4000000e-01	   1.4950000e+03	
   2.0000000e+00	   2.8000000e+01	   1.1100000e+02	   4.9800000e+00	   1.6610000e+03	
   2.0000000e+00	   2.9000000e+01	   2.0700000e+02	   4.3200000e+00	   1.3950000e+03	
   2.0000000e+00	   3.0000000e+01	   2.0300000e+02	   3.9200000e+00	   1.3610000e+03	
   2.0000000e+00	   3.1000000e+01	   2.1300000e+02	   3.5200000e+00	   1.2290000e+03	
   2.0000000e+00	   3.2000000e+01	   2.0100000e+02	   3.3300000e+00	   1.6610000e+03	
   2.0000000e+00	   3.3000000e+01	   1.0400000e+02	   1.9100000e+00	   1.9280000e+03	
   2.0000000e+00	   3.4000000e+01	   3.1000000e+02	   0.0000000e+00	   1.5610000e+03	
   2.0000000e+00	   3.5000000e+01	   1.1000000e+02	   4.3400000e+00	   1.8280000e+03	
   2.0000000e+00	   3.6000000e+01	   3.0900000e+02	   8.6000000e-01	   1.2280000e+03	
   2.0000000e+00	   3.7000000e+01	   1.0300000e+02	   2.2300000e+00	   2.0620000e+03	
   2.0000000e+00	   3.8000000e+01	   1.1400000e+02	   5.0000000e+00	   1.4280000e+03	
   2.0000000e+00	   3.9000000e+01	   3.0300000e+02	   3.6600000e+00	   1.9270000e+03	
   2.0000000e+00	   4.0000000e+01	   3.0500000e+02	   4.1300000e+00	   2.9610000e+03	
   2.0000000e+00	   4.1000000e+01	   2.0900000e+02	   5.0000000e+00	   1.1610000e+03	
   2.0000000e+00	   4.2000000e+01	   2.0400000e+02	   5.0000000e+00	   1.3290000e+03	
   2.0000000e+00	   4.3000000e+01	   1.1600000e+02	   3.9500000e+00	   1.6940000e+03	
   2.0000000e+00	   4.4000000e+01	   2.1500000e+02	   4.2700000e+00	   1.1280000e+03	
   2.0000000e+00	   4.5000000e+01	   3.0100000e+02	   0.0000000e+00	   1.2950000e+03	
