   2.1100000e+02	   2.1400000e+02	   1.0500000e+02	   4.0000000e+00	   1.0000000e+00	   4.4450000e+00	   4.4850000e+00	   3.8400000e+00	   1.0000000e+00	   2.0000000e+00	   3.0000000e+00	   1.0000000e+00	   4.2350000e+03	
   1.1200000e+02	   2.0700000e+02	   1.0700000e+02	   5.0000000e+00	   2.0000000e+00	   4.4100000e+00	   4.6100000e+00	   2.6750000e+00	   3.0000000e+00	   2.0000000e+00	   1.0000000e+00	   3.0000000e+00	   4.6500000e+03	
   1.1400000e+02	   2.0900000e+02	   1.0300000e+02	   2.0000000e+00	   1.0000000e+00	   4.9250000e+00	   4.9950000e+00	   1.8450000e+00	   3.0000000e+00	   2.0000000e+00	   1.0000000e+00	   2.0000000e+00	   3.7780000e+03	
   1.1000000e+02	   2.0800000e+02	   2.0500000e+02	   8.0000000e+00	   3.0000000e+00	   4.1550000e+00	   4.4400000e+00	   3.7150000e+00	   3.0000000e+00	   2.0000000e+00	   1.0000000e+00	   2.0000000e+00	   2.6140000e+03	
   1.1100000e+02	   2.1500000e+02	   1.0500000e+02	   4.0000000e+00	   4.0000000e+00	   4.9300000e+00	   4.5150000e+00	   3.8400000e+00	   3.0000000e+00	   2.0000000e+00	   1.0000000e+00	   3.0000000e+00	   3.2710000e+03	
   1.1400000e+02	   3.0500000e+02	   2.0500000e+02	   8.0000000e+00	   5.0000000e+00	   4.9250000e+00	   4.1200000e+00	   3.7150000e+00	   2.0000000e+00	   1.0000000e+00	   3.0000000e+00	   2.0000000e+00	   3.7850000e+03	
   1.1400000e+02	   2.1400000e+02	   1.0800000e+02	   6.0000000e+00	   4.0000000e+00	   4.9250000e+00	   4.4850000e+00	   3.6050000e+00	   2.0000000e+00	   3.0000000e+00	   1.0000000e+00	   3.0000000e+00	   2.8180000e+03	
   2.0700000e+02	   3.0500000e+02	   1.0700000e+02	   5.0000000e+00	   4.0000000e+00	   4.6100000e+00	   4.1200000e+00	   2.6750000e+00	   2.0000000e+00	   3.0000000e+00	   1.0000000e+00	   2.0000000e+00	   6.1170000e+03	
   1.1200000e+02	   1.1500000e+02	   3.0800000e+02	   1.3000000e+01	   3.0000000e+00	   4.4100000e+00	   4.7350000e+00	   6.2500000e-01	   1.0000000e+00	   3.0000000e+00	   2.0000000e+00	   1.0000000e+00	   3.3480000e+03	
   2.0800000e+02	   3.0500000e+02	   1.0300000e+02	   2.0000000e+00	   3.0000000e+00	   4.4400000e+00	   4.1200000e+00	   1.8450000e+00	   1.0000000e+00	   3.0000000e+00	   2.0000000e+00	   1.0000000e+00	   1.7490000e+03	
   1.0900000e+02	   2.0700000e+02	   1.0200000e+02	   1.0000000e+00	   2.0000000e+00	   4.8600000e+00	   4.6100000e+00	   2.6250000e+00	   3.0000000e+00	   1.0000000e+00	   2.0000000e+00	   3.0000000e+00	   1.5070000e+03	
   1.1500000e+02	   3.0500000e+02	   3.0200000e+02	   1.0000000e+01	   5.0000000e+00	   4.7350000e+00	   4.1200000e+00	   3.0500000e-01	   3.0000000e+00	   1.0000000e+00	   2.0000000e+00	   1.0000000e+00	   2.8190000e+03	
   2.0700000e+02	   3.0500000e+02	   1.0400000e+02	   3.0000000e+00	   4.0000000e+00	   4.6100000e+00	   4.1200000e+00	   2.1100000e+00	   1.0000000e+00	   3.0000000e+00	   2.0000000e+00	   3.0000000e+00	   2.7620000e+03	
   1.1100000e+02	   2.1400000e+02	   2.1300000e+02	   9.0000000e+00	   4.0000000e+00	   4.9300000e+00	   4.4850000e+00	   3.3500000e+00	   1.0000000e+00	   3.0000000e+00	   2.0000000e+00	   1.0000000e+00	   3.9470000e+03	
   1.0600000e+02	   2.0700000e+02	   3.0600000e+02	   1.2000000e+01	   3.0000000e+00	   4.9700000e+00	   4.6100000e+00	   1.4000000e-01	   3.0000000e+00	   1.0000000e+00	   2.0000000e+00	   3.0000000e+00	   1.8120000e+03	
   1.1000000e+02	   2.0800000e+02	   2.0200000e+02	   7.0000000e+00	   3.0000000e+00	   4.1550000e+00	   4.4400000e+00	   3.9550000e+00	   2.0000000e+00	   3.0000000e+00	   1.0000000e+00	   1.0000000e+00	   3.7010000e+03	
   1.0600000e+02	   2.0400000e+02	   1.0800000e+02	   6.0000000e+00	   1.0000000e+00	   4.9700000e+00	   4.9450000e+00	   3.6050000e+00	   3.0000000e+00	   2.0000000e+00	   1.0000000e+00	   3.0000000e+00	   2.1290000e+03	
   1.1100000e+02	   3.0500000e+02	   3.0400000e+02	   1.1000000e+01	   5.0000000e+00	   4.9300000e+00	   4.1200000e+00	   3.5150000e+00	   3.0000000e+00	   2.0000000e+00	   1.0000000e+00	   3.0000000e+00	   3.5760000e+03	
   1.1200000e+02	   2.1400000e+02	   2.0200000e+02	   7.0000000e+00	   1.0000000e+00	   4.4100000e+00	   4.4850000e+00	   3.9550000e+00	   3.0000000e+00	   2.0000000e+00	   1.0000000e+00	   1.0000000e+00	   7.1180000e+03	
   2.0800000e+02	   2.1500000e+02	   1.0500000e+02	   4.0000000e+00	   2.0000000e+00	   4.4400000e+00	   4.5150000e+00	   3.8400000e+00	   1.0000000e+00	   2.0000000e+00	   3.0000000e+00	   1.0000000e+00	   3.5290000e+03	
   1.1100000e+02	   2.0800000e+02	   3.1300000e+02	   1.5000000e+01	   4.0000000e+00	   4.9300000e+00	   4.4400000e+00	   9.7500000e-01	   3.0000000e+00	   2.0000000e+00	   1.0000000e+00	   2.0000000e+00	   5.6680000e+03	
   1.0600000e+02	   2.1100000e+02	   2.0500000e+02	   8.0000000e+00	   5.0000000e+00	   4.9700000e+00	   4.4450000e+00	   3.7150000e+00	   2.0000000e+00	   3.0000000e+00	   1.0000000e+00	   2.0000000e+00	   1.2720000e+03	
   1.1100000e+02	   1.1400000e+02	   3.1300000e+02	   1.5000000e+01	   1.0000000e+00	   4.9300000e+00	   4.9250000e+00	   9.7500000e-01	   2.0000000e+00	   3.0000000e+00	   1.0000000e+00	   2.0000000e+00	   4.5100000e+03	
   1.1400000e+02	   2.1400000e+02	   1.0300000e+02	   2.0000000e+00	   4.0000000e+00	   4.9250000e+00	   4.4850000e+00	   1.8450000e+00	   1.0000000e+00	   2.0000000e+00	   3.0000000e+00	   2.0000000e+00	   3.5390000e+03	
   1.0600000e+02	   1.1500000e+02	   3.1300000e+02	   1.5000000e+01	   2.0000000e+00	   4.9700000e+00	   4.7350000e+00	   9.7500000e-01	   3.0000000e+00	   2.0000000e+00	   1.0000000e+00	   3.0000000e+00	   1.4940000e+03	
   2.0400000e+02	   2.1400000e+02	   2.0200000e+02	   7.0000000e+00	   4.0000000e+00	   4.9450000e+00	   4.4850000e+00	   3.9550000e+00	   2.0000000e+00	   3.0000000e+00	   1.0000000e+00	   2.0000000e+00	   4.2350000e+03	
   1.1200000e+02	   2.0700000e+02	   3.1300000e+02	   1.5000000e+01	   2.0000000e+00	   4.4100000e+00	   4.6100000e+00	   9.7500000e-01	   3.0000000e+00	   1.0000000e+00	   2.0000000e+00	   3.0000000e+00	   3.3490000e+03	
   1.0900000e+02	   2.1100000e+02	   3.0600000e+02	   1.2000000e+01	   3.0000000e+00	   4.8600000e+00	   4.4450000e+00	   1.4000000e-01	   3.0000000e+00	   1.0000000e+00	   2.0000000e+00	   3.0000000e+00	   2.9680000e+03	
   1.1200000e+02	   2.0900000e+02	   3.0800000e+02	   1.3000000e+01	   5.0000000e+00	   4.4100000e+00	   4.9950000e+00	   6.2500000e-01	   3.0000000e+00	   2.0000000e+00	   1.0000000e+00	   2.0000000e+00	   1.5790000e+03	
   1.1400000e+02	   3.0500000e+02	   2.1300000e+02	   9.0000000e+00	   5.0000000e+00	   4.9250000e+00	   4.1200000e+00	   3.3500000e+00	   1.0000000e+00	   3.0000000e+00	   2.0000000e+00	   1.0000000e+00	   2.4860000e+03	
   1.0600000e+02	   2.1100000e+02	   2.0200000e+02	   7.0000000e+00	   5.0000000e+00	   4.9700000e+00	   4.4450000e+00	   3.9550000e+00	   2.0000000e+00	   1.0000000e+00	   3.0000000e+00	   2.0000000e+00	   1.4680000e+03	
   1.1000000e+02	   1.1200000e+02	   1.0300000e+02	   2.0000000e+00	   2.0000000e+00	   4.1550000e+00	   4.4100000e+00	   1.8450000e+00	   2.0000000e+00	   1.0000000e+00	   3.0000000e+00	   1.0000000e+00	   3.3990000e+03	
   2.1500000e+02	   3.0500000e+02	   1.0400000e+02	   3.0000000e+00	   3.0000000e+00	   4.5150000e+00	   4.1200000e+00	   2.1100000e+00	   1.0000000e+00	   2.0000000e+00	   3.0000000e+00	   2.0000000e+00	   2.1830000e+03	
   2.0400000e+02	   2.0700000e+02	   3.1300000e+02	   1.5000000e+01	   3.0000000e+00	   4.9450000e+00	   4.6100000e+00	   9.7500000e-01	   1.0000000e+00	   2.0000000e+00	   3.0000000e+00	   1.0000000e+00	   1.5100000e+03	
   2.0700000e+02	   2.1500000e+02	   3.0600000e+02	   1.2000000e+01	   2.0000000e+00	   4.6100000e+00	   4.5150000e+00	   1.4000000e-01	   2.0000000e+00	   3.0000000e+00	   1.0000000e+00	   2.0000000e+00	   2.0550000e+03	
   1.1000000e+02	   1.1500000e+02	   3.0600000e+02	   1.2000000e+01	   5.0000000e+00	   4.1550000e+00	   4.7350000e+00	   1.4000000e-01	   2.0000000e+00	   1.0000000e+00	   3.0000000e+00	   1.0000000e+00	   3.0400000e+03	
   1.1200000e+02	   2.0800000e+02	   2.0500000e+02	   8.0000000e+00	   1.0000000e+00	   4.4100000e+00	   4.4400000e+00	   3.7150000e+00	   1.0000000e+00	   3.0000000e+00	   2.0000000e+00	   3.0000000e+00	   1.5830000e+03	
   1.0600000e+02	   2.0700000e+02	   1.0500000e+02	   4.0000000e+00	   3.0000000e+00	   4.9700000e+00	   4.6100000e+00	   3.8400000e+00	   1.0000000e+00	   3.0000000e+00	   2.0000000e+00	   1.0000000e+00	   1.8430000e+03	
   2.0900000e+02	   3.0500000e+02	   3.0200000e+02	   1.0000000e+01	   5.0000000e+00	   4.9950000e+00	   4.1200000e+00	   3.0500000e-01	   3.0000000e+00	   2.0000000e+00	   1.0000000e+00	   3.0000000e+00	   1.7290000e+03	
   1.1000000e+02	   2.1400000e+02	   3.0200000e+02	   1.0000000e+01	   3.0000000e+00	   4.1550000e+00	   4.4850000e+00	   3.0500000e-01	   3.0000000e+00	   2.0000000e+00	   1.0000000e+00	   2.0000000e+00	   3.4240000e+03	
   1.0600000e+02	   2.0900000e+02	   1.0300000e+02	   2.0000000e+00	   1.0000000e+00	   4.9700000e+00	   4.9950000e+00	   1.8450000e+00	   3.0000000e+00	   1.0000000e+00	   2.0000000e+00	   3.0000000e+00	   3.6380000e+03	
   1.0600000e+02	   1.1400000e+02	   3.0200000e+02	   1.0000000e+01	   1.0000000e+00	   4.9700000e+00	   4.9250000e+00	   3.0500000e-01	   3.0000000e+00	   1.0000000e+00	   2.0000000e+00	   3.0000000e+00	   1.7790000e+03	
   1.1100000e+02	   3.0500000e+02	   1.0200000e+02	   1.0000000e+00	   5.0000000e+00	   4.9300000e+00	   4.1200000e+00	   2.6250000e+00	   3.0000000e+00	   2.0000000e+00	   1.0000000e+00	   3.0000000e+00	   1.6840000e+03	
   2.0400000e+02	   2.1400000e+02	   3.0600000e+02	   1.2000000e+01	   4.0000000e+00	   4.9450000e+00	   4.4850000e+00	   1.4000000e-01	   2.0000000e+00	   3.0000000e+00	   1.0000000e+00	   2.0000000e+00	   3.0420000e+03	
   2.0700000e+02	   2.1400000e+02	   1.0700000e+02	   5.0000000e+00	   2.0000000e+00	   4.6100000e+00	   4.4850000e+00	   2.6750000e+00	   1.0000000e+00	   3.0000000e+00	   2.0000000e+00	   1.0000000e+00	   2.5850000e+03	
   2.1100000e+02	   3.0500000e+02	   2.0200000e+02	   7.0000000e+00	   3.0000000e+00	   4.4450000e+00	   4.1200000e+00	   3.9550000e+00	   3.0000000e+00	   2.0000000e+00	   1.0000000e+00	   3.0000000e+00	   4.1430000e+03	
   1.1500000e+02	   2.1100000e+02	   1.0800000e+02	   6.0000000e+00	   3.0000000e+00	   4.7350000e+00	   4.4450000e+00	   3.6050000e+00	   2.0000000e+00	   1.0000000e+00	   3.0000000e+00	   1.0000000e+00	   1.8100000e+03	
   1.1500000e+02	   2.1400000e+02	   3.0600000e+02	   1.2000000e+01	   2.0000000e+00	   4.7350000e+00	   4.4850000e+00	   1.4000000e-01	   1.0000000e+00	   2.0000000e+00	   3.0000000e+00	   2.0000000e+00	   2.2600000e+03	
   1.0600000e+02	   2.1500000e+02	   3.0200000e+02	   1.0000000e+01	   4.0000000e+00	   4.9700000e+00	   4.5150000e+00	   3.0500000e-01	   1.0000000e+00	   2.0000000e+00	   3.0000000e+00	   1.0000000e+00	   1.2140000e+03	
   2.1100000e+02	   2.1500000e+02	   3.1000000e+02	   1.4000000e+01	   1.0000000e+00	   4.4450000e+00	   4.5150000e+00	   1.0000000e-02	   1.0000000e+00	   3.0000000e+00	   2.0000000e+00	   1.0000000e+00	   2.8980000e+03	
   1.1500000e+02	   2.0900000e+02	   1.0300000e+02	   2.0000000e+00	   2.0000000e+00	   4.7350000e+00	   4.9950000e+00	   1.8450000e+00	   2.0000000e+00	   3.0000000e+00	   1.0000000e+00	   3.0000000e+00	   1.7820000e+03	
   2.0800000e+02	   2.1400000e+02	   1.0200000e+02	   1.0000000e+00	   1.0000000e+00	   4.4400000e+00	   4.4850000e+00	   2.6250000e+00	   1.0000000e+00	   3.0000000e+00	   2.0000000e+00	   1.0000000e+00	   1.7730000e+03	
   1.1500000e+02	   2.1100000e+02	   3.0400000e+02	   1.1000000e+01	   3.0000000e+00	   4.7350000e+00	   4.4450000e+00	   3.5150000e+00	   3.0000000e+00	   2.0000000e+00	   1.0000000e+00	   2.0000000e+00	   2.0580000e+03	
   1.0900000e+02	   2.0700000e+02	   2.0500000e+02	   8.0000000e+00	   2.0000000e+00	   4.8600000e+00	   4.6100000e+00	   3.7150000e+00	   1.0000000e+00	   2.0000000e+00	   3.0000000e+00	   1.0000000e+00	   1.5050000e+03	
   2.0900000e+02	   2.1100000e+02	   1.0300000e+02	   2.0000000e+00	   5.0000000e+00	   4.9950000e+00	   4.4450000e+00	   1.8450000e+00	   3.0000000e+00	   1.0000000e+00	   2.0000000e+00	   3.0000000e+00	   1.2510000e+03	
   1.1000000e+02	   2.0700000e+02	   3.0200000e+02	   1.0000000e+01	   4.0000000e+00	   4.1550000e+00	   4.6100000e+00	   3.0500000e-01	   1.0000000e+00	   3.0000000e+00	   2.0000000e+00	   3.0000000e+00	   1.8700000e+03	
   1.0600000e+02	   2.0900000e+02	   3.1300000e+02	   1.5000000e+01	   1.0000000e+00	   4.9700000e+00	   4.9950000e+00	   9.7500000e-01	   1.0000000e+00	   3.0000000e+00	   2.0000000e+00	   1.0000000e+00	   3.6200000e+03	
   2.0700000e+02	   2.0900000e+02	   2.0500000e+02	   8.0000000e+00	   3.0000000e+00	   4.6100000e+00	   4.9950000e+00	   3.7150000e+00	   3.0000000e+00	   2.0000000e+00	   1.0000000e+00	   2.0000000e+00	   1.5460000e+03	
   1.1200000e+02	   2.0700000e+02	   1.0500000e+02	   4.0000000e+00	   2.0000000e+00	   4.4100000e+00	   4.6100000e+00	   3.8400000e+00	   1.0000000e+00	   2.0000000e+00	   3.0000000e+00	   1.0000000e+00	   3.1300000e+03	
   1.1400000e+02	   2.0800000e+02	   3.0600000e+02	   1.2000000e+01	   4.0000000e+00	   4.9250000e+00	   4.4400000e+00	   1.4000000e-01	   1.0000000e+00	   3.0000000e+00	   2.0000000e+00	   1.0000000e+00	   2.3960000e+03	
   1.1400000e+02	   3.0500000e+02	   1.0500000e+02	   4.0000000e+00	   5.0000000e+00	   4.9250000e+00	   4.1200000e+00	   3.8400000e+00	   2.0000000e+00	   1.0000000e+00	   3.0000000e+00	   1.0000000e+00	   4.4820000e+03	
   1.0600000e+02	   1.1200000e+02	   1.0500000e+02	   4.0000000e+00	   5.0000000e+00	   4.9700000e+00	   4.4100000e+00	   3.8400000e+00	   2.0000000e+00	   3.0000000e+00	   1.0000000e+00	   2.0000000e+00	   1.4790000e+03	
   2.0800000e+02	   3.0500000e+02	   1.0700000e+02	   5.0000000e+00	   3.0000000e+00	   4.4400000e+00	   4.1200000e+00	   2.6750000e+00	   3.0000000e+00	   1.0000000e+00	   2.0000000e+00	   3.0000000e+00	   3.1680000e+03	
   2.0700000e+02	   2.0900000e+02	   2.0200000e+02	   7.0000000e+00	   3.0000000e+00	   4.6100000e+00	   4.9950000e+00	   3.9550000e+00	   1.0000000e+00	   3.0000000e+00	   2.0000000e+00	   3.0000000e+00	   1.3160000e+03	
   2.0400000e+02	   2.0900000e+02	   1.0400000e+02	   3.0000000e+00	   1.0000000e+00	   4.9450000e+00	   4.9950000e+00	   2.1100000e+00	   2.0000000e+00	   1.0000000e+00	   3.0000000e+00	   1.0000000e+00	   2.0500000e+03	
   1.1400000e+02	   3.0500000e+02	   1.0700000e+02	   5.0000000e+00	   5.0000000e+00	   4.9250000e+00	   4.1200000e+00	   2.6750000e+00	   1.0000000e+00	   3.0000000e+00	   2.0000000e+00	   1.0000000e+00	   2.0070000e+03	
   1.1100000e+02	   2.1400000e+02	   1.0800000e+02	   6.0000000e+00	   4.0000000e+00	   4.9300000e+00	   4.4850000e+00	   3.6050000e+00	   2.0000000e+00	   3.0000000e+00	   1.0000000e+00	   2.0000000e+00	   2.0810000e+03	
   1.1500000e+02	   3.0500000e+02	   1.0400000e+02	   3.0000000e+00	   5.0000000e+00	   4.7350000e+00	   4.1200000e+00	   2.1100000e+00	   3.0000000e+00	   1.0000000e+00	   2.0000000e+00	   1.0000000e+00	   2.0950000e+03	
   2.0800000e+02	   2.0900000e+02	   3.0200000e+02	   1.0000000e+01	   5.0000000e+00	   4.4400000e+00	   4.9950000e+00	   3.0500000e-01	   1.0000000e+00	   2.0000000e+00	   3.0000000e+00	   2.0000000e+00	   1.5700000e+03	
   1.0900000e+02	   2.0800000e+02	   3.0800000e+02	   1.3000000e+01	   4.0000000e+00	   4.8600000e+00	   4.4400000e+00	   6.2500000e-01	   2.0000000e+00	   1.0000000e+00	   3.0000000e+00	   2.0000000e+00	   2.1860000e+03	
   1.1400000e+02	   1.1500000e+02	   1.0800000e+02	   6.0000000e+00	   2.0000000e+00	   4.9250000e+00	   4.7350000e+00	   3.6050000e+00	   1.0000000e+00	   2.0000000e+00	   3.0000000e+00	   1.0000000e+00	   1.9880000e+03	
   1.1000000e+02	   2.1500000e+02	   1.0700000e+02	   5.0000000e+00	   3.0000000e+00	   4.1550000e+00	   4.5150000e+00	   2.6750000e+00	   3.0000000e+00	   1.0000000e+00	   2.0000000e+00	   1.0000000e+00	   3.4050000e+03	
   1.1200000e+02	   2.1400000e+02	   1.0500000e+02	   4.0000000e+00	   1.0000000e+00	   4.4100000e+00	   4.4850000e+00	   3.8400000e+00	   2.0000000e+00	   1.0000000e+00	   3.0000000e+00	   1.0000000e+00	   1.7710000e+03	
   2.0700000e+02	   3.0500000e+02	   2.1300000e+02	   9.0000000e+00	   4.0000000e+00	   4.6100000e+00	   4.1200000e+00	   3.3500000e+00	   3.0000000e+00	   1.0000000e+00	   2.0000000e+00	   1.0000000e+00	   2.1100000e+03	
   1.1400000e+02	   2.0900000e+02	   3.1300000e+02	   1.5000000e+01	   1.0000000e+00	   4.9250000e+00	   4.9950000e+00	   9.7500000e-01	   2.0000000e+00	   1.0000000e+00	   3.0000000e+00	   1.0000000e+00	   1.6960000e+03	
   2.1100000e+02	   2.1400000e+02	   1.0400000e+02	   3.0000000e+00	   1.0000000e+00	   4.4450000e+00	   4.4850000e+00	   2.1100000e+00	   2.0000000e+00	   3.0000000e+00	   1.0000000e+00	   2.0000000e+00	   4.5020000e+03	
   1.0900000e+02	   1.1200000e+02	   3.1300000e+02	   1.5000000e+01	   4.0000000e+00	   4.8600000e+00	   4.4100000e+00	   9.7500000e-01	   1.0000000e+00	   3.0000000e+00	   2.0000000e+00	   1.0000000e+00	   1.4390000e+03	
   1.1000000e+02	   2.1100000e+02	   1.0700000e+02	   5.0000000e+00	   3.0000000e+00	   4.1550000e+00	   4.4450000e+00	   2.6750000e+00	   3.0000000e+00	   1.0000000e+00	   2.0000000e+00	   1.0000000e+00	   1.5050000e+03	
   1.1200000e+02	   2.1500000e+02	   1.0400000e+02	   3.0000000e+00	   2.0000000e+00	   4.4100000e+00	   4.5150000e+00	   2.1100000e+00	   2.0000000e+00	   1.0000000e+00	   3.0000000e+00	   2.0000000e+00	   2.7570000e+03	
   1.1500000e+02	   2.0400000e+02	   2.1300000e+02	   9.0000000e+00	   2.0000000e+00	   4.7350000e+00	   4.9450000e+00	   3.3500000e+00	   2.0000000e+00	   1.0000000e+00	   3.0000000e+00	   1.0000000e+00	   3.0880000e+03	
   1.1400000e+02	   2.1100000e+02	   1.0200000e+02	   1.0000000e+00	   4.0000000e+00	   4.9250000e+00	   4.4450000e+00	   2.6250000e+00	   2.0000000e+00	   1.0000000e+00	   3.0000000e+00	   1.0000000e+00	   4.4480000e+03	
   2.1400000e+02	   2.1500000e+02	   3.0800000e+02	   1.3000000e+01	   1.0000000e+00	   4.4850000e+00	   4.5150000e+00	   6.2500000e-01	   2.0000000e+00	   3.0000000e+00	   1.0000000e+00	   2.0000000e+00	   1.9960000e+03	
   1.1000000e+02	   1.1500000e+02	   1.0300000e+02	   2.0000000e+00	   5.0000000e+00	   4.1550000e+00	   4.7350000e+00	   1.8450000e+00	   1.0000000e+00	   2.0000000e+00	   3.0000000e+00	   2.0000000e+00	   4.5540000e+03	
   1.1200000e+02	   2.1400000e+02	   2.1300000e+02	   9.0000000e+00	   1.0000000e+00	   4.4100000e+00	   4.4850000e+00	   3.3500000e+00	   2.0000000e+00	   1.0000000e+00	   3.0000000e+00	   1.0000000e+00	   2.0490000e+03	
   1.1500000e+02	   2.1100000e+02	   2.1300000e+02	   9.0000000e+00	   3.0000000e+00	   4.7350000e+00	   4.4450000e+00	   3.3500000e+00	   3.0000000e+00	   1.0000000e+00	   2.0000000e+00	   1.0000000e+00	   1.3800000e+03	
   2.0700000e+02	   2.0900000e+02	   3.0200000e+02	   1.0000000e+01	   3.0000000e+00	   4.6100000e+00	   4.9950000e+00	   3.0500000e-01	   2.0000000e+00	   1.0000000e+00	   3.0000000e+00	   1.0000000e+00	   1.1950000e+03	
   1.1400000e+02	   2.0900000e+02	   1.0400000e+02	   3.0000000e+00	   1.0000000e+00	   4.9250000e+00	   4.9950000e+00	   2.1100000e+00	   3.0000000e+00	   2.0000000e+00	   1.0000000e+00	   2.0000000e+00	   2.2180000e+03	
   2.0800000e+02	   2.1100000e+02	   1.0500000e+02	   4.0000000e+00	   1.0000000e+00	   4.4400000e+00	   4.4450000e+00	   3.8400000e+00	   3.0000000e+00	   1.0000000e+00	   2.0000000e+00	   3.0000000e+00	   6.9550000e+03	
   1.1500000e+02	   2.0800000e+02	   1.0500000e+02	   4.0000000e+00	   3.0000000e+00	   4.7350000e+00	   4.4400000e+00	   3.8400000e+00	   1.0000000e+00	   3.0000000e+00	   2.0000000e+00	   3.0000000e+00	   1.6050000e+03	
   2.1400000e+02	   2.1500000e+02	   1.0800000e+02	   6.0000000e+00	   1.0000000e+00	   4.4850000e+00	   4.5150000e+00	   3.6050000e+00	   2.0000000e+00	   1.0000000e+00	   3.0000000e+00	   2.0000000e+00	   4.8180000e+03	
   1.1100000e+02	   2.1100000e+02	   3.0600000e+02	   1.2000000e+01	   4.0000000e+00	   4.9300000e+00	   4.4450000e+00	   1.4000000e-01	   1.0000000e+00	   2.0000000e+00	   3.0000000e+00	   1.0000000e+00	   2.5360000e+03	
   1.0600000e+02	   2.1100000e+02	   1.0500000e+02	   4.0000000e+00	   5.0000000e+00	   4.9700000e+00	   4.4450000e+00	   3.8400000e+00	   3.0000000e+00	   2.0000000e+00	   1.0000000e+00	   3.0000000e+00	   1.8130000e+03	
   2.0800000e+02	   2.1500000e+02	   1.0200000e+02	   1.0000000e+00	   2.0000000e+00	   4.4400000e+00	   4.5150000e+00	   2.6250000e+00	   2.0000000e+00	   3.0000000e+00	   1.0000000e+00	   2.0000000e+00	   1.9190000e+03	
   1.1000000e+02	   2.0700000e+02	   1.0700000e+02	   5.0000000e+00	   4.0000000e+00	   4.1550000e+00	   4.6100000e+00	   2.6750000e+00	   2.0000000e+00	   1.0000000e+00	   3.0000000e+00	   1.0000000e+00	   2.5940000e+03	
   1.0600000e+02	   1.1500000e+02	   3.1000000e+02	   1.4000000e+01	   2.0000000e+00	   4.9700000e+00	   4.7350000e+00	   1.0000000e-02	   2.0000000e+00	   1.0000000e+00	   3.0000000e+00	   2.0000000e+00	   1.0560000e+03	
   1.0600000e+02	   3.0500000e+02	   3.0600000e+02	   1.2000000e+01	   5.0000000e+00	   4.9700000e+00	   4.1200000e+00	   1.4000000e-01	   3.0000000e+00	   2.0000000e+00	   1.0000000e+00	   3.0000000e+00	   1.2170000e+03	
   1.1200000e+02	   2.1500000e+02	   3.0600000e+02	   1.2000000e+01	   2.0000000e+00	   4.4100000e+00	   4.5150000e+00	   1.4000000e-01	   1.0000000e+00	   3.0000000e+00	   2.0000000e+00	   1.0000000e+00	   5.1990000e+03	
   1.0600000e+02	   1.1100000e+02	   3.0200000e+02	   1.0000000e+01	   1.0000000e+00	   4.9700000e+00	   4.9300000e+00	   3.0500000e-01	   3.0000000e+00	   1.0000000e+00	   2.0000000e+00	   3.0000000e+00	   1.0530000e+03	
   2.0400000e+02	   2.1500000e+02	   3.1000000e+02	   1.4000000e+01	   4.0000000e+00	   4.9450000e+00	   4.5150000e+00	   1.0000000e-02	   3.0000000e+00	   2.0000000e+00	   1.0000000e+00	   3.0000000e+00	   1.6830000e+03	
   1.1000000e+02	   2.1100000e+02	   3.1000000e+02	   1.4000000e+01	   3.0000000e+00	   4.1550000e+00	   4.4450000e+00	   1.0000000e-02	   3.0000000e+00	   2.0000000e+00	   1.0000000e+00	   2.0000000e+00	   2.3180000e+03	
   1.1400000e+02	   2.1100000e+02	   2.0200000e+02	   7.0000000e+00	   4.0000000e+00	   4.9250000e+00	   4.4450000e+00	   3.9550000e+00	   2.0000000e+00	   1.0000000e+00	   3.0000000e+00	   2.0000000e+00	   4.2020000e+03	
   1.0600000e+02	   1.0900000e+02	   2.0500000e+02	   8.0000000e+00	   2.0000000e+00	   4.9700000e+00	   4.8600000e+00	   3.7150000e+00	   2.0000000e+00	   3.0000000e+00	   1.0000000e+00	   2.0000000e+00	   9.4400000e+02	
   2.0400000e+02	   2.0700000e+02	   3.0200000e+02	   1.0000000e+01	   3.0000000e+00	   4.9450000e+00	   4.6100000e+00	   3.0500000e-01	   2.0000000e+00	   1.0000000e+00	   3.0000000e+00	   2.0000000e+00	   1.4400000e+03	
   1.0600000e+02	   2.1500000e+02	   3.0400000e+02	   1.1000000e+01	   4.0000000e+00	   4.9700000e+00	   4.5150000e+00	   3.5150000e+00	   1.0000000e+00	   2.0000000e+00	   3.0000000e+00	   1.0000000e+00	   1.1270000e+03	
   1.1500000e+02	   2.1500000e+02	   3.0200000e+02	   1.0000000e+01	   2.0000000e+00	   4.7350000e+00	   4.5150000e+00	   3.0500000e-01	   2.0000000e+00	   1.0000000e+00	   3.0000000e+00	   1.0000000e+00	   3.0610000e+03	
   1.1100000e+02	   2.1100000e+02	   3.1000000e+02	   1.4000000e+01	   4.0000000e+00	   4.9300000e+00	   4.4450000e+00	   1.0000000e-02	   3.0000000e+00	   1.0000000e+00	   2.0000000e+00	   3.0000000e+00	   1.4320000e+03	
   1.1400000e+02	   2.0900000e+02	   1.0700000e+02	   5.0000000e+00	   1.0000000e+00	   4.9250000e+00	   4.9950000e+00	   2.6750000e+00	   2.0000000e+00	   3.0000000e+00	   1.0000000e+00	   3.0000000e+00	   1.4030000e+03	
   1.0600000e+02	   1.1500000e+02	   1.0400000e+02	   3.0000000e+00	   2.0000000e+00	   4.9700000e+00	   4.7350000e+00	   2.1100000e+00	   3.0000000e+00	   1.0000000e+00	   2.0000000e+00	   3.0000000e+00	   1.3380000e+03	
   2.0400000e+02	   2.1400000e+02	   1.0500000e+02	   4.0000000e+00	   4.0000000e+00	   4.9450000e+00	   4.4850000e+00	   3.8400000e+00	   3.0000000e+00	   2.0000000e+00	   1.0000000e+00	   3.0000000e+00	   2.4320000e+03	
   1.0900000e+02	   1.1000000e+02	   3.1300000e+02	   1.5000000e+01	   5.0000000e+00	   4.8600000e+00	   4.1550000e+00	   9.7500000e-01	   1.0000000e+00	   3.0000000e+00	   2.0000000e+00	   1.0000000e+00	   1.4670000e+03	
   1.1100000e+02	   2.1500000e+02	   3.1300000e+02	   1.5000000e+01	   4.0000000e+00	   4.9300000e+00	   4.5150000e+00	   9.7500000e-01	   1.0000000e+00	   3.0000000e+00	   2.0000000e+00	   1.0000000e+00	   1.6890000e+03	
   1.0600000e+02	   1.1200000e+02	   3.0400000e+02	   1.1000000e+01	   5.0000000e+00	   4.9700000e+00	   4.4100000e+00	   3.5150000e+00	   3.0000000e+00	   2.0000000e+00	   1.0000000e+00	   3.0000000e+00	   1.1390000e+03	
   1.1000000e+02	   2.1100000e+02	   1.0300000e+02	   2.0000000e+00	   3.0000000e+00	   4.1550000e+00	   4.4450000e+00	   1.8450000e+00	   2.0000000e+00	   3.0000000e+00	   1.0000000e+00	   3.0000000e+00	   2.5810000e+03	
   1.1500000e+02	   2.0400000e+02	   3.0200000e+02	   1.0000000e+01	   2.0000000e+00	   4.7350000e+00	   4.9450000e+00	   3.0500000e-01	   1.0000000e+00	   2.0000000e+00	   3.0000000e+00	   2.0000000e+00	   1.7270000e+03	
   1.1100000e+02	   2.1500000e+02	   3.0400000e+02	   1.1000000e+01	   4.0000000e+00	   4.9300000e+00	   4.5150000e+00	   3.5150000e+00	   1.0000000e+00	   3.0000000e+00	   2.0000000e+00	   1.0000000e+00	   1.8310000e+03	
   1.1200000e+02	   1.1400000e+02	   1.0300000e+02	   2.0000000e+00	   4.0000000e+00	   4.4100000e+00	   4.9250000e+00	   1.8450000e+00	   3.0000000e+00	   2.0000000e+00	   1.0000000e+00	   2.0000000e+00	   2.1870000e+03	
   1.1200000e+02	   2.0700000e+02	   1.0800000e+02	   6.0000000e+00	   2.0000000e+00	   4.4100000e+00	   4.6100000e+00	   3.6050000e+00	   3.0000000e+00	   1.0000000e+00	   2.0000000e+00	   3.0000000e+00	   1.4950000e+03	
   1.0900000e+02	   2.0900000e+02	   3.0200000e+02	   1.0000000e+01	   2.0000000e+00	   4.8600000e+00	   4.9950000e+00	   3.0500000e-01	   3.0000000e+00	   2.0000000e+00	   1.0000000e+00	   2.0000000e+00	   3.0570000e+03	
   2.0400000e+02	   3.0500000e+02	   3.0800000e+02	   1.3000000e+01	   5.0000000e+00	   4.9450000e+00	   4.1200000e+00	   6.2500000e-01	   1.0000000e+00	   2.0000000e+00	   3.0000000e+00	   1.0000000e+00	   1.9000000e+03	
   1.1200000e+02	   1.1500000e+02	   1.0200000e+02	   1.0000000e+00	   3.0000000e+00	   4.4100000e+00	   4.7350000e+00	   2.6250000e+00	   1.0000000e+00	   3.0000000e+00	   2.0000000e+00	   1.0000000e+00	   1.8700000e+03	
   2.0800000e+02	   2.1400000e+02	   3.0800000e+02	   1.3000000e+01	   1.0000000e+00	   4.4400000e+00	   4.4850000e+00	   6.2500000e-01	   1.0000000e+00	   3.0000000e+00	   2.0000000e+00	   1.0000000e+00	   1.4860000e+03	
   1.0600000e+02	   1.1200000e+02	   2.1300000e+02	   9.0000000e+00	   5.0000000e+00	   4.9700000e+00	   4.4100000e+00	   3.3500000e+00	   1.0000000e+00	   3.0000000e+00	   2.0000000e+00	   1.0000000e+00	   4.5050000e+03	
   2.0400000e+02	   2.1100000e+02	   3.1000000e+02	   1.4000000e+01	   4.0000000e+00	   4.9450000e+00	   4.4450000e+00	   1.0000000e-02	   1.0000000e+00	   3.0000000e+00	   2.0000000e+00	   1.0000000e+00	   3.7770000e+03	
   2.0800000e+02	   2.1500000e+02	   1.0400000e+02	   3.0000000e+00	   2.0000000e+00	   4.4400000e+00	   4.5150000e+00	   2.1100000e+00	   2.0000000e+00	   1.0000000e+00	   3.0000000e+00	   2.0000000e+00	   1.7760000e+03	
   1.1000000e+02	   2.0800000e+02	   3.1300000e+02	   1.5000000e+01	   3.0000000e+00	   4.1550000e+00	   4.4400000e+00	   9.7500000e-01	   2.0000000e+00	   1.0000000e+00	   3.0000000e+00	   1.0000000e+00	   1.4580000e+03	
   1.0900000e+02	   3.0500000e+02	   3.0600000e+02	   1.2000000e+01	   5.0000000e+00	   4.8600000e+00	   4.1200000e+00	   1.4000000e-01	   2.0000000e+00	   1.0000000e+00	   3.0000000e+00	   2.0000000e+00	   2.7010000e+03	
   1.1000000e+02	   2.0400000e+02	   1.0800000e+02	   6.0000000e+00	   5.0000000e+00	   4.1550000e+00	   4.9450000e+00	   3.6050000e+00	   1.0000000e+00	   3.0000000e+00	   2.0000000e+00	   3.0000000e+00	   1.5860000e+03	
   1.0900000e+02	   1.1500000e+02	   2.0500000e+02	   8.0000000e+00	   2.0000000e+00	   4.8600000e+00	   4.7350000e+00	   3.7150000e+00	   1.0000000e+00	   2.0000000e+00	   3.0000000e+00	   1.0000000e+00	   1.5440000e+03	
   1.0600000e+02	   2.0800000e+02	   1.0200000e+02	   1.0000000e+00	   5.0000000e+00	   4.9700000e+00	   4.4400000e+00	   2.6250000e+00	   2.0000000e+00	   1.0000000e+00	   3.0000000e+00	   2.0000000e+00	   1.4730000e+03	
   2.0400000e+02	   2.1500000e+02	   1.0500000e+02	   4.0000000e+00	   4.0000000e+00	   4.9450000e+00	   4.5150000e+00	   3.8400000e+00	   1.0000000e+00	   3.0000000e+00	   2.0000000e+00	   1.0000000e+00	   1.4200000e+03	
   1.1200000e+02	   2.0900000e+02	   3.1000000e+02	   1.4000000e+01	   5.0000000e+00	   4.4100000e+00	   4.9950000e+00	   1.0000000e-02	   3.0000000e+00	   2.0000000e+00	   1.0000000e+00	   2.0000000e+00	   1.2180000e+03	
   1.0900000e+02	   1.1400000e+02	   2.0200000e+02	   7.0000000e+00	   1.0000000e+00	   4.8600000e+00	   4.9250000e+00	   3.9550000e+00	   1.0000000e+00	   2.0000000e+00	   3.0000000e+00	   1.0000000e+00	   1.6420000e+03	
   1.1000000e+02	   1.1200000e+02	   1.0700000e+02	   5.0000000e+00	   2.0000000e+00	   4.1550000e+00	   4.4100000e+00	   2.6750000e+00	   2.0000000e+00	   3.0000000e+00	   1.0000000e+00	   3.0000000e+00	   4.2320000e+03	
   1.1200000e+02	   1.1500000e+02	   3.1000000e+02	   1.4000000e+01	   3.0000000e+00	   4.4100000e+00	   4.7350000e+00	   1.0000000e-02	   1.0000000e+00	   3.0000000e+00	   2.0000000e+00	   1.0000000e+00	   2.7560000e+03	
   1.1200000e+02	   2.1100000e+02	   2.0500000e+02	   8.0000000e+00	   1.0000000e+00	   4.4100000e+00	   4.4450000e+00	   3.7150000e+00	   3.0000000e+00	   2.0000000e+00	   1.0000000e+00	   2.0000000e+00	   1.6230000e+03	
   1.1000000e+02	   2.0400000e+02	   1.0400000e+02	   3.0000000e+00	   5.0000000e+00	   4.1550000e+00	   4.9450000e+00	   2.1100000e+00	   3.0000000e+00	   1.0000000e+00	   2.0000000e+00	   1.0000000e+00	   1.4770000e+03	
   1.1200000e+02	   2.1100000e+02	   3.0800000e+02	   1.3000000e+01	   1.0000000e+00	   4.4100000e+00	   4.4450000e+00	   6.2500000e-01	   3.0000000e+00	   2.0000000e+00	   1.0000000e+00	   2.0000000e+00	   2.6120000e+03	
   1.0900000e+02	   1.1200000e+02	   2.0200000e+02	   7.0000000e+00	   4.0000000e+00	   4.8600000e+00	   4.4100000e+00	   3.9550000e+00	   1.0000000e+00	   2.0000000e+00	   3.0000000e+00	   1.0000000e+00	   3.6690000e+03	
   2.0400000e+02	   2.1100000e+02	   1.0700000e+02	   5.0000000e+00	   4.0000000e+00	   4.9450000e+00	   4.4450000e+00	   2.6750000e+00	   1.0000000e+00	   3.0000000e+00	   2.0000000e+00	   1.0000000e+00	   1.6290000e+03	
   1.0900000e+02	   2.0800000e+02	   3.0200000e+02	   1.0000000e+01	   4.0000000e+00	   4.8600000e+00	   4.4400000e+00	   3.0500000e-01	   3.0000000e+00	   2.0000000e+00	   1.0000000e+00	   3.0000000e+00	   3.4050000e+03	
   1.0900000e+02	   2.0800000e+02	   2.0200000e+02	   7.0000000e+00	   4.0000000e+00	   4.8600000e+00	   4.4400000e+00	   3.9550000e+00	   3.0000000e+00	   1.0000000e+00	   2.0000000e+00	   3.0000000e+00	   2.7400000e+03	
   1.1400000e+02	   3.0500000e+02	   1.0800000e+02	   6.0000000e+00	   5.0000000e+00	   4.9250000e+00	   4.1200000e+00	   3.6050000e+00	   3.0000000e+00	   1.0000000e+00	   2.0000000e+00	   3.0000000e+00	   3.4560000e+03	
   2.0700000e+02	   2.1400000e+02	   3.0400000e+02	   1.1000000e+01	   2.0000000e+00	   4.6100000e+00	   4.4850000e+00	   3.5150000e+00	   1.0000000e+00	   2.0000000e+00	   3.0000000e+00	   2.0000000e+00	   2.3100000e+03	
   1.1100000e+02	   2.0900000e+02	   1.0700000e+02	   5.0000000e+00	   1.0000000e+00	   4.9300000e+00	   4.9950000e+00	   2.6750000e+00	   2.0000000e+00	   1.0000000e+00	   3.0000000e+00	   1.0000000e+00	   1.4230000e+03	
   2.0700000e+02	   2.1100000e+02	   1.0800000e+02	   6.0000000e+00	   2.0000000e+00	   4.6100000e+00	   4.4450000e+00	   3.6050000e+00	   1.0000000e+00	   2.0000000e+00	   3.0000000e+00	   2.0000000e+00	   5.8640000e+03	
   1.1400000e+02	   2.1500000e+02	   3.0800000e+02	   1.3000000e+01	   3.0000000e+00	   4.9250000e+00	   4.5150000e+00	   6.2500000e-01	   3.0000000e+00	   2.0000000e+00	   1.0000000e+00	   3.0000000e+00	   2.3200000e+03	
   1.1200000e+02	   2.1500000e+02	   3.1300000e+02	   1.5000000e+01	   2.0000000e+00	   4.4100000e+00	   4.5150000e+00	   9.7500000e-01	   1.0000000e+00	   3.0000000e+00	   2.0000000e+00	   3.0000000e+00	   3.3850000e+03	
   2.1500000e+02	   3.0500000e+02	   2.1300000e+02	   9.0000000e+00	   3.0000000e+00	   4.5150000e+00	   4.1200000e+00	   3.3500000e+00	   2.0000000e+00	   1.0000000e+00	   3.0000000e+00	   1.0000000e+00	   2.5950000e+03	
   1.1400000e+02	   3.0500000e+02	   3.0600000e+02	   1.2000000e+01	   5.0000000e+00	   4.9250000e+00	   4.1200000e+00	   1.4000000e-01	   3.0000000e+00	   2.0000000e+00	   1.0000000e+00	   3.0000000e+00	   2.2310000e+03	
   1.1000000e+02	   2.1500000e+02	   1.0300000e+02	   2.0000000e+00	   3.0000000e+00	   4.1550000e+00	   4.5150000e+00	   1.8450000e+00	   3.0000000e+00	   1.0000000e+00	   2.0000000e+00	   1.0000000e+00	   3.2430000e+03	
   1.1200000e+02	   2.0700000e+02	   1.0200000e+02	   1.0000000e+00	   2.0000000e+00	   4.4100000e+00	   4.6100000e+00	   2.6250000e+00	   3.0000000e+00	   1.0000000e+00	   2.0000000e+00	   1.0000000e+00	   3.0860000e+03	
   1.1000000e+02	   2.0800000e+02	   1.0200000e+02	   1.0000000e+00	   3.0000000e+00	   4.1550000e+00	   4.4400000e+00	   2.6250000e+00	   1.0000000e+00	   3.0000000e+00	   2.0000000e+00	   3.0000000e+00	   1.7810000e+03	
   1.0900000e+02	   1.1400000e+02	   1.0400000e+02	   3.0000000e+00	   1.0000000e+00	   4.8600000e+00	   4.9250000e+00	   2.1100000e+00	   3.0000000e+00	   2.0000000e+00	   1.0000000e+00	   3.0000000e+00	   1.3020000e+03	
   1.0600000e+02	   2.0400000e+02	   1.0200000e+02	   1.0000000e+00	   1.0000000e+00	   4.9700000e+00	   4.9450000e+00	   2.6250000e+00	   2.0000000e+00	   3.0000000e+00	   1.0000000e+00	   2.0000000e+00	   1.5490000e+03	
   1.1400000e+02	   1.1500000e+02	   1.0500000e+02	   4.0000000e+00	   2.0000000e+00	   4.9250000e+00	   4.7350000e+00	   3.8400000e+00	   2.0000000e+00	   3.0000000e+00	   1.0000000e+00	   2.0000000e+00	   1.9020000e+03	
   1.1200000e+02	   1.1400000e+02	   1.0400000e+02	   3.0000000e+00	   4.0000000e+00	   4.4100000e+00	   4.9250000e+00	   2.1100000e+00	   3.0000000e+00	   2.0000000e+00	   1.0000000e+00	   2.0000000e+00	   3.0500000e+03	
   1.0900000e+02	   2.1400000e+02	   1.0700000e+02	   5.0000000e+00	   3.0000000e+00	   4.8600000e+00	   4.4850000e+00	   2.6750000e+00	   3.0000000e+00	   1.0000000e+00	   2.0000000e+00	   3.0000000e+00	   3.3790000e+03	
   1.1100000e+02	   2.0700000e+02	   3.0200000e+02	   1.0000000e+01	   3.0000000e+00	   4.9300000e+00	   4.6100000e+00	   3.0500000e-01	   1.0000000e+00	   3.0000000e+00	   2.0000000e+00	   1.0000000e+00	   1.5530000e+03	
   1.1000000e+02	   3.0500000e+02	   2.0200000e+02	   7.0000000e+00	   1.0000000e+00	   4.1550000e+00	   4.1200000e+00	   3.9550000e+00	   1.0000000e+00	   2.0000000e+00	   3.0000000e+00	   3.0000000e+00	   3.5000000e+03	
   1.1500000e+02	   2.0900000e+02	   2.0200000e+02	   7.0000000e+00	   2.0000000e+00	   4.7350000e+00	   4.9950000e+00	   3.9550000e+00	   2.0000000e+00	   3.0000000e+00	   1.0000000e+00	   3.0000000e+00	   1.0040000e+03	
   1.0900000e+02	   2.0400000e+02	   3.0800000e+02	   1.3000000e+01	   2.0000000e+00	   4.8600000e+00	   4.9450000e+00	   6.2500000e-01	   1.0000000e+00	   2.0000000e+00	   3.0000000e+00	   1.0000000e+00	   2.4240000e+03	
   1.0600000e+02	   2.0700000e+02	   2.1300000e+02	   9.0000000e+00	   3.0000000e+00	   4.9700000e+00	   4.6100000e+00	   3.3500000e+00	   3.0000000e+00	   2.0000000e+00	   1.0000000e+00	   3.0000000e+00	   9.1300000e+02	
   2.0400000e+02	   2.0800000e+02	   3.0800000e+02	   1.3000000e+01	   4.0000000e+00	   4.9450000e+00	   4.4400000e+00	   6.2500000e-01	   2.0000000e+00	   3.0000000e+00	   1.0000000e+00	   2.0000000e+00	   1.4780000e+03	
   1.1000000e+02	   1.1100000e+02	   1.0300000e+02	   2.0000000e+00	   5.0000000e+00	   4.1550000e+00	   4.9300000e+00	   1.8450000e+00	   1.0000000e+00	   2.0000000e+00	   3.0000000e+00	   2.0000000e+00	   1.5450000e+03	
   1.1000000e+02	   2.1500000e+02	   3.1300000e+02	   1.5000000e+01	   3.0000000e+00	   4.1550000e+00	   4.5150000e+00	   9.7500000e-01	   1.0000000e+00	   2.0000000e+00	   3.0000000e+00	   2.0000000e+00	   2.0930000e+03	
   1.1100000e+02	   2.0400000e+02	   2.1300000e+02	   9.0000000e+00	   1.0000000e+00	   4.9300000e+00	   4.9450000e+00	   3.3500000e+00	   1.0000000e+00	   2.0000000e+00	   3.0000000e+00	   2.0000000e+00	   3.5450000e+03	
   2.0700000e+02	   2.1100000e+02	   3.0800000e+02	   1.3000000e+01	   2.0000000e+00	   4.6100000e+00	   4.4450000e+00	   6.2500000e-01	   3.0000000e+00	   2.0000000e+00	   1.0000000e+00	   2.0000000e+00	   1.5370000e+03	
   1.0900000e+02	   2.1100000e+02	   2.0500000e+02	   8.0000000e+00	   3.0000000e+00	   4.8600000e+00	   4.4450000e+00	   3.7150000e+00	   2.0000000e+00	   1.0000000e+00	   3.0000000e+00	   2.0000000e+00	   2.1290000e+03	
   1.0900000e+02	   2.1500000e+02	   1.0500000e+02	   4.0000000e+00	   3.0000000e+00	   4.8600000e+00	   4.5150000e+00	   3.8400000e+00	   3.0000000e+00	   1.0000000e+00	   2.0000000e+00	   3.0000000e+00	   1.1800000e+03	
   1.0900000e+02	   3.0500000e+02	   1.0700000e+02	   5.0000000e+00	   5.0000000e+00	   4.8600000e+00	   4.1200000e+00	   2.6750000e+00	   2.0000000e+00	   1.0000000e+00	   3.0000000e+00	   2.0000000e+00	   1.9580000e+03	
   1.1000000e+02	   1.1200000e+02	   1.0800000e+02	   6.0000000e+00	   2.0000000e+00	   4.1550000e+00	   4.4100000e+00	   3.6050000e+00	   2.0000000e+00	   1.0000000e+00	   3.0000000e+00	   1.0000000e+00	   1.8320000e+03	
   2.0800000e+02	   2.1100000e+02	   3.0800000e+02	   1.3000000e+01	   1.0000000e+00	   4.4400000e+00	   4.4450000e+00	   6.2500000e-01	   2.0000000e+00	   1.0000000e+00	   3.0000000e+00	   1.0000000e+00	   1.7740000e+03	
   1.1100000e+02	   3.0500000e+02	   3.1300000e+02	   1.5000000e+01	   5.0000000e+00	   4.9300000e+00	   4.1200000e+00	   9.7500000e-01	   1.0000000e+00	   3.0000000e+00	   2.0000000e+00	   1.0000000e+00	   1.8800000e+03	
   2.0900000e+02	   2.1100000e+02	   3.1000000e+02	   1.4000000e+01	   5.0000000e+00	   4.9950000e+00	   4.4450000e+00	   1.0000000e-02	   3.0000000e+00	   1.0000000e+00	   2.0000000e+00	   3.0000000e+00	   1.1190000e+03	
   1.1100000e+02	   1.1500000e+02	   1.0300000e+02	   2.0000000e+00	   2.0000000e+00	   4.9300000e+00	   4.7350000e+00	   1.8450000e+00	   3.0000000e+00	   1.0000000e+00	   2.0000000e+00	   3.0000000e+00	   1.5950000e+03	
   1.1400000e+02	   2.0700000e+02	   3.0800000e+02	   1.3000000e+01	   3.0000000e+00	   4.9250000e+00	   4.6100000e+00	   6.2500000e-01	   3.0000000e+00	   1.0000000e+00	   2.0000000e+00	   3.0000000e+00	   1.3930000e+03	
   2.0800000e+02	   2.1100000e+02	   2.1300000e+02	   9.0000000e+00	   1.0000000e+00	   4.4400000e+00	   4.4450000e+00	   3.3500000e+00	   2.0000000e+00	   3.0000000e+00	   1.0000000e+00	   3.0000000e+00	   2.6280000e+03	
   1.1000000e+02	   2.1500000e+02	   1.0800000e+02	   6.0000000e+00	   3.0000000e+00	   4.1550000e+00	   4.5150000e+00	   3.6050000e+00	   2.0000000e+00	   1.0000000e+00	   3.0000000e+00	   2.0000000e+00	   2.2450000e+03	
   1.1200000e+02	   2.0700000e+02	   2.1300000e+02	   9.0000000e+00	   2.0000000e+00	   4.4100000e+00	   4.6100000e+00	   3.3500000e+00	   2.0000000e+00	   1.0000000e+00	   3.0000000e+00	   1.0000000e+00	   2.4650000e+03	
   1.1000000e+02	   2.0800000e+02	   1.0800000e+02	   6.0000000e+00	   3.0000000e+00	   4.1550000e+00	   4.4400000e+00	   3.6050000e+00	   3.0000000e+00	   2.0000000e+00	   1.0000000e+00	   2.0000000e+00	   1.7190000e+03	
   2.0900000e+02	   2.1400000e+02	   3.0800000e+02	   1.3000000e+01	   4.0000000e+00	   4.9950000e+00	   4.4850000e+00	   6.2500000e-01	   2.0000000e+00	   1.0000000e+00	   3.0000000e+00	   2.0000000e+00	   1.2130000e+03	
   1.1100000e+02	   2.0900000e+02	   3.0200000e+02	   1.0000000e+01	   1.0000000e+00	   4.9300000e+00	   4.9950000e+00	   3.0500000e-01	   3.0000000e+00	   2.0000000e+00	   1.0000000e+00	   2.0000000e+00	   1.4290000e+03	
   2.0800000e+02	   2.1500000e+02	   3.0200000e+02	   1.0000000e+01	   2.0000000e+00	   4.4400000e+00	   4.5150000e+00	   3.0500000e-01	   1.0000000e+00	   3.0000000e+00	   2.0000000e+00	   3.0000000e+00	   1.8890000e+03	
   1.1200000e+02	   3.0500000e+02	   1.0300000e+02	   2.0000000e+00	   3.0000000e+00	   4.4100000e+00	   4.1200000e+00	   1.8450000e+00	   2.0000000e+00	   1.0000000e+00	   3.0000000e+00	   1.0000000e+00	   3.0840000e+03	
   1.0600000e+02	   1.1500000e+02	   2.1300000e+02	   9.0000000e+00	   2.0000000e+00	   4.9700000e+00	   4.7350000e+00	   3.3500000e+00	   2.0000000e+00	   3.0000000e+00	   1.0000000e+00	   2.0000000e+00	   1.2250000e+03	
   2.0800000e+02	   2.0900000e+02	   1.0300000e+02	   2.0000000e+00	   5.0000000e+00	   4.4400000e+00	   4.9950000e+00	   1.8450000e+00	   2.0000000e+00	   1.0000000e+00	   3.0000000e+00	   1.0000000e+00	   9.7500000e+02	
   2.0400000e+02	   2.0700000e+02	   3.0400000e+02	   1.1000000e+01	   3.0000000e+00	   4.9450000e+00	   4.6100000e+00	   3.5150000e+00	   3.0000000e+00	   1.0000000e+00	   2.0000000e+00	   3.0000000e+00	   2.4470000e+03	
   1.1200000e+02	   3.0500000e+02	   3.0800000e+02	   1.3000000e+01	   3.0000000e+00	   4.4100000e+00	   4.1200000e+00	   6.2500000e-01	   2.0000000e+00	   3.0000000e+00	   1.0000000e+00	   3.0000000e+00	   4.5560000e+03	
   2.0400000e+02	   3.0500000e+02	   3.1300000e+02	   1.5000000e+01	   5.0000000e+00	   4.9450000e+00	   4.1200000e+00	   9.7500000e-01	   2.0000000e+00	   3.0000000e+00	   1.0000000e+00	   2.0000000e+00	   1.1330000e+03	
   1.1000000e+02	   2.1100000e+02	   2.1300000e+02	   9.0000000e+00	   3.0000000e+00	   4.1550000e+00	   4.4450000e+00	   3.3500000e+00	   3.0000000e+00	   1.0000000e+00	   2.0000000e+00	   1.0000000e+00	   1.5800000e+03	
   2.0800000e+02	   2.1500000e+02	   3.0400000e+02	   1.1000000e+01	   2.0000000e+00	   4.4400000e+00	   4.5150000e+00	   3.5150000e+00	   3.0000000e+00	   1.0000000e+00	   2.0000000e+00	   3.0000000e+00	   1.4760000e+03	
   2.1500000e+02	   3.0500000e+02	   2.0200000e+02	   7.0000000e+00	   3.0000000e+00	   4.5150000e+00	   4.1200000e+00	   3.9550000e+00	   3.0000000e+00	   2.0000000e+00	   1.0000000e+00	   1.0000000e+00	   2.3570000e+03	
   1.0600000e+02	   2.1100000e+02	   1.0400000e+02	   3.0000000e+00	   5.0000000e+00	   4.9700000e+00	   4.4450000e+00	   2.1100000e+00	   1.0000000e+00	   2.0000000e+00	   3.0000000e+00	   1.0000000e+00	   1.0110000e+03	
   1.1400000e+02	   2.0400000e+02	   3.1300000e+02	   1.5000000e+01	   1.0000000e+00	   4.9250000e+00	   4.9450000e+00	   9.7500000e-01	   2.0000000e+00	   3.0000000e+00	   1.0000000e+00	   3.0000000e+00	   1.7190000e+03	
   1.0900000e+02	   2.0800000e+02	   1.0800000e+02	   6.0000000e+00	   4.0000000e+00	   4.8600000e+00	   4.4400000e+00	   3.6050000e+00	   1.0000000e+00	   3.0000000e+00	   2.0000000e+00	   1.0000000e+00	   1.5920000e+03	
   1.1100000e+02	   2.0700000e+02	   3.0400000e+02	   1.1000000e+01	   3.0000000e+00	   4.9300000e+00	   4.6100000e+00	   3.5150000e+00	   3.0000000e+00	   2.0000000e+00	   1.0000000e+00	   3.0000000e+00	   2.1870000e+03	
   1.1000000e+02	   2.0900000e+02	   2.0200000e+02	   7.0000000e+00	   5.0000000e+00	   4.1550000e+00	   4.9950000e+00	   3.9550000e+00	   3.0000000e+00	   1.0000000e+00	   2.0000000e+00	   1.0000000e+00	   1.2310000e+03	
   1.1000000e+02	   1.1200000e+02	   1.0500000e+02	   4.0000000e+00	   2.0000000e+00	   4.1550000e+00	   4.4100000e+00	   3.8400000e+00	   2.0000000e+00	   3.0000000e+00	   1.0000000e+00	   1.0000000e+00	   5.3330000e+03	
   1.1400000e+02	   2.1500000e+02	   3.0600000e+02	   1.2000000e+01	   3.0000000e+00	   4.9250000e+00	   4.5150000e+00	   1.4000000e-01	   2.0000000e+00	   1.0000000e+00	   3.0000000e+00	   2.0000000e+00	   1.6780000e+03	
   1.1500000e+02	   2.1100000e+02	   1.0400000e+02	   3.0000000e+00	   3.0000000e+00	   4.7350000e+00	   4.4450000e+00	   2.1100000e+00	   2.0000000e+00	   1.0000000e+00	   3.0000000e+00	   1.0000000e+00	   1.7870000e+03	
   2.0700000e+02	   2.1100000e+02	   3.1300000e+02	   1.5000000e+01	   2.0000000e+00	   4.6100000e+00	   4.4450000e+00	   9.7500000e-01	   3.0000000e+00	   1.0000000e+00	   2.0000000e+00	   1.0000000e+00	   1.8500000e+03	
   2.0400000e+02	   2.0900000e+02	   3.1000000e+02	   1.4000000e+01	   1.0000000e+00	   4.9450000e+00	   4.9950000e+00	   1.0000000e-02	   2.0000000e+00	   1.0000000e+00	   3.0000000e+00	   1.0000000e+00	   1.6650000e+03	
   1.0900000e+02	   3.0500000e+02	   2.0500000e+02	   8.0000000e+00	   5.0000000e+00	   4.8600000e+00	   4.1200000e+00	   3.7150000e+00	   2.0000000e+00	   1.0000000e+00	   3.0000000e+00	   2.0000000e+00	   1.1630000e+03	
   1.1500000e+02	   2.0700000e+02	   3.0600000e+02	   1.2000000e+01	   2.0000000e+00	   4.7350000e+00	   4.6100000e+00	   1.4000000e-01	   1.0000000e+00	   2.0000000e+00	   3.0000000e+00	   2.0000000e+00	   2.4220000e+03	
   1.1000000e+02	   2.0400000e+02	   2.1300000e+02	   9.0000000e+00	   5.0000000e+00	   4.1550000e+00	   4.9450000e+00	   3.3500000e+00	   3.0000000e+00	   2.0000000e+00	   1.0000000e+00	   2.0000000e+00	   1.5090000e+03	
   1.0900000e+02	   1.1100000e+02	   3.0400000e+02	   1.1000000e+01	   1.0000000e+00	   4.8600000e+00	   4.9300000e+00	   3.5150000e+00	   1.0000000e+00	   3.0000000e+00	   2.0000000e+00	   1.0000000e+00	   4.1960000e+03	
   2.0800000e+02	   2.1400000e+02	   1.0800000e+02	   6.0000000e+00	   1.0000000e+00	   4.4400000e+00	   4.4850000e+00	   3.6050000e+00	   3.0000000e+00	   1.0000000e+00	   2.0000000e+00	   3.0000000e+00	   1.6380000e+03	
   1.0900000e+02	   1.1200000e+02	   1.0400000e+02	   3.0000000e+00	   4.0000000e+00	   4.8600000e+00	   4.4100000e+00	   2.1100000e+00	   1.0000000e+00	   2.0000000e+00	   3.0000000e+00	   1.0000000e+00	   1.5740000e+03	
   1.1100000e+02	   2.1100000e+02	   2.1300000e+02	   9.0000000e+00	   4.0000000e+00	   4.9300000e+00	   4.4450000e+00	   3.3500000e+00	   2.0000000e+00	   3.0000000e+00	   1.0000000e+00	   3.0000000e+00	   2.2470000e+03	
   1.1100000e+02	   2.0400000e+02	   3.0200000e+02	   1.0000000e+01	   1.0000000e+00	   4.9300000e+00	   4.9450000e+00	   3.0500000e-01	   1.0000000e+00	   3.0000000e+00	   2.0000000e+00	   1.0000000e+00	   1.9560000e+03	
   2.0700000e+02	   2.1500000e+02	   3.1000000e+02	   1.4000000e+01	   2.0000000e+00	   4.6100000e+00	   4.5150000e+00	   1.0000000e-02	   1.0000000e+00	   2.0000000e+00	   3.0000000e+00	   1.0000000e+00	   5.4560000e+03	
   2.0800000e+02	   2.0900000e+02	   2.0500000e+02	   8.0000000e+00	   5.0000000e+00	   4.4400000e+00	   4.9950000e+00	   3.7150000e+00	   2.0000000e+00	   1.0000000e+00	   3.0000000e+00	   1.0000000e+00	   8.5000000e+02	
   1.0900000e+02	   1.1000000e+02	   2.0200000e+02	   7.0000000e+00	   5.0000000e+00	   4.8600000e+00	   4.1550000e+00	   3.9550000e+00	   3.0000000e+00	   2.0000000e+00	   1.0000000e+00	   3.0000000e+00	   3.6710000e+03	
   1.1500000e+02	   2.1100000e+02	   3.1000000e+02	   1.4000000e+01	   3.0000000e+00	   4.7350000e+00	   4.4450000e+00	   1.0000000e-02	   1.0000000e+00	   2.0000000e+00	   3.0000000e+00	   2.0000000e+00	   1.4220000e+03	
   1.1200000e+02	   2.0800000e+02	   3.0600000e+02	   1.2000000e+01	   1.0000000e+00	   4.4100000e+00	   4.4400000e+00	   1.4000000e-01	   3.0000000e+00	   2.0000000e+00	   1.0000000e+00	   2.0000000e+00	   2.5560000e+03	
   1.1400000e+02	   2.1500000e+02	   1.0400000e+02	   3.0000000e+00	   3.0000000e+00	   4.9250000e+00	   4.5150000e+00	   2.1100000e+00	   2.0000000e+00	   1.0000000e+00	   3.0000000e+00	   2.0000000e+00	   1.4230000e+03	
   1.1100000e+02	   2.0400000e+02	   3.0600000e+02	   1.2000000e+01	   1.0000000e+00	   4.9300000e+00	   4.9450000e+00	   1.4000000e-01	   1.0000000e+00	   3.0000000e+00	   2.0000000e+00	   1.0000000e+00	   1.1800000e+03	
   1.1400000e+02	   2.0900000e+02	   3.1000000e+02	   1.4000000e+01	   1.0000000e+00	   4.9250000e+00	   4.9950000e+00	   1.0000000e-02	   2.0000000e+00	   3.0000000e+00	   1.0000000e+00	   3.0000000e+00	   1.4310000e+03	
   1.0600000e+02	   1.1500000e+02	   3.0400000e+02	   1.1000000e+01	   2.0000000e+00	   4.9700000e+00	   4.7350000e+00	   3.5150000e+00	   2.0000000e+00	   3.0000000e+00	   1.0000000e+00	   2.0000000e+00	   1.0630000e+03	
   2.0800000e+02	   2.1500000e+02	   3.1000000e+02	   1.4000000e+01	   2.0000000e+00	   4.4400000e+00	   4.5150000e+00	   1.0000000e-02	   2.0000000e+00	   3.0000000e+00	   1.0000000e+00	   2.0000000e+00	   1.6180000e+03	
   1.0900000e+02	   2.0800000e+02	   3.0600000e+02	   1.2000000e+01	   4.0000000e+00	   4.8600000e+00	   4.4400000e+00	   1.4000000e-01	   3.0000000e+00	   2.0000000e+00	   1.0000000e+00	   3.0000000e+00	   9.7800000e+02	
   1.0900000e+02	   1.1200000e+02	   2.0500000e+02	   8.0000000e+00	   4.0000000e+00	   4.8600000e+00	   4.4100000e+00	   3.7150000e+00	   1.0000000e+00	   2.0000000e+00	   3.0000000e+00	   1.0000000e+00	   3.6150000e+03	
   1.0600000e+02	   1.1500000e+02	   2.0200000e+02	   7.0000000e+00	   2.0000000e+00	   4.9700000e+00	   4.7350000e+00	   3.9550000e+00	   3.0000000e+00	   1.0000000e+00	   2.0000000e+00	   3.0000000e+00	   8.4100000e+02	
   2.1100000e+02	   3.0500000e+02	   3.0600000e+02	   1.2000000e+01	   3.0000000e+00	   4.4450000e+00	   4.1200000e+00	   1.4000000e-01	   3.0000000e+00	   2.0000000e+00	   1.0000000e+00	   3.0000000e+00	   1.4140000e+03	
   1.0600000e+02	   1.1000000e+02	   3.0800000e+02	   1.3000000e+01	   5.0000000e+00	   4.9700000e+00	   4.1550000e+00	   6.2500000e-01	   2.0000000e+00	   3.0000000e+00	   1.0000000e+00	   2.0000000e+00	   9.6400000e+02	
   1.1100000e+02	   2.1400000e+02	   1.0400000e+02	   3.0000000e+00	   4.0000000e+00	   4.9300000e+00	   4.4850000e+00	   2.1100000e+00	   3.0000000e+00	   2.0000000e+00	   1.0000000e+00	   3.0000000e+00	   1.1990000e+03	
   1.1000000e+02	   1.1100000e+02	   1.0700000e+02	   5.0000000e+00	   5.0000000e+00	   4.1550000e+00	   4.9300000e+00	   2.6750000e+00	   1.0000000e+00	   2.0000000e+00	   3.0000000e+00	   2.0000000e+00	   7.7700000e+03	
   1.1500000e+02	   2.1500000e+02	   1.0400000e+02	   3.0000000e+00	   2.0000000e+00	   4.7350000e+00	   4.5150000e+00	   2.1100000e+00	   1.0000000e+00	   3.0000000e+00	   2.0000000e+00	   3.0000000e+00	   2.9200000e+03	
   1.0600000e+02	   2.1500000e+02	   3.1300000e+02	   1.5000000e+01	   4.0000000e+00	   4.9700000e+00	   4.5150000e+00	   9.7500000e-01	   3.0000000e+00	   1.0000000e+00	   2.0000000e+00	   3.0000000e+00	   9.3500000e+02	
   1.1100000e+02	   3.0500000e+02	   1.0500000e+02	   4.0000000e+00	   5.0000000e+00	   4.9300000e+00	   4.1200000e+00	   3.8400000e+00	   3.0000000e+00	   2.0000000e+00	   1.0000000e+00	   3.0000000e+00	   3.4850000e+03	
   2.0400000e+02	   3.0500000e+02	   2.0200000e+02	   7.0000000e+00	   5.0000000e+00	   4.9450000e+00	   4.1200000e+00	   3.9550000e+00	   3.0000000e+00	   1.0000000e+00	   2.0000000e+00	   3.0000000e+00	   1.5870000e+03	
   1.1100000e+02	   1.1200000e+02	   1.0200000e+02	   1.0000000e+00	   4.0000000e+00	   4.9300000e+00	   4.4100000e+00	   2.6250000e+00	   1.0000000e+00	   2.0000000e+00	   3.0000000e+00	   1.0000000e+00	   1.0700000e+03	
   1.1400000e+02	   1.1500000e+02	   2.0500000e+02	   8.0000000e+00	   2.0000000e+00	   4.9250000e+00	   4.7350000e+00	   3.7150000e+00	   3.0000000e+00	   1.0000000e+00	   2.0000000e+00	   3.0000000e+00	   1.6270000e+03	
   1.0600000e+02	   1.1000000e+02	   3.0400000e+02	   1.1000000e+01	   5.0000000e+00	   4.9700000e+00	   4.1550000e+00	   3.5150000e+00	   3.0000000e+00	   1.0000000e+00	   2.0000000e+00	   3.0000000e+00	   7.4000000e+02	
   1.1000000e+02	   2.1100000e+02	   2.0500000e+02	   8.0000000e+00	   3.0000000e+00	   4.1550000e+00	   4.4450000e+00	   3.7150000e+00	   3.0000000e+00	   1.0000000e+00	   2.0000000e+00	   1.0000000e+00	   1.4250000e+03	
   1.0600000e+02	   2.0700000e+02	   1.0200000e+02	   1.0000000e+00	   3.0000000e+00	   4.9700000e+00	   4.6100000e+00	   2.6250000e+00	   3.0000000e+00	   1.0000000e+00	   2.0000000e+00	   3.0000000e+00	   3.4040000e+03	
   1.1400000e+02	   2.0900000e+02	   2.0200000e+02	   7.0000000e+00	   1.0000000e+00	   4.9250000e+00	   4.9950000e+00	   3.9550000e+00	   1.0000000e+00	   2.0000000e+00	   3.0000000e+00	   2.0000000e+00	   7.8900000e+02	
   1.0600000e+02	   1.1200000e+02	   1.0400000e+02	   3.0000000e+00	   5.0000000e+00	   4.9700000e+00	   4.4100000e+00	   2.1100000e+00	   1.0000000e+00	   2.0000000e+00	   3.0000000e+00	   1.0000000e+00	   1.0190000e+03	
   1.1100000e+02	   1.1200000e+02	   2.1300000e+02	   9.0000000e+00	   4.0000000e+00	   4.9300000e+00	   4.4100000e+00	   3.3500000e+00	   1.0000000e+00	   2.0000000e+00	   3.0000000e+00	   1.0000000e+00	   2.1630000e+03	
   1.0600000e+02	   3.0500000e+02	   1.0800000e+02	   6.0000000e+00	   5.0000000e+00	   4.9700000e+00	   4.1200000e+00	   3.6050000e+00	   3.0000000e+00	   2.0000000e+00	   1.0000000e+00	   3.0000000e+00	   7.0700000e+02	
   2.0900000e+02	   2.1100000e+02	   1.0200000e+02	   1.0000000e+00	   5.0000000e+00	   4.9950000e+00	   4.4450000e+00	   2.6250000e+00	   3.0000000e+00	   2.0000000e+00	   1.0000000e+00	   3.0000000e+00	   7.6100000e+02	
   2.0900000e+02	   2.1500000e+02	   3.0400000e+02	   1.1000000e+01	   4.0000000e+00	   4.9950000e+00	   4.5150000e+00	   3.5150000e+00	   1.0000000e+00	   2.0000000e+00	   3.0000000e+00	   2.0000000e+00	   2.9640000e+03	
   1.1100000e+02	   2.1500000e+02	   3.0800000e+02	   1.3000000e+01	   4.0000000e+00	   4.9300000e+00	   4.5150000e+00	   6.2500000e-01	   3.0000000e+00	   2.0000000e+00	   1.0000000e+00	   3.0000000e+00	   2.2750000e+03	
   2.0800000e+02	   2.1500000e+02	   2.1300000e+02	   9.0000000e+00	   2.0000000e+00	   4.4400000e+00	   4.5150000e+00	   3.3500000e+00	   2.0000000e+00	   1.0000000e+00	   3.0000000e+00	   2.0000000e+00	   2.0020000e+03	
   1.1000000e+02	   2.0400000e+02	   3.1300000e+02	   1.5000000e+01	   5.0000000e+00	   4.1550000e+00	   4.9450000e+00	   9.7500000e-01	   2.0000000e+00	   1.0000000e+00	   3.0000000e+00	   1.0000000e+00	   1.3490000e+03	
   1.0600000e+02	   2.1400000e+02	   3.0200000e+02	   1.0000000e+01	   4.0000000e+00	   4.9700000e+00	   4.4850000e+00	   3.0500000e-01	   1.0000000e+00	   2.0000000e+00	   3.0000000e+00	   1.0000000e+00	   1.1930000e+03	
   1.0600000e+02	   3.0500000e+02	   3.0800000e+02	   1.3000000e+01	   5.0000000e+00	   4.9700000e+00	   4.1200000e+00	   6.2500000e-01	   1.0000000e+00	   2.0000000e+00	   3.0000000e+00	   1.0000000e+00	   1.0020000e+03	
   2.1100000e+02	   2.1400000e+02	   3.0400000e+02	   1.1000000e+01	   1.0000000e+00	   4.4450000e+00	   4.4850000e+00	   3.5150000e+00	   2.0000000e+00	   1.0000000e+00	   3.0000000e+00	   2.0000000e+00	   3.7730000e+03	
   1.1400000e+02	   2.0900000e+02	   2.0500000e+02	   8.0000000e+00	   1.0000000e+00	   4.9250000e+00	   4.9950000e+00	   3.7150000e+00	   3.0000000e+00	   1.0000000e+00	   2.0000000e+00	   1.0000000e+00	   1.8780000e+03	
   1.1000000e+02	   2.0700000e+02	   1.0500000e+02	   4.0000000e+00	   4.0000000e+00	   4.1550000e+00	   4.6100000e+00	   3.8400000e+00	   3.0000000e+00	   2.0000000e+00	   1.0000000e+00	   2.0000000e+00	   2.7880000e+03	
   1.1100000e+02	   2.0800000e+02	   3.0400000e+02	   1.1000000e+01	   4.0000000e+00	   4.9300000e+00	   4.4400000e+00	   3.5150000e+00	   1.0000000e+00	   3.0000000e+00	   2.0000000e+00	   1.0000000e+00	   3.0000000e+03	
   1.1000000e+02	   1.1400000e+02	   1.0700000e+02	   5.0000000e+00	   5.0000000e+00	   4.1550000e+00	   4.9250000e+00	   2.6750000e+00	   1.0000000e+00	   2.0000000e+00	   3.0000000e+00	   2.0000000e+00	   1.3280000e+03	
   2.0900000e+02	   2.1400000e+02	   3.1000000e+02	   1.4000000e+01	   4.0000000e+00	   4.9950000e+00	   4.4850000e+00	   1.0000000e-02	   2.0000000e+00	   1.0000000e+00	   3.0000000e+00	   2.0000000e+00	   9.3400000e+02	
   1.0900000e+02	   1.1200000e+02	   1.0700000e+02	   5.0000000e+00	   4.0000000e+00	   4.8600000e+00	   4.4100000e+00	   2.6750000e+00	   2.0000000e+00	   1.0000000e+00	   3.0000000e+00	   2.0000000e+00	   1.1790000e+03	
   1.0900000e+02	   1.1000000e+02	   1.0800000e+02	   6.0000000e+00	   5.0000000e+00	   4.8600000e+00	   4.1550000e+00	   3.6050000e+00	   2.0000000e+00	   3.0000000e+00	   1.0000000e+00	   2.0000000e+00	   1.1430000e+03	
   1.1400000e+02	   2.1500000e+02	   3.1300000e+02	   1.5000000e+01	   3.0000000e+00	   4.9250000e+00	   4.5150000e+00	   9.7500000e-01	   3.0000000e+00	   1.0000000e+00	   2.0000000e+00	   3.0000000e+00	   1.4870000e+03	
   1.1100000e+02	   2.0900000e+02	   1.0300000e+02	   2.0000000e+00	   1.0000000e+00	   4.9300000e+00	   4.9950000e+00	   1.8450000e+00	   3.0000000e+00	   1.0000000e+00	   2.0000000e+00	   1.0000000e+00	   1.5720000e+03	
   1.0900000e+02	   1.1100000e+02	   1.0700000e+02	   5.0000000e+00	   1.0000000e+00	   4.8600000e+00	   4.9300000e+00	   2.6750000e+00	   3.0000000e+00	   2.0000000e+00	   1.0000000e+00	   3.0000000e+00	   1.6990000e+03	
   1.1400000e+02	   3.0500000e+02	   3.1000000e+02	   1.4000000e+01	   5.0000000e+00	   4.9250000e+00	   4.1200000e+00	   1.0000000e-02	   3.0000000e+00	   1.0000000e+00	   2.0000000e+00	   3.0000000e+00	   1.5590000e+03	
   2.1100000e+02	   2.1400000e+02	   3.0600000e+02	   1.2000000e+01	   1.0000000e+00	   4.4450000e+00	   4.4850000e+00	   1.4000000e-01	   2.0000000e+00	   1.0000000e+00	   3.0000000e+00	   2.0000000e+00	   3.5390000e+03	
   1.1000000e+02	   1.1400000e+02	   3.1000000e+02	   1.4000000e+01	   5.0000000e+00	   4.1550000e+00	   4.9250000e+00	   1.0000000e-02	   3.0000000e+00	   2.0000000e+00	   1.0000000e+00	   2.0000000e+00	   1.3160000e+03	
   1.0600000e+02	   2.0700000e+02	   3.0400000e+02	   1.1000000e+01	   3.0000000e+00	   4.9700000e+00	   4.6100000e+00	   3.5150000e+00	   3.0000000e+00	   1.0000000e+00	   2.0000000e+00	   3.0000000e+00	   7.8100000e+02	
   1.1100000e+02	   1.1400000e+02	   3.0600000e+02	   1.2000000e+01	   1.0000000e+00	   4.9300000e+00	   4.9250000e+00	   1.4000000e-01	   2.0000000e+00	   3.0000000e+00	   1.0000000e+00	   2.0000000e+00	   1.6310000e+03	
   1.1200000e+02	   2.1400000e+02	   2.0500000e+02	   8.0000000e+00	   1.0000000e+00	   4.4100000e+00	   4.4850000e+00	   3.7150000e+00	   2.0000000e+00	   1.0000000e+00	   3.0000000e+00	   1.0000000e+00	   1.3710000e+03	
   1.1000000e+02	   3.0500000e+02	   1.0300000e+02	   2.0000000e+00	   1.0000000e+00	   4.1550000e+00	   4.1200000e+00	   1.8450000e+00	   1.0000000e+00	   2.0000000e+00	   3.0000000e+00	   2.0000000e+00	   1.4120000e+03	
   2.1100000e+02	   2.1500000e+02	   3.0400000e+02	   1.1000000e+01	   1.0000000e+00	   4.4450000e+00	   4.5150000e+00	   3.5150000e+00	   1.0000000e+00	   3.0000000e+00	   2.0000000e+00	   1.0000000e+00	   1.3300000e+03	
   1.1400000e+02	   1.1500000e+02	   2.0200000e+02	   7.0000000e+00	   2.0000000e+00	   4.9250000e+00	   4.7350000e+00	   3.9550000e+00	   1.0000000e+00	   2.0000000e+00	   3.0000000e+00	   1.0000000e+00	   1.6710000e+03	
   1.0600000e+02	   1.0900000e+02	   1.0700000e+02	   5.0000000e+00	   2.0000000e+00	   4.9700000e+00	   4.8600000e+00	   2.6750000e+00	   3.0000000e+00	   1.0000000e+00	   2.0000000e+00	   3.0000000e+00	   6.8700000e+02	
   1.1500000e+02	   2.0900000e+02	   3.0800000e+02	   1.3000000e+01	   2.0000000e+00	   4.7350000e+00	   4.9950000e+00	   6.2500000e-01	   1.0000000e+00	   2.0000000e+00	   3.0000000e+00	   2.0000000e+00	   1.4780000e+03	
   1.0900000e+02	   2.1100000e+02	   1.0800000e+02	   6.0000000e+00	   3.0000000e+00	   4.8600000e+00	   4.4450000e+00	   3.6050000e+00	   3.0000000e+00	   1.0000000e+00	   2.0000000e+00	   3.0000000e+00	   8.5500000e+02	
   2.0700000e+02	   3.0500000e+02	   2.0500000e+02	   8.0000000e+00	   4.0000000e+00	   4.6100000e+00	   4.1200000e+00	   3.7150000e+00	   1.0000000e+00	   3.0000000e+00	   2.0000000e+00	   3.0000000e+00	   1.7210000e+03	
   2.0900000e+02	   2.1500000e+02	   1.0300000e+02	   2.0000000e+00	   4.0000000e+00	   4.9950000e+00	   4.5150000e+00	   1.8450000e+00	   2.0000000e+00	   3.0000000e+00	   1.0000000e+00	   2.0000000e+00	   9.7100000e+02	
   2.0400000e+02	   2.0900000e+02	   1.0700000e+02	   5.0000000e+00	   1.0000000e+00	   4.9450000e+00	   4.9950000e+00	   2.6750000e+00	   2.0000000e+00	   1.0000000e+00	   3.0000000e+00	   1.0000000e+00	   1.4330000e+03	
   1.0600000e+02	   2.1400000e+02	   1.0200000e+02	   1.0000000e+00	   4.0000000e+00	   4.9700000e+00	   4.4850000e+00	   2.6250000e+00	   1.0000000e+00	   3.0000000e+00	   2.0000000e+00	   1.0000000e+00	   1.2340000e+03	
   1.1500000e+02	   2.1400000e+02	   1.0300000e+02	   2.0000000e+00	   2.0000000e+00	   4.7350000e+00	   4.4850000e+00	   1.8450000e+00	   1.0000000e+00	   3.0000000e+00	   2.0000000e+00	   3.0000000e+00	   1.5410000e+03	
   2.0800000e+02	   2.1100000e+02	   1.0800000e+02	   6.0000000e+00	   1.0000000e+00	   4.4400000e+00	   4.4450000e+00	   3.6050000e+00	   2.0000000e+00	   1.0000000e+00	   3.0000000e+00	   1.0000000e+00	   1.2640000e+03	
   1.1000000e+02	   2.1400000e+02	   1.0200000e+02	   1.0000000e+00	   3.0000000e+00	   4.1550000e+00	   4.4850000e+00	   2.6250000e+00	   2.0000000e+00	   3.0000000e+00	   1.0000000e+00	   3.0000000e+00	   1.3470000e+03	
   1.1400000e+02	   2.0900000e+02	   1.0200000e+02	   1.0000000e+00	   1.0000000e+00	   4.9250000e+00	   4.9950000e+00	   2.6250000e+00	   2.0000000e+00	   3.0000000e+00	   1.0000000e+00	   3.0000000e+00	   9.1600000e+02	
   2.0700000e+02	   2.0800000e+02	   1.0200000e+02	   1.0000000e+00	   2.0000000e+00	   4.6100000e+00	   4.4400000e+00	   2.6250000e+00	   2.0000000e+00	   3.0000000e+00	   1.0000000e+00	   3.0000000e+00	   1.1970000e+03	
   1.1400000e+02	   2.1500000e+02	   1.0500000e+02	   4.0000000e+00	   3.0000000e+00	   4.9250000e+00	   4.5150000e+00	   3.8400000e+00	   3.0000000e+00	   2.0000000e+00	   1.0000000e+00	   3.0000000e+00	   1.4550000e+03	
   1.1000000e+02	   1.1100000e+02	   3.0200000e+02	   1.0000000e+01	   5.0000000e+00	   4.1550000e+00	   4.9300000e+00	   3.0500000e-01	   1.0000000e+00	   2.0000000e+00	   3.0000000e+00	   2.0000000e+00	   1.0850000e+03	
   1.0900000e+02	   2.0800000e+02	   1.0300000e+02	   2.0000000e+00	   4.0000000e+00	   4.8600000e+00	   4.4400000e+00	   1.8450000e+00	   2.0000000e+00	   3.0000000e+00	   1.0000000e+00	   2.0000000e+00	   1.0620000e+03	
   1.0600000e+02	   2.0900000e+02	   2.1300000e+02	   9.0000000e+00	   1.0000000e+00	   4.9700000e+00	   4.9950000e+00	   3.3500000e+00	   3.0000000e+00	   2.0000000e+00	   1.0000000e+00	   3.0000000e+00	   1.8620000e+03	
   1.0600000e+02	   1.1100000e+02	   1.0500000e+02	   4.0000000e+00	   1.0000000e+00	   4.9700000e+00	   4.9300000e+00	   3.8400000e+00	   3.0000000e+00	   1.0000000e+00	   2.0000000e+00	   3.0000000e+00	   1.2110000e+03	
   1.1500000e+02	   2.1500000e+02	   3.1000000e+02	   1.4000000e+01	   2.0000000e+00	   4.7350000e+00	   4.5150000e+00	   1.0000000e-02	   2.0000000e+00	   3.0000000e+00	   1.0000000e+00	   3.0000000e+00	   2.8120000e+03	
   1.0900000e+02	   1.1200000e+02	   1.0200000e+02	   1.0000000e+00	   4.0000000e+00	   4.8600000e+00	   4.4100000e+00	   2.6250000e+00	   1.0000000e+00	   3.0000000e+00	   2.0000000e+00	   1.0000000e+00	   2.0380000e+03	
   1.1100000e+02	   2.1400000e+02	   2.0500000e+02	   8.0000000e+00	   4.0000000e+00	   4.9300000e+00	   4.4850000e+00	   3.7150000e+00	   1.0000000e+00	   2.0000000e+00	   3.0000000e+00	   1.0000000e+00	   1.9440000e+03	
   1.0600000e+02	   2.1400000e+02	   2.0500000e+02	   8.0000000e+00	   4.0000000e+00	   4.9700000e+00	   4.4850000e+00	   3.7150000e+00	   1.0000000e+00	   2.0000000e+00	   3.0000000e+00	   1.0000000e+00	   1.1950000e+03	
   2.0900000e+02	   3.0500000e+02	   2.1300000e+02	   9.0000000e+00	   5.0000000e+00	   4.9950000e+00	   4.1200000e+00	   3.3500000e+00	   2.0000000e+00	   3.0000000e+00	   1.0000000e+00	   2.0000000e+00	   8.2800000e+02	
   1.0900000e+02	   2.1400000e+02	   3.1000000e+02	   1.4000000e+01	   3.0000000e+00	   4.8600000e+00	   4.4850000e+00	   1.0000000e-02	   2.0000000e+00	   3.0000000e+00	   1.0000000e+00	   2.0000000e+00	   1.1830000e+03	
   1.1400000e+02	   2.0400000e+02	   3.1000000e+02	   1.4000000e+01	   1.0000000e+00	   4.9250000e+00	   4.9450000e+00	   1.0000000e-02	   2.0000000e+00	   1.0000000e+00	   3.0000000e+00	   1.0000000e+00	   1.2660000e+03	
   2.1400000e+02	   3.0500000e+02	   1.0400000e+02	   3.0000000e+00	   3.0000000e+00	   4.4850000e+00	   4.1200000e+00	   2.1100000e+00	   1.0000000e+00	   3.0000000e+00	   2.0000000e+00	   1.0000000e+00	   9.7000000e+02	
   2.1100000e+02	   2.1500000e+02	   1.0200000e+02	   1.0000000e+00	   1.0000000e+00	   4.4450000e+00	   4.5150000e+00	   2.6250000e+00	   2.0000000e+00	   1.0000000e+00	   3.0000000e+00	   2.0000000e+00	   1.1370000e+03	
   1.0900000e+02	   2.0400000e+02	   2.0200000e+02	   7.0000000e+00	   2.0000000e+00	   4.8600000e+00	   4.9450000e+00	   3.9550000e+00	   1.0000000e+00	   2.0000000e+00	   3.0000000e+00	   2.0000000e+00	   8.5300000e+02	
   2.0800000e+02	   2.0900000e+02	   3.0400000e+02	   1.1000000e+01	   5.0000000e+00	   4.4400000e+00	   4.9950000e+00	   3.5150000e+00	   2.0000000e+00	   1.0000000e+00	   3.0000000e+00	   1.0000000e+00	   1.3710000e+03	
   1.1200000e+02	   2.0700000e+02	   3.0800000e+02	   1.3000000e+01	   2.0000000e+00	   4.4100000e+00	   4.6100000e+00	   6.2500000e-01	   3.0000000e+00	   1.0000000e+00	   2.0000000e+00	   3.0000000e+00	   1.1120000e+03	
   1.0900000e+02	   2.0400000e+02	   3.0400000e+02	   1.1000000e+01	   2.0000000e+00	   4.8600000e+00	   4.9450000e+00	   3.5150000e+00	   3.0000000e+00	   2.0000000e+00	   1.0000000e+00	   3.0000000e+00	   1.3030000e+03	
   2.0400000e+02	   2.1500000e+02	   1.0800000e+02	   6.0000000e+00	   4.0000000e+00	   4.9450000e+00	   4.5150000e+00	   3.6050000e+00	   1.0000000e+00	   2.0000000e+00	   3.0000000e+00	   1.0000000e+00	   1.0980000e+03	
   2.0800000e+02	   2.1400000e+02	   3.0400000e+02	   1.1000000e+01	   1.0000000e+00	   4.4400000e+00	   4.4850000e+00	   3.5150000e+00	   1.0000000e+00	   2.0000000e+00	   3.0000000e+00	   2.0000000e+00	   2.2860000e+03	
   1.1000000e+02	   2.0400000e+02	   1.0200000e+02	   1.0000000e+00	   5.0000000e+00	   4.1550000e+00	   4.9450000e+00	   2.6250000e+00	   3.0000000e+00	   2.0000000e+00	   1.0000000e+00	   2.0000000e+00	   1.1300000e+03	
