   1.0000000e+00	   1.0200000e+02	   1.0000000e+00	   3.7000000e+00	   8.1990000e+03	   1.2100000e+00	   2.6650000e+03	
   2.0000000e+00	   3.0900000e+02	   3.0000000e+00	   3.1300000e+00	   2.0370000e+03	   1.2600000e+00	   1.8650000e+03	
   3.0000000e+00	   1.1000000e+02	   1.0000000e+00	   3.3800000e+00	   6.1360000e+03	   3.3000000e-01	   2.0320000e+03	
   4.0000000e+00	   1.0900000e+02	   1.0000000e+00	   4.9200000e+00	   2.0550000e+03	   5.0000000e+00	   1.6990000e+03	
   5.0000000e+00	   1.0600000e+02	   1.0000000e+00	   4.5000000e+00	   1.8700000e+03	   2.3300000e+00	   2.2990000e+03	
   6.0000000e+00	   1.0100000e+02	   1.0000000e+00	   1.2500000e+00	   1.6720000e+03	   3.7900000e+00	   1.2990000e+03	
   7.0000000e+00	   3.0800000e+02	   3.0000000e+00	   6.9000000e-01	   3.5540000e+03	   1.0500000e+00	   5.3980000e+03	
   8.0000000e+00	   3.0700000e+02	   3.0000000e+00	   2.4700000e+00	   4.3220000e+03	   4.0300000e+00	   4.9320000e+03	
   9.0000000e+00	   1.0700000e+02	   1.0000000e+00	   8.1000000e-01	   2.5890000e+03	   7.9000000e-01	   1.4670000e+03	
   1.0000000e+01	   2.1300000e+02	   2.0000000e+00	   2.4500000e+00	   5.1040000e+03	   1.0500000e+00	   1.2330000e+03	
   1.1000000e+01	   2.1400000e+02	   2.0000000e+00	   1.1700000e+00	   1.8380000e+03	   3.8400000e+00	   1.0320000e+03	
   1.2000000e+01	   1.1100000e+02	   1.0000000e+00	   4.7500000e+00	   1.9230000e+03	   4.0200000e+00	   1.5990000e+03	
   1.3000000e+01	   2.0700000e+02	   2.0000000e+00	   3.9500000e+00	   2.2560000e+03	   1.9300000e+00	   1.4990000e+03	
   1.4000000e+01	   3.1400000e+02	   3.0000000e+00	   8.5000000e-01	   1.8570000e+03	   2.7700000e+00	   1.3660000e+03	
   1.5000000e+01	   2.0800000e+02	   2.0000000e+00	   4.8200000e+00	   2.3560000e+03	   3.5100000e+00	   1.3000000e+03	
   1.6000000e+01	   2.0100000e+02	   2.0000000e+00	   3.8800000e+00	   2.2560000e+03	   8.9000000e-01	   7.0000000e+02	
   1.7000000e+01	   1.0800000e+02	   1.0000000e+00	   4.9900000e+00	   5.3900000e+03	   3.8300000e+00	   1.6330000e+03	
   1.8000000e+01	   3.0400000e+02	   3.0000000e+00	   4.8800000e+00	   1.7380000e+03	   4.2800000e+00	   8.6700000e+02	
   1.9000000e+01	   3.1000000e+02	   3.0000000e+00	   1.3600000e+00	   3.9880000e+03	   3.5400000e+00	   6.3300000e+02	
   2.0000000e+01	   2.0600000e+02	   2.0000000e+00	   4.9000000e+00	   2.1570000e+03	   4.6500000e+00	   2.6660000e+03	
   2.1000000e+01	   3.0200000e+02	   3.0000000e+00	   2.7100000e+00	   2.1880000e+03	   3.5600000e+00	   6.3200000e+02	
   2.2000000e+01	   2.0900000e+02	   2.0000000e+00	   3.9600000e+00	   2.6550000e+03	   2.1800000e+00	   6.3300000e+02	
   2.3000000e+01	   3.1100000e+02	   3.0000000e+00	   1.3200000e+00	   1.6880000e+03	   1.0700000e+00	   1.3660000e+03	
   2.4000000e+01	   1.0400000e+02	   1.0000000e+00	   0.0000000e+00	   1.7240000e+03	   1.2200000e+00	   1.7990000e+03	
   2.5000000e+01	   1.1600000e+02	   1.0000000e+00	   4.8800000e+00	   1.7900000e+03	   3.5900000e+00	   1.3330000e+03	
   2.6000000e+01	   1.0300000e+02	   1.0000000e+00	   1.9400000e+00	   1.2620000e+04	   3.3500000e+00	   1.4660000e+03	
   2.7000000e+01	   3.0100000e+02	   3.0000000e+00	   3.9000000e-01	   2.9710000e+03	   2.6700000e+00	   2.6990000e+03	
   2.8000000e+01	   2.1100000e+02	   2.0000000e+00	   3.7500000e+00	   1.9230000e+03	   4.1800000e+00	   1.1660000e+03	
   2.9000000e+01	   3.1300000e+02	   3.0000000e+00	   4.0700000e+00	   1.9230000e+03	   3.2800000e+00	   1.1330000e+03	
   3.0000000e+01	   3.0300000e+02	   3.0000000e+00	   4.9700000e+00	   1.6880000e+03	   4.7800000e+00	   1.0330000e+03	
   3.1000000e+01	   2.0400000e+02	   2.0000000e+00	   3.9600000e+00	   2.8220000e+03	   3.4100000e+00	   8.6600000e+02	
   3.2000000e+01	   2.1500000e+02	   2.0000000e+00	   4.9000000e+00	   2.1560000e+03	   1.7400000e+00	   7.6700000e+02	
   3.3000000e+01	   2.0300000e+02	   2.0000000e+00	   7.2000000e-01	   3.1220000e+03	   3.2800000e+00	   1.1330000e+03	
   3.4000000e+01	   3.0600000e+02	   3.0000000e+00	   9.2000000e-01	   3.1890000e+03	   4.3600000e+00	   7.6600000e+02	
   3.5000000e+01	   1.1300000e+02	   1.0000000e+00	   4.1600000e+00	   1.7890000e+03	   4.6600000e+00	   1.1660000e+03	
   3.6000000e+01	   2.0500000e+02	   2.0000000e+00	   2.1300000e+00	   3.0880000e+03	   1.5100000e+00	   1.2330000e+03	
   3.7000000e+01	   1.1200000e+02	   1.0000000e+00	   5.0000000e+00	   1.6560000e+03	   4.2900000e+00	   9.6600000e+02	
   3.8000000e+01	   1.1500000e+02	   1.0000000e+00	   1.0100000e+00	   1.9880000e+03	   2.1200000e+00	   1.0660000e+03	
   3.9000000e+01	   2.1000000e+02	   2.0000000e+00	   4.6500000e+00	   2.1890000e+03	   4.4900000e+00	   1.1660000e+03	
   4.0000000e+01	   1.0500000e+02	   1.0000000e+00	   2.8500000e+00	   2.2210000e+03	   1.5000000e+00	   9.3300000e+02	
   4.1000000e+01	   2.1200000e+02	   2.0000000e+00	   4.1400000e+00	   1.9550000e+03	   2.3600000e+00	   9.0000000e+02	
   4.2000000e+01	   3.1200000e+02	   3.0000000e+00	   1.7400000e+00	   2.1220000e+03	   1.4500000e+00	   1.2330000e+03	
   4.3000000e+01	   3.0500000e+02	   3.0000000e+00	   1.7800000e+00	   2.1560000e+03	   4.3300000e+00	   7.3400000e+02	
   4.4000000e+01	   2.0200000e+02	   2.0000000e+00	   4.6900000e+00	   1.7380000e+03	   4.8500000e+00	   9.0000000e+02	
   4.5000000e+01	   1.1400000e+02	   1.0000000e+00	   1.3800000e+00	   2.7220000e+03	   4.3700000e+00	   8.3300000e+02	
