   1.0000000e+00	   1.0000000e+00	   2.0400000e+02	   1.7200000e+00	   7.8050000e+03	
   1.0000000e+00	   2.0000000e+00	   3.0800000e+02	   1.9300000e+00	   5.4580000e+03	
   1.0000000e+00	   3.0000000e+00	   1.0800000e+02	   3.2900000e+00	   1.5910000e+03	
   1.0000000e+00	   4.0000000e+00	   1.0100000e+02	   7.3000000e-01	   3.1910000e+03	
   1.0000000e+00	   5.0000000e+00	   3.1300000e+02	   4.3100000e+00	   3.5930000e+03	
   1.0000000e+00	   6.0000000e+00	   2.1400000e+02	   4.9300000e+00	   2.6940000e+03	
   1.0000000e+00	   7.0000000e+00	   2.0600000e+02	   2.7300000e+00	   3.3920000e+03	
   1.0000000e+00	   8.0000000e+00	   2.0500000e+02	   3.8600000e+00	   2.6250000e+03	
   1.0000000e+00	   9.0000000e+00	   1.1500000e+02	   1.0000000e-01	   2.3280000e+03	
   1.0000000e+00	   1.0000000e+01	   1.0300000e+02	   0.0000000e+00	   2.2940000e+03	
   1.0000000e+00	   1.1000000e+01	   3.1100000e+02	   3.0200000e+00	   3.7610000e+03	
   1.0000000e+00	   1.2000000e+01	   2.1500000e+02	   4.5400000e+00	   2.6950000e+03	
   1.0000000e+00	   1.3000000e+01	   3.0500000e+02	   3.4800000e+00	   3.5930000e+03	
   1.0000000e+00	   1.4000000e+01	   3.0400000e+02	   3.7900000e+00	   2.3260000e+03	
   1.0000000e+00	   1.5000000e+01	   1.1100000e+02	   4.9200000e+00	   2.7270000e+03	
   1.0000000e+00	   1.6000000e+01	   2.1000000e+02	   3.4400000e+00	   5.7600000e+03	
   1.0000000e+00	   1.7000000e+01	   3.0100000e+02	   7.1000000e-01	   3.7930000e+03	
   1.0000000e+00	   1.8000000e+01	   1.0400000e+02	   1.9500000e+00	   2.0940000e+03	
   1.0000000e+00	   1.9000000e+01	   1.0900000e+02	   0.0000000e+00	   1.9270000e+03	
   1.0000000e+00	   2.0000000e+01	   2.0900000e+02	   2.0600000e+00	   2.4590000e+03	
   1.0000000e+00	   2.1000000e+01	   3.1200000e+02	   1.2300000e+00	   2.1610000e+03	
   1.0000000e+00	   2.2000000e+01	   1.1000000e+02	   0.0000000e+00	   2.3620000e+03	
   1.0000000e+00	   2.3000000e+01	   1.1200000e+02	   3.1200000e+00	   1.8930000e+03	
   1.0000000e+00	   2.4000000e+01	   1.1600000e+02	   3.6100000e+00	   1.4280000e+03	
   1.0000000e+00	   2.5000000e+01	   3.0700000e+02	   7.3000000e-01	   2.8260000e+03	
   1.0000000e+00	   2.6000000e+01	   3.1400000e+02	   3.0800000e+00	   1.7610000e+03	
   1.0000000e+00	   2.7000000e+01	   1.1300000e+02	   1.8200000e+00	   3.6930000e+03	
   1.0000000e+00	   2.8000000e+01	   2.0300000e+02	   1.4300000e+00	   2.4260000e+03	
   1.0000000e+00	   2.9000000e+01	   3.0200000e+02	   4.3600000e+00	   1.5930000e+03	
   1.0000000e+00	   3.0000000e+01	   2.0800000e+02	   3.6300000e+00	   2.0270000e+03	
   1.0000000e+00	   3.1000000e+01	   1.1400000e+02	   0.0000000e+00	   2.0620000e+03	
   1.0000000e+00	   3.2000000e+01	   3.1000000e+02	   2.7500000e+00	   2.2930000e+03	
   1.0000000e+00	   3.3000000e+01	   1.0600000e+02	   4.3400000e+00	   1.4590000e+03	
   1.0000000e+00	   3.4000000e+01	   3.0300000e+02	   1.9000000e+00	   2.4250000e+03	
   1.0000000e+00	   3.5000000e+01	   2.1100000e+02	   1.6500000e+00	   4.7930000e+03	
   1.0000000e+00	   3.6000000e+01	   2.1300000e+02	   3.9600000e+00	   3.5260000e+03	
   1.0000000e+00	   3.7000000e+01	   3.0600000e+02	   3.9600000e+00	   2.1930000e+03	
   1.0000000e+00	   3.8000000e+01	   2.0700000e+02	   4.7800000e+00	   2.3580000e+03	
   1.0000000e+00	   3.9000000e+01	   2.0100000e+02	   5.0000000e+00	   1.4260000e+03	
   1.0000000e+00	   4.0000000e+01	   3.0900000e+02	   1.1300000e+00	   2.7600000e+03	
   1.0000000e+00	   4.1000000e+01	   1.0200000e+02	   3.3600000e+00	   2.1940000e+03	
   1.0000000e+00	   4.2000000e+01	   1.0500000e+02	   2.9600000e+00	   2.7260000e+03	
   1.0000000e+00	   4.3000000e+01	   2.0200000e+02	   2.0600000e+00	   3.0250000e+03	
   1.0000000e+00	   4.4000000e+01	   1.0700000e+02	   4.0000000e-02	   2.4940000e+03	
   1.0000000e+00	   4.5000000e+01	   2.1200000e+02	   2.9600000e+00	   2.5920000e+03	
   2.0000000e+00	   1.0000000e+00	   2.0400000e+02	   1.7500000e+00	   2.5590000e+03	
   2.0000000e+00	   2.0000000e+00	   3.0300000e+02	   1.9300000e+00	   3.4280000e+03	
   2.0000000e+00	   3.0000000e+00	   3.0600000e+02	   3.1500000e+00	   1.3280000e+03	
   2.0000000e+00	   4.0000000e+00	   1.1500000e+02	   0.0000000e+00	   1.7950000e+03	
   2.0000000e+00	   5.0000000e+00	   2.0200000e+02	   1.9400000e+00	   1.8600000e+03	
   2.0000000e+00	   6.0000000e+00	   3.0100000e+02	   1.2100000e+00	   1.9620000e+03	
   2.0000000e+00	   7.0000000e+00	   2.1100000e+02	   1.7500000e+00	   1.4950000e+03	
   2.0000000e+00	   8.0000000e+00	   2.0600000e+02	   2.2600000e+00	   1.7610000e+03	
   2.0000000e+00	   9.0000000e+00	   2.0800000e+02	   3.3000000e+00	   1.5950000e+03	
   2.0000000e+00	   1.0000000e+01	   3.1100000e+02	   2.7400000e+00	   1.2610000e+03	
   2.0000000e+00	   1.1000000e+01	   1.0700000e+02	   0.0000000e+00	   2.1620000e+03	
   2.0000000e+00	   1.2000000e+01	   1.0400000e+02	   1.5800000e+00	   1.3620000e+03	
   2.0000000e+00	   1.3000000e+01	   3.0900000e+02	   7.2000000e-01	   2.2610000e+03	
   2.0000000e+00	   1.4000000e+01	   1.0600000e+02	   4.5600000e+00	   1.8610000e+03	
   2.0000000e+00	   1.5000000e+01	   2.1300000e+02	   4.5400000e+00	   1.9610000e+03	
   2.0000000e+00	   1.6000000e+01	   2.1400000e+02	   4.9000000e+00	   1.5950000e+03	
   2.0000000e+00	   1.7000000e+01	   1.0100000e+02	   8.7000000e-01	   1.3620000e+03	
   2.0000000e+00	   1.8000000e+01	   3.1400000e+02	   3.2300000e+00	   1.4940000e+03	
   2.0000000e+00	   1.9000000e+01	   3.0800000e+02	   1.2700000e+00	   1.5280000e+03	
   2.0000000e+00	   2.0000000e+01	   2.1000000e+02	   3.3900000e+00	   1.4950000e+03	
   2.0000000e+00	   2.1000000e+01	   1.1600000e+02	   3.3500000e+00	   1.4610000e+03	
   2.0000000e+00	   2.2000000e+01	   1.0300000e+02	   0.0000000e+00	   1.9620000e+03	
   2.0000000e+00	   2.3000000e+01	   2.0500000e+02	   3.5800000e+00	   2.9280000e+03	
   2.0000000e+00	   2.4000000e+01	   3.0200000e+02	   4.4900000e+00	   1.3610000e+03	
   2.0000000e+00	   2.5000000e+01	   3.0400000e+02	   3.3700000e+00	   1.4610000e+03	
   2.0000000e+00	   2.6000000e+01	   1.0200000e+02	   3.3200000e+00	   1.2620000e+03	
   2.0000000e+00	   2.7000000e+01	   3.1200000e+02	   5.1000000e-01	   1.4950000e+03	
   2.0000000e+00	   2.8000000e+01	   2.1500000e+02	   4.8900000e+00	   1.4610000e+03	
   2.0000000e+00	   2.9000000e+01	   3.0500000e+02	   2.7000000e+00	   2.7280000e+03	
   2.0000000e+00	   3.0000000e+01	   1.1300000e+02	   1.7000000e+00	   1.6280000e+03	
   2.0000000e+00	   3.1000000e+01	   2.0300000e+02	   5.6000000e-01	   1.6610000e+03	
   2.0000000e+00	   3.2000000e+01	   1.1400000e+02	   0.0000000e+00	   1.4950000e+03	
   2.0000000e+00	   3.3000000e+01	   1.0500000e+02	   2.7900000e+00	   2.7280000e+03	
   2.0000000e+00	   3.4000000e+01	   1.1000000e+02	   0.0000000e+00	   1.6610000e+03	
   2.0000000e+00	   3.5000000e+01	   2.0700000e+02	   4.7300000e+00	   1.3280000e+03	
   2.0000000e+00	   3.6000000e+01	   3.1000000e+02	   2.7200000e+00	   4.0440000e+03	
   2.0000000e+00	   3.7000000e+01	   2.0900000e+02	   1.5500000e+00	   1.3290000e+03	
   2.0000000e+00	   3.8000000e+01	   1.1200000e+02	   3.2300000e+00	   1.5280000e+03	
   2.0000000e+00	   3.9000000e+01	   3.1300000e+02	   4.2600000e+00	   1.4280000e+03	
   2.0000000e+00	   4.0000000e+01	   1.0800000e+02	   3.2600000e+00	   1.2280000e+03	
   2.0000000e+00	   4.1000000e+01	   2.0100000e+02	   4.8600000e+00	   2.4270000e+03	
   2.0000000e+00	   4.2000000e+01	   3.0700000e+02	   9.4000000e-01	   1.2620000e+03	
   2.0000000e+00	   4.3000000e+01	   1.1100000e+02	   4.3100000e+00	   2.1290000e+03	
   2.0000000e+00	   4.4000000e+01	   2.1200000e+02	   3.5000000e+00	   1.4940000e+03	
   2.0000000e+00	   4.5000000e+01	   1.0900000e+02	   0.0000000e+00	   1.4940000e+03	
