   1.1100000e+02	   2.1400000e+02	   1.1200000e+02	   8.0000000e+00	   2.0000000e+00	   4.6150000e+00	   4.9150000e+00	   3.1750000e+00	   1.0000000e+00	   2.0000000e+00	   3.0000000e+00	   2.0000000e+00	   3.4320000e+03	
   1.0600000e+02	   1.1600000e+02	   3.0300000e+02	   1.2000000e+01	   4.0000000e+00	   4.4500000e+00	   3.4800000e+00	   1.9150000e+00	   2.0000000e+00	   1.0000000e+00	   3.0000000e+00	   2.0000000e+00	   1.9530000e+03	
   2.0100000e+02	   3.0200000e+02	   2.0600000e+02	   1.0000000e+01	   3.0000000e+00	   4.9300000e+00	   4.4250000e+00	   2.4950000e+00	   1.0000000e+00	   3.0000000e+00	   2.0000000e+00	   1.0000000e+00	   1.6050000e+03	
   1.0600000e+02	   3.0600000e+02	   1.0700000e+02	   5.0000000e+00	   4.0000000e+00	   4.4500000e+00	   3.5550000e+00	   2.0000000e-02	   2.0000000e+00	   1.0000000e+00	   3.0000000e+00	   2.0000000e+00	   1.9330000e+03	
   2.1500000e+02	   3.0200000e+02	   1.1000000e+02	   7.0000000e+00	   2.0000000e+00	   4.7150000e+00	   4.4250000e+00	   0.0000000e+00	   3.0000000e+00	   2.0000000e+00	   1.0000000e+00	   3.0000000e+00	   1.5390000e+03	
   1.1100000e+02	   3.0400000e+02	   1.0400000e+02	   3.0000000e+00	   4.0000000e+00	   4.6150000e+00	   3.5800000e+00	   1.7650000e+00	   3.0000000e+00	   2.0000000e+00	   1.0000000e+00	   3.0000000e+00	   1.8270000e+03	
   2.0100000e+02	   2.1400000e+02	   1.1200000e+02	   8.0000000e+00	   1.0000000e+00	   4.9300000e+00	   4.9150000e+00	   3.1750000e+00	   1.0000000e+00	   3.0000000e+00	   2.0000000e+00	   1.0000000e+00	   2.3470000e+03	
   1.1100000e+02	   2.1000000e+02	   1.0700000e+02	   5.0000000e+00	   5.0000000e+00	   4.6150000e+00	   3.4150000e+00	   2.0000000e-02	   2.0000000e+00	   1.0000000e+00	   3.0000000e+00	   2.0000000e+00	   2.9180000e+03	
   2.0100000e+02	   3.0600000e+02	   2.0400000e+02	   9.0000000e+00	   5.0000000e+00	   4.9300000e+00	   3.5550000e+00	   1.7350000e+00	   1.0000000e+00	   2.0000000e+00	   3.0000000e+00	   1.0000000e+00	   1.2920000e+03	
   1.1100000e+02	   2.0700000e+02	   2.0400000e+02	   9.0000000e+00	   1.0000000e+00	   4.6150000e+00	   4.7550000e+00	   1.7350000e+00	   3.0000000e+00	   2.0000000e+00	   1.0000000e+00	   2.0000000e+00	   2.1160000e+03	
   1.0600000e+02	   3.0600000e+02	   3.1200000e+02	   1.5000000e+01	   4.0000000e+00	   4.4500000e+00	   3.5550000e+00	   8.7000000e-01	   2.0000000e+00	   3.0000000e+00	   1.0000000e+00	   2.0000000e+00	   2.2940000e+03	
   2.0500000e+02	   3.0200000e+02	   3.0300000e+02	   1.2000000e+01	   3.0000000e+00	   3.7200000e+00	   4.4250000e+00	   1.9150000e+00	   1.0000000e+00	   3.0000000e+00	   2.0000000e+00	   3.0000000e+00	   4.2100000e+03	
   2.0700000e+02	   3.0400000e+02	   1.0100000e+02	   1.0000000e+00	   5.0000000e+00	   4.7550000e+00	   3.5800000e+00	   8.0000000e-01	   3.0000000e+00	   1.0000000e+00	   2.0000000e+00	   3.0000000e+00	   1.5800000e+03	
   2.1300000e+02	   2.1500000e+02	   1.0700000e+02	   5.0000000e+00	   2.0000000e+00	   4.2500000e+00	   4.7150000e+00	   2.0000000e-02	   3.0000000e+00	   2.0000000e+00	   1.0000000e+00	   2.0000000e+00	   1.5160000e+03	
   2.0700000e+02	   2.1400000e+02	   1.0300000e+02	   2.0000000e+00	   1.0000000e+00	   4.7550000e+00	   4.9150000e+00	   0.0000000e+00	   3.0000000e+00	   1.0000000e+00	   2.0000000e+00	   3.0000000e+00	   1.6900000e+03	
   1.1600000e+02	   2.0100000e+02	   1.1200000e+02	   8.0000000e+00	   5.0000000e+00	   3.4800000e+00	   4.9300000e+00	   3.1750000e+00	   1.0000000e+00	   2.0000000e+00	   3.0000000e+00	   2.0000000e+00	   1.5820000e+03	
   1.1100000e+02	   2.1400000e+02	   1.1000000e+02	   7.0000000e+00	   2.0000000e+00	   4.6150000e+00	   4.9150000e+00	   0.0000000e+00	   2.0000000e+00	   3.0000000e+00	   1.0000000e+00	   3.0000000e+00	   3.4880000e+03	
   1.0600000e+02	   3.0200000e+02	   3.0300000e+02	   1.2000000e+01	   1.0000000e+00	   4.4500000e+00	   4.4250000e+00	   1.9150000e+00	   2.0000000e+00	   1.0000000e+00	   3.0000000e+00	   2.0000000e+00	   1.7120000e+03	
   1.1100000e+02	   3.0400000e+02	   1.0500000e+02	   4.0000000e+00	   4.0000000e+00	   4.6150000e+00	   3.5800000e+00	   2.8750000e+00	   2.0000000e+00	   3.0000000e+00	   1.0000000e+00	   2.0000000e+00	   2.7290000e+03	
   1.0600000e+02	   2.0800000e+02	   3.0100000e+02	   1.1000000e+01	   4.0000000e+00	   4.4500000e+00	   3.4650000e+00	   9.6000000e-01	   3.0000000e+00	   1.0000000e+00	   2.0000000e+00	   3.0000000e+00	   1.4910000e+03	
   1.0600000e+02	   3.0200000e+02	   1.0400000e+02	   3.0000000e+00	   1.0000000e+00	   4.4500000e+00	   4.4250000e+00	   1.7650000e+00	   3.0000000e+00	   2.0000000e+00	   1.0000000e+00	   3.0000000e+00	   2.7460000e+03	
   1.1100000e+02	   2.0800000e+02	   3.0500000e+02	   1.3000000e+01	   4.0000000e+00	   4.6150000e+00	   3.4650000e+00	   3.0900000e+00	   1.0000000e+00	   3.0000000e+00	   2.0000000e+00	   1.0000000e+00	   2.8470000e+03	
   1.1600000e+02	   3.0200000e+02	   3.0300000e+02	   1.2000000e+01	   4.0000000e+00	   3.4800000e+00	   4.4250000e+00	   1.9150000e+00	   2.0000000e+00	   3.0000000e+00	   1.0000000e+00	   3.0000000e+00	   5.7230000e+03	
   2.1000000e+02	   3.0600000e+02	   3.0300000e+02	   1.2000000e+01	   1.0000000e+00	   3.4150000e+00	   3.5550000e+00	   1.9150000e+00	   1.0000000e+00	   3.0000000e+00	   2.0000000e+00	   3.0000000e+00	   5.2060000e+03	
   3.0600000e+02	   3.1300000e+02	   1.1200000e+02	   8.0000000e+00	   3.0000000e+00	   3.5550000e+00	   4.2850000e+00	   3.1750000e+00	   2.0000000e+00	   3.0000000e+00	   1.0000000e+00	   3.0000000e+00	   2.9210000e+03	
   2.0500000e+02	   3.0200000e+02	   3.0100000e+02	   1.1000000e+01	   3.0000000e+00	   3.7200000e+00	   4.4250000e+00	   9.6000000e-01	   2.0000000e+00	   1.0000000e+00	   3.0000000e+00	   1.0000000e+00	   3.2640000e+03	
   2.0100000e+02	   3.0200000e+02	   3.0100000e+02	   1.1000000e+01	   3.0000000e+00	   4.9300000e+00	   4.4250000e+00	   9.6000000e-01	   2.0000000e+00	   3.0000000e+00	   1.0000000e+00	   2.0000000e+00	   2.4100000e+03	
   1.0600000e+02	   2.0700000e+02	   1.1000000e+02	   7.0000000e+00	   2.0000000e+00	   4.4500000e+00	   4.7550000e+00	   0.0000000e+00	   3.0000000e+00	   1.0000000e+00	   2.0000000e+00	   1.0000000e+00	   1.4050000e+03	
   2.0100000e+02	   2.1000000e+02	   1.1000000e+02	   7.0000000e+00	   5.0000000e+00	   4.9300000e+00	   3.4150000e+00	   0.0000000e+00	   1.0000000e+00	   3.0000000e+00	   2.0000000e+00	   1.0000000e+00	   1.3710000e+03	
   1.0600000e+02	   2.0500000e+02	   1.0800000e+02	   6.0000000e+00	   3.0000000e+00	   4.4500000e+00	   3.7200000e+00	   3.2750000e+00	   1.0000000e+00	   2.0000000e+00	   3.0000000e+00	   1.0000000e+00	   3.3010000e+03	
   1.1100000e+02	   1.1600000e+02	   1.0500000e+02	   4.0000000e+00	   4.0000000e+00	   4.6150000e+00	   3.4800000e+00	   2.8750000e+00	   3.0000000e+00	   1.0000000e+00	   2.0000000e+00	   3.0000000e+00	   4.5480000e+03	
   2.0700000e+02	   3.0600000e+02	   3.1200000e+02	   1.5000000e+01	   5.0000000e+00	   4.7550000e+00	   3.5550000e+00	   8.7000000e-01	   2.0000000e+00	   1.0000000e+00	   3.0000000e+00	   2.0000000e+00	   1.1050000e+03	
   1.0600000e+02	   2.1300000e+02	   3.0800000e+02	   1.4000000e+01	   2.0000000e+00	   4.4500000e+00	   4.2500000e+00	   1.6000000e+00	   1.0000000e+00	   3.0000000e+00	   2.0000000e+00	   3.0000000e+00	   8.6210000e+03	
   2.1500000e+02	   3.1300000e+02	   1.1000000e+02	   7.0000000e+00	   2.0000000e+00	   4.7150000e+00	   4.2850000e+00	   0.0000000e+00	   2.0000000e+00	   3.0000000e+00	   1.0000000e+00	   2.0000000e+00	   9.3200000e+02	
   1.1600000e+02	   2.1400000e+02	   2.0400000e+02	   9.0000000e+00	   5.0000000e+00	   3.4800000e+00	   4.9150000e+00	   1.7350000e+00	   2.0000000e+00	   3.0000000e+00	   1.0000000e+00	   3.0000000e+00	   2.3210000e+03	
   3.0600000e+02	   3.1300000e+02	   1.0400000e+02	   3.0000000e+00	   3.0000000e+00	   3.5550000e+00	   4.2850000e+00	   1.7650000e+00	   1.0000000e+00	   2.0000000e+00	   3.0000000e+00	   2.0000000e+00	   2.5410000e+03	
   2.1000000e+02	   3.0400000e+02	   1.0400000e+02	   3.0000000e+00	   1.0000000e+00	   3.4150000e+00	   3.5800000e+00	   1.7650000e+00	   1.0000000e+00	   2.0000000e+00	   3.0000000e+00	   1.0000000e+00	   3.7720000e+03	
   1.1100000e+02	   2.0800000e+02	   3.0800000e+02	   1.4000000e+01	   4.0000000e+00	   4.6150000e+00	   3.4650000e+00	   1.6000000e+00	   3.0000000e+00	   2.0000000e+00	   1.0000000e+00	   3.0000000e+00	   4.8540000e+03	
   1.1100000e+02	   2.0700000e+02	   3.0800000e+02	   1.4000000e+01	   1.0000000e+00	   4.6150000e+00	   4.7550000e+00	   1.6000000e+00	   2.0000000e+00	   3.0000000e+00	   1.0000000e+00	   3.0000000e+00	   1.7410000e+03	
   2.0500000e+02	   2.1400000e+02	   1.0300000e+02	   2.0000000e+00	   5.0000000e+00	   3.7200000e+00	   4.9150000e+00	   0.0000000e+00	   3.0000000e+00	   1.0000000e+00	   2.0000000e+00	   1.0000000e+00	   2.0290000e+03	
   1.1100000e+02	   2.0700000e+02	   1.0500000e+02	   4.0000000e+00	   1.0000000e+00	   4.6150000e+00	   4.7550000e+00	   2.8750000e+00	   2.0000000e+00	   3.0000000e+00	   1.0000000e+00	   3.0000000e+00	   1.5280000e+03	
   1.1600000e+02	   2.0700000e+02	   3.0800000e+02	   1.4000000e+01	   5.0000000e+00	   3.4800000e+00	   4.7550000e+00	   1.6000000e+00	   2.0000000e+00	   3.0000000e+00	   1.0000000e+00	   3.0000000e+00	   9.9000000e+02	
   2.0700000e+02	   3.1300000e+02	   1.1200000e+02	   8.0000000e+00	   3.0000000e+00	   4.7550000e+00	   4.2850000e+00	   3.1750000e+00	   2.0000000e+00	   3.0000000e+00	   1.0000000e+00	   2.0000000e+00	   1.1270000e+03	
   2.0800000e+02	   3.1300000e+02	   3.0800000e+02	   1.4000000e+01	   3.0000000e+00	   3.4650000e+00	   4.2850000e+00	   1.6000000e+00	   2.0000000e+00	   3.0000000e+00	   1.0000000e+00	   3.0000000e+00	   2.2370000e+03	
   2.0800000e+02	   2.1500000e+02	   1.0300000e+02	   2.0000000e+00	   5.0000000e+00	   3.4650000e+00	   4.7150000e+00	   0.0000000e+00	   1.0000000e+00	   2.0000000e+00	   3.0000000e+00	   2.0000000e+00	   9.6000000e+02	
   1.0600000e+02	   2.1300000e+02	   3.0100000e+02	   1.1000000e+01	   2.0000000e+00	   4.4500000e+00	   4.2500000e+00	   9.6000000e-01	   1.0000000e+00	   3.0000000e+00	   2.0000000e+00	   3.0000000e+00	   2.9950000e+03	
   2.0800000e+02	   3.1300000e+02	   1.0700000e+02	   5.0000000e+00	   3.0000000e+00	   3.4650000e+00	   4.2850000e+00	   2.0000000e-02	   3.0000000e+00	   2.0000000e+00	   1.0000000e+00	   2.0000000e+00	   2.7750000e+03	
   2.0800000e+02	   3.0600000e+02	   2.0400000e+02	   9.0000000e+00	   1.0000000e+00	   3.4650000e+00	   3.5550000e+00	   1.7350000e+00	   2.0000000e+00	   1.0000000e+00	   3.0000000e+00	   1.0000000e+00	   4.7770000e+03	
   2.0500000e+02	   3.1300000e+02	   3.1200000e+02	   1.5000000e+01	   3.0000000e+00	   3.7200000e+00	   4.2850000e+00	   8.7000000e-01	   2.0000000e+00	   3.0000000e+00	   1.0000000e+00	   3.0000000e+00	   2.4460000e+03	
   1.0600000e+02	   2.0800000e+02	   1.0800000e+02	   6.0000000e+00	   4.0000000e+00	   4.4500000e+00	   3.4650000e+00	   3.2750000e+00	   3.0000000e+00	   1.0000000e+00	   2.0000000e+00	   3.0000000e+00	   3.7060000e+03	
   2.1300000e+02	   3.0200000e+02	   1.1200000e+02	   8.0000000e+00	   2.0000000e+00	   4.2500000e+00	   4.4250000e+00	   3.1750000e+00	   2.0000000e+00	   3.0000000e+00	   1.0000000e+00	   2.0000000e+00	   2.2790000e+03	
   2.1500000e+02	   3.0200000e+02	   1.0800000e+02	   6.0000000e+00	   2.0000000e+00	   4.7150000e+00	   4.4250000e+00	   3.2750000e+00	   3.0000000e+00	   1.0000000e+00	   2.0000000e+00	   3.0000000e+00	   1.6680000e+03	
   1.0600000e+02	   2.1000000e+02	   3.0500000e+02	   1.3000000e+01	   4.0000000e+00	   4.4500000e+00	   3.4150000e+00	   3.0900000e+00	   1.0000000e+00	   2.0000000e+00	   3.0000000e+00	   1.0000000e+00	   1.6520000e+03	
   2.0100000e+02	   2.1400000e+02	   3.1200000e+02	   1.5000000e+01	   1.0000000e+00	   4.9300000e+00	   4.9150000e+00	   8.7000000e-01	   2.0000000e+00	   3.0000000e+00	   1.0000000e+00	   2.0000000e+00	   1.8560000e+03	
   1.0600000e+02	   3.0400000e+02	   1.0400000e+02	   3.0000000e+00	   4.0000000e+00	   4.4500000e+00	   3.5800000e+00	   1.7650000e+00	   3.0000000e+00	   1.0000000e+00	   2.0000000e+00	   3.0000000e+00	   2.5340000e+03	
   1.1100000e+02	   2.0100000e+02	   1.1200000e+02	   8.0000000e+00	   2.0000000e+00	   4.6150000e+00	   4.9300000e+00	   3.1750000e+00	   3.0000000e+00	   2.0000000e+00	   1.0000000e+00	   2.0000000e+00	   1.0250000e+03	
   2.1500000e+02	   3.0600000e+02	   1.0300000e+02	   2.0000000e+00	   4.0000000e+00	   4.7150000e+00	   3.5550000e+00	   0.0000000e+00	   3.0000000e+00	   1.0000000e+00	   2.0000000e+00	   3.0000000e+00	   1.0600000e+03	
   2.1000000e+02	   3.0600000e+02	   1.0700000e+02	   5.0000000e+00	   1.0000000e+00	   3.4150000e+00	   3.5550000e+00	   2.0000000e-02	   3.0000000e+00	   1.0000000e+00	   2.0000000e+00	   1.0000000e+00	   3.7320000e+03	
   2.1000000e+02	   3.0200000e+02	   1.1000000e+02	   7.0000000e+00	   4.0000000e+00	   3.4150000e+00	   4.4250000e+00	   0.0000000e+00	   1.0000000e+00	   2.0000000e+00	   3.0000000e+00	   2.0000000e+00	   2.6930000e+03	
   2.0800000e+02	   2.1000000e+02	   1.1200000e+02	   8.0000000e+00	   1.0000000e+00	   3.4650000e+00	   3.4150000e+00	   3.1750000e+00	   2.0000000e+00	   3.0000000e+00	   1.0000000e+00	   3.0000000e+00	   1.0560000e+04	
   2.0500000e+02	   3.0600000e+02	   1.0300000e+02	   2.0000000e+00	   1.0000000e+00	   3.7200000e+00	   3.5550000e+00	   0.0000000e+00	   1.0000000e+00	   2.0000000e+00	   3.0000000e+00	   2.0000000e+00	   2.4780000e+03	
   2.1000000e+02	   2.1500000e+02	   1.0800000e+02	   6.0000000e+00	   5.0000000e+00	   3.4150000e+00	   4.7150000e+00	   3.2750000e+00	   2.0000000e+00	   3.0000000e+00	   1.0000000e+00	   3.0000000e+00	   1.2380000e+03	
   2.1400000e+02	   3.0400000e+02	   3.0300000e+02	   1.2000000e+01	   5.0000000e+00	   4.9150000e+00	   3.5800000e+00	   1.9150000e+00	   2.0000000e+00	   1.0000000e+00	   3.0000000e+00	   2.0000000e+00	   2.5790000e+03	
   1.1600000e+02	   2.0700000e+02	   1.0500000e+02	   4.0000000e+00	   5.0000000e+00	   3.4800000e+00	   4.7550000e+00	   2.8750000e+00	   1.0000000e+00	   2.0000000e+00	   3.0000000e+00	   2.0000000e+00	   1.0290000e+03	
   2.0100000e+02	   2.0800000e+02	   1.0500000e+02	   4.0000000e+00	   5.0000000e+00	   4.9300000e+00	   3.4650000e+00	   2.8750000e+00	   3.0000000e+00	   2.0000000e+00	   1.0000000e+00	   3.0000000e+00	   1.5630000e+03	
   2.0500000e+02	   2.0800000e+02	   2.0400000e+02	   9.0000000e+00	   2.0000000e+00	   3.7200000e+00	   3.4650000e+00	   1.7350000e+00	   1.0000000e+00	   3.0000000e+00	   2.0000000e+00	   1.0000000e+00	   6.4490000e+03	
   1.1100000e+02	   2.1400000e+02	   2.0600000e+02	   1.0000000e+01	   2.0000000e+00	   4.6150000e+00	   4.9150000e+00	   2.4950000e+00	   3.0000000e+00	   1.0000000e+00	   2.0000000e+00	   1.0000000e+00	   3.4620000e+03	
   2.0800000e+02	   3.0600000e+02	   3.0100000e+02	   1.1000000e+01	   1.0000000e+00	   3.4650000e+00	   3.5550000e+00	   9.6000000e-01	   2.0000000e+00	   3.0000000e+00	   1.0000000e+00	   3.0000000e+00	   2.8860000e+03	
   2.1000000e+02	   3.0200000e+02	   2.0600000e+02	   1.0000000e+01	   4.0000000e+00	   3.4150000e+00	   4.4250000e+00	   2.4950000e+00	   2.0000000e+00	   1.0000000e+00	   3.0000000e+00	   1.0000000e+00	   2.7820000e+03	
   1.1100000e+02	   3.1300000e+02	   3.0300000e+02	   1.2000000e+01	   2.0000000e+00	   4.6150000e+00	   4.2850000e+00	   1.9150000e+00	   2.0000000e+00	   3.0000000e+00	   1.0000000e+00	   3.0000000e+00	   4.6810000e+03	
   3.0400000e+02	   3.1300000e+02	   1.0700000e+02	   5.0000000e+00	   3.0000000e+00	   3.5800000e+00	   4.2850000e+00	   2.0000000e-02	   3.0000000e+00	   2.0000000e+00	   1.0000000e+00	   2.0000000e+00	   3.2870000e+03	
   2.0100000e+02	   2.1500000e+02	   1.0700000e+02	   5.0000000e+00	   2.0000000e+00	   4.9300000e+00	   4.7150000e+00	   2.0000000e-02	   1.0000000e+00	   2.0000000e+00	   3.0000000e+00	   2.0000000e+00	   9.1300000e+02	
   2.1400000e+02	   2.1500000e+02	   1.0500000e+02	   4.0000000e+00	   2.0000000e+00	   4.9150000e+00	   4.7150000e+00	   2.8750000e+00	   3.0000000e+00	   2.0000000e+00	   1.0000000e+00	   2.0000000e+00	   1.4990000e+03	
   2.1000000e+02	   3.0200000e+02	   3.0100000e+02	   1.1000000e+01	   4.0000000e+00	   3.4150000e+00	   4.4250000e+00	   9.6000000e-01	   2.0000000e+00	   1.0000000e+00	   3.0000000e+00	   1.0000000e+00	   1.9800000e+03	
   2.0100000e+02	   2.0800000e+02	   1.0400000e+02	   3.0000000e+00	   5.0000000e+00	   4.9300000e+00	   3.4650000e+00	   1.7650000e+00	   1.0000000e+00	   3.0000000e+00	   2.0000000e+00	   1.0000000e+00	   1.6720000e+03	
   2.0500000e+02	   3.0200000e+02	   1.0400000e+02	   3.0000000e+00	   3.0000000e+00	   3.7200000e+00	   4.4250000e+00	   1.7650000e+00	   3.0000000e+00	   2.0000000e+00	   1.0000000e+00	   2.0000000e+00	   2.0640000e+03	
   1.1600000e+02	   3.1300000e+02	   1.0300000e+02	   2.0000000e+00	   3.0000000e+00	   3.4800000e+00	   4.2850000e+00	   0.0000000e+00	   3.0000000e+00	   2.0000000e+00	   1.0000000e+00	   2.0000000e+00	   1.6230000e+03	
   1.0600000e+02	   1.1100000e+02	   1.0400000e+02	   3.0000000e+00	   2.0000000e+00	   4.4500000e+00	   4.6150000e+00	   1.7650000e+00	   2.0000000e+00	   1.0000000e+00	   3.0000000e+00	   2.0000000e+00	   2.5430000e+03	
   1.1600000e+02	   3.0400000e+02	   1.1200000e+02	   8.0000000e+00	   1.0000000e+00	   3.4800000e+00	   3.5800000e+00	   3.1750000e+00	   1.0000000e+00	   2.0000000e+00	   3.0000000e+00	   1.0000000e+00	   7.8460000e+03	
   2.0100000e+02	   2.1400000e+02	   1.0100000e+02	   1.0000000e+00	   1.0000000e+00	   4.9300000e+00	   4.9150000e+00	   8.0000000e-01	   3.0000000e+00	   2.0000000e+00	   1.0000000e+00	   3.0000000e+00	   2.3990000e+03	
   1.1100000e+02	   3.0200000e+02	   1.0700000e+02	   5.0000000e+00	   2.0000000e+00	   4.6150000e+00	   4.4250000e+00	   2.0000000e-02	   3.0000000e+00	   1.0000000e+00	   2.0000000e+00	   1.0000000e+00	   4.5870000e+03	
   2.1500000e+02	   3.1300000e+02	   2.0400000e+02	   9.0000000e+00	   2.0000000e+00	   4.7150000e+00	   4.2850000e+00	   1.7350000e+00	   1.0000000e+00	   2.0000000e+00	   3.0000000e+00	   1.0000000e+00	   1.2660000e+03	
   2.1000000e+02	   2.1300000e+02	   1.0400000e+02	   3.0000000e+00	   4.0000000e+00	   3.4150000e+00	   4.2500000e+00	   1.7650000e+00	   2.0000000e+00	   3.0000000e+00	   1.0000000e+00	   3.0000000e+00	   4.1490000e+03	
   2.0700000e+02	   3.0400000e+02	   1.1200000e+02	   8.0000000e+00	   5.0000000e+00	   4.7550000e+00	   3.5800000e+00	   3.1750000e+00	   1.0000000e+00	   3.0000000e+00	   2.0000000e+00	   1.0000000e+00	   1.7380000e+03	
   2.0100000e+02	   2.1000000e+02	   1.0100000e+02	   1.0000000e+00	   5.0000000e+00	   4.9300000e+00	   3.4150000e+00	   8.0000000e-01	   1.0000000e+00	   2.0000000e+00	   3.0000000e+00	   1.0000000e+00	   1.2250000e+03	
   1.0600000e+02	   2.1500000e+02	   3.1200000e+02	   1.5000000e+01	   2.0000000e+00	   4.4500000e+00	   4.7150000e+00	   8.7000000e-01	   3.0000000e+00	   1.0000000e+00	   2.0000000e+00	   1.0000000e+00	   1.1710000e+03	
   1.1100000e+02	   2.0700000e+02	   3.0500000e+02	   1.3000000e+01	   1.0000000e+00	   4.6150000e+00	   4.7550000e+00	   3.0900000e+00	   3.0000000e+00	   2.0000000e+00	   1.0000000e+00	   2.0000000e+00	   1.2890000e+03	
   2.0500000e+02	   2.1500000e+02	   1.1200000e+02	   8.0000000e+00	   4.0000000e+00	   3.7200000e+00	   4.7150000e+00	   3.1750000e+00	   2.0000000e+00	   1.0000000e+00	   3.0000000e+00	   1.0000000e+00	   1.5370000e+03	
   2.0700000e+02	   3.0600000e+02	   1.0100000e+02	   1.0000000e+00	   5.0000000e+00	   4.7550000e+00	   3.5550000e+00	   8.0000000e-01	   3.0000000e+00	   1.0000000e+00	   2.0000000e+00	   3.0000000e+00	   9.8900000e+02	
   1.1100000e+02	   3.1300000e+02	   1.0300000e+02	   2.0000000e+00	   2.0000000e+00	   4.6150000e+00	   4.2850000e+00	   0.0000000e+00	   2.0000000e+00	   1.0000000e+00	   3.0000000e+00	   1.0000000e+00	   1.9860000e+03	
   1.1600000e+02	   3.0400000e+02	   1.0800000e+02	   6.0000000e+00	   1.0000000e+00	   3.4800000e+00	   3.5800000e+00	   3.2750000e+00	   1.0000000e+00	   2.0000000e+00	   3.0000000e+00	   1.0000000e+00	   5.1560000e+03	
   1.1600000e+02	   2.1300000e+02	   1.0100000e+02	   1.0000000e+00	   3.0000000e+00	   3.4800000e+00	   4.2500000e+00	   8.0000000e-01	   1.0000000e+00	   3.0000000e+00	   2.0000000e+00	   3.0000000e+00	   2.8060000e+03	
   3.0200000e+02	   3.1300000e+02	   2.0600000e+02	   1.0000000e+01	   1.0000000e+00	   4.4250000e+00	   4.2850000e+00	   2.4950000e+00	   2.0000000e+00	   3.0000000e+00	   1.0000000e+00	   2.0000000e+00	   2.4980000e+03	
   2.1300000e+02	   3.0200000e+02	   3.0500000e+02	   1.3000000e+01	   2.0000000e+00	   4.2500000e+00	   4.4250000e+00	   3.0900000e+00	   3.0000000e+00	   2.0000000e+00	   1.0000000e+00	   3.0000000e+00	   2.3340000e+03	
   1.0600000e+02	   2.0700000e+02	   3.0300000e+02	   1.2000000e+01	   2.0000000e+00	   4.4500000e+00	   4.7550000e+00	   1.9150000e+00	   3.0000000e+00	   1.0000000e+00	   2.0000000e+00	   1.0000000e+00	   1.6850000e+03	
   2.1500000e+02	   3.0600000e+02	   3.0500000e+02	   1.3000000e+01	   4.0000000e+00	   4.7150000e+00	   3.5550000e+00	   3.0900000e+00	   2.0000000e+00	   1.0000000e+00	   3.0000000e+00	   2.0000000e+00	   1.9000000e+03	
   1.0600000e+02	   3.1300000e+02	   1.0300000e+02	   2.0000000e+00	   1.0000000e+00	   4.4500000e+00	   4.2850000e+00	   0.0000000e+00	   3.0000000e+00	   2.0000000e+00	   1.0000000e+00	   2.0000000e+00	   3.5070000e+03	
   2.0100000e+02	   2.1400000e+02	   2.0600000e+02	   1.0000000e+01	   1.0000000e+00	   4.9300000e+00	   4.9150000e+00	   2.4950000e+00	   2.0000000e+00	   1.0000000e+00	   3.0000000e+00	   2.0000000e+00	   2.1340000e+03	
   1.1100000e+02	   2.0500000e+02	   1.0800000e+02	   6.0000000e+00	   4.0000000e+00	   4.6150000e+00	   3.7200000e+00	   3.2750000e+00	   2.0000000e+00	   3.0000000e+00	   1.0000000e+00	   2.0000000e+00	   4.7970000e+03	
   1.0600000e+02	   2.0700000e+02	   2.0400000e+02	   9.0000000e+00	   2.0000000e+00	   4.4500000e+00	   4.7550000e+00	   1.7350000e+00	   3.0000000e+00	   2.0000000e+00	   1.0000000e+00	   2.0000000e+00	   2.5270000e+03	
   1.1600000e+02	   3.0400000e+02	   3.0500000e+02	   1.3000000e+01	   1.0000000e+00	   3.4800000e+00	   3.5800000e+00	   3.0900000e+00	   2.0000000e+00	   1.0000000e+00	   3.0000000e+00	   2.0000000e+00	   7.1200000e+03	
   2.0800000e+02	   3.1300000e+02	   3.0500000e+02	   1.3000000e+01	   3.0000000e+00	   3.4650000e+00	   4.2850000e+00	   3.0900000e+00	   3.0000000e+00	   1.0000000e+00	   2.0000000e+00	   1.0000000e+00	   1.5250000e+03	
   2.0800000e+02	   3.0200000e+02	   3.1200000e+02	   1.5000000e+01	   4.0000000e+00	   3.4650000e+00	   4.4250000e+00	   8.7000000e-01	   3.0000000e+00	   1.0000000e+00	   2.0000000e+00	   1.0000000e+00	   3.1730000e+03	
   1.0600000e+02	   2.0800000e+02	   1.1000000e+02	   7.0000000e+00	   4.0000000e+00	   4.4500000e+00	   3.4650000e+00	   0.0000000e+00	   3.0000000e+00	   1.0000000e+00	   2.0000000e+00	   3.0000000e+00	   2.1960000e+03	
   2.1000000e+02	   2.1400000e+02	   3.0500000e+02	   1.3000000e+01	   5.0000000e+00	   3.4150000e+00	   4.9150000e+00	   3.0900000e+00	   2.0000000e+00	   3.0000000e+00	   1.0000000e+00	   3.0000000e+00	   1.4140000e+03	
   2.0500000e+02	   2.1400000e+02	   3.0300000e+02	   1.2000000e+01	   5.0000000e+00	   3.7200000e+00	   4.9150000e+00	   1.9150000e+00	   2.0000000e+00	   1.0000000e+00	   3.0000000e+00	   1.0000000e+00	   1.3220000e+03	
   3.0600000e+02	   3.1300000e+02	   1.0500000e+02	   4.0000000e+00	   3.0000000e+00	   3.5550000e+00	   4.2850000e+00	   2.8750000e+00	   1.0000000e+00	   2.0000000e+00	   3.0000000e+00	   2.0000000e+00	   1.5270000e+03	
   2.0100000e+02	   2.0500000e+02	   3.0800000e+02	   1.4000000e+01	   5.0000000e+00	   4.9300000e+00	   3.7200000e+00	   1.6000000e+00	   2.0000000e+00	   1.0000000e+00	   3.0000000e+00	   2.0000000e+00	   1.5210000e+03	
   1.0600000e+02	   1.1600000e+02	   1.1000000e+02	   7.0000000e+00	   4.0000000e+00	   4.4500000e+00	   3.4800000e+00	   0.0000000e+00	   1.0000000e+00	   3.0000000e+00	   2.0000000e+00	   1.0000000e+00	   2.2640000e+03	
   2.0800000e+02	   2.1000000e+02	   1.0800000e+02	   6.0000000e+00	   1.0000000e+00	   3.4650000e+00	   3.4150000e+00	   3.2750000e+00	   3.0000000e+00	   1.0000000e+00	   2.0000000e+00	   1.0000000e+00	   5.4610000e+03	
   2.0700000e+02	   3.0200000e+02	   3.1200000e+02	   1.5000000e+01	   2.0000000e+00	   4.7550000e+00	   4.4250000e+00	   8.7000000e-01	   2.0000000e+00	   3.0000000e+00	   1.0000000e+00	   2.0000000e+00	   1.7620000e+03	
   2.0500000e+02	   2.1300000e+02	   1.0500000e+02	   4.0000000e+00	   3.0000000e+00	   3.7200000e+00	   4.2500000e+00	   2.8750000e+00	   2.0000000e+00	   3.0000000e+00	   1.0000000e+00	   3.0000000e+00	   2.4040000e+03	
   1.1100000e+02	   2.1400000e+02	   1.0400000e+02	   3.0000000e+00	   2.0000000e+00	   4.6150000e+00	   4.9150000e+00	   1.7650000e+00	   3.0000000e+00	   1.0000000e+00	   2.0000000e+00	   1.0000000e+00	   2.0770000e+03	
   2.1000000e+02	   2.1400000e+02	   1.0500000e+02	   4.0000000e+00	   5.0000000e+00	   3.4150000e+00	   4.9150000e+00	   2.8750000e+00	   1.0000000e+00	   3.0000000e+00	   2.0000000e+00	   3.0000000e+00	   2.4910000e+03	
   2.1000000e+02	   3.1300000e+02	   3.0800000e+02	   1.4000000e+01	   4.0000000e+00	   3.4150000e+00	   4.2850000e+00	   1.6000000e+00	   1.0000000e+00	   3.0000000e+00	   2.0000000e+00	   3.0000000e+00	   2.6130000e+03	
   2.0500000e+02	   3.0600000e+02	   1.0500000e+02	   4.0000000e+00	   1.0000000e+00	   3.7200000e+00	   3.5550000e+00	   2.8750000e+00	   3.0000000e+00	   1.0000000e+00	   2.0000000e+00	   1.0000000e+00	   8.1660000e+03	
   1.1600000e+02	   3.0400000e+02	   3.0300000e+02	   1.2000000e+01	   1.0000000e+00	   3.4800000e+00	   3.5800000e+00	   1.9150000e+00	   3.0000000e+00	   2.0000000e+00	   1.0000000e+00	   3.0000000e+00	   3.1120000e+03	
   2.0800000e+02	   3.0200000e+02	   2.0400000e+02	   9.0000000e+00	   4.0000000e+00	   3.4650000e+00	   4.4250000e+00	   1.7350000e+00	   3.0000000e+00	   2.0000000e+00	   1.0000000e+00	   2.0000000e+00	   1.8160000e+03	
   1.1100000e+02	   2.0100000e+02	   1.0300000e+02	   2.0000000e+00	   2.0000000e+00	   4.6150000e+00	   4.9300000e+00	   0.0000000e+00	   3.0000000e+00	   1.0000000e+00	   2.0000000e+00	   1.0000000e+00	   1.3940000e+03	
   2.0700000e+02	   2.1400000e+02	   3.0100000e+02	   1.1000000e+01	   1.0000000e+00	   4.7550000e+00	   4.9150000e+00	   9.6000000e-01	   1.0000000e+00	   3.0000000e+00	   2.0000000e+00	   1.0000000e+00	   1.4500000e+03	
   2.1400000e+02	   3.1300000e+02	   3.0800000e+02	   1.4000000e+01	   3.0000000e+00	   4.9150000e+00	   4.2850000e+00	   1.6000000e+00	   1.0000000e+00	   3.0000000e+00	   2.0000000e+00	   1.0000000e+00	   2.0520000e+03	
   2.1500000e+02	   3.0400000e+02	   1.1000000e+02	   7.0000000e+00	   4.0000000e+00	   4.7150000e+00	   3.5800000e+00	   0.0000000e+00	   1.0000000e+00	   3.0000000e+00	   2.0000000e+00	   1.0000000e+00	   1.3000000e+03	
   2.1300000e+02	   3.0600000e+02	   1.1200000e+02	   8.0000000e+00	   3.0000000e+00	   4.2500000e+00	   3.5550000e+00	   3.1750000e+00	   3.0000000e+00	   2.0000000e+00	   1.0000000e+00	   3.0000000e+00	   6.0140000e+03	
   1.1100000e+02	   1.1600000e+02	   1.0100000e+02	   1.0000000e+00	   4.0000000e+00	   4.6150000e+00	   3.4800000e+00	   8.0000000e-01	   1.0000000e+00	   2.0000000e+00	   3.0000000e+00	   1.0000000e+00	   2.1850000e+03	
   1.1600000e+02	   3.0200000e+02	   2.0400000e+02	   9.0000000e+00	   4.0000000e+00	   3.4800000e+00	   4.4250000e+00	   1.7350000e+00	   2.0000000e+00	   3.0000000e+00	   1.0000000e+00	   3.0000000e+00	   2.1710000e+03	
   1.0600000e+02	   3.0400000e+02	   1.0700000e+02	   5.0000000e+00	   4.0000000e+00	   4.4500000e+00	   3.5800000e+00	   2.0000000e-02	   1.0000000e+00	   3.0000000e+00	   2.0000000e+00	   1.0000000e+00	   3.7430000e+03	
   2.0500000e+02	   2.1500000e+02	   1.0500000e+02	   4.0000000e+00	   4.0000000e+00	   3.7200000e+00	   4.7150000e+00	   2.8750000e+00	   3.0000000e+00	   1.0000000e+00	   2.0000000e+00	   1.0000000e+00	   2.1030000e+03	
   3.0200000e+02	   3.0400000e+02	   1.0700000e+02	   5.0000000e+00	   4.0000000e+00	   4.4250000e+00	   3.5800000e+00	   2.0000000e-02	   1.0000000e+00	   3.0000000e+00	   2.0000000e+00	   1.0000000e+00	   1.5890000e+03	
   1.0600000e+02	   2.1400000e+02	   3.0100000e+02	   1.1000000e+01	   2.0000000e+00	   4.4500000e+00	   4.9150000e+00	   9.6000000e-01	   1.0000000e+00	   3.0000000e+00	   2.0000000e+00	   3.0000000e+00	   3.4110000e+03	
   1.0600000e+02	   2.1500000e+02	   2.0600000e+02	   1.0000000e+01	   2.0000000e+00	   4.4500000e+00	   4.7150000e+00	   2.4950000e+00	   3.0000000e+00	   1.0000000e+00	   2.0000000e+00	   1.0000000e+00	   1.9470000e+03	
   2.1400000e+02	   2.1500000e+02	   3.0500000e+02	   1.3000000e+01	   2.0000000e+00	   4.9150000e+00	   4.7150000e+00	   3.0900000e+00	   2.0000000e+00	   1.0000000e+00	   3.0000000e+00	   1.0000000e+00	   1.5650000e+03	
   1.1600000e+02	   2.1500000e+02	   1.0800000e+02	   6.0000000e+00	   5.0000000e+00	   3.4800000e+00	   4.7150000e+00	   3.2750000e+00	   2.0000000e+00	   3.0000000e+00	   1.0000000e+00	   3.0000000e+00	   1.2390000e+03	
   2.0800000e+02	   2.1300000e+02	   1.0300000e+02	   2.0000000e+00	   3.0000000e+00	   3.4650000e+00	   4.2500000e+00	   0.0000000e+00	   1.0000000e+00	   3.0000000e+00	   2.0000000e+00	   3.0000000e+00	   3.1860000e+03	
   2.0500000e+02	   3.0600000e+02	   1.0700000e+02	   5.0000000e+00	   1.0000000e+00	   3.7200000e+00	   3.5550000e+00	   2.0000000e-02	   1.0000000e+00	   2.0000000e+00	   3.0000000e+00	   2.0000000e+00	   2.8140000e+03	
   2.0700000e+02	   2.1000000e+02	   3.0100000e+02	   1.1000000e+01	   5.0000000e+00	   4.7550000e+00	   3.4150000e+00	   9.6000000e-01	   2.0000000e+00	   3.0000000e+00	   1.0000000e+00	   2.0000000e+00	   2.3820000e+03	
   2.0500000e+02	   2.0800000e+02	   3.0800000e+02	   1.4000000e+01	   2.0000000e+00	   3.7200000e+00	   3.4650000e+00	   1.6000000e+00	   3.0000000e+00	   1.0000000e+00	   2.0000000e+00	   3.0000000e+00	   8.4310000e+03	
   1.0600000e+02	   2.0100000e+02	   1.1000000e+02	   7.0000000e+00	   3.0000000e+00	   4.4500000e+00	   4.9300000e+00	   0.0000000e+00	   2.0000000e+00	   3.0000000e+00	   1.0000000e+00	   3.0000000e+00	   1.7870000e+03	
   2.1300000e+02	   3.1300000e+02	   3.1200000e+02	   1.5000000e+01	   1.0000000e+00	   4.2500000e+00	   4.2850000e+00	   8.7000000e-01	   3.0000000e+00	   1.0000000e+00	   2.0000000e+00	   1.0000000e+00	   1.9080000e+03	
   2.0700000e+02	   2.1300000e+02	   3.0300000e+02	   1.2000000e+01	   3.0000000e+00	   4.7550000e+00	   4.2500000e+00	   1.9150000e+00	   3.0000000e+00	   1.0000000e+00	   2.0000000e+00	   1.0000000e+00	   1.3870000e+03	
   2.1500000e+02	   3.1300000e+02	   1.0300000e+02	   2.0000000e+00	   2.0000000e+00	   4.7150000e+00	   4.2850000e+00	   0.0000000e+00	   2.0000000e+00	   3.0000000e+00	   1.0000000e+00	   2.0000000e+00	   2.1010000e+03	
   2.1000000e+02	   2.1300000e+02	   3.0100000e+02	   1.1000000e+01	   4.0000000e+00	   3.4150000e+00	   4.2500000e+00	   9.6000000e-01	   1.0000000e+00	   3.0000000e+00	   2.0000000e+00	   3.0000000e+00	   3.0750000e+03	
   1.1600000e+02	   2.0700000e+02	   3.0500000e+02	   1.3000000e+01	   5.0000000e+00	   3.4800000e+00	   4.7550000e+00	   3.0900000e+00	   3.0000000e+00	   1.0000000e+00	   2.0000000e+00	   1.0000000e+00	   1.5160000e+03	
   3.0400000e+02	   3.1300000e+02	   3.0100000e+02	   1.1000000e+01	   3.0000000e+00	   3.5800000e+00	   4.2850000e+00	   9.6000000e-01	   3.0000000e+00	   1.0000000e+00	   2.0000000e+00	   1.0000000e+00	   2.6570000e+03	
   2.0800000e+02	   3.0400000e+02	   1.0100000e+02	   1.0000000e+00	   1.0000000e+00	   3.4650000e+00	   3.5800000e+00	   8.0000000e-01	   3.0000000e+00	   1.0000000e+00	   2.0000000e+00	   3.0000000e+00	   4.5780000e+03	
   1.1100000e+02	   2.1300000e+02	   3.0100000e+02	   1.1000000e+01	   2.0000000e+00	   4.6150000e+00	   4.2500000e+00	   9.6000000e-01	   2.0000000e+00	   3.0000000e+00	   1.0000000e+00	   2.0000000e+00	   4.0200000e+03	
   2.0700000e+02	   3.0600000e+02	   1.1200000e+02	   8.0000000e+00	   5.0000000e+00	   4.7550000e+00	   3.5550000e+00	   3.1750000e+00	   2.0000000e+00	   1.0000000e+00	   3.0000000e+00	   2.0000000e+00	   1.6050000e+03	
   2.1000000e+02	   2.1300000e+02	   1.0300000e+02	   2.0000000e+00	   4.0000000e+00	   3.4150000e+00	   4.2500000e+00	   0.0000000e+00	   2.0000000e+00	   1.0000000e+00	   3.0000000e+00	   1.0000000e+00	   9.2960000e+03	
   2.0700000e+02	   2.1500000e+02	   2.0600000e+02	   1.0000000e+01	   1.0000000e+00	   4.7550000e+00	   4.7150000e+00	   2.4950000e+00	   3.0000000e+00	   1.0000000e+00	   2.0000000e+00	   1.0000000e+00	   1.3930000e+03	
   1.1600000e+02	   2.0100000e+02	   1.1000000e+02	   7.0000000e+00	   5.0000000e+00	   3.4800000e+00	   4.9300000e+00	   0.0000000e+00	   2.0000000e+00	   1.0000000e+00	   3.0000000e+00	   1.0000000e+00	   1.2920000e+03	
   2.0500000e+02	   2.1400000e+02	   2.0600000e+02	   1.0000000e+01	   5.0000000e+00	   3.7200000e+00	   4.9150000e+00	   2.4950000e+00	   1.0000000e+00	   2.0000000e+00	   3.0000000e+00	   2.0000000e+00	   1.8570000e+03	
   3.0200000e+02	   3.1300000e+02	   1.0500000e+02	   4.0000000e+00	   1.0000000e+00	   4.4250000e+00	   4.2850000e+00	   2.8750000e+00	   3.0000000e+00	   2.0000000e+00	   1.0000000e+00	   3.0000000e+00	   1.8260000e+03	
   1.1600000e+02	   2.1500000e+02	   1.0400000e+02	   3.0000000e+00	   5.0000000e+00	   3.4800000e+00	   4.7150000e+00	   1.7650000e+00	   3.0000000e+00	   2.0000000e+00	   1.0000000e+00	   2.0000000e+00	   1.4510000e+03	
   1.1600000e+02	   3.0600000e+02	   2.0400000e+02	   9.0000000e+00	   1.0000000e+00	   3.4800000e+00	   3.5550000e+00	   1.7350000e+00	   2.0000000e+00	   1.0000000e+00	   3.0000000e+00	   1.0000000e+00	   2.4760000e+03	
   2.0100000e+02	   2.0700000e+02	   1.0100000e+02	   1.0000000e+00	   2.0000000e+00	   4.9300000e+00	   4.7550000e+00	   8.0000000e-01	   1.0000000e+00	   3.0000000e+00	   2.0000000e+00	   1.0000000e+00	   1.0479000e+04	
   2.0800000e+02	   3.0400000e+02	   3.0800000e+02	   1.4000000e+01	   1.0000000e+00	   3.4650000e+00	   3.5800000e+00	   1.6000000e+00	   1.0000000e+00	   2.0000000e+00	   3.0000000e+00	   1.0000000e+00	   2.8280000e+03	
   2.0700000e+02	   2.1500000e+02	   1.0800000e+02	   6.0000000e+00	   1.0000000e+00	   4.7550000e+00	   4.7150000e+00	   3.2750000e+00	   1.0000000e+00	   3.0000000e+00	   2.0000000e+00	   1.0000000e+00	   1.6860000e+03	
   1.1100000e+02	   2.1000000e+02	   2.0600000e+02	   1.0000000e+01	   5.0000000e+00	   4.6150000e+00	   3.4150000e+00	   2.4950000e+00	   3.0000000e+00	   1.0000000e+00	   2.0000000e+00	   3.0000000e+00	   7.8880000e+03	
   2.1300000e+02	   3.0200000e+02	   1.0100000e+02	   1.0000000e+00	   2.0000000e+00	   4.2500000e+00	   4.4250000e+00	   8.0000000e-01	   3.0000000e+00	   2.0000000e+00	   1.0000000e+00	   2.0000000e+00	   2.5340000e+03	
   2.0800000e+02	   3.0200000e+02	   3.0300000e+02	   1.2000000e+01	   4.0000000e+00	   3.4650000e+00	   4.4250000e+00	   1.9150000e+00	   2.0000000e+00	   1.0000000e+00	   3.0000000e+00	   1.0000000e+00	   1.9930000e+03	
   1.1100000e+02	   3.0600000e+02	   2.0600000e+02	   1.0000000e+01	   4.0000000e+00	   4.6150000e+00	   3.5550000e+00	   2.4950000e+00	   3.0000000e+00	   2.0000000e+00	   1.0000000e+00	   3.0000000e+00	   3.8070000e+03	
   2.0100000e+02	   2.0500000e+02	   3.0100000e+02	   1.1000000e+01	   5.0000000e+00	   4.9300000e+00	   3.7200000e+00	   9.6000000e-01	   1.0000000e+00	   3.0000000e+00	   2.0000000e+00	   1.0000000e+00	   2.8860000e+03	
   2.0800000e+02	   2.1500000e+02	   1.1000000e+02	   7.0000000e+00	   5.0000000e+00	   3.4650000e+00	   4.7150000e+00	   0.0000000e+00	   3.0000000e+00	   1.0000000e+00	   2.0000000e+00	   1.0000000e+00	   1.1430000e+03	
   2.0700000e+02	   2.1400000e+02	   1.1200000e+02	   8.0000000e+00	   1.0000000e+00	   4.7550000e+00	   4.9150000e+00	   3.1750000e+00	   3.0000000e+00	   2.0000000e+00	   1.0000000e+00	   3.0000000e+00	   4.2300000e+03	
   1.0600000e+02	   1.1100000e+02	   2.0400000e+02	   9.0000000e+00	   2.0000000e+00	   4.4500000e+00	   4.6150000e+00	   1.7350000e+00	   1.0000000e+00	   2.0000000e+00	   3.0000000e+00	   2.0000000e+00	   5.1550000e+03	
   2.0100000e+02	   3.1300000e+02	   3.0500000e+02	   1.3000000e+01	   3.0000000e+00	   4.9300000e+00	   4.2850000e+00	   3.0900000e+00	   1.0000000e+00	   2.0000000e+00	   3.0000000e+00	   1.0000000e+00	   2.1300000e+03	
   2.0500000e+02	   3.0200000e+02	   3.0500000e+02	   1.3000000e+01	   3.0000000e+00	   3.7200000e+00	   4.4250000e+00	   3.0900000e+00	   2.0000000e+00	   3.0000000e+00	   1.0000000e+00	   3.0000000e+00	   3.9160000e+03	
   2.0700000e+02	   2.0800000e+02	   1.0300000e+02	   2.0000000e+00	   5.0000000e+00	   4.7550000e+00	   3.4650000e+00	   0.0000000e+00	   3.0000000e+00	   1.0000000e+00	   2.0000000e+00	   3.0000000e+00	   1.8050000e+03	
   2.1500000e+02	   3.0200000e+02	   3.1200000e+02	   1.5000000e+01	   2.0000000e+00	   4.7150000e+00	   4.4250000e+00	   8.7000000e-01	   1.0000000e+00	   2.0000000e+00	   3.0000000e+00	   1.0000000e+00	   1.4150000e+03	
   1.1100000e+02	   2.0700000e+02	   1.0100000e+02	   1.0000000e+00	   1.0000000e+00	   4.6150000e+00	   4.7550000e+00	   8.0000000e-01	   3.0000000e+00	   1.0000000e+00	   2.0000000e+00	   1.0000000e+00	   1.3800000e+03	
   2.1000000e+02	   2.1400000e+02	   2.0600000e+02	   1.0000000e+01	   5.0000000e+00	   3.4150000e+00	   4.9150000e+00	   2.4950000e+00	   3.0000000e+00	   1.0000000e+00	   2.0000000e+00	   1.0000000e+00	   2.4220000e+03	
   2.0100000e+02	   3.1300000e+02	   2.0600000e+02	   1.0000000e+01	   3.0000000e+00	   4.9300000e+00	   4.2850000e+00	   2.4950000e+00	   2.0000000e+00	   1.0000000e+00	   3.0000000e+00	   2.0000000e+00	   1.6780000e+03	
   2.0500000e+02	   3.0400000e+02	   3.1200000e+02	   1.5000000e+01	   1.0000000e+00	   3.7200000e+00	   3.5800000e+00	   8.7000000e-01	   2.0000000e+00	   3.0000000e+00	   1.0000000e+00	   2.0000000e+00	   1.6830000e+03	
   1.1600000e+02	   3.1300000e+02	   2.0400000e+02	   9.0000000e+00	   3.0000000e+00	   3.4800000e+00	   4.2850000e+00	   1.7350000e+00	   1.0000000e+00	   2.0000000e+00	   3.0000000e+00	   2.0000000e+00	   1.9550000e+03	
   1.1100000e+02	   2.1000000e+02	   1.0400000e+02	   3.0000000e+00	   5.0000000e+00	   4.6150000e+00	   3.4150000e+00	   1.7650000e+00	   2.0000000e+00	   1.0000000e+00	   3.0000000e+00	   2.0000000e+00	   2.1190000e+03	
   2.0700000e+02	   3.1300000e+02	   1.1000000e+02	   7.0000000e+00	   3.0000000e+00	   4.7550000e+00	   4.2850000e+00	   0.0000000e+00	   2.0000000e+00	   1.0000000e+00	   3.0000000e+00	   2.0000000e+00	   1.8190000e+03	
   1.1100000e+02	   2.1400000e+02	   3.1200000e+02	   1.5000000e+01	   2.0000000e+00	   4.6150000e+00	   4.9150000e+00	   8.7000000e-01	   2.0000000e+00	   3.0000000e+00	   1.0000000e+00	   3.0000000e+00	   2.4130000e+03	
   3.0200000e+02	   3.0600000e+02	   2.0600000e+02	   1.0000000e+01	   4.0000000e+00	   4.4250000e+00	   3.5550000e+00	   2.4950000e+00	   2.0000000e+00	   3.0000000e+00	   1.0000000e+00	   2.0000000e+00	   2.0390000e+03	
   2.0100000e+02	   2.1300000e+02	   1.0700000e+02	   5.0000000e+00	   3.0000000e+00	   4.9300000e+00	   4.2500000e+00	   2.0000000e-02	   2.0000000e+00	   1.0000000e+00	   3.0000000e+00	   2.0000000e+00	   2.1700000e+03	
   1.0600000e+02	   2.1400000e+02	   3.0500000e+02	   1.3000000e+01	   2.0000000e+00	   4.4500000e+00	   4.9150000e+00	   3.0900000e+00	   1.0000000e+00	   3.0000000e+00	   2.0000000e+00	   3.0000000e+00	   3.7190000e+03	
   1.0600000e+02	   2.1000000e+02	   1.0700000e+02	   5.0000000e+00	   4.0000000e+00	   4.4500000e+00	   3.4150000e+00	   2.0000000e-02	   3.0000000e+00	   2.0000000e+00	   1.0000000e+00	   3.0000000e+00	   2.8030000e+03	
   2.0500000e+02	   3.1300000e+02	   2.0400000e+02	   9.0000000e+00	   3.0000000e+00	   3.7200000e+00	   4.2850000e+00	   1.7350000e+00	   3.0000000e+00	   1.0000000e+00	   2.0000000e+00	   1.0000000e+00	   3.8560000e+03	
   2.1300000e+02	   2.1400000e+02	   1.0500000e+02	   4.0000000e+00	   3.0000000e+00	   4.2500000e+00	   4.9150000e+00	   2.8750000e+00	   2.0000000e+00	   1.0000000e+00	   3.0000000e+00	   1.0000000e+00	   3.6210000e+03	
   3.0400000e+02	   3.0600000e+02	   3.0100000e+02	   1.1000000e+01	   1.0000000e+00	   3.5800000e+00	   3.5550000e+00	   9.6000000e-01	   1.0000000e+00	   2.0000000e+00	   3.0000000e+00	   2.0000000e+00	   2.4350000e+03	
   2.0500000e+02	   3.1300000e+02	   3.0300000e+02	   1.2000000e+01	   3.0000000e+00	   3.7200000e+00	   4.2850000e+00	   1.9150000e+00	   3.0000000e+00	   1.0000000e+00	   2.0000000e+00	   1.0000000e+00	   2.0310000e+03	
   2.0800000e+02	   2.1400000e+02	   3.0500000e+02	   1.3000000e+01	   5.0000000e+00	   3.4650000e+00	   4.9150000e+00	   3.0900000e+00	   2.0000000e+00	   1.0000000e+00	   3.0000000e+00	   1.0000000e+00	   1.5180000e+03	
   1.1100000e+02	   2.1000000e+02	   1.0800000e+02	   6.0000000e+00	   5.0000000e+00	   4.6150000e+00	   3.4150000e+00	   3.2750000e+00	   3.0000000e+00	   2.0000000e+00	   1.0000000e+00	   3.0000000e+00	   3.8110000e+03	
   1.1100000e+02	   2.0100000e+02	   1.0100000e+02	   1.0000000e+00	   2.0000000e+00	   4.6150000e+00	   4.9300000e+00	   8.0000000e-01	   1.0000000e+00	   3.0000000e+00	   2.0000000e+00	   3.0000000e+00	   1.4400000e+03	
   2.1400000e+02	   3.1300000e+02	   1.1000000e+02	   7.0000000e+00	   3.0000000e+00	   4.9150000e+00	   4.2850000e+00	   0.0000000e+00	   2.0000000e+00	   1.0000000e+00	   3.0000000e+00	   2.0000000e+00	   1.7610000e+03	
   2.0800000e+02	   2.1400000e+02	   1.0700000e+02	   5.0000000e+00	   5.0000000e+00	   3.4650000e+00	   4.9150000e+00	   2.0000000e-02	   1.0000000e+00	   2.0000000e+00	   3.0000000e+00	   2.0000000e+00	   1.4290000e+03	
   2.0800000e+02	   2.1000000e+02	   3.0100000e+02	   1.1000000e+01	   1.0000000e+00	   3.4650000e+00	   3.4150000e+00	   9.6000000e-01	   3.0000000e+00	   2.0000000e+00	   1.0000000e+00	   2.0000000e+00	   3.4550000e+03	
   1.0600000e+02	   2.0100000e+02	   3.0800000e+02	   1.4000000e+01	   3.0000000e+00	   4.4500000e+00	   4.9300000e+00	   1.6000000e+00	   3.0000000e+00	   1.0000000e+00	   2.0000000e+00	   1.0000000e+00	   1.5640000e+03	
   1.0600000e+02	   2.1000000e+02	   2.0600000e+02	   1.0000000e+01	   4.0000000e+00	   4.4500000e+00	   3.4150000e+00	   2.4950000e+00	   2.0000000e+00	   1.0000000e+00	   3.0000000e+00	   2.0000000e+00	   3.2390000e+03	
   2.0700000e+02	   2.1400000e+02	   1.0100000e+02	   1.0000000e+00	   1.0000000e+00	   4.7550000e+00	   4.9150000e+00	   8.0000000e-01	   3.0000000e+00	   2.0000000e+00	   1.0000000e+00	   3.0000000e+00	   2.4930000e+03	
   1.1600000e+02	   2.1000000e+02	   3.0800000e+02	   1.4000000e+01	   1.0000000e+00	   3.4800000e+00	   3.4150000e+00	   1.6000000e+00	   3.0000000e+00	   2.0000000e+00	   1.0000000e+00	   3.0000000e+00	   6.9540000e+03	
   2.0100000e+02	   3.0400000e+02	   3.1200000e+02	   1.5000000e+01	   5.0000000e+00	   4.9300000e+00	   3.5800000e+00	   8.7000000e-01	   3.0000000e+00	   1.0000000e+00	   2.0000000e+00	   3.0000000e+00	   1.9230000e+03	
   2.0700000e+02	   2.1500000e+02	   1.0700000e+02	   5.0000000e+00	   1.0000000e+00	   4.7550000e+00	   4.7150000e+00	   2.0000000e-02	   3.0000000e+00	   1.0000000e+00	   2.0000000e+00	   1.0000000e+00	   2.6350000e+03	
   2.1300000e+02	   2.1400000e+02	   1.1200000e+02	   8.0000000e+00	   3.0000000e+00	   4.2500000e+00	   4.9150000e+00	   3.1750000e+00	   2.0000000e+00	   3.0000000e+00	   1.0000000e+00	   3.0000000e+00	   1.8720000e+03	
   2.1400000e+02	   3.1300000e+02	   1.0400000e+02	   3.0000000e+00	   3.0000000e+00	   4.9150000e+00	   4.2850000e+00	   1.7650000e+00	   2.0000000e+00	   3.0000000e+00	   1.0000000e+00	   2.0000000e+00	   2.6010000e+03	
   1.1600000e+02	   2.1500000e+02	   1.0700000e+02	   5.0000000e+00	   5.0000000e+00	   3.4800000e+00	   4.7150000e+00	   2.0000000e-02	   2.0000000e+00	   1.0000000e+00	   3.0000000e+00	   1.0000000e+00	   1.8520000e+03	
   1.1600000e+02	   2.0500000e+02	   3.0800000e+02	   1.4000000e+01	   2.0000000e+00	   3.4800000e+00	   3.7200000e+00	   1.6000000e+00	   2.0000000e+00	   1.0000000e+00	   3.0000000e+00	   2.0000000e+00	   3.2200000e+03	
   1.1100000e+02	   2.1000000e+02	   2.0400000e+02	   9.0000000e+00	   5.0000000e+00	   4.6150000e+00	   3.4150000e+00	   1.7350000e+00	   1.0000000e+00	   3.0000000e+00	   2.0000000e+00	   1.0000000e+00	   2.3810000e+03	
   2.0100000e+02	   2.1300000e+02	   3.0100000e+02	   1.1000000e+01	   3.0000000e+00	   4.9300000e+00	   4.2500000e+00	   9.6000000e-01	   3.0000000e+00	   2.0000000e+00	   1.0000000e+00	   3.0000000e+00	   1.6570000e+03	
   1.1100000e+02	   2.1500000e+02	   2.0600000e+02	   1.0000000e+01	   1.0000000e+00	   4.6150000e+00	   4.7150000e+00	   2.4950000e+00	   2.0000000e+00	   1.0000000e+00	   3.0000000e+00	   1.0000000e+00	   1.2560000e+03	
   1.0600000e+02	   2.1000000e+02	   1.0300000e+02	   2.0000000e+00	   4.0000000e+00	   4.4500000e+00	   3.4150000e+00	   0.0000000e+00	   3.0000000e+00	   1.0000000e+00	   2.0000000e+00	   3.0000000e+00	   1.4360000e+03	
   1.1600000e+02	   2.0500000e+02	   3.0100000e+02	   1.1000000e+01	   2.0000000e+00	   3.4800000e+00	   3.7200000e+00	   9.6000000e-01	   3.0000000e+00	   2.0000000e+00	   1.0000000e+00	   2.0000000e+00	   1.6280000e+03	
   1.0600000e+02	   2.1000000e+02	   1.1200000e+02	   8.0000000e+00	   4.0000000e+00	   4.4500000e+00	   3.4150000e+00	   3.1750000e+00	   3.0000000e+00	   1.0000000e+00	   2.0000000e+00	   3.0000000e+00	   1.7110000e+03	
   2.1300000e+02	   2.1400000e+02	   1.0300000e+02	   2.0000000e+00	   3.0000000e+00	   4.2500000e+00	   4.9150000e+00	   0.0000000e+00	   2.0000000e+00	   3.0000000e+00	   1.0000000e+00	   3.0000000e+00	   1.4820000e+03	
   2.0700000e+02	   2.1000000e+02	   1.1000000e+02	   7.0000000e+00	   5.0000000e+00	   4.7550000e+00	   3.4150000e+00	   0.0000000e+00	   1.0000000e+00	   3.0000000e+00	   2.0000000e+00	   1.0000000e+00	   2.3240000e+03	
   1.1100000e+02	   3.0400000e+02	   3.0100000e+02	   1.1000000e+01	   4.0000000e+00	   4.6150000e+00	   3.5800000e+00	   9.6000000e-01	   1.0000000e+00	   3.0000000e+00	   2.0000000e+00	   1.0000000e+00	   3.3410000e+03	
   1.1600000e+02	   2.1300000e+02	   2.0600000e+02	   1.0000000e+01	   3.0000000e+00	   3.4800000e+00	   4.2500000e+00	   2.4950000e+00	   1.0000000e+00	   3.0000000e+00	   2.0000000e+00	   3.0000000e+00	   4.5820000e+03	
   2.1500000e+02	   3.0600000e+02	   1.0800000e+02	   6.0000000e+00	   4.0000000e+00	   4.7150000e+00	   3.5550000e+00	   3.2750000e+00	   3.0000000e+00	   2.0000000e+00	   1.0000000e+00	   3.0000000e+00	   1.2450000e+03	
   1.0600000e+02	   1.1600000e+02	   2.0400000e+02	   9.0000000e+00	   4.0000000e+00	   4.4500000e+00	   3.4800000e+00	   1.7350000e+00	   2.0000000e+00	   3.0000000e+00	   1.0000000e+00	   2.0000000e+00	   1.4250000e+03	
   2.0100000e+02	   3.0400000e+02	   1.0500000e+02	   4.0000000e+00	   5.0000000e+00	   4.9300000e+00	   3.5800000e+00	   2.8750000e+00	   3.0000000e+00	   2.0000000e+00	   1.0000000e+00	   3.0000000e+00	   2.6160000e+03	
   2.1000000e+02	   2.1400000e+02	   1.0100000e+02	   1.0000000e+00	   5.0000000e+00	   3.4150000e+00	   4.9150000e+00	   8.0000000e-01	   1.0000000e+00	   3.0000000e+00	   2.0000000e+00	   3.0000000e+00	   2.4190000e+03	
   2.0100000e+02	   2.1400000e+02	   3.0500000e+02	   1.3000000e+01	   1.0000000e+00	   4.9300000e+00	   4.9150000e+00	   3.0900000e+00	   3.0000000e+00	   1.0000000e+00	   2.0000000e+00	   3.0000000e+00	   1.7340000e+03	
   2.0100000e+02	   2.0500000e+02	   1.1200000e+02	   8.0000000e+00	   5.0000000e+00	   4.9300000e+00	   3.7200000e+00	   3.1750000e+00	   3.0000000e+00	   1.0000000e+00	   2.0000000e+00	   3.0000000e+00	   1.5500000e+03	
   1.1100000e+02	   3.0200000e+02	   1.0500000e+02	   4.0000000e+00	   2.0000000e+00	   4.6150000e+00	   4.4250000e+00	   2.8750000e+00	   2.0000000e+00	   1.0000000e+00	   3.0000000e+00	   1.0000000e+00	   5.7970000e+03	
   2.0100000e+02	   2.1400000e+02	   1.0400000e+02	   3.0000000e+00	   1.0000000e+00	   4.9300000e+00	   4.9150000e+00	   1.7650000e+00	   1.0000000e+00	   3.0000000e+00	   2.0000000e+00	   1.0000000e+00	   4.3810000e+03	
   2.1300000e+02	   3.0600000e+02	   3.0800000e+02	   1.4000000e+01	   3.0000000e+00	   4.2500000e+00	   3.5550000e+00	   1.6000000e+00	   1.0000000e+00	   3.0000000e+00	   2.0000000e+00	   3.0000000e+00	   4.7410000e+03	
   2.1300000e+02	   2.1500000e+02	   2.0600000e+02	   1.0000000e+01	   2.0000000e+00	   4.2500000e+00	   4.7150000e+00	   2.4950000e+00	   3.0000000e+00	   1.0000000e+00	   2.0000000e+00	   1.0000000e+00	   2.0830000e+03	
   2.1400000e+02	   3.0400000e+02	   3.0500000e+02	   1.3000000e+01	   5.0000000e+00	   4.9150000e+00	   3.5800000e+00	   3.0900000e+00	   1.0000000e+00	   2.0000000e+00	   3.0000000e+00	   1.0000000e+00	   1.5480000e+03	
   2.0700000e+02	   3.1300000e+02	   1.0500000e+02	   4.0000000e+00	   3.0000000e+00	   4.7550000e+00	   4.2850000e+00	   2.8750000e+00	   2.0000000e+00	   1.0000000e+00	   3.0000000e+00	   2.0000000e+00	   1.9930000e+03	
   1.0600000e+02	   2.1500000e+02	   1.0800000e+02	   6.0000000e+00	   2.0000000e+00	   4.4500000e+00	   4.7150000e+00	   3.2750000e+00	   2.0000000e+00	   1.0000000e+00	   3.0000000e+00	   1.0000000e+00	   1.8230000e+03	
   1.1600000e+02	   3.0600000e+02	   1.0400000e+02	   3.0000000e+00	   1.0000000e+00	   3.4800000e+00	   3.5550000e+00	   1.7650000e+00	   2.0000000e+00	   1.0000000e+00	   3.0000000e+00	   1.0000000e+00	   1.7490000e+03	
   2.1300000e+02	   2.1500000e+02	   1.0500000e+02	   4.0000000e+00	   2.0000000e+00	   4.2500000e+00	   4.7150000e+00	   2.8750000e+00	   1.0000000e+00	   2.0000000e+00	   3.0000000e+00	   2.0000000e+00	   1.2830000e+03	
   1.1100000e+02	   2.0800000e+02	   1.0100000e+02	   1.0000000e+00	   4.0000000e+00	   4.6150000e+00	   3.4650000e+00	   8.0000000e-01	   2.0000000e+00	   1.0000000e+00	   3.0000000e+00	   2.0000000e+00	   2.6260000e+03	
   1.1600000e+02	   2.0100000e+02	   1.0700000e+02	   5.0000000e+00	   5.0000000e+00	   3.4800000e+00	   4.9300000e+00	   2.0000000e-02	   2.0000000e+00	   3.0000000e+00	   1.0000000e+00	   3.0000000e+00	   1.4640000e+03	
   2.0800000e+02	   3.0400000e+02	   1.0500000e+02	   4.0000000e+00	   1.0000000e+00	   3.4650000e+00	   3.5800000e+00	   2.8750000e+00	   3.0000000e+00	   2.0000000e+00	   1.0000000e+00	   1.0000000e+00	   5.0470000e+03	
   2.0500000e+02	   2.0800000e+02	   1.0700000e+02	   5.0000000e+00	   2.0000000e+00	   3.7200000e+00	   3.4650000e+00	   2.0000000e-02	   3.0000000e+00	   1.0000000e+00	   2.0000000e+00	   3.0000000e+00	   4.5040000e+03	
   2.1300000e+02	   3.0400000e+02	   1.1000000e+02	   7.0000000e+00	   3.0000000e+00	   4.2500000e+00	   3.5800000e+00	   0.0000000e+00	   1.0000000e+00	   2.0000000e+00	   3.0000000e+00	   1.0000000e+00	   2.1250000e+03	
   2.0800000e+02	   3.1300000e+02	   3.1200000e+02	   1.5000000e+01	   3.0000000e+00	   3.4650000e+00	   4.2850000e+00	   8.7000000e-01	   3.0000000e+00	   2.0000000e+00	   1.0000000e+00	   2.0000000e+00	   1.8080000e+03	
   2.1000000e+02	   2.1500000e+02	   3.0300000e+02	   1.2000000e+01	   5.0000000e+00	   3.4150000e+00	   4.7150000e+00	   1.9150000e+00	   3.0000000e+00	   1.0000000e+00	   2.0000000e+00	   1.0000000e+00	   1.3300000e+03	
   1.1100000e+02	   3.1300000e+02	   1.0100000e+02	   1.0000000e+00	   2.0000000e+00	   4.6150000e+00	   4.2850000e+00	   8.0000000e-01	   3.0000000e+00	   1.0000000e+00	   2.0000000e+00	   1.0000000e+00	   2.0170000e+03	
   1.1600000e+02	   2.1000000e+02	   2.0400000e+02	   9.0000000e+00	   1.0000000e+00	   3.4800000e+00	   3.4150000e+00	   1.7350000e+00	   1.0000000e+00	   3.0000000e+00	   2.0000000e+00	   1.0000000e+00	   8.5020000e+03	
   2.0500000e+02	   3.0200000e+02	   2.0600000e+02	   1.0000000e+01	   3.0000000e+00	   3.7200000e+00	   4.4250000e+00	   2.4950000e+00	   2.0000000e+00	   3.0000000e+00	   1.0000000e+00	   3.0000000e+00	   5.0880000e+03	
   1.1600000e+02	   2.0700000e+02	   3.1200000e+02	   1.5000000e+01	   5.0000000e+00	   3.4800000e+00	   4.7550000e+00	   8.7000000e-01	   1.0000000e+00	   3.0000000e+00	   2.0000000e+00	   3.0000000e+00	   2.3380000e+03	
   2.0800000e+02	   3.0600000e+02	   1.1000000e+02	   7.0000000e+00	   1.0000000e+00	   3.4650000e+00	   3.5550000e+00	   0.0000000e+00	   3.0000000e+00	   1.0000000e+00	   2.0000000e+00	   1.0000000e+00	   4.8510000e+03	
   2.0100000e+02	   2.1500000e+02	   3.0500000e+02	   1.3000000e+01	   2.0000000e+00	   4.9300000e+00	   4.7150000e+00	   3.0900000e+00	   3.0000000e+00	   2.0000000e+00	   1.0000000e+00	   2.0000000e+00	   1.3410000e+03	
   1.0600000e+02	   1.1100000e+02	   1.0300000e+02	   2.0000000e+00	   2.0000000e+00	   4.4500000e+00	   4.6150000e+00	   0.0000000e+00	   1.0000000e+00	   3.0000000e+00	   2.0000000e+00	   3.0000000e+00	   4.4040000e+03	
   1.1600000e+02	   3.1300000e+02	   1.0800000e+02	   6.0000000e+00	   3.0000000e+00	   3.4800000e+00	   4.2850000e+00	   3.2750000e+00	   1.0000000e+00	   3.0000000e+00	   2.0000000e+00	   3.0000000e+00	   1.6800000e+03	
   2.1500000e+02	   3.0200000e+02	   1.0500000e+02	   4.0000000e+00	   2.0000000e+00	   4.7150000e+00	   4.4250000e+00	   2.8750000e+00	   3.0000000e+00	   2.0000000e+00	   1.0000000e+00	   3.0000000e+00	   1.3250000e+03	
   2.1000000e+02	   2.1300000e+02	   1.0100000e+02	   1.0000000e+00	   4.0000000e+00	   3.4150000e+00	   4.2500000e+00	   8.0000000e-01	   2.0000000e+00	   3.0000000e+00	   1.0000000e+00	   3.0000000e+00	   5.0920000e+03	
   1.1600000e+02	   2.1300000e+02	   1.0400000e+02	   3.0000000e+00	   3.0000000e+00	   3.4800000e+00	   4.2500000e+00	   1.7650000e+00	   1.0000000e+00	   2.0000000e+00	   3.0000000e+00	   2.0000000e+00	   1.9110000e+03	
   1.1600000e+02	   2.0700000e+02	   3.0100000e+02	   1.1000000e+01	   5.0000000e+00	   3.4800000e+00	   4.7550000e+00	   9.6000000e-01	   3.0000000e+00	   2.0000000e+00	   1.0000000e+00	   2.0000000e+00	   1.7000000e+03	
   1.0600000e+02	   3.0600000e+02	   2.0400000e+02	   9.0000000e+00	   4.0000000e+00	   4.4500000e+00	   3.5550000e+00	   1.7350000e+00	   3.0000000e+00	   1.0000000e+00	   2.0000000e+00	   1.0000000e+00	   5.0580000e+03	
   2.1300000e+02	   3.0400000e+02	   1.0300000e+02	   2.0000000e+00	   3.0000000e+00	   4.2500000e+00	   3.5800000e+00	   0.0000000e+00	   2.0000000e+00	   1.0000000e+00	   3.0000000e+00	   2.0000000e+00	   1.9740000e+03	
   2.0100000e+02	   2.1500000e+02	   1.1200000e+02	   8.0000000e+00	   2.0000000e+00	   4.9300000e+00	   4.7150000e+00	   3.1750000e+00	   3.0000000e+00	   1.0000000e+00	   2.0000000e+00	   1.0000000e+00	   2.3560000e+03	
   2.1000000e+02	   3.0600000e+02	   3.0500000e+02	   1.3000000e+01	   1.0000000e+00	   3.4150000e+00	   3.5550000e+00	   3.0900000e+00	   3.0000000e+00	   2.0000000e+00	   1.0000000e+00	   2.0000000e+00	   2.3360000e+03	
   2.0100000e+02	   2.0800000e+02	   1.0300000e+02	   2.0000000e+00	   5.0000000e+00	   4.9300000e+00	   3.4650000e+00	   0.0000000e+00	   3.0000000e+00	   1.0000000e+00	   2.0000000e+00	   3.0000000e+00	   2.0050000e+03	
   2.0800000e+02	   2.1300000e+02	   1.0100000e+02	   1.0000000e+00	   3.0000000e+00	   3.4650000e+00	   4.2500000e+00	   8.0000000e-01	   3.0000000e+00	   2.0000000e+00	   1.0000000e+00	   2.0000000e+00	   2.1430000e+03	
   1.0600000e+02	   2.0500000e+02	   3.1200000e+02	   1.5000000e+01	   3.0000000e+00	   4.4500000e+00	   3.7200000e+00	   8.7000000e-01	   2.0000000e+00	   3.0000000e+00	   1.0000000e+00	   2.0000000e+00	   5.9460000e+03	
   2.0500000e+02	   2.0700000e+02	   1.1200000e+02	   8.0000000e+00	   4.0000000e+00	   3.7200000e+00	   4.7550000e+00	   3.1750000e+00	   1.0000000e+00	   2.0000000e+00	   3.0000000e+00	   2.0000000e+00	   4.5680000e+03	
   3.0400000e+02	   3.1300000e+02	   1.0800000e+02	   6.0000000e+00	   3.0000000e+00	   3.5800000e+00	   4.2850000e+00	   3.2750000e+00	   1.0000000e+00	   3.0000000e+00	   2.0000000e+00	   3.0000000e+00	   3.5260000e+03	
   1.1600000e+02	   2.1300000e+02	   3.1200000e+02	   1.5000000e+01	   3.0000000e+00	   3.4800000e+00	   4.2500000e+00	   8.7000000e-01	   3.0000000e+00	   1.0000000e+00	   2.0000000e+00	   1.0000000e+00	   4.0110000e+03	
   1.1600000e+02	   3.0400000e+02	   1.1000000e+02	   7.0000000e+00	   1.0000000e+00	   3.4800000e+00	   3.5800000e+00	   0.0000000e+00	   3.0000000e+00	   2.0000000e+00	   1.0000000e+00	   3.0000000e+00	   3.9310000e+03	
   2.1400000e+02	   3.0200000e+02	   1.0800000e+02	   6.0000000e+00	   3.0000000e+00	   4.9150000e+00	   4.4250000e+00	   3.2750000e+00	   2.0000000e+00	   1.0000000e+00	   3.0000000e+00	   2.0000000e+00	   5.2630000e+03	
   1.1100000e+02	   3.0400000e+02	   3.0500000e+02	   1.3000000e+01	   4.0000000e+00	   4.6150000e+00	   3.5800000e+00	   3.0900000e+00	   3.0000000e+00	   2.0000000e+00	   1.0000000e+00	   3.0000000e+00	   2.5630000e+03	
   2.0700000e+02	   2.0800000e+02	   1.0800000e+02	   6.0000000e+00	   5.0000000e+00	   4.7550000e+00	   3.4650000e+00	   3.2750000e+00	   3.0000000e+00	   2.0000000e+00	   1.0000000e+00	   3.0000000e+00	   1.4930000e+03	
   1.0600000e+02	   3.0200000e+02	   3.0800000e+02	   1.4000000e+01	   1.0000000e+00	   4.4500000e+00	   4.4250000e+00	   1.6000000e+00	   2.0000000e+00	   1.0000000e+00	   3.0000000e+00	   1.0000000e+00	   2.3710000e+03	
   1.1100000e+02	   2.0100000e+02	   3.0800000e+02	   1.4000000e+01	   2.0000000e+00	   4.6150000e+00	   4.9300000e+00	   1.6000000e+00	   2.0000000e+00	   3.0000000e+00	   1.0000000e+00	   3.0000000e+00	   1.3700000e+03	
   1.0600000e+02	   2.1400000e+02	   2.0600000e+02	   1.0000000e+01	   2.0000000e+00	   4.4500000e+00	   4.9150000e+00	   2.4950000e+00	   2.0000000e+00	   1.0000000e+00	   3.0000000e+00	   1.0000000e+00	   2.5180000e+03	
   2.0800000e+02	   2.1400000e+02	   2.0400000e+02	   9.0000000e+00	   5.0000000e+00	   3.4650000e+00	   4.9150000e+00	   1.7350000e+00	   3.0000000e+00	   2.0000000e+00	   1.0000000e+00	   2.0000000e+00	   1.7640000e+03	
   1.0600000e+02	   2.0100000e+02	   1.0100000e+02	   1.0000000e+00	   3.0000000e+00	   4.4500000e+00	   4.9300000e+00	   8.0000000e-01	   2.0000000e+00	   1.0000000e+00	   3.0000000e+00	   1.0000000e+00	   2.3030000e+03	
   1.1100000e+02	   1.1600000e+02	   3.1200000e+02	   1.5000000e+01	   4.0000000e+00	   4.6150000e+00	   3.4800000e+00	   8.7000000e-01	   1.0000000e+00	   3.0000000e+00	   2.0000000e+00	   1.0000000e+00	   3.0890000e+03	
   2.1000000e+02	   3.0400000e+02	   1.0300000e+02	   2.0000000e+00	   1.0000000e+00	   3.4150000e+00	   3.5800000e+00	   0.0000000e+00	   2.0000000e+00	   3.0000000e+00	   1.0000000e+00	   2.0000000e+00	   3.7640000e+03	
   2.0500000e+02	   3.0200000e+02	   1.0700000e+02	   5.0000000e+00	   3.0000000e+00	   3.7200000e+00	   4.4250000e+00	   2.0000000e-02	   3.0000000e+00	   1.0000000e+00	   2.0000000e+00	   1.0000000e+00	   1.1919000e+04	
   1.1100000e+02	   2.0800000e+02	   3.1200000e+02	   1.5000000e+01	   4.0000000e+00	   4.6150000e+00	   3.4650000e+00	   8.7000000e-01	   2.0000000e+00	   1.0000000e+00	   3.0000000e+00	   2.0000000e+00	   2.5180000e+03	
   2.0100000e+02	   3.0600000e+02	   3.0300000e+02	   1.2000000e+01	   5.0000000e+00	   4.9300000e+00	   3.5550000e+00	   1.9150000e+00	   3.0000000e+00	   2.0000000e+00	   1.0000000e+00	   3.0000000e+00	   1.6580000e+03	
   2.0500000e+02	   2.0800000e+02	   3.0300000e+02	   1.2000000e+01	   2.0000000e+00	   3.7200000e+00	   3.4650000e+00	   1.9150000e+00	   3.0000000e+00	   2.0000000e+00	   1.0000000e+00	   3.0000000e+00	   3.3650000e+03	
   3.0400000e+02	   3.1300000e+02	   2.0400000e+02	   9.0000000e+00	   3.0000000e+00	   3.5800000e+00	   4.2850000e+00	   1.7350000e+00	   1.0000000e+00	   2.0000000e+00	   3.0000000e+00	   2.0000000e+00	   2.7070000e+03	
   2.1300000e+02	   2.1400000e+02	   3.0500000e+02	   1.3000000e+01	   3.0000000e+00	   4.2500000e+00	   4.9150000e+00	   3.0900000e+00	   2.0000000e+00	   1.0000000e+00	   3.0000000e+00	   1.0000000e+00	   5.7200000e+03	
   2.0700000e+02	   2.0800000e+02	   3.0800000e+02	   1.4000000e+01	   5.0000000e+00	   4.7550000e+00	   3.4650000e+00	   1.6000000e+00	   2.0000000e+00	   3.0000000e+00	   1.0000000e+00	   2.0000000e+00	   1.8030000e+03	
   2.0500000e+02	   3.0400000e+02	   1.1000000e+02	   7.0000000e+00	   1.0000000e+00	   3.7200000e+00	   3.5800000e+00	   0.0000000e+00	   3.0000000e+00	   2.0000000e+00	   1.0000000e+00	   3.0000000e+00	   3.1000000e+03	
   1.0600000e+02	   3.0600000e+02	   1.0400000e+02	   3.0000000e+00	   4.0000000e+00	   4.4500000e+00	   3.5550000e+00	   1.7650000e+00	   3.0000000e+00	   2.0000000e+00	   1.0000000e+00	   2.0000000e+00	   2.0880000e+03	
   2.1400000e+02	   2.1500000e+02	   1.0400000e+02	   3.0000000e+00	   2.0000000e+00	   4.9150000e+00	   4.7150000e+00	   1.7650000e+00	   1.0000000e+00	   3.0000000e+00	   2.0000000e+00	   3.0000000e+00	   1.5440000e+03	
   2.1500000e+02	   3.0600000e+02	   1.0500000e+02	   4.0000000e+00	   4.0000000e+00	   4.7150000e+00	   3.5550000e+00	   2.8750000e+00	   2.0000000e+00	   3.0000000e+00	   1.0000000e+00	   2.0000000e+00	   1.6880000e+03	
   1.1100000e+02	   3.0200000e+02	   1.0800000e+02	   6.0000000e+00	   2.0000000e+00	   4.6150000e+00	   4.4250000e+00	   3.2750000e+00	   3.0000000e+00	   2.0000000e+00	   1.0000000e+00	   2.0000000e+00	   2.2310000e+03	
   2.1400000e+02	   3.0200000e+02	   2.0400000e+02	   9.0000000e+00	   3.0000000e+00	   4.9150000e+00	   4.4250000e+00	   1.7350000e+00	   1.0000000e+00	   3.0000000e+00	   2.0000000e+00	   1.0000000e+00	   2.2570000e+03	
   2.0700000e+02	   2.1500000e+02	   1.1000000e+02	   7.0000000e+00	   1.0000000e+00	   4.7550000e+00	   4.7150000e+00	   0.0000000e+00	   3.0000000e+00	   1.0000000e+00	   2.0000000e+00	   1.0000000e+00	   2.3740000e+03	
   3.0200000e+02	   3.0600000e+02	   3.0800000e+02	   1.4000000e+01	   4.0000000e+00	   4.4250000e+00	   3.5550000e+00	   1.6000000e+00	   2.0000000e+00	   3.0000000e+00	   1.0000000e+00	   2.0000000e+00	   2.6960000e+03	
   2.0100000e+02	   3.0400000e+02	   2.0600000e+02	   1.0000000e+01	   5.0000000e+00	   4.9300000e+00	   3.5800000e+00	   2.4950000e+00	   1.0000000e+00	   2.0000000e+00	   3.0000000e+00	   1.0000000e+00	   1.5760000e+03	
   2.0100000e+02	   2.1500000e+02	   1.0800000e+02	   6.0000000e+00	   2.0000000e+00	   4.9300000e+00	   4.7150000e+00	   3.2750000e+00	   2.0000000e+00	   3.0000000e+00	   1.0000000e+00	   3.0000000e+00	   1.6930000e+03	
   2.1400000e+02	   3.1300000e+02	   1.0100000e+02	   1.0000000e+00	   3.0000000e+00	   4.9150000e+00	   4.2850000e+00	   8.0000000e-01	   1.0000000e+00	   2.0000000e+00	   3.0000000e+00	   1.0000000e+00	   5.8660000e+03	
   1.0600000e+02	   3.0600000e+02	   3.0800000e+02	   1.4000000e+01	   4.0000000e+00	   4.4500000e+00	   3.5550000e+00	   1.6000000e+00	   1.0000000e+00	   3.0000000e+00	   2.0000000e+00	   3.0000000e+00	   5.0580000e+03	
   1.0600000e+02	   3.0600000e+02	   1.1200000e+02	   8.0000000e+00	   4.0000000e+00	   4.4500000e+00	   3.5550000e+00	   3.1750000e+00	   1.0000000e+00	   2.0000000e+00	   3.0000000e+00	   2.0000000e+00	   2.2490000e+03	
   2.0100000e+02	   2.1400000e+02	   1.0700000e+02	   5.0000000e+00	   1.0000000e+00	   4.9300000e+00	   4.9150000e+00	   2.0000000e-02	   2.0000000e+00	   1.0000000e+00	   3.0000000e+00	   2.0000000e+00	   4.7990000e+03	
   3.0200000e+02	   3.1300000e+02	   3.1200000e+02	   1.5000000e+01	   1.0000000e+00	   4.4250000e+00	   4.2850000e+00	   8.7000000e-01	   3.0000000e+00	   1.0000000e+00	   2.0000000e+00	   3.0000000e+00	   2.1050000e+03	
   1.1100000e+02	   2.0800000e+02	   3.0300000e+02	   1.2000000e+01	   4.0000000e+00	   4.6150000e+00	   3.4650000e+00	   1.9150000e+00	   3.0000000e+00	   1.0000000e+00	   2.0000000e+00	   3.0000000e+00	   6.7240000e+03	
   3.0400000e+02	   3.0600000e+02	   3.0300000e+02	   1.2000000e+01	   1.0000000e+00	   3.5800000e+00	   3.5550000e+00	   1.9150000e+00	   2.0000000e+00	   1.0000000e+00	   3.0000000e+00	   1.0000000e+00	   2.3830000e+03	
   2.1300000e+02	   3.0200000e+02	   1.0400000e+02	   3.0000000e+00	   2.0000000e+00	   4.2500000e+00	   4.4250000e+00	   1.7650000e+00	   2.0000000e+00	   3.0000000e+00	   1.0000000e+00	   3.0000000e+00	   3.7490000e+03	
   2.0500000e+02	   2.0700000e+02	   1.0800000e+02	   6.0000000e+00	   4.0000000e+00	   3.7200000e+00	   4.7550000e+00	   3.2750000e+00	   3.0000000e+00	   2.0000000e+00	   1.0000000e+00	   2.0000000e+00	   1.6380000e+03	
   2.0100000e+02	   2.0700000e+02	   3.0300000e+02	   1.2000000e+01	   2.0000000e+00	   4.9300000e+00	   4.7550000e+00	   1.9150000e+00	   1.0000000e+00	   3.0000000e+00	   2.0000000e+00	   1.0000000e+00	   2.8370000e+03	
   2.0500000e+02	   2.1500000e+02	   1.0300000e+02	   2.0000000e+00	   4.0000000e+00	   3.7200000e+00	   4.7150000e+00	   0.0000000e+00	   1.0000000e+00	   3.0000000e+00	   2.0000000e+00	   3.0000000e+00	   1.5880000e+03	
   1.0600000e+02	   2.1000000e+02	   1.0100000e+02	   1.0000000e+00	   4.0000000e+00	   4.4500000e+00	   3.4150000e+00	   8.0000000e-01	   3.0000000e+00	   2.0000000e+00	   1.0000000e+00	   3.0000000e+00	   3.0240000e+03	
   3.0400000e+02	   3.1300000e+02	   3.0300000e+02	   1.2000000e+01	   3.0000000e+00	   3.5800000e+00	   4.2850000e+00	   1.9150000e+00	   1.0000000e+00	   2.0000000e+00	   3.0000000e+00	   2.0000000e+00	   2.3970000e+03	
   2.0100000e+02	   3.0600000e+02	   1.0400000e+02	   3.0000000e+00	   5.0000000e+00	   4.9300000e+00	   3.5550000e+00	   1.7650000e+00	   2.0000000e+00	   3.0000000e+00	   1.0000000e+00	   2.0000000e+00	   1.5430000e+03	
   2.1400000e+02	   3.0400000e+02	   3.0100000e+02	   1.1000000e+01	   5.0000000e+00	   4.9150000e+00	   3.5800000e+00	   9.6000000e-01	   3.0000000e+00	   2.0000000e+00	   1.0000000e+00	   3.0000000e+00	   1.6380000e+03	
   1.1600000e+02	   2.0800000e+02	   1.0800000e+02	   6.0000000e+00	   1.0000000e+00	   3.4800000e+00	   3.4650000e+00	   3.2750000e+00	   3.0000000e+00	   2.0000000e+00	   1.0000000e+00	   3.0000000e+00	   5.5060000e+03	
   2.1400000e+02	   3.0400000e+02	   3.1200000e+02	   1.5000000e+01	   5.0000000e+00	   4.9150000e+00	   3.5800000e+00	   8.7000000e-01	   3.0000000e+00	   2.0000000e+00	   1.0000000e+00	   3.0000000e+00	   3.0490000e+03	
   1.1600000e+02	   2.0100000e+02	   3.0800000e+02	   1.4000000e+01	   5.0000000e+00	   3.4800000e+00	   4.9300000e+00	   1.6000000e+00	   1.0000000e+00	   2.0000000e+00	   3.0000000e+00	   2.0000000e+00	   1.1010000e+03	
