   1.0000000e+00	   1.1500000e+02	   1.0000000e+00	   1.1700000e+00	   7.5580000e+03	   7.0000000e-01	   3.9330000e+03	
   2.0000000e+00	   2.0500000e+02	   2.0000000e+00	   2.8100000e+00	   4.4010000e+03	   3.5600000e+00	   2.7330000e+03	
   3.0000000e+00	   3.0500000e+02	   3.0000000e+00	   1.0800000e+00	   2.8350000e+03	   2.8300000e+00	   2.7990000e+03	
   4.0000000e+00	   3.0800000e+02	   3.0000000e+00	   1.8400000e+00	   3.9360000e+03	   2.0100000e+00	   2.2660000e+03	
   5.0000000e+00	   1.0600000e+02	   1.0000000e+00	   4.9300000e+00	   1.6380000e+03	   4.1100000e+00	   2.6160000e+03	
   6.0000000e+00	   2.1300000e+02	   2.0000000e+00	   3.7900000e+00	   2.5040000e+03	   1.6700000e+00	   3.4980000e+03	
   7.0000000e+00	   2.0900000e+02	   2.0000000e+00	   4.8900000e+00	   2.2220000e+03	   3.6300000e+00	   2.7990000e+03	
   8.0000000e+00	   3.0600000e+02	   3.0000000e+00	   4.6800000e+00	   1.8380000e+03	   2.9200000e+00	   6.9640000e+03	
   9.0000000e+00	   3.0300000e+02	   3.0000000e+00	   5.0000000e+00	   1.7890000e+03	   2.7500000e+00	   4.6980000e+03	
   1.0000000e+01	   1.0800000e+02	   1.0000000e+00	   5.0000000e+00	   1.5240000e+03	   3.6900000e+00	   2.5660000e+03	
   1.1000000e+01	   1.0400000e+02	   1.0000000e+00	   3.6500000e+00	   2.4900000e+03	   1.3400000e+00	   1.8320000e+03	
   1.2000000e+01	   3.1400000e+02	   3.0000000e+00	   4.0900000e+00	   2.4890000e+03	   2.9600000e+00	   2.1660000e+03	
   1.3000000e+01	   2.0200000e+02	   2.0000000e+00	   3.4700000e+00	   2.2560000e+03	   4.7200000e+00	   1.2990000e+03	
   1.4000000e+01	   2.1200000e+02	   2.0000000e+00	   4.2600000e+00	   1.8240000e+03	   9.5000000e-01	   1.8330000e+03	
   1.5000000e+01	   1.0100000e+02	   1.0000000e+00	   3.5000000e+00	   3.3560000e+03	   4.7100000e+00	   1.0000000e+03	
   1.6000000e+01	   2.0700000e+02	   2.0000000e+00	   4.4400000e+00	   1.6560000e+03	   1.7500000e+00	   2.3330000e+03	
   1.7000000e+01	   3.1200000e+02	   3.0000000e+00	   3.3000000e+00	   3.5370000e+03	   2.8300000e+00	   2.3320000e+03	
   1.8000000e+01	   3.0900000e+02	   3.0000000e+00	   5.0000000e+00	   2.4560000e+03	   3.7500000e+00	   4.1650000e+03	
   1.9000000e+01	   1.0300000e+02	   1.0000000e+00	   1.6400000e+00	   2.1570000e+03	   1.7800000e+00	   2.5980000e+03	
   2.0000000e+01	   2.0600000e+02	   2.0000000e+00	   4.3900000e+00	   1.4890000e+03	   3.3700000e+00	   3.3990000e+03	
   2.1000000e+01	   3.0700000e+02	   3.0000000e+00	   1.7900000e+00	   2.6550000e+03	   1.4600000e+00	   2.6320000e+03	
   2.2000000e+01	   2.1100000e+02	   2.0000000e+00	   4.6300000e+00	   2.6240000e+03	   1.6700000e+00	   2.6660000e+03	
   2.3000000e+01	   2.1400000e+02	   2.0000000e+00	   4.3100000e+00	   2.1390000e+03	   4.7200000e+00	   1.4990000e+03	
   2.4000000e+01	   1.1200000e+02	   1.0000000e+00	   4.6200000e+00	   1.8560000e+03	   3.2800000e+00	   1.4990000e+03	
   2.5000000e+01	   1.1300000e+02	   1.0000000e+00	   4.7500000e+00	   2.7900000e+03	   4.5600000e+00	   1.4990000e+03	
   2.6000000e+01	   2.1000000e+02	   2.0000000e+00	   5.0000000e+00	   1.6560000e+03	   3.5000000e+00	   2.7990000e+03	
   2.7000000e+01	   2.0800000e+02	   2.0000000e+00	   4.0100000e+00	   2.2040000e+03	   1.9200000e+00	   1.5330000e+03	
   2.8000000e+01	   3.1300000e+02	   3.0000000e+00	   5.0000000e+00	   2.1060000e+03	   4.4900000e+00	   1.5990000e+03	
   2.9000000e+01	   2.0400000e+02	   2.0000000e+00	   1.4700000e+00	   2.6710000e+03	   8.8000000e-01	   1.5000000e+03	
   3.0000000e+01	   2.0300000e+02	   2.0000000e+00	   1.9200000e+00	   2.5050000e+03	   6.8000000e-01	   1.0670000e+03	
   3.1000000e+01	   1.0500000e+02	   1.0000000e+00	   3.9700000e+00	   4.0380000e+03	   1.1700000e+00	   8.6600000e+02	
   3.2000000e+01	   1.0700000e+02	   1.0000000e+00	   5.9000000e-01	   2.7380000e+03	   1.4800000e+00	   1.4660000e+03	
   3.3000000e+01	   1.1100000e+02	   1.0000000e+00	   5.0000000e+00	   2.6890000e+03	   3.8100000e+00	   1.2330000e+03	
   3.4000000e+01	   1.1400000e+02	   1.0000000e+00	   6.8000000e-01	   2.1900000e+03	   1.8400000e+00	   1.5320000e+03	
   3.5000000e+01	   2.0100000e+02	   2.0000000e+00	   5.0000000e+00	   2.7220000e+03	   1.7300000e+00	   3.0320000e+03	
   3.6000000e+01	   3.0200000e+02	   3.0000000e+00	   5.0000000e+00	   2.0220000e+03	   4.2800000e+00	   1.8670000e+03	
   3.7000000e+01	   3.1100000e+02	   3.0000000e+00	   3.2500000e+00	   2.7720000e+03	   1.6500000e+00	   1.2330000e+03	
   3.8000000e+01	   1.0900000e+02	   1.0000000e+00	   2.2500000e+00	   3.7370000e+03	   3.1000000e+00	   6.8650000e+03	
   3.9000000e+01	   3.0100000e+02	   3.0000000e+00	   7.6000000e-01	   3.0380000e+03	   1.3700000e+00	   1.9660000e+03	
   4.0000000e+01	   3.1000000e+02	   3.0000000e+00	   3.0900000e+00	   2.9040000e+03	   2.6200000e+00	   2.6650000e+03	
   4.1000000e+01	   1.1000000e+02	   1.0000000e+00	   5.1000000e-01	   1.9890000e+03	   2.3000000e-01	   1.6670000e+03	
   4.2000000e+01	   2.1500000e+02	   2.0000000e+00	   5.0000000e+00	   3.1220000e+03	   2.5700000e+00	   1.1795000e+04	
   4.3000000e+01	   1.0200000e+02	   1.0000000e+00	   5.0000000e+00	   1.6400000e+03	   3.4700000e+00	   3.6990000e+03	
   4.4000000e+01	   1.1600000e+02	   1.0000000e+00	   4.8900000e+00	   2.9040000e+03	   3.9600000e+00	   3.9650000e+03	
   4.5000000e+01	   3.0400000e+02	   3.0000000e+00	   3.0400000e+00	   1.5720000e+03	   2.1900000e+00	   2.4670000e+03	
