   1.0000000e+00	   1.0000000e+00	   1.0400000e+02	   3.0100000e+00	   1.2262000e+04	
   1.0000000e+00	   2.0000000e+00	   3.0700000e+02	   1.9000000e-01	   5.0230000e+03	
   1.0000000e+00	   3.0000000e+00	   3.1000000e+02	   8.7000000e-01	   3.7220000e+03	
   1.0000000e+00	   4.0000000e+00	   1.0300000e+02	   3.7500000e+00	   7.1240000e+03	
   1.0000000e+00	   5.0000000e+00	   3.1200000e+02	   8.0000000e-02	   5.0290000e+03	
   1.0000000e+00	   6.0000000e+00	   1.1200000e+02	   2.4500000e+00	   4.8590000e+03	
   1.0000000e+00	   7.0000000e+00	   3.0100000e+02	   1.5700000e+00	   7.0260000e+03	
   1.0000000e+00	   8.0000000e+00	   2.1200000e+02	   2.5000000e+00	   2.1940000e+03	
   1.0000000e+00	   9.0000000e+00	   2.0400000e+02	   1.9300000e+00	   2.8950000e+03	
   1.0000000e+00	   1.0000000e+01	   1.1000000e+02	   3.0400000e+00	   8.6920000e+03	
   1.0000000e+00	   1.1000000e+01	   2.0800000e+02	   1.5300000e+00	   5.5930000e+03	
   1.0000000e+00	   1.2000000e+01	   1.0100000e+02	   1.5100000e+00	   4.5930000e+03	
   1.0000000e+00	   1.3000000e+01	   1.0200000e+02	   4.9600000e+00	   2.4930000e+03	
   1.0000000e+00	   1.4000000e+01	   1.1500000e+02	   4.3400000e+00	   3.4280000e+03	
   1.0000000e+00	   1.5000000e+01	   3.0600000e+02	   4.9800000e+00	   4.0270000e+03	
   1.0000000e+00	   1.6000000e+01	   1.0500000e+02	   5.0000000e+00	   7.2280000e+03	
   1.0000000e+00	   1.7000000e+01	   1.1400000e+02	   3.8600000e+00	   2.0930000e+03	
   1.0000000e+00	   1.8000000e+01	   3.0200000e+02	   4.9500000e+00	   1.5950000e+03	
   1.0000000e+00	   1.9000000e+01	   3.0300000e+02	   0.0000000e+00	   3.6260000e+03	
   1.0000000e+00	   2.0000000e+01	   1.1300000e+02	   4.5600000e+00	   1.9950000e+03	
   1.0000000e+00	   2.1000000e+01	   3.0800000e+02	   0.0000000e+00	   3.3260000e+03	
   1.0000000e+00	   2.2000000e+01	   2.0100000e+02	   4.3300000e+00	   2.2950000e+03	
   1.0000000e+00	   2.3000000e+01	   1.1100000e+02	   4.5200000e+00	   1.5270000e+03	
   1.0000000e+00	   2.4000000e+01	   3.1100000e+02	   1.5200000e+00	   1.6260000e+03	
   1.0000000e+00	   2.5000000e+01	   2.0300000e+02	   3.6200000e+00	   5.9270000e+03	
   1.0000000e+00	   2.6000000e+01	   2.0600000e+02	   4.5100000e+00	   4.2270000e+03	
   1.0000000e+00	   2.7000000e+01	   2.1400000e+02	   2.5000000e+00	   4.3260000e+03	
   1.0000000e+00	   2.8000000e+01	   3.1300000e+02	   3.6300000e+00	   1.9930000e+03	
   1.0000000e+00	   2.9000000e+01	   2.0200000e+02	   2.5000000e+00	   2.8270000e+03	
   1.0000000e+00	   3.0000000e+01	   3.1400000e+02	   2.5000000e-01	   3.1620000e+03	
   1.0000000e+00	   3.1000000e+01	   3.0500000e+02	   1.4000000e-01	   4.3610000e+03	
   1.0000000e+00	   3.2000000e+01	   1.0800000e+02	   2.2900000e+00	   4.2250000e+03	
   1.0000000e+00	   3.3000000e+01	   2.0500000e+02	   2.5000000e+00	   1.3290000e+03	
   1.0000000e+00	   3.4000000e+01	   1.0600000e+02	   5.0000000e+00	   1.8610000e+03	
   1.0000000e+00	   3.5000000e+01	   2.0700000e+02	   3.4300000e+00	   3.7260000e+03	
   1.0000000e+00	   3.6000000e+01	   3.0400000e+02	   3.0200000e+00	   3.6590000e+03	
   1.0000000e+00	   3.7000000e+01	   1.0900000e+02	   5.0000000e+00	   2.6280000e+03	
   1.0000000e+00	   3.8000000e+01	   2.1000000e+02	   4.5200000e+00	   1.9600000e+03	
   1.0000000e+00	   3.9000000e+01	   2.1100000e+02	   3.1800000e+00	   1.7930000e+03	
   1.0000000e+00	   4.0000000e+01	   1.1600000e+02	   2.9200000e+00	   1.8930000e+03	
   1.0000000e+00	   4.1000000e+01	   3.0900000e+02	   4.5200000e+00	   1.9260000e+03	
   1.0000000e+00	   4.2000000e+01	   2.1500000e+02	   4.2900000e+00	   3.3940000e+03	
   1.0000000e+00	   4.3000000e+01	   2.1300000e+02	   1.6600000e+00	   3.0600000e+03	
   1.0000000e+00	   4.4000000e+01	   2.0900000e+02	   2.5000000e+00	   2.1590000e+03	
   1.0000000e+00	   4.5000000e+01	   1.0700000e+02	   3.3300000e+00	   2.4930000e+03	
   2.0000000e+00	   1.0000000e+00	   3.1100000e+02	   7.0000000e-01	   2.0880000e+03	
   2.0000000e+00	   2.0000000e+00	   3.0800000e+02	   6.0000000e-02	   2.8620000e+03	
   2.0000000e+00	   3.0000000e+00	   1.0900000e+02	   5.0000000e+00	   1.1950000e+03	
   2.0000000e+00	   4.0000000e+00	   1.1200000e+02	   2.5000000e+00	   1.7940000e+03	
   2.0000000e+00	   5.0000000e+00	   1.1400000e+02	   3.5300000e+00	   1.6950000e+03	
   2.0000000e+00	   6.0000000e+00	   1.0600000e+02	   5.0000000e+00	   1.3280000e+03	
   2.0000000e+00	   7.0000000e+00	   1.0100000e+02	   1.5900000e+00	   2.2940000e+03	
   2.0000000e+00	   8.0000000e+00	   3.1300000e+02	   3.4100000e+00	   1.7290000e+03	
   2.0000000e+00	   9.0000000e+00	   2.0100000e+02	   3.4500000e+00	   3.7940000e+03	
   2.0000000e+00	   1.0000000e+01	   1.1600000e+02	   2.5000000e+00	   9.2700000e+02	
   2.0000000e+00	   1.1000000e+01	   2.0200000e+02	   2.5000000e+00	   2.7940000e+03	
   2.0000000e+00	   1.2000000e+01	   2.1000000e+02	   3.4400000e+00	   1.2950000e+03	
   2.0000000e+00	   1.3000000e+01	   3.1000000e+02	   1.9000000e-01	   2.9620000e+03	
   2.0000000e+00	   1.4000000e+01	   2.0600000e+02	   3.5400000e+00	   1.6270000e+03	
   2.0000000e+00	   1.5000000e+01	   3.1400000e+02	   0.0000000e+00	   1.5620000e+03	
   2.0000000e+00	   1.6000000e+01	   2.0400000e+02	   1.5900000e+00	   1.6280000e+03	
   2.0000000e+00	   1.7000000e+01	   3.0500000e+02	   1.8000000e-01	   1.5940000e+03	
   2.0000000e+00	   1.8000000e+01	   1.0200000e+02	   4.9500000e+00	   1.1620000e+03	
   2.0000000e+00	   1.9000000e+01	   2.1200000e+02	   2.5000000e+00	   1.0950000e+03	
   2.0000000e+00	   2.0000000e+01	   3.0100000e+02	   1.3500000e+00	   2.1950000e+03	
   2.0000000e+00	   2.1000000e+01	   1.0700000e+02	   3.4400000e+00	   1.3280000e+03	
   2.0000000e+00	   2.2000000e+01	   2.1400000e+02	   2.5000000e+00	   8.9400000e+02	
   2.0000000e+00	   2.3000000e+01	   2.0500000e+02	   2.5000000e+00	   8.6200000e+02	
   2.0000000e+00	   2.4000000e+01	   1.0400000e+02	   2.5000000e+00	   3.0950000e+03	
   2.0000000e+00	   2.5000000e+01	   3.0600000e+02	   4.5000000e+00	   1.5610000e+03	
   2.0000000e+00	   2.6000000e+01	   3.0900000e+02	   4.0600000e+00	   2.6610000e+03	
   2.0000000e+00	   2.7000000e+01	   2.1300000e+02	   1.5900000e+00	   2.0610000e+03	
   2.0000000e+00	   2.8000000e+01	   3.1200000e+02	   0.0000000e+00	   1.9610000e+03	
   2.0000000e+00	   2.9000000e+01	   1.0300000e+02	   3.0900000e+00	   1.6960000e+03	
   2.0000000e+00	   3.0000000e+01	   3.0400000e+02	   1.4300000e+00	   2.0940000e+03	
   2.0000000e+00	   3.1000000e+01	   3.0200000e+02	   4.7500000e+00	   2.5940000e+03	
   2.0000000e+00	   3.2000000e+01	   3.0300000e+02	   6.0000000e-02	   1.5610000e+03	
   2.0000000e+00	   3.3000000e+01	   1.1500000e+02	   3.3200000e+00	   1.3290000e+03	
   2.0000000e+00	   3.4000000e+01	   1.1300000e+02	   3.5900000e+00	   5.2940000e+03	
   2.0000000e+00	   3.5000000e+01	   1.1000000e+02	   1.6100000e+00	   1.7280000e+03	
   2.0000000e+00	   3.6000000e+01	   1.0800000e+02	   1.4400000e+00	   1.4280000e+03	
   2.0000000e+00	   3.7000000e+01	   2.0300000e+02	   3.3500000e+00	   1.7280000e+03	
   2.0000000e+00	   3.8000000e+01	   3.0700000e+02	   0.0000000e+00	   1.5610000e+03	
   2.0000000e+00	   3.9000000e+01	   2.1100000e+02	   3.2200000e+00	   1.7950000e+03	
   2.0000000e+00	   4.0000000e+01	   2.0900000e+02	   2.6400000e+00	   3.4280000e+03	
   2.0000000e+00	   4.1000000e+01	   2.1500000e+02	   4.3500000e+00	   1.2940000e+03	
   2.0000000e+00	   4.2000000e+01	   1.1100000e+02	   4.2900000e+00	   2.2940000e+03	
   2.0000000e+00	   4.3000000e+01	   1.0500000e+02	   4.4700000e+00	   1.7620000e+03	
   2.0000000e+00	   4.4000000e+01	   2.0700000e+02	   3.2200000e+00	   1.4620000e+03	
   2.0000000e+00	   4.5000000e+01	   2.0800000e+02	   1.6200000e+00	   1.3280000e+03	
