   2.0100000e+02	   2.1000000e+02	   3.0400000e+02	   1.2000000e+01	   1.0000000e+00	   3.8900000e+00	   3.9800000e+00	   2.2250000e+00	   2.0000000e+00	   3.0000000e+00	   1.0000000e+00	   2.0000000e+00	   2.2950000e+03	
   2.1000000e+02	   3.0600000e+02	   1.1600000e+02	   3.0000000e+00	   4.0000000e+00	   3.9800000e+00	   4.7400000e+00	   2.7100000e+00	   3.0000000e+00	   2.0000000e+00	   1.0000000e+00	   2.0000000e+00	   7.4400000e+03	
   1.1300000e+02	   1.1400000e+02	   3.0400000e+02	   1.2000000e+01	   3.0000000e+00	   4.0750000e+00	   3.6950000e+00	   2.2250000e+00	   1.0000000e+00	   2.0000000e+00	   3.0000000e+00	   2.0000000e+00	   3.9310000e+03	
   1.1100000e+02	   2.1500000e+02	   1.1200000e+02	   2.0000000e+00	   1.0000000e+00	   4.4050000e+00	   4.3200000e+00	   2.4750000e+00	   3.0000000e+00	   2.0000000e+00	   1.0000000e+00	   2.0000000e+00	   4.2090000e+03	
   1.0900000e+02	   1.1100000e+02	   2.1400000e+02	   9.0000000e+00	   3.0000000e+00	   5.0000000e+00	   4.4050000e+00	   2.5000000e+00	   3.0000000e+00	   2.0000000e+00	   1.0000000e+00	   3.0000000e+00	   1.9950000e+03	
   1.1100000e+02	   3.0200000e+02	   3.1400000e+02	   1.5000000e+01	   3.0000000e+00	   4.4050000e+00	   4.8500000e+00	   1.2500000e-01	   2.0000000e+00	   3.0000000e+00	   1.0000000e+00	   3.0000000e+00	   5.5680000e+03	
   1.0200000e+02	   1.1300000e+02	   1.0700000e+02	   1.0000000e+00	   4.0000000e+00	   4.9550000e+00	   4.0750000e+00	   3.3850000e+00	   3.0000000e+00	   2.0000000e+00	   1.0000000e+00	   3.0000000e+00	   2.3380000e+03	
   1.0200000e+02	   1.0500000e+02	   1.0700000e+02	   1.0000000e+00	   2.0000000e+00	   4.9550000e+00	   4.7350000e+00	   3.3850000e+00	   3.0000000e+00	   2.0000000e+00	   1.0000000e+00	   3.0000000e+00	   2.0960000e+03	
   1.0500000e+02	   1.0600000e+02	   3.0300000e+02	   1.1000000e+01	   2.0000000e+00	   4.7350000e+00	   5.0000000e+00	   3.0000000e-02	   1.0000000e+00	   3.0000000e+00	   2.0000000e+00	   3.0000000e+00	   1.2670000e+03	
   2.0600000e+02	   3.0900000e+02	   3.0100000e+02	   1.0000000e+01	   2.0000000e+00	   4.0250000e+00	   4.2900000e+00	   1.4600000e+00	   2.0000000e+00	   3.0000000e+00	   1.0000000e+00	   3.0000000e+00	   4.5890000e+03	
   1.1500000e+02	   2.0600000e+02	   2.0800000e+02	   7.0000000e+00	   2.0000000e+00	   3.8300000e+00	   4.0250000e+00	   1.5750000e+00	   2.0000000e+00	   1.0000000e+00	   3.0000000e+00	   1.0000000e+00	   7.2240000e+03	
   1.0600000e+02	   2.0100000e+02	   2.0500000e+02	   6.0000000e+00	   5.0000000e+00	   5.0000000e+00	   3.8900000e+00	   2.5000000e+00	   3.0000000e+00	   1.0000000e+00	   2.0000000e+00	   3.0000000e+00	   1.6220000e+03	
   1.0500000e+02	   3.0200000e+02	   2.0800000e+02	   7.0000000e+00	   1.0000000e+00	   4.7350000e+00	   4.8500000e+00	   1.5750000e+00	   3.0000000e+00	   1.0000000e+00	   2.0000000e+00	   1.0000000e+00	   1.5500000e+03	
   1.1100000e+02	   3.0900000e+02	   1.1200000e+02	   2.0000000e+00	   1.0000000e+00	   4.4050000e+00	   4.2900000e+00	   2.4750000e+00	   2.0000000e+00	   1.0000000e+00	   3.0000000e+00	   1.0000000e+00	   2.9180000e+03	
   2.0100000e+02	   2.1000000e+02	   2.0300000e+02	   4.0000000e+00	   1.0000000e+00	   3.8900000e+00	   3.9800000e+00	   3.4850000e+00	   1.0000000e+00	   2.0000000e+00	   3.0000000e+00	   3.0000000e+00	   3.8160000e+03	
   1.0900000e+02	   2.1500000e+02	   3.0300000e+02	   1.1000000e+01	   4.0000000e+00	   5.0000000e+00	   4.3200000e+00	   3.0000000e-02	   1.0000000e+00	   3.0000000e+00	   2.0000000e+00	   1.0000000e+00	   2.8520000e+03	
   1.0200000e+02	   3.0900000e+02	   2.0500000e+02	   6.0000000e+00	   4.0000000e+00	   4.9550000e+00	   4.2900000e+00	   2.5000000e+00	   1.0000000e+00	   2.0000000e+00	   3.0000000e+00	   2.0000000e+00	   4.2460000e+03	
   1.0500000e+02	   1.1300000e+02	   2.0800000e+02	   7.0000000e+00	   4.0000000e+00	   4.7350000e+00	   4.0750000e+00	   1.5750000e+00	   1.0000000e+00	   2.0000000e+00	   3.0000000e+00	   2.0000000e+00	   2.8770000e+03	
   1.1100000e+02	   2.0100000e+02	   2.0300000e+02	   4.0000000e+00	   3.0000000e+00	   4.4050000e+00	   3.8900000e+00	   3.4850000e+00	   3.0000000e+00	   1.0000000e+00	   2.0000000e+00	   2.0000000e+00	   2.7800000e+03	
   1.0200000e+02	   1.0600000e+02	   3.0100000e+02	   1.0000000e+01	   1.0000000e+00	   4.9550000e+00	   5.0000000e+00	   1.4600000e+00	   3.0000000e+00	   1.0000000e+00	   2.0000000e+00	   1.0000000e+00	   1.1710000e+03	
   1.1500000e+02	   3.0600000e+02	   2.1400000e+02	   9.0000000e+00	   4.0000000e+00	   3.8300000e+00	   4.7400000e+00	   2.5000000e+00	   1.0000000e+00	   2.0000000e+00	   3.0000000e+00	   3.0000000e+00	   6.9430000e+03	
   1.0900000e+02	   3.0600000e+02	   3.0400000e+02	   1.2000000e+01	   2.0000000e+00	   5.0000000e+00	   4.7400000e+00	   2.2250000e+00	   1.0000000e+00	   2.0000000e+00	   3.0000000e+00	   1.0000000e+00	   1.0900000e+03	
   2.0100000e+02	   3.0200000e+02	   3.0400000e+02	   1.2000000e+01	   5.0000000e+00	   3.8900000e+00	   4.8500000e+00	   2.2250000e+00	   3.0000000e+00	   2.0000000e+00	   1.0000000e+00	   2.0000000e+00	   1.8640000e+03	
   1.0900000e+02	   3.0200000e+02	   3.1400000e+02	   1.5000000e+01	   1.0000000e+00	   5.0000000e+00	   4.8500000e+00	   1.2500000e-01	   3.0000000e+00	   2.0000000e+00	   1.0000000e+00	   2.0000000e+00	   2.9690000e+03	
   1.0600000e+02	   1.1300000e+02	   3.0400000e+02	   1.2000000e+01	   4.0000000e+00	   5.0000000e+00	   4.0750000e+00	   2.2250000e+00	   2.0000000e+00	   1.0000000e+00	   3.0000000e+00	   2.0000000e+00	   3.7690000e+03	
   1.0500000e+02	   3.0600000e+02	   3.1400000e+02	   1.5000000e+01	   1.0000000e+00	   4.7350000e+00	   4.7400000e+00	   1.2500000e-01	   1.0000000e+00	   2.0000000e+00	   3.0000000e+00	   2.0000000e+00	   1.4090000e+03	
   2.1500000e+02	   3.0200000e+02	   3.1000000e+02	   1.3000000e+01	   3.0000000e+00	   4.3200000e+00	   4.8500000e+00	   5.3000000e-01	   1.0000000e+00	   3.0000000e+00	   2.0000000e+00	   1.0000000e+00	   1.3300000e+03	
   1.0600000e+02	   2.0100000e+02	   3.1200000e+02	   1.4000000e+01	   5.0000000e+00	   5.0000000e+00	   3.8900000e+00	   4.0000000e-02	   2.0000000e+00	   3.0000000e+00	   1.0000000e+00	   2.0000000e+00	   8.6200000e+02	
   2.0600000e+02	   3.0200000e+02	   2.0300000e+02	   4.0000000e+00	   4.0000000e+00	   4.0250000e+00	   4.8500000e+00	   3.4850000e+00	   2.0000000e+00	   3.0000000e+00	   1.0000000e+00	   3.0000000e+00	   1.7990000e+03	
   2.1000000e+02	   3.0200000e+02	   2.0300000e+02	   4.0000000e+00	   4.0000000e+00	   3.9800000e+00	   4.8500000e+00	   3.4850000e+00	   1.0000000e+00	   2.0000000e+00	   3.0000000e+00	   2.0000000e+00	   1.3110000e+03	
   1.1400000e+02	   2.0600000e+02	   3.1200000e+02	   1.4000000e+01	   2.0000000e+00	   3.6950000e+00	   4.0250000e+00	   4.0000000e-02	   3.0000000e+00	   1.0000000e+00	   2.0000000e+00	   3.0000000e+00	   1.8900000e+03	
   1.0600000e+02	   2.1500000e+02	   1.1600000e+02	   3.0000000e+00	   4.0000000e+00	   5.0000000e+00	   4.3200000e+00	   2.7100000e+00	   1.0000000e+00	   3.0000000e+00	   2.0000000e+00	   1.0000000e+00	   9.9400000e+02	
   1.1300000e+02	   2.1500000e+02	   1.1200000e+02	   2.0000000e+00	   2.0000000e+00	   4.0750000e+00	   4.3200000e+00	   2.4750000e+00	   2.0000000e+00	   3.0000000e+00	   1.0000000e+00	   3.0000000e+00	   1.8040000e+03	
   1.1500000e+02	   3.0900000e+02	   2.0400000e+02	   5.0000000e+00	   3.0000000e+00	   3.8300000e+00	   4.2900000e+00	   1.7600000e+00	   3.0000000e+00	   1.0000000e+00	   2.0000000e+00	   1.0000000e+00	   2.7000000e+03	
   1.0500000e+02	   2.1500000e+02	   1.0700000e+02	   1.0000000e+00	   3.0000000e+00	   4.7350000e+00	   4.3200000e+00	   3.3850000e+00	   1.0000000e+00	   3.0000000e+00	   2.0000000e+00	   3.0000000e+00	   1.2510000e+03	
   1.0600000e+02	   2.1000000e+02	   1.1600000e+02	   3.0000000e+00	   5.0000000e+00	   5.0000000e+00	   3.9800000e+00	   2.7100000e+00	   3.0000000e+00	   1.0000000e+00	   2.0000000e+00	   3.0000000e+00	   1.0590000e+03	
   1.1100000e+02	   2.1000000e+02	   3.1400000e+02	   1.5000000e+01	   3.0000000e+00	   4.4050000e+00	   3.9800000e+00	   1.2500000e-01	   3.0000000e+00	   2.0000000e+00	   1.0000000e+00	   3.0000000e+00	   1.4460000e+03	
   1.0500000e+02	   1.1500000e+02	   1.1600000e+02	   3.0000000e+00	   4.0000000e+00	   4.7350000e+00	   3.8300000e+00	   2.7100000e+00	   3.0000000e+00	   2.0000000e+00	   1.0000000e+00	   2.0000000e+00	   7.5300000e+03	
   1.0600000e+02	   1.1300000e+02	   1.1600000e+02	   3.0000000e+00	   4.0000000e+00	   5.0000000e+00	   4.0750000e+00	   2.7100000e+00	   2.0000000e+00	   1.0000000e+00	   3.0000000e+00	   2.0000000e+00	   2.7360000e+03	
   1.1100000e+02	   1.1400000e+02	   3.0100000e+02	   1.0000000e+01	   4.0000000e+00	   4.4050000e+00	   3.6950000e+00	   1.4600000e+00	   1.0000000e+00	   3.0000000e+00	   2.0000000e+00	   3.0000000e+00	   1.2920000e+03	
   2.0100000e+02	   2.0600000e+02	   2.0300000e+02	   4.0000000e+00	   1.0000000e+00	   3.8900000e+00	   4.0250000e+00	   3.4850000e+00	   3.0000000e+00	   2.0000000e+00	   1.0000000e+00	   1.0000000e+00	   1.4620000e+03	
   1.1300000e+02	   2.0100000e+02	   3.0400000e+02	   1.2000000e+01	   1.0000000e+00	   4.0750000e+00	   3.8900000e+00	   2.2250000e+00	   2.0000000e+00	   3.0000000e+00	   1.0000000e+00	   2.0000000e+00	   5.0140000e+03	
   1.0900000e+02	   2.0600000e+02	   3.0400000e+02	   1.2000000e+01	   5.0000000e+00	   5.0000000e+00	   4.0250000e+00	   2.2250000e+00	   2.0000000e+00	   3.0000000e+00	   1.0000000e+00	   2.0000000e+00	   2.4660000e+03	
   1.1400000e+02	   1.1500000e+02	   3.1200000e+02	   1.4000000e+01	   1.0000000e+00	   3.6950000e+00	   3.8300000e+00	   4.0000000e-02	   1.0000000e+00	   2.0000000e+00	   3.0000000e+00	   1.0000000e+00	   3.4630000e+03	
   1.0900000e+02	   3.0200000e+02	   2.1100000e+02	   8.0000000e+00	   1.0000000e+00	   5.0000000e+00	   4.8500000e+00	   3.2000000e+00	   2.0000000e+00	   1.0000000e+00	   3.0000000e+00	   1.0000000e+00	   4.1140000e+03	
   1.0600000e+02	   2.0600000e+02	   3.0100000e+02	   1.0000000e+01	   5.0000000e+00	   5.0000000e+00	   4.0250000e+00	   1.4600000e+00	   1.0000000e+00	   3.0000000e+00	   2.0000000e+00	   1.0000000e+00	   7.6700000e+02	
   1.1100000e+02	   1.1500000e+02	   2.1400000e+02	   9.0000000e+00	   3.0000000e+00	   4.4050000e+00	   3.8300000e+00	   2.5000000e+00	   2.0000000e+00	   1.0000000e+00	   3.0000000e+00	   3.0000000e+00	   2.9280000e+03	
   1.0600000e+02	   2.0600000e+02	   3.0400000e+02	   1.2000000e+01	   5.0000000e+00	   5.0000000e+00	   4.0250000e+00	   2.2250000e+00	   1.0000000e+00	   2.0000000e+00	   3.0000000e+00	   1.0000000e+00	   6.4000000e+02	
   2.0100000e+02	   3.0600000e+02	   2.1400000e+02	   9.0000000e+00	   4.0000000e+00	   3.8900000e+00	   4.7400000e+00	   2.5000000e+00	   1.0000000e+00	   2.0000000e+00	   3.0000000e+00	   2.0000000e+00	   1.5340000e+03	
   1.0200000e+02	   2.0600000e+02	   2.0300000e+02	   4.0000000e+00	   5.0000000e+00	   4.9550000e+00	   4.0250000e+00	   3.4850000e+00	   2.0000000e+00	   3.0000000e+00	   1.0000000e+00	   2.0000000e+00	   1.4510000e+03	
   1.1400000e+02	   2.0600000e+02	   1.0700000e+02	   1.0000000e+00	   2.0000000e+00	   3.6950000e+00	   4.0250000e+00	   3.3850000e+00	   1.0000000e+00	   3.0000000e+00	   2.0000000e+00	   2.0000000e+00	   4.3860000e+03	
   1.0200000e+02	   2.0600000e+02	   2.0500000e+02	   6.0000000e+00	   5.0000000e+00	   4.9550000e+00	   4.0250000e+00	   2.5000000e+00	   2.0000000e+00	   3.0000000e+00	   1.0000000e+00	   2.0000000e+00	   2.1390000e+03	
   1.1400000e+02	   2.0100000e+02	   2.0300000e+02	   4.0000000e+00	   1.0000000e+00	   3.6950000e+00	   3.8900000e+00	   3.4850000e+00	   2.0000000e+00	   3.0000000e+00	   1.0000000e+00	   3.0000000e+00	   3.3040000e+03	
   1.0600000e+02	   2.1500000e+02	   2.0800000e+02	   7.0000000e+00	   4.0000000e+00	   5.0000000e+00	   4.3200000e+00	   1.5750000e+00	   3.0000000e+00	   1.0000000e+00	   2.0000000e+00	   3.0000000e+00	   2.4110000e+03	
   1.0900000e+02	   2.1000000e+02	   3.1200000e+02	   1.4000000e+01	   5.0000000e+00	   5.0000000e+00	   3.9800000e+00	   4.0000000e-02	   3.0000000e+00	   1.0000000e+00	   2.0000000e+00	   3.0000000e+00	   1.0940000e+03	
   3.0200000e+02	   3.0600000e+02	   1.1200000e+02	   2.0000000e+00	   1.0000000e+00	   4.8500000e+00	   4.7400000e+00	   2.4750000e+00	   1.0000000e+00	   3.0000000e+00	   2.0000000e+00	   1.0000000e+00	   1.0580000e+03	
   1.1100000e+02	   2.0600000e+02	   3.0400000e+02	   1.2000000e+01	   2.0000000e+00	   4.4050000e+00	   4.0250000e+00	   2.2250000e+00	   1.0000000e+00	   2.0000000e+00	   3.0000000e+00	   1.0000000e+00	   1.6460000e+03	
   1.0500000e+02	   2.1500000e+02	   3.0300000e+02	   1.1000000e+01	   3.0000000e+00	   4.7350000e+00	   4.3200000e+00	   3.0000000e-02	   3.0000000e+00	   1.0000000e+00	   2.0000000e+00	   1.0000000e+00	   1.5330000e+03	
   1.0600000e+02	   2.0600000e+02	   1.1600000e+02	   3.0000000e+00	   5.0000000e+00	   5.0000000e+00	   4.0250000e+00	   2.7100000e+00	   1.0000000e+00	   3.0000000e+00	   2.0000000e+00	   1.0000000e+00	   9.7600000e+02	
   1.1100000e+02	   3.0200000e+02	   3.0100000e+02	   1.0000000e+01	   3.0000000e+00	   4.4050000e+00	   4.8500000e+00	   1.4600000e+00	   2.0000000e+00	   3.0000000e+00	   1.0000000e+00	   3.0000000e+00	   1.4610000e+03	
   1.1500000e+02	   2.1000000e+02	   3.1200000e+02	   1.4000000e+01	   1.0000000e+00	   3.8300000e+00	   3.9800000e+00	   4.0000000e-02	   2.0000000e+00	   1.0000000e+00	   3.0000000e+00	   2.0000000e+00	   1.3350000e+03	
   1.1500000e+02	   2.1000000e+02	   1.0700000e+02	   1.0000000e+00	   1.0000000e+00	   3.8300000e+00	   3.9800000e+00	   3.3850000e+00	   2.0000000e+00	   1.0000000e+00	   3.0000000e+00	   3.0000000e+00	   3.3350000e+03	
   1.0900000e+02	   2.0100000e+02	   1.1200000e+02	   2.0000000e+00	   5.0000000e+00	   5.0000000e+00	   3.8900000e+00	   2.4750000e+00	   2.0000000e+00	   1.0000000e+00	   3.0000000e+00	   1.0000000e+00	   2.8910000e+03	
   1.1300000e+02	   1.1400000e+02	   2.0500000e+02	   6.0000000e+00	   3.0000000e+00	   4.0750000e+00	   3.6950000e+00	   2.5000000e+00	   3.0000000e+00	   2.0000000e+00	   1.0000000e+00	   2.0000000e+00	   5.0420000e+03	
   1.0600000e+02	   3.0600000e+02	   3.1400000e+02	   1.5000000e+01	   2.0000000e+00	   5.0000000e+00	   4.7400000e+00	   1.2500000e-01	   2.0000000e+00	   1.0000000e+00	   3.0000000e+00	   2.0000000e+00	   8.7000000e+02	
   1.1300000e+02	   2.0100000e+02	   1.1600000e+02	   3.0000000e+00	   1.0000000e+00	   4.0750000e+00	   3.8900000e+00	   2.7100000e+00	   1.0000000e+00	   2.0000000e+00	   3.0000000e+00	   2.0000000e+00	   3.2990000e+03	
   1.1400000e+02	   2.1000000e+02	   2.0300000e+02	   4.0000000e+00	   2.0000000e+00	   3.6950000e+00	   3.9800000e+00	   3.4850000e+00	   2.0000000e+00	   1.0000000e+00	   3.0000000e+00	   2.0000000e+00	   1.8770000e+03	
   1.1400000e+02	   3.0900000e+02	   2.0400000e+02	   5.0000000e+00	   3.0000000e+00	   3.6950000e+00	   4.2900000e+00	   1.7600000e+00	   2.0000000e+00	   3.0000000e+00	   1.0000000e+00	   3.0000000e+00	   1.3270000e+03	
   1.0600000e+02	   2.0600000e+02	   2.1100000e+02	   8.0000000e+00	   5.0000000e+00	   5.0000000e+00	   4.0250000e+00	   3.2000000e+00	   1.0000000e+00	   2.0000000e+00	   3.0000000e+00	   1.0000000e+00	   7.4000000e+02	
   1.0500000e+02	   1.1300000e+02	   2.1400000e+02	   9.0000000e+00	   4.0000000e+00	   4.7350000e+00	   4.0750000e+00	   2.5000000e+00	   3.0000000e+00	   2.0000000e+00	   1.0000000e+00	   1.0000000e+00	   1.2970000e+03	
   1.1300000e+02	   2.1500000e+02	   2.0300000e+02	   4.0000000e+00	   2.0000000e+00	   4.0750000e+00	   4.3200000e+00	   3.4850000e+00	   3.0000000e+00	   1.0000000e+00	   2.0000000e+00	   1.0000000e+00	   2.2420000e+03	
   1.0500000e+02	   1.1400000e+02	   2.1400000e+02	   9.0000000e+00	   5.0000000e+00	   4.7350000e+00	   3.6950000e+00	   2.5000000e+00	   1.0000000e+00	   3.0000000e+00	   2.0000000e+00	   2.0000000e+00	   2.8540000e+03	
   1.1300000e+02	   2.1500000e+02	   3.1200000e+02	   1.4000000e+01	   2.0000000e+00	   4.0750000e+00	   4.3200000e+00	   4.0000000e-02	   2.0000000e+00	   3.0000000e+00	   1.0000000e+00	   3.0000000e+00	   8.6900000e+02	
   1.1400000e+02	   3.0600000e+02	   3.1000000e+02	   1.3000000e+01	   5.0000000e+00	   3.6950000e+00	   4.7400000e+00	   5.3000000e-01	   1.0000000e+00	   3.0000000e+00	   2.0000000e+00	   3.0000000e+00	   1.6780000e+03	
   1.0500000e+02	   1.1300000e+02	   2.0300000e+02	   4.0000000e+00	   4.0000000e+00	   4.7350000e+00	   4.0750000e+00	   3.4850000e+00	   2.0000000e+00	   1.0000000e+00	   3.0000000e+00	   3.0000000e+00	   3.2200000e+03	
   1.0500000e+02	   3.0600000e+02	   2.0500000e+02	   6.0000000e+00	   1.0000000e+00	   4.7350000e+00	   4.7400000e+00	   2.5000000e+00	   2.0000000e+00	   1.0000000e+00	   3.0000000e+00	   1.0000000e+00	   1.2570000e+03	
   3.0200000e+02	   3.0900000e+02	   3.0400000e+02	   1.2000000e+01	   3.0000000e+00	   4.8500000e+00	   4.2900000e+00	   2.2250000e+00	   1.0000000e+00	   2.0000000e+00	   3.0000000e+00	   1.0000000e+00	   3.5990000e+03	
   1.1300000e+02	   2.1000000e+02	   3.1000000e+02	   1.3000000e+01	   1.0000000e+00	   4.0750000e+00	   3.9800000e+00	   5.3000000e-01	   1.0000000e+00	   3.0000000e+00	   2.0000000e+00	   1.0000000e+00	   6.6390000e+03	
   1.1100000e+02	   2.1500000e+02	   3.0100000e+02	   1.0000000e+01	   1.0000000e+00	   4.4050000e+00	   4.3200000e+00	   1.4600000e+00	   1.0000000e+00	   3.0000000e+00	   2.0000000e+00	   3.0000000e+00	   1.8410000e+03	
   2.0600000e+02	   3.0200000e+02	   2.1100000e+02	   8.0000000e+00	   4.0000000e+00	   4.0250000e+00	   4.8500000e+00	   3.2000000e+00	   3.0000000e+00	   2.0000000e+00	   1.0000000e+00	   2.0000000e+00	   1.8070000e+03	
   1.0600000e+02	   1.1500000e+02	   3.1200000e+02	   1.4000000e+01	   5.0000000e+00	   5.0000000e+00	   3.8300000e+00	   4.0000000e-02	   3.0000000e+00	   1.0000000e+00	   2.0000000e+00	   3.0000000e+00	   9.4300000e+02	
   1.1300000e+02	   3.0200000e+02	   3.0100000e+02	   1.0000000e+01	   4.0000000e+00	   4.0750000e+00	   4.8500000e+00	   1.4600000e+00	   2.0000000e+00	   1.0000000e+00	   3.0000000e+00	   2.0000000e+00	   1.9960000e+03	
   1.0600000e+02	   3.0200000e+02	   3.0300000e+02	   1.1000000e+01	   1.0000000e+00	   5.0000000e+00	   4.8500000e+00	   3.0000000e-02	   2.0000000e+00	   1.0000000e+00	   3.0000000e+00	   2.0000000e+00	   2.2060000e+03	
   1.1400000e+02	   2.1000000e+02	   1.1600000e+02	   3.0000000e+00	   2.0000000e+00	   3.6950000e+00	   3.9800000e+00	   2.7100000e+00	   1.0000000e+00	   3.0000000e+00	   2.0000000e+00	   1.0000000e+00	   4.9130000e+03	
   1.1500000e+02	   3.0600000e+02	   3.0400000e+02	   1.2000000e+01	   4.0000000e+00	   3.8300000e+00	   4.7400000e+00	   2.2250000e+00	   3.0000000e+00	   2.0000000e+00	   1.0000000e+00	   2.0000000e+00	   1.1340000e+03	
   1.1300000e+02	   3.0200000e+02	   3.1000000e+02	   1.3000000e+01	   4.0000000e+00	   4.0750000e+00	   4.8500000e+00	   5.3000000e-01	   1.0000000e+00	   3.0000000e+00	   2.0000000e+00	   3.0000000e+00	   1.0740000e+03	
   1.1500000e+02	   2.0600000e+02	   3.1400000e+02	   1.5000000e+01	   2.0000000e+00	   3.8300000e+00	   4.0250000e+00	   1.2500000e-01	   3.0000000e+00	   1.0000000e+00	   2.0000000e+00	   3.0000000e+00	   1.2950000e+03	
   1.1100000e+02	   2.1500000e+02	   2.0400000e+02	   5.0000000e+00	   1.0000000e+00	   4.4050000e+00	   4.3200000e+00	   1.7600000e+00	   1.0000000e+00	   2.0000000e+00	   3.0000000e+00	   2.0000000e+00	   1.0700000e+03	
   2.1500000e+02	   3.0200000e+02	   3.0100000e+02	   1.0000000e+01	   3.0000000e+00	   4.3200000e+00	   4.8500000e+00	   1.4600000e+00	   2.0000000e+00	   3.0000000e+00	   1.0000000e+00	   2.0000000e+00	   1.2870000e+03	
   2.0600000e+02	   3.0600000e+02	   1.0700000e+02	   1.0000000e+00	   4.0000000e+00	   4.0250000e+00	   4.7400000e+00	   3.3850000e+00	   3.0000000e+00	   2.0000000e+00	   1.0000000e+00	   2.0000000e+00	   2.1650000e+03	
   1.1100000e+02	   3.0600000e+02	   2.0300000e+02	   4.0000000e+00	   2.0000000e+00	   4.4050000e+00	   4.7400000e+00	   3.4850000e+00	   2.0000000e+00	   3.0000000e+00	   1.0000000e+00	   3.0000000e+00	   7.5100000e+02	
   1.1500000e+02	   2.0600000e+02	   3.0100000e+02	   1.0000000e+01	   2.0000000e+00	   3.8300000e+00	   4.0250000e+00	   1.4600000e+00	   1.0000000e+00	   2.0000000e+00	   3.0000000e+00	   1.0000000e+00	   1.4730000e+03	
   1.0900000e+02	   2.1000000e+02	   3.0100000e+02	   1.0000000e+01	   5.0000000e+00	   5.0000000e+00	   3.9800000e+00	   1.4600000e+00	   3.0000000e+00	   1.0000000e+00	   2.0000000e+00	   3.0000000e+00	   1.0850000e+03	
   1.0900000e+02	   1.1100000e+02	   3.1200000e+02	   1.4000000e+01	   3.0000000e+00	   5.0000000e+00	   4.4050000e+00	   4.0000000e-02	   3.0000000e+00	   1.0000000e+00	   2.0000000e+00	   3.0000000e+00	   5.1930000e+03	
   1.1400000e+02	   2.1000000e+02	   2.1100000e+02	   8.0000000e+00	   2.0000000e+00	   3.6950000e+00	   3.9800000e+00	   3.2000000e+00	   3.0000000e+00	   1.0000000e+00	   2.0000000e+00	   3.0000000e+00	   2.0920000e+03	
   1.1500000e+02	   2.1500000e+02	   2.0800000e+02	   7.0000000e+00	   3.0000000e+00	   3.8300000e+00	   4.3200000e+00	   1.5750000e+00	   2.0000000e+00	   1.0000000e+00	   3.0000000e+00	   1.0000000e+00	   8.9900000e+02	
   1.1100000e+02	   3.0600000e+02	   3.1000000e+02	   1.3000000e+01	   2.0000000e+00	   4.4050000e+00	   4.7400000e+00	   5.3000000e-01	   2.0000000e+00	   3.0000000e+00	   1.0000000e+00	   3.0000000e+00	   4.7370000e+03	
   1.1300000e+02	   1.1400000e+02	   1.0700000e+02	   1.0000000e+00	   3.0000000e+00	   4.0750000e+00	   3.6950000e+00	   3.3850000e+00	   3.0000000e+00	   1.0000000e+00	   2.0000000e+00	   2.0000000e+00	   1.5130000e+03	
   1.0200000e+02	   1.1300000e+02	   1.1200000e+02	   2.0000000e+00	   4.0000000e+00	   4.9550000e+00	   4.0750000e+00	   2.4750000e+00	   3.0000000e+00	   2.0000000e+00	   1.0000000e+00	   3.0000000e+00	   9.2400000e+02	
   1.0600000e+02	   1.1500000e+02	   3.1000000e+02	   1.3000000e+01	   5.0000000e+00	   5.0000000e+00	   3.8300000e+00	   5.3000000e-01	   3.0000000e+00	   1.0000000e+00	   2.0000000e+00	   3.0000000e+00	   1.8590000e+03	
   1.1500000e+02	   3.0200000e+02	   3.0100000e+02	   1.0000000e+01	   5.0000000e+00	   3.8300000e+00	   4.8500000e+00	   1.4600000e+00	   1.0000000e+00	   3.0000000e+00	   2.0000000e+00	   3.0000000e+00	   1.2280000e+03	
   2.1000000e+02	   2.1500000e+02	   2.0400000e+02	   5.0000000e+00	   2.0000000e+00	   3.9800000e+00	   4.3200000e+00	   1.7600000e+00	   3.0000000e+00	   2.0000000e+00	   1.0000000e+00	   2.0000000e+00	   7.6000000e+02	
   1.0600000e+02	   3.0600000e+02	   2.0400000e+02	   5.0000000e+00	   2.0000000e+00	   5.0000000e+00	   4.7400000e+00	   1.7600000e+00	   3.0000000e+00	   1.0000000e+00	   2.0000000e+00	   3.0000000e+00	   6.9500000e+02	
   1.0600000e+02	   1.1500000e+02	   2.0800000e+02	   7.0000000e+00	   5.0000000e+00	   5.0000000e+00	   3.8300000e+00	   1.5750000e+00	   2.0000000e+00	   3.0000000e+00	   1.0000000e+00	   2.0000000e+00	   6.0700000e+02	
   1.0500000e+02	   2.1500000e+02	   1.1600000e+02	   3.0000000e+00	   3.0000000e+00	   4.7350000e+00	   4.3200000e+00	   2.7100000e+00	   2.0000000e+00	   3.0000000e+00	   1.0000000e+00	   3.0000000e+00	   1.1070000e+03	
   1.1300000e+02	   2.0600000e+02	   2.0500000e+02	   6.0000000e+00	   1.0000000e+00	   4.0750000e+00	   4.0250000e+00	   2.5000000e+00	   3.0000000e+00	   1.0000000e+00	   2.0000000e+00	   3.0000000e+00	   1.3850000e+03	
   1.1100000e+02	   3.0200000e+02	   3.0300000e+02	   1.1000000e+01	   3.0000000e+00	   4.4050000e+00	   4.8500000e+00	   3.0000000e-02	   2.0000000e+00	   1.0000000e+00	   3.0000000e+00	   1.0000000e+00	   1.5020000e+03	
   1.1500000e+02	   2.1000000e+02	   3.0300000e+02	   1.1000000e+01	   1.0000000e+00	   3.8300000e+00	   3.9800000e+00	   3.0000000e-02	   1.0000000e+00	   2.0000000e+00	   3.0000000e+00	   2.0000000e+00	   4.8010000e+03	
   1.0600000e+02	   2.1500000e+02	   3.1200000e+02	   1.4000000e+01	   4.0000000e+00	   5.0000000e+00	   4.3200000e+00	   4.0000000e-02	   1.0000000e+00	   3.0000000e+00	   2.0000000e+00	   3.0000000e+00	   1.8440000e+03	
   1.1300000e+02	   2.1500000e+02	   2.0800000e+02	   7.0000000e+00	   2.0000000e+00	   4.0750000e+00	   4.3200000e+00	   1.5750000e+00	   1.0000000e+00	   3.0000000e+00	   2.0000000e+00	   3.0000000e+00	   8.4300000e+02	
   1.0200000e+02	   1.0600000e+02	   2.1400000e+02	   9.0000000e+00	   1.0000000e+00	   4.9550000e+00	   5.0000000e+00	   2.5000000e+00	   1.0000000e+00	   3.0000000e+00	   2.0000000e+00	   3.0000000e+00	   1.1401000e+04	
   1.0900000e+02	   2.0600000e+02	   3.0300000e+02	   1.1000000e+01	   5.0000000e+00	   5.0000000e+00	   4.0250000e+00	   3.0000000e-02	   3.0000000e+00	   1.0000000e+00	   2.0000000e+00	   3.0000000e+00	   8.6400000e+02	
   1.0500000e+02	   3.0600000e+02	   3.0400000e+02	   1.2000000e+01	   1.0000000e+00	   4.7350000e+00	   4.7400000e+00	   2.2250000e+00	   3.0000000e+00	   1.0000000e+00	   2.0000000e+00	   1.0000000e+00	   1.2460000e+03	
   1.0200000e+02	   3.0900000e+02	   1.1200000e+02	   2.0000000e+00	   4.0000000e+00	   4.9550000e+00	   4.2900000e+00	   2.4750000e+00	   1.0000000e+00	   3.0000000e+00	   2.0000000e+00	   1.0000000e+00	   1.0650000e+03	
   3.0200000e+02	   3.0600000e+02	   2.0400000e+02	   5.0000000e+00	   1.0000000e+00	   4.8500000e+00	   4.7400000e+00	   1.7600000e+00	   2.0000000e+00	   3.0000000e+00	   1.0000000e+00	   2.0000000e+00	   2.1470000e+03	
   1.0900000e+02	   2.0600000e+02	   3.1400000e+02	   1.5000000e+01	   5.0000000e+00	   5.0000000e+00	   4.0250000e+00	   1.2500000e-01	   3.0000000e+00	   2.0000000e+00	   1.0000000e+00	   3.0000000e+00	   8.4800000e+02	
   1.1300000e+02	   2.0100000e+02	   2.1100000e+02	   8.0000000e+00	   1.0000000e+00	   4.0750000e+00	   3.8900000e+00	   3.2000000e+00	   3.0000000e+00	   2.0000000e+00	   1.0000000e+00	   2.0000000e+00	   2.8170000e+03	
   1.1300000e+02	   1.1400000e+02	   2.0800000e+02	   7.0000000e+00	   3.0000000e+00	   4.0750000e+00	   3.6950000e+00	   1.5750000e+00	   2.0000000e+00	   1.0000000e+00	   3.0000000e+00	   1.0000000e+00	   1.9780000e+03	
   2.1000000e+02	   3.0900000e+02	   1.0700000e+02	   1.0000000e+00	   2.0000000e+00	   3.9800000e+00	   4.2900000e+00	   3.3850000e+00	   1.0000000e+00	   2.0000000e+00	   3.0000000e+00	   3.0000000e+00	   1.4100000e+03	
   1.0900000e+02	   1.1400000e+02	   2.0800000e+02	   7.0000000e+00	   5.0000000e+00	   5.0000000e+00	   3.6950000e+00	   1.5750000e+00	   1.0000000e+00	   3.0000000e+00	   2.0000000e+00	   1.0000000e+00	   1.7920000e+03	
   1.1300000e+02	   2.1500000e+02	   3.1000000e+02	   1.3000000e+01	   2.0000000e+00	   4.0750000e+00	   4.3200000e+00	   5.3000000e-01	   1.0000000e+00	   3.0000000e+00	   2.0000000e+00	   3.0000000e+00	   9.5300000e+02	
   1.1300000e+02	   3.0600000e+02	   3.0300000e+02	   1.1000000e+01	   4.0000000e+00	   4.0750000e+00	   4.7400000e+00	   3.0000000e-02	   1.0000000e+00	   3.0000000e+00	   2.0000000e+00	   3.0000000e+00	   2.3970000e+03	
   2.0100000e+02	   2.1500000e+02	   2.0400000e+02	   5.0000000e+00	   3.0000000e+00	   3.8900000e+00	   4.3200000e+00	   1.7600000e+00	   3.0000000e+00	   2.0000000e+00	   1.0000000e+00	   2.0000000e+00	   1.3900000e+03	
   1.1400000e+02	   3.0200000e+02	   2.1100000e+02	   8.0000000e+00	   5.0000000e+00	   3.6950000e+00	   4.8500000e+00	   3.2000000e+00	   1.0000000e+00	   3.0000000e+00	   2.0000000e+00	   3.0000000e+00	   4.3810000e+03	
   1.0600000e+02	   1.1100000e+02	   3.0100000e+02	   1.0000000e+01	   3.0000000e+00	   5.0000000e+00	   4.4050000e+00	   1.4600000e+00	   2.0000000e+00	   1.0000000e+00	   3.0000000e+00	   2.0000000e+00	   1.5590000e+03	
   1.1400000e+02	   2.1500000e+02	   3.1400000e+02	   1.5000000e+01	   3.0000000e+00	   3.6950000e+00	   4.3200000e+00	   1.2500000e-01	   1.0000000e+00	   3.0000000e+00	   2.0000000e+00	   3.0000000e+00	   8.2100000e+02	
   1.0200000e+02	   1.1100000e+02	   3.0400000e+02	   1.2000000e+01	   3.0000000e+00	   4.9550000e+00	   4.4050000e+00	   2.2250000e+00	   1.0000000e+00	   3.0000000e+00	   2.0000000e+00	   1.0000000e+00	   1.6940000e+03	
   3.0200000e+02	   3.0600000e+02	   1.0700000e+02	   1.0000000e+00	   1.0000000e+00	   4.8500000e+00	   4.7400000e+00	   3.3850000e+00	   1.0000000e+00	   2.0000000e+00	   3.0000000e+00	   1.0000000e+00	   5.9450000e+03	
   1.1500000e+02	   2.0100000e+02	   1.1600000e+02	   3.0000000e+00	   1.0000000e+00	   3.8300000e+00	   3.8900000e+00	   2.7100000e+00	   2.0000000e+00	   3.0000000e+00	   1.0000000e+00	   3.0000000e+00	   1.7750000e+03	
   1.0200000e+02	   1.1500000e+02	   2.1400000e+02	   9.0000000e+00	   5.0000000e+00	   4.9550000e+00	   3.8300000e+00	   2.5000000e+00	   2.0000000e+00	   1.0000000e+00	   3.0000000e+00	   2.0000000e+00	   2.9050000e+03	
   1.1400000e+02	   3.0200000e+02	   1.0700000e+02	   1.0000000e+00	   5.0000000e+00	   3.6950000e+00	   4.8500000e+00	   3.3850000e+00	   1.0000000e+00	   2.0000000e+00	   3.0000000e+00	   2.0000000e+00	   1.4340000e+03	
   1.0900000e+02	   3.0600000e+02	   2.0400000e+02	   5.0000000e+00	   2.0000000e+00	   5.0000000e+00	   4.7400000e+00	   1.7600000e+00	   1.0000000e+00	   2.0000000e+00	   3.0000000e+00	   1.0000000e+00	   1.9610000e+03	
   1.1100000e+02	   1.1400000e+02	   2.1100000e+02	   8.0000000e+00	   4.0000000e+00	   4.4050000e+00	   3.6950000e+00	   3.2000000e+00	   2.0000000e+00	   1.0000000e+00	   3.0000000e+00	   1.0000000e+00	   1.7240000e+03	
   2.0100000e+02	   3.0600000e+02	   3.0300000e+02	   1.1000000e+01	   4.0000000e+00	   3.8900000e+00	   4.7400000e+00	   3.0000000e-02	   3.0000000e+00	   2.0000000e+00	   1.0000000e+00	   3.0000000e+00	   1.9820000e+03	
   1.0200000e+02	   1.0900000e+02	   2.0800000e+02	   7.0000000e+00	   1.0000000e+00	   4.9550000e+00	   5.0000000e+00	   1.5750000e+00	   1.0000000e+00	   3.0000000e+00	   2.0000000e+00	   3.0000000e+00	   2.9720000e+03	
   1.1300000e+02	   3.0900000e+02	   3.1000000e+02	   1.3000000e+01	   2.0000000e+00	   4.0750000e+00	   4.2900000e+00	   5.3000000e-01	   2.0000000e+00	   3.0000000e+00	   1.0000000e+00	   3.0000000e+00	   3.8920000e+03	
   2.0600000e+02	   2.1500000e+02	   3.0100000e+02	   1.0000000e+01	   2.0000000e+00	   4.0250000e+00	   4.3200000e+00	   1.4600000e+00	   3.0000000e+00	   1.0000000e+00	   2.0000000e+00	   1.0000000e+00	   1.0210000e+03	
   1.0500000e+02	   2.1500000e+02	   2.0800000e+02	   7.0000000e+00	   3.0000000e+00	   4.7350000e+00	   4.3200000e+00	   1.5750000e+00	   3.0000000e+00	   2.0000000e+00	   1.0000000e+00	   2.0000000e+00	   1.1220000e+03	
   2.0600000e+02	   2.1000000e+02	   3.1400000e+02	   1.5000000e+01	   1.0000000e+00	   4.0250000e+00	   3.9800000e+00	   1.2500000e-01	   3.0000000e+00	   1.0000000e+00	   2.0000000e+00	   3.0000000e+00	   3.4390000e+03	
   1.1400000e+02	   3.0900000e+02	   3.0400000e+02	   1.2000000e+01	   3.0000000e+00	   3.6950000e+00	   4.2900000e+00	   2.2250000e+00	   1.0000000e+00	   2.0000000e+00	   3.0000000e+00	   2.0000000e+00	   4.0640000e+03	
   1.1500000e+02	   3.0600000e+02	   2.1100000e+02	   8.0000000e+00	   4.0000000e+00	   3.8300000e+00	   4.7400000e+00	   3.2000000e+00	   2.0000000e+00	   3.0000000e+00	   1.0000000e+00	   3.0000000e+00	   2.1390000e+03	
   1.0600000e+02	   2.0600000e+02	   2.1400000e+02	   9.0000000e+00	   5.0000000e+00	   5.0000000e+00	   4.0250000e+00	   2.5000000e+00	   1.0000000e+00	   2.0000000e+00	   3.0000000e+00	   1.0000000e+00	   8.3000000e+02	
   3.0200000e+02	   3.0600000e+02	   2.1400000e+02	   9.0000000e+00	   1.0000000e+00	   4.8500000e+00	   4.7400000e+00	   2.5000000e+00	   3.0000000e+00	   2.0000000e+00	   1.0000000e+00	   3.0000000e+00	   1.4840000e+03	
   1.0500000e+02	   1.1500000e+02	   3.1000000e+02	   1.3000000e+01	   4.0000000e+00	   4.7350000e+00	   3.8300000e+00	   5.3000000e-01	   2.0000000e+00	   1.0000000e+00	   3.0000000e+00	   1.0000000e+00	   4.6430000e+03	
   1.0900000e+02	   1.1300000e+02	   2.0800000e+02	   7.0000000e+00	   5.0000000e+00	   5.0000000e+00	   4.0750000e+00	   1.5750000e+00	   2.0000000e+00	   3.0000000e+00	   1.0000000e+00	   2.0000000e+00	   8.1400000e+02	
   1.0500000e+02	   2.0100000e+02	   2.0400000e+02	   5.0000000e+00	   4.0000000e+00	   4.7350000e+00	   3.8900000e+00	   1.7600000e+00	   1.0000000e+00	   2.0000000e+00	   3.0000000e+00	   2.0000000e+00	   1.0770000e+03	
   1.1300000e+02	   2.1000000e+02	   1.1600000e+02	   3.0000000e+00	   1.0000000e+00	   4.0750000e+00	   3.9800000e+00	   2.7100000e+00	   2.0000000e+00	   3.0000000e+00	   1.0000000e+00	   2.0000000e+00	   2.0220000e+03	
   2.0100000e+02	   2.1000000e+02	   2.1100000e+02	   8.0000000e+00	   1.0000000e+00	   3.8900000e+00	   3.9800000e+00	   3.2000000e+00	   2.0000000e+00	   1.0000000e+00	   3.0000000e+00	   2.0000000e+00	   6.4300000e+02	
   1.0600000e+02	   2.0600000e+02	   2.0400000e+02	   5.0000000e+00	   5.0000000e+00	   5.0000000e+00	   4.0250000e+00	   1.7600000e+00	   1.0000000e+00	   2.0000000e+00	   3.0000000e+00	   1.0000000e+00	   6.5600000e+02	
   1.1400000e+02	   2.1000000e+02	   3.0100000e+02	   1.0000000e+01	   2.0000000e+00	   3.6950000e+00	   3.9800000e+00	   1.4600000e+00	   1.0000000e+00	   3.0000000e+00	   2.0000000e+00	   1.0000000e+00	   1.6600000e+03	
   1.0200000e+02	   2.0100000e+02	   2.0500000e+02	   6.0000000e+00	   5.0000000e+00	   4.9550000e+00	   3.8900000e+00	   2.5000000e+00	   1.0000000e+00	   3.0000000e+00	   2.0000000e+00	   3.0000000e+00	   5.3650000e+03	
   2.0600000e+02	   3.0600000e+02	   3.1200000e+02	   1.4000000e+01	   4.0000000e+00	   4.0250000e+00	   4.7400000e+00	   4.0000000e-02	   2.0000000e+00	   1.0000000e+00	   3.0000000e+00	   1.0000000e+00	   1.2020000e+03	
   1.0600000e+02	   2.1000000e+02	   3.1400000e+02	   1.5000000e+01	   5.0000000e+00	   5.0000000e+00	   3.9800000e+00	   1.2500000e-01	   1.0000000e+00	   2.0000000e+00	   3.0000000e+00	   1.0000000e+00	   6.1600000e+02	
   1.0200000e+02	   2.0100000e+02	   3.1000000e+02	   1.3000000e+01	   5.0000000e+00	   4.9550000e+00	   3.8900000e+00	   5.3000000e-01	   2.0000000e+00	   1.0000000e+00	   3.0000000e+00	   1.0000000e+00	   1.3440000e+03	
   1.1100000e+02	   2.1500000e+02	   2.1400000e+02	   9.0000000e+00	   1.0000000e+00	   4.4050000e+00	   4.3200000e+00	   2.5000000e+00	   3.0000000e+00	   2.0000000e+00	   1.0000000e+00	   2.0000000e+00	   9.5500000e+02	
   1.0500000e+02	   1.0900000e+02	   3.0400000e+02	   1.2000000e+01	   2.0000000e+00	   4.7350000e+00	   5.0000000e+00	   2.2250000e+00	   3.0000000e+00	   1.0000000e+00	   2.0000000e+00	   1.0000000e+00	   1.2350000e+03	
   1.1500000e+02	   3.0900000e+02	   1.1200000e+02	   2.0000000e+00	   3.0000000e+00	   3.8300000e+00	   4.2900000e+00	   2.4750000e+00	   2.0000000e+00	   3.0000000e+00	   1.0000000e+00	   3.0000000e+00	   3.2860000e+03	
   1.1100000e+02	   1.1300000e+02	   2.1400000e+02	   9.0000000e+00	   2.0000000e+00	   4.4050000e+00	   4.0750000e+00	   2.5000000e+00	   2.0000000e+00	   1.0000000e+00	   3.0000000e+00	   3.0000000e+00	   3.1660000e+03	
   1.1400000e+02	   2.1500000e+02	   1.1200000e+02	   2.0000000e+00	   3.0000000e+00	   3.6950000e+00	   4.3200000e+00	   2.4750000e+00	   3.0000000e+00	   1.0000000e+00	   2.0000000e+00	   1.0000000e+00	   7.2100000e+02	
   2.0100000e+02	   3.0200000e+02	   2.0400000e+02	   5.0000000e+00	   5.0000000e+00	   3.8900000e+00	   4.8500000e+00	   1.7600000e+00	   3.0000000e+00	   1.0000000e+00	   2.0000000e+00	   1.0000000e+00	   1.0820000e+03	
   1.1100000e+02	   1.1500000e+02	   1.1200000e+02	   2.0000000e+00	   3.0000000e+00	   4.4050000e+00	   3.8300000e+00	   2.4750000e+00	   2.0000000e+00	   3.0000000e+00	   1.0000000e+00	   2.0000000e+00	   4.9170000e+03	
   1.0600000e+02	   2.1000000e+02	   1.0700000e+02	   1.0000000e+00	   5.0000000e+00	   5.0000000e+00	   3.9800000e+00	   3.3850000e+00	   2.0000000e+00	   3.0000000e+00	   1.0000000e+00	   2.0000000e+00	   6.3300000e+02	
   1.0600000e+02	   2.0100000e+02	   3.0300000e+02	   1.1000000e+01	   5.0000000e+00	   5.0000000e+00	   3.8900000e+00	   3.0000000e-02	   2.0000000e+00	   3.0000000e+00	   1.0000000e+00	   2.0000000e+00	   5.7100000e+02	
   1.1100000e+02	   2.1500000e+02	   2.0800000e+02	   7.0000000e+00	   1.0000000e+00	   4.4050000e+00	   4.3200000e+00	   1.5750000e+00	   1.0000000e+00	   2.0000000e+00	   3.0000000e+00	   2.0000000e+00	   1.1410000e+03	
   1.1100000e+02	   3.0900000e+02	   2.1400000e+02	   9.0000000e+00	   1.0000000e+00	   4.4050000e+00	   4.2900000e+00	   2.5000000e+00	   1.0000000e+00	   2.0000000e+00	   3.0000000e+00	   3.0000000e+00	   4.6080000e+03	
   2.0100000e+02	   3.0900000e+02	   3.1000000e+02	   1.3000000e+01	   3.0000000e+00	   3.8900000e+00	   4.2900000e+00	   5.3000000e-01	   2.0000000e+00	   1.0000000e+00	   3.0000000e+00	   2.0000000e+00	   7.7300000e+02	
   1.1500000e+02	   3.0200000e+02	   1.0700000e+02	   1.0000000e+00	   5.0000000e+00	   3.8300000e+00	   4.8500000e+00	   3.3850000e+00	   3.0000000e+00	   2.0000000e+00	   1.0000000e+00	   2.0000000e+00	   1.1480000e+03	
   1.0200000e+02	   1.0900000e+02	   1.1600000e+02	   3.0000000e+00	   1.0000000e+00	   4.9550000e+00	   5.0000000e+00	   2.7100000e+00	   3.0000000e+00	   1.0000000e+00	   2.0000000e+00	   3.0000000e+00	   8.8700000e+02	
   2.0100000e+02	   2.1500000e+02	   3.1000000e+02	   1.3000000e+01	   3.0000000e+00	   3.8900000e+00	   4.3200000e+00	   5.3000000e-01	   2.0000000e+00	   3.0000000e+00	   1.0000000e+00	   3.0000000e+00	   7.4900000e+02	
   1.0200000e+02	   1.0500000e+02	   3.1000000e+02	   1.3000000e+01	   2.0000000e+00	   4.9550000e+00	   4.7350000e+00	   5.3000000e-01	   1.0000000e+00	   3.0000000e+00	   2.0000000e+00	   1.0000000e+00	   1.3290000e+03	
   1.1300000e+02	   2.0600000e+02	   2.0400000e+02	   5.0000000e+00	   1.0000000e+00	   4.0750000e+00	   4.0250000e+00	   1.7600000e+00	   3.0000000e+00	   1.0000000e+00	   2.0000000e+00	   1.0000000e+00	   3.3860000e+03	
   1.0200000e+02	   1.0500000e+02	   2.1400000e+02	   9.0000000e+00	   2.0000000e+00	   4.9550000e+00	   4.7350000e+00	   2.5000000e+00	   1.0000000e+00	   3.0000000e+00	   2.0000000e+00	   1.0000000e+00	   1.4350000e+03	
   2.1500000e+02	   3.0600000e+02	   1.1200000e+02	   2.0000000e+00	   3.0000000e+00	   4.3200000e+00	   4.7400000e+00	   2.4750000e+00	   2.0000000e+00	   3.0000000e+00	   1.0000000e+00	   2.0000000e+00	   7.4900000e+02	
   1.0900000e+02	   2.0600000e+02	   2.1400000e+02	   9.0000000e+00	   5.0000000e+00	   5.0000000e+00	   4.0250000e+00	   2.5000000e+00	   2.0000000e+00	   1.0000000e+00	   3.0000000e+00	   2.0000000e+00	   8.6500000e+02	
   2.1000000e+02	   3.0600000e+02	   1.1200000e+02	   2.0000000e+00	   4.0000000e+00	   3.9800000e+00	   4.7400000e+00	   2.4750000e+00	   3.0000000e+00	   2.0000000e+00	   1.0000000e+00	   2.0000000e+00	   3.9480000e+03	
   1.1100000e+02	   2.1000000e+02	   2.0800000e+02	   7.0000000e+00	   3.0000000e+00	   4.4050000e+00	   3.9800000e+00	   1.5750000e+00	   1.0000000e+00	   3.0000000e+00	   2.0000000e+00	   1.0000000e+00	   2.1680000e+03	
   1.0600000e+02	   3.0900000e+02	   2.0400000e+02	   5.0000000e+00	   4.0000000e+00	   5.0000000e+00	   4.2900000e+00	   1.7600000e+00	   3.0000000e+00	   1.0000000e+00	   2.0000000e+00	   3.0000000e+00	   7.0300000e+02	
   1.1400000e+02	   2.0600000e+02	   1.1600000e+02	   3.0000000e+00	   2.0000000e+00	   3.6950000e+00	   4.0250000e+00	   2.7100000e+00	   1.0000000e+00	   3.0000000e+00	   2.0000000e+00	   1.0000000e+00	   1.2140000e+03	
   1.1300000e+02	   2.0100000e+02	   2.0300000e+02	   4.0000000e+00	   1.0000000e+00	   4.0750000e+00	   3.8900000e+00	   3.4850000e+00	   3.0000000e+00	   1.0000000e+00	   2.0000000e+00	   1.0000000e+00	   1.5980000e+03	
   2.1000000e+02	   3.0900000e+02	   1.1200000e+02	   2.0000000e+00	   2.0000000e+00	   3.9800000e+00	   4.2900000e+00	   2.4750000e+00	   3.0000000e+00	   2.0000000e+00	   1.0000000e+00	   2.0000000e+00	   1.4290000e+03	
   1.0500000e+02	   2.1500000e+02	   2.1400000e+02	   9.0000000e+00	   3.0000000e+00	   4.7350000e+00	   4.3200000e+00	   2.5000000e+00	   3.0000000e+00	   2.0000000e+00	   1.0000000e+00	   2.0000000e+00	   6.7700000e+02	
   1.0900000e+02	   2.1500000e+02	   2.0400000e+02	   5.0000000e+00	   4.0000000e+00	   5.0000000e+00	   4.3200000e+00	   1.7600000e+00	   3.0000000e+00	   1.0000000e+00	   2.0000000e+00	   1.0000000e+00	   6.7700000e+02	
   1.0600000e+02	   1.1100000e+02	   1.0700000e+02	   1.0000000e+00	   3.0000000e+00	   5.0000000e+00	   4.4050000e+00	   3.3850000e+00	   3.0000000e+00	   2.0000000e+00	   1.0000000e+00	   3.0000000e+00	   7.5500000e+02	
   2.1500000e+02	   3.0600000e+02	   2.1400000e+02	   9.0000000e+00	   3.0000000e+00	   4.3200000e+00	   4.7400000e+00	   2.5000000e+00	   2.0000000e+00	   3.0000000e+00	   1.0000000e+00	   2.0000000e+00	   9.7800000e+02	
   1.1400000e+02	   1.1500000e+02	   3.1000000e+02	   1.3000000e+01	   1.0000000e+00	   3.6950000e+00	   3.8300000e+00	   5.3000000e-01	   1.0000000e+00	   2.0000000e+00	   3.0000000e+00	   1.0000000e+00	   1.4280000e+03	
   2.1000000e+02	   3.0600000e+02	   2.0500000e+02	   6.0000000e+00	   4.0000000e+00	   3.9800000e+00	   4.7400000e+00	   2.5000000e+00	   1.0000000e+00	   2.0000000e+00	   3.0000000e+00	   2.0000000e+00	   2.7810000e+03	
   1.1300000e+02	   2.0600000e+02	   1.0700000e+02	   1.0000000e+00	   1.0000000e+00	   4.0750000e+00	   4.0250000e+00	   3.3850000e+00	   2.0000000e+00	   1.0000000e+00	   3.0000000e+00	   3.0000000e+00	   1.9480000e+03	
   1.1100000e+02	   3.0600000e+02	   2.0500000e+02	   6.0000000e+00	   2.0000000e+00	   4.4050000e+00	   4.7400000e+00	   2.5000000e+00	   3.0000000e+00	   2.0000000e+00	   1.0000000e+00	   3.0000000e+00	   3.9540000e+03	
   1.1500000e+02	   3.0900000e+02	   3.0100000e+02	   1.0000000e+01	   3.0000000e+00	   3.8300000e+00	   4.2900000e+00	   1.4600000e+00	   3.0000000e+00	   2.0000000e+00	   1.0000000e+00	   3.0000000e+00	   2.1690000e+03	
   1.0600000e+02	   1.1300000e+02	   3.0300000e+02	   1.1000000e+01	   4.0000000e+00	   5.0000000e+00	   4.0750000e+00	   3.0000000e-02	   2.0000000e+00	   1.0000000e+00	   3.0000000e+00	   2.0000000e+00	   7.1200000e+02	
   1.0500000e+02	   2.1500000e+02	   2.0500000e+02	   6.0000000e+00	   3.0000000e+00	   4.7350000e+00	   4.3200000e+00	   2.5000000e+00	   1.0000000e+00	   3.0000000e+00	   2.0000000e+00	   3.0000000e+00	   6.6800000e+02	
   1.0600000e+02	   2.0600000e+02	   2.0300000e+02	   4.0000000e+00	   5.0000000e+00	   5.0000000e+00	   4.0250000e+00	   3.4850000e+00	   2.0000000e+00	   1.0000000e+00	   3.0000000e+00	   2.0000000e+00	   6.4800000e+02	
   2.1000000e+02	   3.0900000e+02	   2.0800000e+02	   7.0000000e+00	   2.0000000e+00	   3.9800000e+00	   4.2900000e+00	   1.5750000e+00	   2.0000000e+00	   3.0000000e+00	   1.0000000e+00	   3.0000000e+00	   1.8960000e+03	
   1.1400000e+02	   2.1000000e+02	   3.0300000e+02	   1.1000000e+01	   2.0000000e+00	   3.6950000e+00	   3.9800000e+00	   3.0000000e-02	   2.0000000e+00	   1.0000000e+00	   3.0000000e+00	   2.0000000e+00	   8.5400000e+02	
   1.1300000e+02	   1.1500000e+02	   2.1100000e+02	   8.0000000e+00	   2.0000000e+00	   4.0750000e+00	   3.8300000e+00	   3.2000000e+00	   3.0000000e+00	   2.0000000e+00	   1.0000000e+00	   2.0000000e+00	   1.3420000e+03	
   1.0500000e+02	   1.1100000e+02	   2.1100000e+02	   8.0000000e+00	   2.0000000e+00	   4.7350000e+00	   4.4050000e+00	   3.2000000e+00	   3.0000000e+00	   2.0000000e+00	   1.0000000e+00	   2.0000000e+00	   1.3280000e+03	
   1.0900000e+02	   1.1300000e+02	   2.0300000e+02	   4.0000000e+00	   5.0000000e+00	   5.0000000e+00	   4.0750000e+00	   3.4850000e+00	   1.0000000e+00	   3.0000000e+00	   2.0000000e+00	   1.0000000e+00	   1.7540000e+03	
   1.0200000e+02	   1.1400000e+02	   3.1400000e+02	   1.5000000e+01	   5.0000000e+00	   4.9550000e+00	   3.6950000e+00	   1.2500000e-01	   1.0000000e+00	   3.0000000e+00	   2.0000000e+00	   1.0000000e+00	   1.7030000e+03	
   1.1100000e+02	   1.1500000e+02	   1.0700000e+02	   1.0000000e+00	   3.0000000e+00	   4.4050000e+00	   3.8300000e+00	   3.3850000e+00	   1.0000000e+00	   3.0000000e+00	   2.0000000e+00	   2.0000000e+00	   2.8340000e+03	
   1.0200000e+02	   1.1300000e+02	   3.1400000e+02	   1.5000000e+01	   4.0000000e+00	   4.9550000e+00	   4.0750000e+00	   1.2500000e-01	   3.0000000e+00	   1.0000000e+00	   2.0000000e+00	   3.0000000e+00	   1.3720000e+03	
   2.1500000e+02	   3.0600000e+02	   1.1600000e+02	   3.0000000e+00	   3.0000000e+00	   4.3200000e+00	   4.7400000e+00	   2.7100000e+00	   1.0000000e+00	   3.0000000e+00	   2.0000000e+00	   1.0000000e+00	   7.0700000e+02	
   2.0600000e+02	   3.0900000e+02	   1.1200000e+02	   2.0000000e+00	   2.0000000e+00	   4.0250000e+00	   4.2900000e+00	   2.4750000e+00	   2.0000000e+00	   1.0000000e+00	   3.0000000e+00	   1.0000000e+00	   1.4110000e+03	
   2.0600000e+02	   2.1500000e+02	   2.1400000e+02	   9.0000000e+00	   2.0000000e+00	   4.0250000e+00	   4.3200000e+00	   2.5000000e+00	   1.0000000e+00	   2.0000000e+00	   3.0000000e+00	   2.0000000e+00	   6.4000000e+02	
   1.0600000e+02	   2.0600000e+02	   3.1200000e+02	   1.4000000e+01	   5.0000000e+00	   5.0000000e+00	   4.0250000e+00	   4.0000000e-02	   1.0000000e+00	   2.0000000e+00	   3.0000000e+00	   1.0000000e+00	   6.4300000e+02	
   2.0100000e+02	   2.0600000e+02	   3.0100000e+02	   1.0000000e+01	   1.0000000e+00	   3.8900000e+00	   4.0250000e+00	   1.4600000e+00	   3.0000000e+00	   1.0000000e+00	   2.0000000e+00	   3.0000000e+00	   1.0240000e+03	
   1.0600000e+02	   1.1300000e+02	   3.0100000e+02	   1.0000000e+01	   4.0000000e+00	   5.0000000e+00	   4.0750000e+00	   1.4600000e+00	   3.0000000e+00	   2.0000000e+00	   1.0000000e+00	   3.0000000e+00	   6.6500000e+02	
   1.1500000e+02	   3.0200000e+02	   2.0400000e+02	   5.0000000e+00	   5.0000000e+00	   3.8300000e+00	   4.8500000e+00	   1.7600000e+00	   2.0000000e+00	   3.0000000e+00	   1.0000000e+00	   3.0000000e+00	   1.3890000e+03	
   2.0600000e+02	   3.0200000e+02	   2.0800000e+02	   7.0000000e+00	   4.0000000e+00	   4.0250000e+00	   4.8500000e+00	   1.5750000e+00	   2.0000000e+00	   1.0000000e+00	   3.0000000e+00	   1.0000000e+00	   6.1600000e+02	
   1.1500000e+02	   3.0900000e+02	   2.0500000e+02	   6.0000000e+00	   3.0000000e+00	   3.8300000e+00	   4.2900000e+00	   2.5000000e+00	   2.0000000e+00	   3.0000000e+00	   1.0000000e+00	   2.0000000e+00	   3.9160000e+03	
   1.1400000e+02	   2.1000000e+02	   1.0700000e+02	   1.0000000e+00	   2.0000000e+00	   3.6950000e+00	   3.9800000e+00	   3.3850000e+00	   3.0000000e+00	   2.0000000e+00	   1.0000000e+00	   1.0000000e+00	   1.2510000e+03	
   1.0900000e+02	   1.1500000e+02	   2.1100000e+02	   8.0000000e+00	   5.0000000e+00	   5.0000000e+00	   3.8300000e+00	   3.2000000e+00	   1.0000000e+00	   2.0000000e+00	   3.0000000e+00	   1.0000000e+00	   2.0210000e+03	
   1.0500000e+02	   2.1500000e+02	   2.0300000e+02	   4.0000000e+00	   3.0000000e+00	   4.7350000e+00	   4.3200000e+00	   3.4850000e+00	   1.0000000e+00	   2.0000000e+00	   3.0000000e+00	   2.0000000e+00	   6.0400000e+02	
   1.1500000e+02	   2.0600000e+02	   2.0500000e+02	   6.0000000e+00	   2.0000000e+00	   3.8300000e+00	   4.0250000e+00	   2.5000000e+00	   1.0000000e+00	   3.0000000e+00	   2.0000000e+00	   1.0000000e+00	   4.0230000e+03	
   1.1300000e+02	   3.0200000e+02	   2.0300000e+02	   4.0000000e+00	   4.0000000e+00	   4.0750000e+00	   4.8500000e+00	   3.4850000e+00	   1.0000000e+00	   2.0000000e+00	   3.0000000e+00	   2.0000000e+00	   2.2260000e+03	
   1.0200000e+02	   1.0900000e+02	   3.0300000e+02	   1.1000000e+01	   1.0000000e+00	   4.9550000e+00	   5.0000000e+00	   3.0000000e-02	   3.0000000e+00	   1.0000000e+00	   2.0000000e+00	   1.0000000e+00	   3.3380000e+03	
   1.0500000e+02	   3.0900000e+02	   3.1200000e+02	   1.4000000e+01	   3.0000000e+00	   4.7350000e+00	   4.2900000e+00	   4.0000000e-02	   1.0000000e+00	   2.0000000e+00	   3.0000000e+00	   2.0000000e+00	   1.6960000e+03	
   1.0500000e+02	   1.1100000e+02	   3.0400000e+02	   1.2000000e+01	   2.0000000e+00	   4.7350000e+00	   4.4050000e+00	   2.2250000e+00	   2.0000000e+00	   3.0000000e+00	   1.0000000e+00	   3.0000000e+00	   1.4310000e+03	
   1.0900000e+02	   3.0200000e+02	   2.0500000e+02	   6.0000000e+00	   1.0000000e+00	   5.0000000e+00	   4.8500000e+00	   2.5000000e+00	   3.0000000e+00	   2.0000000e+00	   1.0000000e+00	   2.0000000e+00	   7.0200000e+02	
   1.0500000e+02	   1.1500000e+02	   1.1200000e+02	   2.0000000e+00	   4.0000000e+00	   4.7350000e+00	   3.8300000e+00	   2.4750000e+00	   3.0000000e+00	   2.0000000e+00	   1.0000000e+00	   2.0000000e+00	   2.4030000e+03	
   1.0900000e+02	   1.1300000e+02	   2.1100000e+02	   8.0000000e+00	   5.0000000e+00	   5.0000000e+00	   4.0750000e+00	   3.2000000e+00	   1.0000000e+00	   3.0000000e+00	   2.0000000e+00	   1.0000000e+00	   1.0630000e+03	
   1.0500000e+02	   2.0100000e+02	   3.0400000e+02	   1.2000000e+01	   4.0000000e+00	   4.7350000e+00	   3.8900000e+00	   2.2250000e+00	   2.0000000e+00	   1.0000000e+00	   3.0000000e+00	   1.0000000e+00	   1.3420000e+03	
   1.0200000e+02	   2.0100000e+02	   1.1600000e+02	   3.0000000e+00	   5.0000000e+00	   4.9550000e+00	   3.8900000e+00	   2.7100000e+00	   3.0000000e+00	   2.0000000e+00	   1.0000000e+00	   2.0000000e+00	   1.9070000e+03	
   1.0500000e+02	   3.0900000e+02	   2.1100000e+02	   8.0000000e+00	   3.0000000e+00	   4.7350000e+00	   4.2900000e+00	   3.2000000e+00	   2.0000000e+00	   3.0000000e+00	   1.0000000e+00	   3.0000000e+00	   1.6180000e+03	
   1.0200000e+02	   1.1400000e+02	   2.0400000e+02	   5.0000000e+00	   5.0000000e+00	   4.9550000e+00	   3.6950000e+00	   1.7600000e+00	   2.0000000e+00	   1.0000000e+00	   3.0000000e+00	   1.0000000e+00	   1.2060000e+03	
   2.0100000e+02	   3.0900000e+02	   3.1200000e+02	   1.4000000e+01	   3.0000000e+00	   3.8900000e+00	   4.2900000e+00	   4.0000000e-02	   2.0000000e+00	   3.0000000e+00	   1.0000000e+00	   2.0000000e+00	   9.5500000e+02	
   1.1300000e+02	   1.1400000e+02	   1.1600000e+02	   3.0000000e+00	   3.0000000e+00	   4.0750000e+00	   3.6950000e+00	   2.7100000e+00	   2.0000000e+00	   3.0000000e+00	   1.0000000e+00	   3.0000000e+00	   1.9150000e+03	
   2.0100000e+02	   3.0900000e+02	   3.1400000e+02	   1.5000000e+01	   3.0000000e+00	   3.8900000e+00	   4.2900000e+00	   1.2500000e-01	   1.0000000e+00	   2.0000000e+00	   3.0000000e+00	   1.0000000e+00	   7.5800000e+02	
   1.0500000e+02	   2.1500000e+02	   2.1100000e+02	   8.0000000e+00	   3.0000000e+00	   4.7350000e+00	   4.3200000e+00	   3.2000000e+00	   1.0000000e+00	   3.0000000e+00	   2.0000000e+00	   3.0000000e+00	   9.0500000e+02	
   1.1400000e+02	   3.0900000e+02	   2.0500000e+02	   6.0000000e+00	   3.0000000e+00	   3.6950000e+00	   4.2900000e+00	   2.5000000e+00	   1.0000000e+00	   2.0000000e+00	   3.0000000e+00	   1.0000000e+00	   2.4470000e+03	
   1.1500000e+02	   2.1000000e+02	   3.1000000e+02	   1.3000000e+01	   1.0000000e+00	   3.8300000e+00	   3.9800000e+00	   5.3000000e-01	   3.0000000e+00	   2.0000000e+00	   1.0000000e+00	   3.0000000e+00	   1.3570000e+03	
   1.0900000e+02	   2.1500000e+02	   3.0400000e+02	   1.2000000e+01	   4.0000000e+00	   5.0000000e+00	   4.3200000e+00	   2.2250000e+00	   3.0000000e+00	   2.0000000e+00	   1.0000000e+00	   2.0000000e+00	   6.4100000e+02	
   1.1500000e+02	   2.0600000e+02	   1.1600000e+02	   3.0000000e+00	   2.0000000e+00	   3.8300000e+00	   4.0250000e+00	   2.7100000e+00	   2.0000000e+00	   1.0000000e+00	   3.0000000e+00	   2.0000000e+00	   1.7950000e+03	
   1.0200000e+02	   1.0500000e+02	   3.0300000e+02	   1.1000000e+01	   2.0000000e+00	   4.9550000e+00	   4.7350000e+00	   3.0000000e-02	   3.0000000e+00	   2.0000000e+00	   1.0000000e+00	   3.0000000e+00	   1.1510000e+03	
   1.0500000e+02	   1.1300000e+02	   2.0400000e+02	   5.0000000e+00	   4.0000000e+00	   4.7350000e+00	   4.0750000e+00	   1.7600000e+00	   3.0000000e+00	   2.0000000e+00	   1.0000000e+00	   2.0000000e+00	   1.7190000e+03	
   1.0200000e+02	   1.1400000e+02	   3.0300000e+02	   1.1000000e+01	   5.0000000e+00	   4.9550000e+00	   3.6950000e+00	   3.0000000e-02	   2.0000000e+00	   3.0000000e+00	   1.0000000e+00	   2.0000000e+00	   6.6200000e+02	
   1.1100000e+02	   2.0600000e+02	   2.0400000e+02	   5.0000000e+00	   2.0000000e+00	   4.4050000e+00	   4.0250000e+00	   1.7600000e+00	   1.0000000e+00	   2.0000000e+00	   3.0000000e+00	   1.0000000e+00	   2.9320000e+03	
   1.0900000e+02	   3.0900000e+02	   3.1400000e+02	   1.5000000e+01	   4.0000000e+00	   5.0000000e+00	   4.2900000e+00	   1.2500000e-01	   3.0000000e+00	   1.0000000e+00	   2.0000000e+00	   3.0000000e+00	   1.4250000e+03	
   1.0600000e+02	   1.1100000e+02	   2.1100000e+02	   8.0000000e+00	   3.0000000e+00	   5.0000000e+00	   4.4050000e+00	   3.2000000e+00	   1.0000000e+00	   2.0000000e+00	   3.0000000e+00	   1.0000000e+00	   6.8900000e+02	
   1.0500000e+02	   2.0100000e+02	   3.1200000e+02	   1.4000000e+01	   4.0000000e+00	   4.7350000e+00	   3.8900000e+00	   4.0000000e-02	   2.0000000e+00	   3.0000000e+00	   1.0000000e+00	   3.0000000e+00	   9.0000000e+02	
   3.0200000e+02	   3.0600000e+02	   3.1200000e+02	   1.4000000e+01	   1.0000000e+00	   4.8500000e+00	   4.7400000e+00	   4.0000000e-02	   3.0000000e+00	   2.0000000e+00	   1.0000000e+00	   3.0000000e+00	   1.4340000e+03	
   1.1100000e+02	   1.1300000e+02	   3.1400000e+02	   1.5000000e+01	   2.0000000e+00	   4.4050000e+00	   4.0750000e+00	   1.2500000e-01	   1.0000000e+00	   2.0000000e+00	   3.0000000e+00	   1.0000000e+00	   9.1100000e+02	
   1.0500000e+02	   2.1000000e+02	   3.1400000e+02	   1.5000000e+01	   4.0000000e+00	   4.7350000e+00	   3.9800000e+00	   1.2500000e-01	   1.0000000e+00	   3.0000000e+00	   2.0000000e+00	   3.0000000e+00	   4.5550000e+03	
   1.0500000e+02	   1.1100000e+02	   3.0300000e+02	   1.1000000e+01	   2.0000000e+00	   4.7350000e+00	   4.4050000e+00	   3.0000000e-02	   3.0000000e+00	   1.0000000e+00	   2.0000000e+00	   1.0000000e+00	   9.0400000e+02	
   1.1300000e+02	   3.0900000e+02	   2.0500000e+02	   6.0000000e+00	   2.0000000e+00	   4.0750000e+00	   4.2900000e+00	   2.5000000e+00	   2.0000000e+00	   3.0000000e+00	   1.0000000e+00	   3.0000000e+00	   2.1780000e+03	
   1.0500000e+02	   3.0200000e+02	   3.0300000e+02	   1.1000000e+01	   1.0000000e+00	   4.7350000e+00	   4.8500000e+00	   3.0000000e-02	   2.0000000e+00	   3.0000000e+00	   1.0000000e+00	   3.0000000e+00	   1.0010000e+03	
   1.0600000e+02	   3.0600000e+02	   1.1200000e+02	   2.0000000e+00	   2.0000000e+00	   5.0000000e+00	   4.7400000e+00	   2.4750000e+00	   3.0000000e+00	   2.0000000e+00	   1.0000000e+00	   3.0000000e+00	   6.5500000e+02	
   1.1500000e+02	   2.0100000e+02	   3.0100000e+02	   1.0000000e+01	   1.0000000e+00	   3.8300000e+00	   3.8900000e+00	   1.4600000e+00	   2.0000000e+00	   1.0000000e+00	   3.0000000e+00	   1.0000000e+00	   8.0600000e+02	
   2.0600000e+02	   3.0200000e+02	   3.1400000e+02	   1.5000000e+01	   4.0000000e+00	   4.0250000e+00	   4.8500000e+00	   1.2500000e-01	   2.0000000e+00	   3.0000000e+00	   1.0000000e+00	   3.0000000e+00	   6.4400000e+02	
   1.0500000e+02	   1.1400000e+02	   2.0500000e+02	   6.0000000e+00	   5.0000000e+00	   4.7350000e+00	   3.6950000e+00	   2.5000000e+00	   2.0000000e+00	   3.0000000e+00	   1.0000000e+00	   3.0000000e+00	   1.2000000e+03	
   1.1300000e+02	   2.0600000e+02	   3.1400000e+02	   1.5000000e+01	   1.0000000e+00	   4.0750000e+00	   4.0250000e+00	   1.2500000e-01	   2.0000000e+00	   1.0000000e+00	   3.0000000e+00	   2.0000000e+00	   1.3590000e+03	
   1.0500000e+02	   2.0100000e+02	   2.1100000e+02	   8.0000000e+00	   4.0000000e+00	   4.7350000e+00	   3.8900000e+00	   3.2000000e+00	   2.0000000e+00	   1.0000000e+00	   3.0000000e+00	   1.0000000e+00	   1.4130000e+03	
   1.1100000e+02	   2.1500000e+02	   3.1200000e+02	   1.4000000e+01	   1.0000000e+00	   4.4050000e+00	   4.3200000e+00	   4.0000000e-02	   1.0000000e+00	   2.0000000e+00	   3.0000000e+00	   2.0000000e+00	   8.1100000e+02	
   1.0500000e+02	   2.0100000e+02	   1.0700000e+02	   1.0000000e+00	   4.0000000e+00	   4.7350000e+00	   3.8900000e+00	   3.3850000e+00	   1.0000000e+00	   3.0000000e+00	   2.0000000e+00	   3.0000000e+00	   8.4600000e+02	
   1.0600000e+02	   1.1400000e+02	   3.0100000e+02	   1.0000000e+01	   5.0000000e+00	   5.0000000e+00	   3.6950000e+00	   1.4600000e+00	   3.0000000e+00	   2.0000000e+00	   1.0000000e+00	   3.0000000e+00	   6.0700000e+02	
   1.0600000e+02	   2.0100000e+02	   1.1200000e+02	   2.0000000e+00	   5.0000000e+00	   5.0000000e+00	   3.8900000e+00	   2.4750000e+00	   1.0000000e+00	   3.0000000e+00	   2.0000000e+00	   1.0000000e+00	   5.7900000e+02	
   1.1100000e+02	   2.0600000e+02	   2.0800000e+02	   7.0000000e+00	   2.0000000e+00	   4.4050000e+00	   4.0250000e+00	   1.5750000e+00	   3.0000000e+00	   1.0000000e+00	   2.0000000e+00	   3.0000000e+00	   7.6100000e+02	
   1.0500000e+02	   1.1400000e+02	   2.0300000e+02	   4.0000000e+00	   5.0000000e+00	   4.7350000e+00	   3.6950000e+00	   3.4850000e+00	   3.0000000e+00	   1.0000000e+00	   2.0000000e+00	   2.0000000e+00	   1.6010000e+03	
   2.0100000e+02	   2.0600000e+02	   2.0400000e+02	   5.0000000e+00	   1.0000000e+00	   3.8900000e+00	   4.0250000e+00	   1.7600000e+00	   2.0000000e+00	   1.0000000e+00	   3.0000000e+00	   2.0000000e+00	   9.4600000e+02	
   1.1300000e+02	   2.0600000e+02	   3.0400000e+02	   1.2000000e+01	   1.0000000e+00	   4.0750000e+00	   4.0250000e+00	   2.2250000e+00	   3.0000000e+00	   2.0000000e+00	   1.0000000e+00	   3.0000000e+00	   1.8260000e+03	
   1.0200000e+02	   1.0500000e+02	   2.0300000e+02	   4.0000000e+00	   2.0000000e+00	   4.9550000e+00	   4.7350000e+00	   3.4850000e+00	   2.0000000e+00	   3.0000000e+00	   1.0000000e+00	   2.0000000e+00	   1.4720000e+03	
   1.0200000e+02	   2.1000000e+02	   1.1200000e+02	   2.0000000e+00	   5.0000000e+00	   4.9550000e+00	   3.9800000e+00	   2.4750000e+00	   3.0000000e+00	   1.0000000e+00	   2.0000000e+00	   3.0000000e+00	   1.2730000e+03	
   1.1300000e+02	   3.0600000e+02	   3.1000000e+02	   1.3000000e+01	   4.0000000e+00	   4.0750000e+00	   4.7400000e+00	   5.3000000e-01	   1.0000000e+00	   3.0000000e+00	   2.0000000e+00	   3.0000000e+00	   1.7610000e+03	
   2.0600000e+02	   3.0900000e+02	   2.0500000e+02	   6.0000000e+00	   2.0000000e+00	   4.0250000e+00	   4.2900000e+00	   2.5000000e+00	   2.0000000e+00	   1.0000000e+00	   3.0000000e+00	   1.0000000e+00	   5.7530000e+03	
   1.1400000e+02	   3.0600000e+02	   1.1600000e+02	   3.0000000e+00	   5.0000000e+00	   3.6950000e+00	   4.7400000e+00	   2.7100000e+00	   2.0000000e+00	   3.0000000e+00	   1.0000000e+00	   2.0000000e+00	   1.8320000e+03	
   1.0500000e+02	   1.0600000e+02	   3.1400000e+02	   1.5000000e+01	   2.0000000e+00	   4.7350000e+00	   5.0000000e+00	   1.2500000e-01	   2.0000000e+00	   1.0000000e+00	   3.0000000e+00	   1.0000000e+00	   5.8000000e+02	
   1.1100000e+02	   2.1000000e+02	   3.0300000e+02	   1.1000000e+01	   3.0000000e+00	   4.4050000e+00	   3.9800000e+00	   3.0000000e-02	   1.0000000e+00	   2.0000000e+00	   3.0000000e+00	   1.0000000e+00	   4.7410000e+03	
   3.0200000e+02	   3.0900000e+02	   3.0300000e+02	   1.1000000e+01	   3.0000000e+00	   4.8500000e+00	   4.2900000e+00	   3.0000000e-02	   1.0000000e+00	   2.0000000e+00	   3.0000000e+00	   1.0000000e+00	   6.7200000e+02	
   1.1300000e+02	   2.0100000e+02	   2.0800000e+02	   7.0000000e+00	   1.0000000e+00	   4.0750000e+00	   3.8900000e+00	   1.5750000e+00	   1.0000000e+00	   2.0000000e+00	   3.0000000e+00	   2.0000000e+00	   6.3400000e+02	
   1.1300000e+02	   1.1400000e+02	   3.1000000e+02	   1.3000000e+01	   3.0000000e+00	   4.0750000e+00	   3.6950000e+00	   5.3000000e-01	   2.0000000e+00	   3.0000000e+00	   1.0000000e+00	   3.0000000e+00	   1.2330000e+03	
   1.0900000e+02	   3.0900000e+02	   3.1200000e+02	   1.4000000e+01	   4.0000000e+00	   5.0000000e+00	   4.2900000e+00	   4.0000000e-02	   1.0000000e+00	   2.0000000e+00	   3.0000000e+00	   1.0000000e+00	   1.2390000e+03	
   1.1100000e+02	   3.0600000e+02	   1.1600000e+02	   3.0000000e+00	   2.0000000e+00	   4.4050000e+00	   4.7400000e+00	   2.7100000e+00	   1.0000000e+00	   2.0000000e+00	   3.0000000e+00	   1.0000000e+00	   1.1360000e+03	
   1.1500000e+02	   2.1500000e+02	   2.1100000e+02	   8.0000000e+00	   3.0000000e+00	   3.8300000e+00	   4.3200000e+00	   3.2000000e+00	   2.0000000e+00	   3.0000000e+00	   1.0000000e+00	   3.0000000e+00	   6.7300000e+02	
   1.0900000e+02	   2.1500000e+02	   1.0700000e+02	   1.0000000e+00	   4.0000000e+00	   5.0000000e+00	   4.3200000e+00	   3.3850000e+00	   3.0000000e+00	   1.0000000e+00	   2.0000000e+00	   1.0000000e+00	   6.3800000e+02	
   2.1500000e+02	   3.0200000e+02	   3.1200000e+02	   1.4000000e+01	   3.0000000e+00	   4.3200000e+00	   4.8500000e+00	   4.0000000e-02	   2.0000000e+00	   1.0000000e+00	   3.0000000e+00	   2.0000000e+00	   6.7800000e+02	
   1.0900000e+02	   3.0900000e+02	   3.1000000e+02	   1.3000000e+01	   4.0000000e+00	   5.0000000e+00	   4.2900000e+00	   5.3000000e-01	   2.0000000e+00	   1.0000000e+00	   3.0000000e+00	   2.0000000e+00	   1.4080000e+03	
   1.0900000e+02	   1.1100000e+02	   2.0400000e+02	   5.0000000e+00	   3.0000000e+00	   5.0000000e+00	   4.4050000e+00	   1.7600000e+00	   2.0000000e+00	   3.0000000e+00	   1.0000000e+00	   2.0000000e+00	   1.0520000e+03	
   1.0900000e+02	   1.1300000e+02	   3.1000000e+02	   1.3000000e+01	   5.0000000e+00	   5.0000000e+00	   4.0750000e+00	   5.3000000e-01	   1.0000000e+00	   2.0000000e+00	   3.0000000e+00	   1.0000000e+00	   1.5640000e+03	
   2.1500000e+02	   3.0600000e+02	   2.0300000e+02	   4.0000000e+00	   3.0000000e+00	   4.3200000e+00	   4.7400000e+00	   3.4850000e+00	   1.0000000e+00	   2.0000000e+00	   3.0000000e+00	   1.0000000e+00	   6.6400000e+02	
   1.1100000e+02	   3.0200000e+02	   1.1600000e+02	   3.0000000e+00	   3.0000000e+00	   4.4050000e+00	   4.8500000e+00	   2.7100000e+00	   1.0000000e+00	   2.0000000e+00	   3.0000000e+00	   2.0000000e+00	   1.4110000e+03	
   1.1500000e+02	   3.0900000e+02	   2.0300000e+02	   4.0000000e+00	   3.0000000e+00	   3.8300000e+00	   4.2900000e+00	   3.4850000e+00	   2.0000000e+00	   1.0000000e+00	   3.0000000e+00	   3.0000000e+00	   1.6610000e+03	
   1.0600000e+02	   1.1500000e+02	   1.0700000e+02	   1.0000000e+00	   5.0000000e+00	   5.0000000e+00	   3.8300000e+00	   3.3850000e+00	   2.0000000e+00	   1.0000000e+00	   3.0000000e+00	   2.0000000e+00	   6.1100000e+02	
   1.0200000e+02	   1.0500000e+02	   2.1100000e+02	   8.0000000e+00	   2.0000000e+00	   4.9550000e+00	   4.7350000e+00	   3.2000000e+00	   2.0000000e+00	   3.0000000e+00	   1.0000000e+00	   2.0000000e+00	   1.2360000e+03	
   1.1400000e+02	   2.0100000e+02	   1.1200000e+02	   2.0000000e+00	   1.0000000e+00	   3.6950000e+00	   3.8900000e+00	   2.4750000e+00	   1.0000000e+00	   3.0000000e+00	   2.0000000e+00	   3.0000000e+00	   9.9800000e+02	
   1.0900000e+02	   2.0100000e+02	   3.0300000e+02	   1.1000000e+01	   5.0000000e+00	   5.0000000e+00	   3.8900000e+00	   3.0000000e-02	   3.0000000e+00	   1.0000000e+00	   2.0000000e+00	   1.0000000e+00	   2.3390000e+03	
   1.0200000e+02	   3.0200000e+02	   1.0700000e+02	   1.0000000e+00	   1.0000000e+00	   4.9550000e+00	   4.8500000e+00	   3.3850000e+00	   1.0000000e+00	   2.0000000e+00	   3.0000000e+00	   2.0000000e+00	   1.7390000e+03	
   1.1500000e+02	   3.0600000e+02	   2.0800000e+02	   7.0000000e+00	   4.0000000e+00	   3.8300000e+00	   4.7400000e+00	   1.5750000e+00	   3.0000000e+00	   2.0000000e+00	   1.0000000e+00	   3.0000000e+00	   2.9890000e+03	
   1.0200000e+02	   2.1000000e+02	   2.0800000e+02	   7.0000000e+00	   5.0000000e+00	   4.9550000e+00	   3.9800000e+00	   1.5750000e+00	   1.0000000e+00	   2.0000000e+00	   3.0000000e+00	   1.0000000e+00	   6.4900000e+02	
   1.1300000e+02	   1.1500000e+02	   2.1400000e+02	   9.0000000e+00	   2.0000000e+00	   4.0750000e+00	   3.8300000e+00	   2.5000000e+00	   1.0000000e+00	   3.0000000e+00	   2.0000000e+00	   2.0000000e+00	   5.5460000e+03	
   1.1300000e+02	   3.0200000e+02	   2.0500000e+02	   6.0000000e+00	   4.0000000e+00	   4.0750000e+00	   4.8500000e+00	   2.5000000e+00	   1.0000000e+00	   3.0000000e+00	   2.0000000e+00	   3.0000000e+00	   6.5300000e+02	
   1.1500000e+02	   3.0200000e+02	   3.1400000e+02	   1.5000000e+01	   5.0000000e+00	   3.8300000e+00	   4.8500000e+00	   1.2500000e-01	   1.0000000e+00	   3.0000000e+00	   2.0000000e+00	   3.0000000e+00	   6.0600000e+02	
   1.0500000e+02	   1.0600000e+02	   3.1200000e+02	   1.4000000e+01	   2.0000000e+00	   4.7350000e+00	   5.0000000e+00	   4.0000000e-02	   2.0000000e+00	   3.0000000e+00	   1.0000000e+00	   3.0000000e+00	   7.2000000e+02	
   1.1400000e+02	   3.0200000e+02	   1.1200000e+02	   2.0000000e+00	   5.0000000e+00	   3.6950000e+00	   4.8500000e+00	   2.4750000e+00	   1.0000000e+00	   3.0000000e+00	   2.0000000e+00	   3.0000000e+00	   8.8600000e+02	
   1.0600000e+02	   3.0200000e+02	   2.0500000e+02	   6.0000000e+00	   1.0000000e+00	   5.0000000e+00	   4.8500000e+00	   2.5000000e+00	   3.0000000e+00	   1.0000000e+00	   2.0000000e+00	   3.0000000e+00	   6.6300000e+02	
   2.0600000e+02	   3.0200000e+02	   3.0100000e+02	   1.0000000e+01	   4.0000000e+00	   4.0250000e+00	   4.8500000e+00	   1.4600000e+00	   3.0000000e+00	   1.0000000e+00	   2.0000000e+00	   1.0000000e+00	   9.4200000e+02	
   2.0100000e+02	   3.0600000e+02	   2.0500000e+02	   6.0000000e+00	   4.0000000e+00	   3.8900000e+00	   4.7400000e+00	   2.5000000e+00	   3.0000000e+00	   1.0000000e+00	   2.0000000e+00	   3.0000000e+00	   6.5400000e+02	
   1.0600000e+02	   1.1300000e+02	   2.1400000e+02	   9.0000000e+00	   4.0000000e+00	   5.0000000e+00	   4.0750000e+00	   2.5000000e+00	   3.0000000e+00	   1.0000000e+00	   2.0000000e+00	   3.0000000e+00	   5.0900000e+02	
   1.0200000e+02	   1.0500000e+02	   3.1200000e+02	   1.4000000e+01	   2.0000000e+00	   4.9550000e+00	   4.7350000e+00	   4.0000000e-02	   1.0000000e+00	   3.0000000e+00	   2.0000000e+00	   1.0000000e+00	   8.6000000e+02	
   1.1100000e+02	   3.0900000e+02	   2.1100000e+02	   8.0000000e+00	   1.0000000e+00	   4.4050000e+00	   4.2900000e+00	   3.2000000e+00	   2.0000000e+00	   1.0000000e+00	   3.0000000e+00	   2.0000000e+00	   8.7600000e+02	
   1.1400000e+02	   2.0100000e+02	   3.1000000e+02	   1.3000000e+01	   1.0000000e+00	   3.6950000e+00	   3.8900000e+00	   5.3000000e-01	   1.0000000e+00	   3.0000000e+00	   2.0000000e+00	   3.0000000e+00	   8.5700000e+02	
   1.0900000e+02	   1.1500000e+02	   3.0400000e+02	   1.2000000e+01	   5.0000000e+00	   5.0000000e+00	   3.8300000e+00	   2.2250000e+00	   3.0000000e+00	   2.0000000e+00	   1.0000000e+00	   3.0000000e+00	   7.5700000e+02	
