   1.0000000e+00	   2.1200000e+02	   2.0000000e+00	   5.0000000e+00	   3.6350000e+03	   0.0000000e+00	   5.4310000e+03	
   2.0000000e+00	   3.1400000e+02	   3.0000000e+00	   5.0000000e+00	   3.7020000e+03	   2.5000000e+00	   1.9990000e+03	
   3.0000000e+00	   2.0400000e+02	   2.0000000e+00	   4.9100000e+00	   2.7370000e+03	   2.5000000e+00	   2.2980000e+03	
   4.0000000e+00	   1.0100000e+02	   1.0000000e+00	   5.0000000e+00	   2.6220000e+03	   3.4700000e+00	   4.2660000e+03	
   5.0000000e+00	   3.0800000e+02	   3.0000000e+00	   3.0400000e+00	   9.2020000e+03	   1.1700000e+00	   1.1000000e+03	
   6.0000000e+00	   1.1300000e+02	   1.0000000e+00	   5.0000000e+00	   1.8040000e+03	   5.0000000e+00	   1.0670000e+03	
   7.0000000e+00	   3.1300000e+02	   3.0000000e+00	   4.9200000e+00	   2.1720000e+03	   4.0400000e+00	   1.0000000e+03	
   8.0000000e+00	   1.1100000e+02	   1.0000000e+00	   5.0000000e+00	   1.7890000e+03	   5.0000000e+00	   1.0670000e+03	
   9.0000000e+00	   1.1000000e+02	   1.0000000e+00	   0.0000000e+00	   2.0220000e+03	   0.0000000e+00	   2.1000000e+03	
   1.0000000e+01	   2.0600000e+02	   2.0000000e+00	   5.0000000e+00	   2.6380000e+03	   5.0000000e+00	   1.2000000e+03	
   1.1000000e+01	   3.0700000e+02	   3.0000000e+00	   5.0000000e+00	   4.2220000e+03	   3.2400000e+00	   7.2980000e+03	
   1.2000000e+01	   3.0400000e+02	   3.0000000e+00	   5.0000000e+00	   4.4700000e+03	   2.5700000e+00	   8.6700000e+02	
   1.3000000e+01	   3.0900000e+02	   3.0000000e+00	   5.0000000e+00	   1.0560000e+03	   4.2400000e+00	   1.0650000e+03	
   1.4000000e+01	   1.0400000e+02	   1.0000000e+00	   2.5000000e+00	   2.8880000e+03	   2.5000000e+00	   7.9900000e+02	
   1.5000000e+01	   2.1500000e+02	   2.0000000e+00	   5.0000000e+00	   1.2570000e+03	   5.0000000e+00	   8.3300000e+02	
   1.6000000e+01	   1.1200000e+02	   1.0000000e+00	   5.0000000e+00	   4.4220000e+03	   3.6700000e+00	   2.5990000e+03	
   1.7000000e+01	   1.0300000e+02	   1.0000000e+00	   5.0000000e+00	   2.2050000e+03	   2.5000000e+00	   7.0000000e+02	
   1.8000000e+01	   2.0500000e+02	   2.0000000e+00	   5.0000000e+00	   3.9710000e+03	   8.4000000e-01	   2.1990000e+03	
   1.9000000e+01	   2.0700000e+02	   2.0000000e+00	   5.0000000e+00	   1.8570000e+03	   2.5000000e+00	   1.2660000e+03	
   2.0000000e+01	   3.1000000e+02	   3.0000000e+00	   5.0000000e+00	   2.7040000e+03	   2.5000000e+00	   7.6600000e+02	
   2.1000000e+01	   2.1100000e+02	   2.0000000e+00	   5.0000000e+00	   2.5880000e+03	   3.1300000e+00	   2.8650000e+03	
   2.2000000e+01	   1.1600000e+02	   1.0000000e+00	   5.0000000e+00	   1.4230000e+03	   5.0000000e+00	   9.0000000e+02	
   2.3000000e+01	   1.0200000e+02	   1.0000000e+00	   5.0000000e+00	   1.1890000e+03	   3.7300000e+00	   1.0320000e+03	
   2.4000000e+01	   1.0500000e+02	   1.0000000e+00	   5.0000000e+00	   2.9230000e+03	   8.4000000e-01	   1.8660000e+03	
   2.5000000e+01	   2.1300000e+02	   2.0000000e+00	   5.0000000e+00	   3.3210000e+03	   1.5400000e+00	   1.2010000e+03	
   2.6000000e+01	   2.0900000e+02	   2.0000000e+00	   5.0000000e+00	   3.2040000e+03	   7.7000000e-01	   1.3330000e+03	
   2.7000000e+01	   1.0800000e+02	   1.0000000e+00	   5.0000000e+00	   1.5230000e+03	   3.5800000e+00	   2.0670000e+03	
   2.8000000e+01	   3.1100000e+02	   3.0000000e+00	   5.0000000e+00	   1.7380000e+03	   7.1000000e-01	   1.1990000e+03	
   2.9000000e+01	   2.0100000e+02	   2.0000000e+00	   5.0000000e+00	   1.7570000e+03	   3.5000000e+00	   2.0000000e+03	
   3.0000000e+01	   3.1200000e+02	   3.0000000e+00	   5.0000000e+00	   1.6040000e+03	   1.5100000e+00	   1.5660000e+03	
   3.1000000e+01	   2.0300000e+02	   2.0000000e+00	   5.0000000e+00	   1.8230000e+03	   8.7000000e-01	   1.5670000e+03	
   3.2000000e+01	   2.0200000e+02	   2.0000000e+00	   5.0000000e+00	   1.7370000e+03	   1.1600000e+00	   2.4000000e+03	
   3.3000000e+01	   3.0300000e+02	   3.0000000e+00	   5.0000000e+00	   1.1890000e+03	   5.0000000e+00	   7.6600000e+02	
   3.4000000e+01	   2.1000000e+02	   2.0000000e+00	   5.0000000e+00	   1.0550000e+03	   5.0000000e+00	   8.9900000e+02	
   3.5000000e+01	   1.0900000e+02	   1.0000000e+00	   5.0000000e+00	   7.8900000e+02	   5.0000000e+00	   1.0660000e+03	
   3.6000000e+01	   3.0500000e+02	   3.0000000e+00	   2.5700000e+00	   3.8390000e+03	   1.2600000e+00	   1.9320000e+03	
   3.7000000e+01	   3.0200000e+02	   3.0000000e+00	   5.0000000e+00	   1.0560000e+03	   5.0000000e+00	   1.1000000e+03	
   3.8000000e+01	   1.0600000e+02	   1.0000000e+00	   5.0000000e+00	   1.0550000e+03	   5.0000000e+00	   1.0000000e+03	
   3.9000000e+01	   1.1400000e+02	   1.0000000e+00	   3.9600000e+00	   3.1710000e+03	   2.4300000e+00	   1.2980000e+03	
   4.0000000e+01	   3.0600000e+02	   3.0000000e+00	   5.0000000e+00	   1.0390000e+03	   4.4500000e+00	   1.3320000e+03	
   4.1000000e+01	   2.0800000e+02	   2.0000000e+00	   5.0000000e+00	   5.1210000e+03	   2.5000000e+00	   1.9330000e+03	
   4.2000000e+01	   1.1500000e+02	   1.0000000e+00	   5.0000000e+00	   1.4220000e+03	   1.6100000e+00	   2.3320000e+03	
   4.3000000e+01	   1.0700000e+02	   1.0000000e+00	   5.0000000e+00	   2.7220000e+03	   3.3400000e+00	   2.7650000e+03	
   4.4000000e+01	   3.0100000e+02	   3.0000000e+00	   5.0000000e+00	   1.7890000e+03	   4.2100000e+00	   1.0990000e+03	
   4.5000000e+01	   2.1400000e+02	   2.0000000e+00	   0.0000000e+00	   1.7710000e+03	   5.0000000e+00	   3.5990000e+03	
