   1.0000000e+00	   1.0000000e+00	   2.1400000e+02	   1.7300000e+00	   5.4320000e+03	
   1.0000000e+00	   2.0000000e+00	   1.0900000e+02	   4.6700000e+00	   2.6940000e+03	
   1.0000000e+00	   3.0000000e+00	   2.0100000e+02	   1.5600000e+00	   1.9260000e+03	
   1.0000000e+00	   4.0000000e+00	   1.1500000e+02	   3.4100000e+00	   3.3590000e+03	
   1.0000000e+00	   5.0000000e+00	   1.0700000e+02	   3.7200000e+00	   4.9940000e+03	
   1.0000000e+00	   6.0000000e+00	   1.1000000e+02	   4.5800000e+00	   5.0280000e+03	
   1.0000000e+00	   7.0000000e+00	   2.0600000e+02	   2.0000000e-01	   2.8270000e+03	
   1.0000000e+00	   8.0000000e+00	   3.1100000e+02	   9.1000000e-01	   3.1610000e+03	
   1.0000000e+00	   9.0000000e+00	   2.1500000e+02	   2.8100000e+00	   3.7940000e+03	
   1.0000000e+00	   1.0000000e+01	   1.0500000e+02	   4.5700000e+00	   5.3610000e+03	
   1.0000000e+00	   1.1000000e+01	   1.1200000e+02	   2.6900000e+00	   2.1950000e+03	
   1.0000000e+00	   1.2000000e+01	   1.0300000e+02	   3.2400000e+00	   3.1610000e+03	
   1.0000000e+00	   1.3000000e+01	   2.0300000e+02	   2.2200000e+00	   2.3610000e+03	
   1.0000000e+00	   1.4000000e+01	   1.1600000e+02	   2.7600000e+00	   2.0610000e+03	
   1.0000000e+00	   1.5000000e+01	   2.1300000e+02	   4.0000000e-02	   2.7600000e+03	
   1.0000000e+00	   1.6000000e+01	   2.1100000e+02	   1.3200000e+00	   1.8940000e+03	
   1.0000000e+00	   1.7000000e+01	   3.0200000e+02	   7.3000000e-01	   2.7280000e+03	
   1.0000000e+00	   1.8000000e+01	   3.1000000e+02	   1.3100000e+00	   2.0950000e+03	
   1.0000000e+00	   1.9000000e+01	   2.1200000e+02	   1.7500000e+00	   4.9930000e+03	
   1.0000000e+00	   2.0000000e+01	   1.0800000e+02	   2.2700000e+00	   2.1940000e+03	
   1.0000000e+00	   2.1000000e+01	   3.1300000e+02	   1.5100000e+00	   1.8950000e+03	
   1.0000000e+00	   2.2000000e+01	   1.1400000e+02	   3.1200000e+00	   4.0610000e+03	
   1.0000000e+00	   2.3000000e+01	   1.1100000e+02	   4.4100000e+00	   2.5930000e+03	
   1.0000000e+00	   2.4000000e+01	   2.0900000e+02	   2.1400000e+00	   3.5260000e+03	
   1.0000000e+00	   2.5000000e+01	   3.1200000e+02	   1.7000000e+00	   3.3940000e+03	
   1.0000000e+00	   2.6000000e+01	   1.1300000e+02	   3.7900000e+00	   6.6580000e+03	
   1.0000000e+00	   2.7000000e+01	   3.1400000e+02	   1.5400000e+00	   2.0950000e+03	
   1.0000000e+00	   2.8000000e+01	   2.0800000e+02	   3.9000000e-01	   2.2270000e+03	
   1.0000000e+00	   2.9000000e+01	   3.0100000e+02	   2.1800000e+00	   4.4280000e+03	
   1.0000000e+00	   3.0000000e+01	   2.1000000e+02	   1.3500000e+00	   2.2610000e+03	
   1.0000000e+00	   3.1000000e+01	   2.0700000e+02	   2.9200000e+00	   3.4270000e+03	
   1.0000000e+00	   3.2000000e+01	   1.0600000e+02	   3.7000000e+00	   1.9950000e+03	
   1.0000000e+00	   3.3000000e+01	   3.0300000e+02	   9.6000000e-01	   6.1250000e+03	
   1.0000000e+00	   3.4000000e+01	   3.0700000e+02	   8.9000000e-01	   2.2600000e+03	
   1.0000000e+00	   3.5000000e+01	   2.0400000e+02	   3.0800000e+00	   3.5590000e+03	
   1.0000000e+00	   3.6000000e+01	   1.0400000e+02	   3.8700000e+00	   3.5940000e+03	
   1.0000000e+00	   3.7000000e+01	   2.0500000e+02	   1.6300000e+00	   2.4950000e+03	
   1.0000000e+00	   3.8000000e+01	   1.0200000e+02	   3.1600000e+00	   2.2270000e+03	
   1.0000000e+00	   3.9000000e+01	   3.0400000e+02	   1.5600000e+00	   1.9600000e+03	
   1.0000000e+00	   4.0000000e+01	   1.0100000e+02	   3.4900000e+00	   2.6600000e+03	
   1.0000000e+00	   4.1000000e+01	   2.0200000e+02	   2.5200000e+00	   3.6590000e+03	
   1.0000000e+00	   4.2000000e+01	   3.0900000e+02	   3.0600000e+00	   1.9930000e+03	
   1.0000000e+00	   4.3000000e+01	   3.0800000e+02	   1.4600000e+00	   3.2260000e+03	
   1.0000000e+00	   4.4000000e+01	   3.0600000e+02	   1.3000000e+00	   2.3950000e+03	
   1.0000000e+00	   4.5000000e+01	   3.0500000e+02	   2.5000000e+00	   4.2250000e+03	
   2.0000000e+00	   1.0000000e+00	   2.1400000e+02	   2.1100000e+00	   3.3910000e+03	
   2.0000000e+00	   2.0000000e+00	   1.1500000e+02	   4.1000000e+00	   5.1260000e+03	
   2.0000000e+00	   3.0000000e+00	   3.0200000e+02	   8.9000000e-01	   1.9280000e+03	
   2.0000000e+00	   4.0000000e+00	   3.0500000e+02	   2.5000000e+00	   2.2610000e+03	
   2.0000000e+00	   5.0000000e+00	   3.0700000e+02	   1.8100000e+00	   1.8620000e+03	
   2.0000000e+00	   6.0000000e+00	   2.0400000e+02	   2.7800000e+00	   2.3280000e+03	
   2.0000000e+00	   7.0000000e+00	   1.1200000e+02	   2.7700000e+00	   1.7940000e+03	
   2.0000000e+00	   8.0000000e+00	   2.0600000e+02	   6.0000000e-02	   1.8950000e+03	
   2.0000000e+00	   9.0000000e+00	   2.0200000e+02	   2.0400000e+00	   1.4940000e+03	
   2.0000000e+00	   1.0000000e+01	   2.1000000e+02	   4.7000000e-01	   3.3290000e+03	
   2.0000000e+00	   1.1000000e+01	   1.1000000e+02	   4.6500000e+00	   3.4600000e+03	
   2.0000000e+00	   1.2000000e+01	   3.0900000e+02	   3.2700000e+00	   7.5590000e+03	
   2.0000000e+00	   1.3000000e+01	   1.0400000e+02	   3.7100000e+00	   2.6290000e+03	
   2.0000000e+00	   1.4000000e+01	   1.1300000e+02	   4.0500000e+00	   2.8270000e+03	
   2.0000000e+00	   1.5000000e+01	   3.0100000e+02	   1.7200000e+00	   1.9620000e+03	
   2.0000000e+00	   1.6000000e+01	   2.1300000e+02	   1.7000000e-01	   2.2600000e+03	
   2.0000000e+00	   1.7000000e+01	   1.0300000e+02	   3.0800000e+00	   3.2290000e+03	
   2.0000000e+00	   1.8000000e+01	   2.1500000e+02	   3.6800000e+00	   2.1280000e+03	
   2.0000000e+00	   1.9000000e+01	   1.1400000e+02	   3.6200000e+00	   3.8600000e+03	
   2.0000000e+00	   2.0000000e+01	   3.0600000e+02	   1.3800000e+00	   1.7610000e+03	
   2.0000000e+00	   2.1000000e+01	   3.0800000e+02	   6.8000000e-01	   2.0620000e+03	
   2.0000000e+00	   2.2000000e+01	   1.1600000e+02	   3.1600000e+00	   3.2610000e+03	
   2.0000000e+00	   2.3000000e+01	   1.0100000e+02	   3.0800000e+00	   1.7940000e+03	
   2.0000000e+00	   2.4000000e+01	   1.0600000e+02	   3.6600000e+00	   1.7950000e+03	
   2.0000000e+00	   2.5000000e+01	   1.0500000e+02	   4.6200000e+00	   3.2940000e+03	
   2.0000000e+00	   2.6000000e+01	   2.0100000e+02	   2.0900000e+00	   3.0950000e+03	
   2.0000000e+00	   2.7000000e+01	   3.0400000e+02	   9.9000000e-01	   1.3610000e+03	
   2.0000000e+00	   2.8000000e+01	   1.0700000e+02	   4.3700000e+00	   2.1610000e+03	
   2.0000000e+00	   2.9000000e+01	   2.0500000e+02	   1.5200000e+00	   1.3950000e+03	
   2.0000000e+00	   3.0000000e+01	   3.1100000e+02	   1.2500000e+00	   1.4940000e+03	
   2.0000000e+00	   3.1000000e+01	   3.1200000e+02	   7.2000000e-01	   1.8960000e+03	
   2.0000000e+00	   3.2000000e+01	   2.0900000e+02	   2.2200000e+00	   1.4940000e+03	
   2.0000000e+00	   3.3000000e+01	   2.0300000e+02	   1.7900000e+00	   1.8950000e+03	
   2.0000000e+00	   3.4000000e+01	   1.1100000e+02	   4.6600000e+00	   3.7940000e+03	
   2.0000000e+00	   3.5000000e+01	   2.1200000e+02	   1.2900000e+00	   1.9280000e+03	
   2.0000000e+00	   3.6000000e+01	   1.0800000e+02	   1.9600000e+00	   1.3950000e+03	
   2.0000000e+00	   3.7000000e+01	   2.0700000e+02	   3.3700000e+00	   1.4610000e+03	
   2.0000000e+00	   3.8000000e+01	   2.0800000e+02	   3.4000000e-01	   1.4950000e+03	
   2.0000000e+00	   3.9000000e+01	   2.1100000e+02	   1.7700000e+00	   1.2280000e+03	
   2.0000000e+00	   4.0000000e+01	   3.1000000e+02	   1.0600000e+00	   1.6940000e+03	
   2.0000000e+00	   4.1000000e+01	   3.1400000e+02	   1.8800000e+00	   2.4960000e+03	
   2.0000000e+00	   4.2000000e+01	   1.0900000e+02	   5.0000000e+00	   1.3280000e+03	
   2.0000000e+00	   4.3000000e+01	   3.0300000e+02	   3.8000000e-01	   2.1940000e+03	
   2.0000000e+00	   4.4000000e+01	   3.1300000e+02	   8.1000000e-01	   1.6280000e+03	
   2.0000000e+00	   4.5000000e+01	   1.0200000e+02	   3.1100000e+00	   1.8940000e+03	
