   1.0100000e+02	   1.1300000e+02	   2.0200000e+02	   5.0000000e+00	   3.0000000e+00	   3.2850000e+00	   3.9200000e+00	   2.2800000e+00	   3.0000000e+00	   2.0000000e+00	   1.0000000e+00	   2.0000000e+00	   6.0900000e+02	
   1.1300000e+02	   2.0700000e+02	   3.0100000e+02	   1.0000000e+01	   4.0000000e+00	   3.9200000e+00	   3.1450000e+00	   1.9500000e+00	   3.0000000e+00	   2.0000000e+00	   1.0000000e+00	   3.0000000e+00	   1.0870000e+03	
   1.0700000e+02	   1.1500000e+02	   1.1600000e+02	   3.0000000e+00	   2.0000000e+00	   4.0450000e+00	   3.7550000e+00	   2.9600000e+00	   1.0000000e+00	   3.0000000e+00	   2.0000000e+00	   3.0000000e+00	   1.5540000e+03	
   1.0500000e+02	   2.0700000e+02	   2.0100000e+02	   4.0000000e+00	   5.0000000e+00	   4.5950000e+00	   3.1450000e+00	   1.8250000e+00	   1.0000000e+00	   3.0000000e+00	   2.0000000e+00	   1.0000000e+00	   1.6730000e+03	
   1.0500000e+02	   1.0600000e+02	   2.0200000e+02	   5.0000000e+00	   4.0000000e+00	   4.5950000e+00	   3.6800000e+00	   2.2800000e+00	   1.0000000e+00	   2.0000000e+00	   3.0000000e+00	   1.0000000e+00	   2.1700000e+03	
   1.0300000e+02	   2.1500000e+02	   3.0600000e+02	   1.2000000e+01	   1.0000000e+00	   3.1600000e+00	   3.2450000e+00	   1.3400000e+00	   1.0000000e+00	   3.0000000e+00	   2.0000000e+00	   3.0000000e+00	   1.9290000e+03	
   1.0400000e+02	   1.0900000e+02	   3.0600000e+02	   1.2000000e+01	   4.0000000e+00	   3.7900000e+00	   4.8350000e+00	   1.3400000e+00	   3.0000000e+00	   1.0000000e+00	   2.0000000e+00	   1.0000000e+00	   2.2970000e+03	
   1.0400000e+02	   1.0700000e+02	   3.0100000e+02	   1.0000000e+01	   2.0000000e+00	   3.7900000e+00	   4.0450000e+00	   1.9500000e+00	   1.0000000e+00	   2.0000000e+00	   3.0000000e+00	   2.0000000e+00	   2.0630000e+03	
   1.1000000e+02	   1.1500000e+02	   3.0100000e+02	   1.0000000e+01	   4.0000000e+00	   4.6150000e+00	   3.7550000e+00	   1.9500000e+00	   2.0000000e+00	   3.0000000e+00	   1.0000000e+00	   2.0000000e+00	   2.2290000e+03	
   1.1100000e+02	   1.1500000e+02	   3.0800000e+02	   1.3000000e+01	   4.0000000e+00	   4.5350000e+00	   3.7550000e+00	   1.0700000e+00	   3.0000000e+00	   1.0000000e+00	   2.0000000e+00	   3.0000000e+00	   1.5520000e+03	
   1.0600000e+02	   2.1500000e+02	   1.0800000e+02	   1.0000000e+00	   2.0000000e+00	   3.6800000e+00	   3.2450000e+00	   2.1150000e+00	   3.0000000e+00	   2.0000000e+00	   1.0000000e+00	   3.0000000e+00	   1.6910000e+03	
   1.1100000e+02	   1.1500000e+02	   2.0100000e+02	   4.0000000e+00	   4.0000000e+00	   4.5350000e+00	   3.7550000e+00	   1.8250000e+00	   2.0000000e+00	   3.0000000e+00	   1.0000000e+00	   2.0000000e+00	   1.7430000e+03	
   1.0500000e+02	   2.1500000e+02	   2.1300000e+02	   9.0000000e+00	   5.0000000e+00	   4.5950000e+00	   3.2450000e+00	   1.0500000e-01	   2.0000000e+00	   1.0000000e+00	   3.0000000e+00	   2.0000000e+00	   1.9030000e+03	
   1.0500000e+02	   1.0700000e+02	   1.0800000e+02	   1.0000000e+00	   3.0000000e+00	   4.5950000e+00	   4.0450000e+00	   2.1150000e+00	   3.0000000e+00	   2.0000000e+00	   1.0000000e+00	   3.0000000e+00	   1.7220000e+03	
   1.0600000e+02	   1.0900000e+02	   2.0800000e+02	   7.0000000e+00	   4.0000000e+00	   3.6800000e+00	   4.8350000e+00	   3.6500000e-01	   1.0000000e+00	   3.0000000e+00	   2.0000000e+00	   3.0000000e+00	   1.8820000e+03	
   1.0100000e+02	   1.0700000e+02	   2.1300000e+02	   9.0000000e+00	   3.0000000e+00	   3.2850000e+00	   4.0450000e+00	   1.0500000e-01	   3.0000000e+00	   2.0000000e+00	   1.0000000e+00	   2.0000000e+00	   2.8640000e+03	
   1.0100000e+02	   1.0700000e+02	   3.0200000e+02	   1.1000000e+01	   3.0000000e+00	   3.2850000e+00	   4.0450000e+00	   8.1000000e-01	   2.0000000e+00	   1.0000000e+00	   3.0000000e+00	   1.0000000e+00	   1.8860000e+03	
   1.0700000e+02	   2.1500000e+02	   1.1600000e+02	   3.0000000e+00	   4.0000000e+00	   4.0450000e+00	   3.2450000e+00	   2.9600000e+00	   3.0000000e+00	   1.0000000e+00	   2.0000000e+00	   3.0000000e+00	   1.6770000e+03	
   1.0900000e+02	   3.0900000e+02	   1.1600000e+02	   3.0000000e+00	   5.0000000e+00	   4.8350000e+00	   3.1650000e+00	   2.9600000e+00	   2.0000000e+00	   1.0000000e+00	   3.0000000e+00	   2.0000000e+00	   1.3400000e+03	
   1.0100000e+02	   1.0700000e+02	   3.1300000e+02	   1.5000000e+01	   3.0000000e+00	   3.2850000e+00	   4.0450000e+00	   1.1600000e+00	   3.0000000e+00	   1.0000000e+00	   2.0000000e+00	   1.0000000e+00	   1.9490000e+03	
   1.0500000e+02	   1.1000000e+02	   2.0100000e+02	   4.0000000e+00	   1.0000000e+00	   4.5950000e+00	   4.6150000e+00	   1.8250000e+00	   3.0000000e+00	   1.0000000e+00	   2.0000000e+00	   1.0000000e+00	   1.7120000e+03	
   1.0400000e+02	   3.0900000e+02	   2.1200000e+02	   8.0000000e+00	   3.0000000e+00	   3.7900000e+00	   3.1650000e+00	   1.5200000e+00	   2.0000000e+00	   1.0000000e+00	   3.0000000e+00	   2.0000000e+00	   3.4250000e+03	
   1.0300000e+02	   3.0900000e+02	   1.0800000e+02	   1.0000000e+00	   1.0000000e+00	   3.1600000e+00	   3.1650000e+00	   2.1150000e+00	   3.0000000e+00	   2.0000000e+00	   1.0000000e+00	   3.0000000e+00	   1.9800000e+03	
   1.0500000e+02	   3.0900000e+02	   2.0100000e+02	   4.0000000e+00	   5.0000000e+00	   4.5950000e+00	   3.1650000e+00	   1.8250000e+00	   2.0000000e+00	   1.0000000e+00	   3.0000000e+00	   2.0000000e+00	   1.3020000e+03	
   1.0700000e+02	   1.1100000e+02	   3.0600000e+02	   1.2000000e+01	   2.0000000e+00	   4.0450000e+00	   4.5350000e+00	   1.3400000e+00	   2.0000000e+00	   3.0000000e+00	   1.0000000e+00	   3.0000000e+00	   2.1700000e+03	
   1.1300000e+02	   1.1500000e+02	   3.0200000e+02	   1.1000000e+01	   1.0000000e+00	   3.9200000e+00	   3.7550000e+00	   8.1000000e-01	   2.0000000e+00	   3.0000000e+00	   1.0000000e+00	   2.0000000e+00	   2.9230000e+03	
   1.0700000e+02	   2.1500000e+02	   1.0800000e+02	   1.0000000e+00	   4.0000000e+00	   4.0450000e+00	   3.2450000e+00	   2.1150000e+00	   3.0000000e+00	   1.0000000e+00	   2.0000000e+00	   3.0000000e+00	   1.9060000e+03	
   1.0700000e+02	   1.1400000e+02	   3.0100000e+02	   1.0000000e+01	   3.0000000e+00	   4.0450000e+00	   3.3700000e+00	   1.9500000e+00	   2.0000000e+00	   1.0000000e+00	   3.0000000e+00	   2.0000000e+00	   1.9500000e+03	
   2.0700000e+02	   2.1500000e+02	   3.1300000e+02	   1.5000000e+01	   1.0000000e+00	   3.1450000e+00	   3.2450000e+00	   1.1600000e+00	   1.0000000e+00	   2.0000000e+00	   3.0000000e+00	   2.0000000e+00	   2.6340000e+03	
   1.0700000e+02	   1.1300000e+02	   1.1200000e+02	   2.0000000e+00	   1.0000000e+00	   4.0450000e+00	   3.9200000e+00	   2.7300000e+00	   2.0000000e+00	   1.0000000e+00	   3.0000000e+00	   1.0000000e+00	   1.4510000e+03	
   1.0100000e+02	   2.0700000e+02	   1.0800000e+02	   1.0000000e+00	   1.0000000e+00	   3.2850000e+00	   3.1450000e+00	   2.1150000e+00	   1.0000000e+00	   3.0000000e+00	   2.0000000e+00	   1.0000000e+00	   1.5330000e+03	
   1.1100000e+02	   3.0900000e+02	   3.0200000e+02	   1.1000000e+01	   5.0000000e+00	   4.5350000e+00	   3.1650000e+00	   8.1000000e-01	   2.0000000e+00	   1.0000000e+00	   3.0000000e+00	   2.0000000e+00	   1.6290000e+03	
   1.0300000e+02	   1.1300000e+02	   3.0600000e+02	   1.2000000e+01	   3.0000000e+00	   3.1600000e+00	   3.9200000e+00	   1.3400000e+00	   3.0000000e+00	   1.0000000e+00	   2.0000000e+00	   1.0000000e+00	   1.3370000e+03	
   1.0100000e+02	   2.0700000e+02	   1.1200000e+02	   2.0000000e+00	   1.0000000e+00	   3.2850000e+00	   3.1450000e+00	   2.7300000e+00	   2.0000000e+00	   3.0000000e+00	   1.0000000e+00	   2.0000000e+00	   1.8390000e+03	
   1.0100000e+02	   1.0600000e+02	   2.0500000e+02	   6.0000000e+00	   2.0000000e+00	   3.2850000e+00	   3.6800000e+00	   1.5750000e+00	   1.0000000e+00	   2.0000000e+00	   3.0000000e+00	   2.0000000e+00	   1.8070000e+03	
   1.0300000e+02	   1.0400000e+02	   3.0800000e+02	   1.3000000e+01	   3.0000000e+00	   3.1600000e+00	   3.7900000e+00	   1.0700000e+00	   2.0000000e+00	   3.0000000e+00	   1.0000000e+00	   2.0000000e+00	   2.0410000e+03	
   1.0500000e+02	   1.1400000e+02	   2.1300000e+02	   9.0000000e+00	   4.0000000e+00	   4.5950000e+00	   3.3700000e+00	   1.0500000e-01	   2.0000000e+00	   1.0000000e+00	   3.0000000e+00	   2.0000000e+00	   1.5910000e+03	
   1.0600000e+02	   1.1100000e+02	   2.0200000e+02	   5.0000000e+00	   4.0000000e+00	   3.6800000e+00	   4.5350000e+00	   2.2800000e+00	   3.0000000e+00	   1.0000000e+00	   2.0000000e+00	   1.0000000e+00	   2.6430000e+03	
   1.0300000e+02	   1.0400000e+02	   3.0100000e+02	   1.0000000e+01	   3.0000000e+00	   3.1600000e+00	   3.7900000e+00	   1.9500000e+00	   1.0000000e+00	   3.0000000e+00	   2.0000000e+00	   1.0000000e+00	   3.5020000e+03	
   1.0100000e+02	   1.1100000e+02	   3.1300000e+02	   1.5000000e+01	   5.0000000e+00	   3.2850000e+00	   4.5350000e+00	   1.1600000e+00	   3.0000000e+00	   1.0000000e+00	   2.0000000e+00	   1.0000000e+00	   1.6280000e+03	
   1.0100000e+02	   1.0400000e+02	   2.0100000e+02	   4.0000000e+00	   2.0000000e+00	   3.2850000e+00	   3.7900000e+00	   1.8250000e+00	   2.0000000e+00	   1.0000000e+00	   3.0000000e+00	   2.0000000e+00	   2.0150000e+03	
   1.1300000e+02	   1.1400000e+02	   3.0600000e+02	   1.2000000e+01	   3.0000000e+00	   3.9200000e+00	   3.3700000e+00	   1.3400000e+00	   2.0000000e+00	   1.0000000e+00	   3.0000000e+00	   2.0000000e+00	   1.7490000e+03	
   1.0300000e+02	   1.0700000e+02	   1.0800000e+02	   1.0000000e+00	   4.0000000e+00	   3.1600000e+00	   4.0450000e+00	   2.1150000e+00	   2.0000000e+00	   1.0000000e+00	   3.0000000e+00	   1.0000000e+00	   2.0090000e+03	
   1.0500000e+02	   1.0900000e+02	   2.0200000e+02	   5.0000000e+00	   2.0000000e+00	   4.5950000e+00	   4.8350000e+00	   2.2800000e+00	   1.0000000e+00	   2.0000000e+00	   3.0000000e+00	   2.0000000e+00	   1.6430000e+03	
   1.1400000e+02	   1.1500000e+02	   3.0200000e+02	   1.1000000e+01	   2.0000000e+00	   3.3700000e+00	   3.7550000e+00	   8.1000000e-01	   1.0000000e+00	   2.0000000e+00	   3.0000000e+00	   2.0000000e+00	   2.1480000e+03	
   1.1100000e+02	   2.0700000e+02	   2.0500000e+02	   6.0000000e+00	   5.0000000e+00	   4.5350000e+00	   3.1450000e+00	   1.5750000e+00	   1.0000000e+00	   3.0000000e+00	   2.0000000e+00	   1.0000000e+00	   1.3470000e+03	
   1.0100000e+02	   1.0500000e+02	   3.0100000e+02	   1.0000000e+01	   5.0000000e+00	   3.2850000e+00	   4.5950000e+00	   1.9500000e+00	   3.0000000e+00	   2.0000000e+00	   1.0000000e+00	   2.0000000e+00	   1.2740000e+03	
   1.0300000e+02	   1.0700000e+02	   2.1300000e+02	   9.0000000e+00	   4.0000000e+00	   3.1600000e+00	   4.0450000e+00	   1.0500000e-01	   1.0000000e+00	   2.0000000e+00	   3.0000000e+00	   2.0000000e+00	   1.0650000e+03	
   1.0700000e+02	   1.1000000e+02	   3.0100000e+02	   1.0000000e+01	   3.0000000e+00	   4.0450000e+00	   4.6150000e+00	   1.9500000e+00	   2.0000000e+00	   1.0000000e+00	   3.0000000e+00	   2.0000000e+00	   9.6000000e+02	
   1.1400000e+02	   3.0900000e+02	   2.0800000e+02	   7.0000000e+00	   2.0000000e+00	   3.3700000e+00	   3.1650000e+00	   3.6500000e-01	   1.0000000e+00	   2.0000000e+00	   3.0000000e+00	   1.0000000e+00	   1.4810000e+03	
   1.1100000e+02	   1.1300000e+02	   2.0800000e+02	   7.0000000e+00	   3.0000000e+00	   4.5350000e+00	   3.9200000e+00	   3.6500000e-01	   3.0000000e+00	   2.0000000e+00	   1.0000000e+00	   3.0000000e+00	   1.1250000e+03	
   1.0500000e+02	   1.0900000e+02	   2.0800000e+02	   7.0000000e+00	   2.0000000e+00	   4.5950000e+00	   4.8350000e+00	   3.6500000e-01	   3.0000000e+00	   1.0000000e+00	   2.0000000e+00	   1.0000000e+00	   1.0310000e+03	
   1.0400000e+02	   2.0700000e+02	   2.1200000e+02	   8.0000000e+00	   3.0000000e+00	   3.7900000e+00	   3.1450000e+00	   1.5200000e+00	   1.0000000e+00	   3.0000000e+00	   2.0000000e+00	   2.0000000e+00	   1.4620000e+03	
   1.0100000e+02	   3.0900000e+02	   1.1600000e+02	   3.0000000e+00	   1.0000000e+00	   3.2850000e+00	   3.1650000e+00	   2.9600000e+00	   2.0000000e+00	   1.0000000e+00	   3.0000000e+00	   3.0000000e+00	   2.2490000e+03	
   1.0300000e+02	   2.0700000e+02	   2.0200000e+02	   5.0000000e+00	   1.0000000e+00	   3.1600000e+00	   3.1450000e+00	   2.2800000e+00	   1.0000000e+00	   2.0000000e+00	   3.0000000e+00	   1.0000000e+00	   1.5410000e+03	
   1.0600000e+02	   2.1500000e+02	   3.0200000e+02	   1.1000000e+01	   2.0000000e+00	   3.6800000e+00	   3.2450000e+00	   8.1000000e-01	   2.0000000e+00	   3.0000000e+00	   1.0000000e+00	   2.0000000e+00	   2.2970000e+03	
   1.0700000e+02	   1.1300000e+02	   2.0200000e+02	   5.0000000e+00	   1.0000000e+00	   4.0450000e+00	   3.9200000e+00	   2.2800000e+00	   3.0000000e+00	   2.0000000e+00	   1.0000000e+00	   2.0000000e+00	   9.6800000e+02	
   1.1000000e+02	   3.0900000e+02	   3.1200000e+02	   1.4000000e+01	   5.0000000e+00	   4.6150000e+00	   3.1650000e+00	   1.2100000e+00	   3.0000000e+00	   1.0000000e+00	   2.0000000e+00	   1.0000000e+00	   1.2200000e+03	
   1.1100000e+02	   3.0900000e+02	   2.0500000e+02	   6.0000000e+00	   5.0000000e+00	   4.5350000e+00	   3.1650000e+00	   1.5750000e+00	   1.0000000e+00	   2.0000000e+00	   3.0000000e+00	   1.0000000e+00	   1.3110000e+03	
   1.0300000e+02	   1.0400000e+02	   3.0200000e+02	   1.1000000e+01	   3.0000000e+00	   3.1600000e+00	   3.7900000e+00	   8.1000000e-01	   2.0000000e+00	   3.0000000e+00	   1.0000000e+00	   2.0000000e+00	   1.5980000e+03	
   1.0500000e+02	   1.1100000e+02	   2.1200000e+02	   8.0000000e+00	   1.0000000e+00	   4.5950000e+00	   4.5350000e+00	   1.5200000e+00	   2.0000000e+00	   1.0000000e+00	   3.0000000e+00	   1.0000000e+00	   1.4570000e+03	
   1.0500000e+02	   2.0700000e+02	   3.0800000e+02	   1.3000000e+01	   5.0000000e+00	   4.5950000e+00	   3.1450000e+00	   1.0700000e+00	   2.0000000e+00	   3.0000000e+00	   1.0000000e+00	   2.0000000e+00	   1.5020000e+03	
   1.0700000e+02	   1.1500000e+02	   3.0800000e+02	   1.3000000e+01	   2.0000000e+00	   4.0450000e+00	   3.7550000e+00	   1.0700000e+00	   3.0000000e+00	   2.0000000e+00	   1.0000000e+00	   3.0000000e+00	   1.7140000e+03	
   1.0600000e+02	   1.1500000e+02	   2.1300000e+02	   9.0000000e+00	   1.0000000e+00	   3.6800000e+00	   3.7550000e+00	   1.0500000e-01	   1.0000000e+00	   3.0000000e+00	   2.0000000e+00	   3.0000000e+00	   1.5320000e+03	
   1.0400000e+02	   2.0700000e+02	   2.0500000e+02	   6.0000000e+00	   3.0000000e+00	   3.7900000e+00	   3.1450000e+00	   1.5750000e+00	   3.0000000e+00	   1.0000000e+00	   2.0000000e+00	   3.0000000e+00	   2.3280000e+03	
   1.0700000e+02	   2.1500000e+02	   2.0100000e+02	   4.0000000e+00	   4.0000000e+00	   4.0450000e+00	   3.2450000e+00	   1.8250000e+00	   2.0000000e+00	   1.0000000e+00	   3.0000000e+00	   2.0000000e+00	   1.4950000e+03	
   1.0500000e+02	   1.1100000e+02	   1.1600000e+02	   3.0000000e+00	   1.0000000e+00	   4.5950000e+00	   4.5350000e+00	   2.9600000e+00	   3.0000000e+00	   1.0000000e+00	   2.0000000e+00	   3.0000000e+00	   1.2170000e+03	
   1.1100000e+02	   1.1300000e+02	   2.0200000e+02	   5.0000000e+00	   3.0000000e+00	   4.5350000e+00	   3.9200000e+00	   2.2800000e+00	   1.0000000e+00	   2.0000000e+00	   3.0000000e+00	   1.0000000e+00	   1.2230000e+03	
   1.1000000e+02	   3.0900000e+02	   3.0600000e+02	   1.2000000e+01	   5.0000000e+00	   4.6150000e+00	   3.1650000e+00	   1.3400000e+00	   2.0000000e+00	   3.0000000e+00	   1.0000000e+00	   2.0000000e+00	   1.5190000e+03	
   2.1500000e+02	   3.0900000e+02	   3.1300000e+02	   1.5000000e+01	   1.0000000e+00	   3.2450000e+00	   3.1650000e+00	   1.1600000e+00	   3.0000000e+00	   2.0000000e+00	   1.0000000e+00	   3.0000000e+00	   1.4670000e+03	
   1.0100000e+02	   1.0900000e+02	   2.0100000e+02	   4.0000000e+00	   5.0000000e+00	   3.2850000e+00	   4.8350000e+00	   1.8250000e+00	   3.0000000e+00	   1.0000000e+00	   2.0000000e+00	   1.0000000e+00	   7.7300000e+02	
   1.0700000e+02	   2.0700000e+02	   2.1300000e+02	   9.0000000e+00	   4.0000000e+00	   4.0450000e+00	   3.1450000e+00	   1.0500000e-01	   3.0000000e+00	   1.0000000e+00	   2.0000000e+00	   3.0000000e+00	   1.1840000e+03	
   1.0900000e+02	   1.1500000e+02	   2.0200000e+02	   5.0000000e+00	   4.0000000e+00	   4.8350000e+00	   3.7550000e+00	   2.2800000e+00	   2.0000000e+00	   3.0000000e+00	   1.0000000e+00	   2.0000000e+00	   9.2100000e+02	
   1.0500000e+02	   1.0900000e+02	   3.0200000e+02	   1.1000000e+01	   2.0000000e+00	   4.5950000e+00	   4.8350000e+00	   8.1000000e-01	   1.0000000e+00	   2.0000000e+00	   3.0000000e+00	   2.0000000e+00	   7.8900000e+02	
   1.0600000e+02	   1.1400000e+02	   3.1300000e+02	   1.5000000e+01	   2.0000000e+00	   3.6800000e+00	   3.3700000e+00	   1.1600000e+00	   2.0000000e+00	   3.0000000e+00	   1.0000000e+00	   3.0000000e+00	   2.7210000e+03	
   1.0600000e+02	   3.0900000e+02	   2.0200000e+02	   5.0000000e+00	   2.0000000e+00	   3.6800000e+00	   3.1650000e+00	   2.2800000e+00	   3.0000000e+00	   1.0000000e+00	   2.0000000e+00	   3.0000000e+00	   1.6260000e+03	
   1.1500000e+02	   3.0900000e+02	   3.1300000e+02	   1.5000000e+01	   3.0000000e+00	   3.7550000e+00	   3.1650000e+00	   1.1600000e+00	   3.0000000e+00	   1.0000000e+00	   2.0000000e+00	   3.0000000e+00	   1.3440000e+03	
   1.1400000e+02	   2.0700000e+02	   2.1200000e+02	   8.0000000e+00	   2.0000000e+00	   3.3700000e+00	   3.1450000e+00	   1.5200000e+00	   1.0000000e+00	   2.0000000e+00	   3.0000000e+00	   1.0000000e+00	   1.3740000e+03	
   1.0100000e+02	   3.0900000e+02	   3.0800000e+02	   1.3000000e+01	   1.0000000e+00	   3.2850000e+00	   3.1650000e+00	   1.0700000e+00	   1.0000000e+00	   2.0000000e+00	   3.0000000e+00	   1.0000000e+00	   1.5910000e+03	
   1.1000000e+02	   1.1400000e+02	   2.0800000e+02	   7.0000000e+00	   4.0000000e+00	   4.6150000e+00	   3.3700000e+00	   3.6500000e-01	   2.0000000e+00	   3.0000000e+00	   1.0000000e+00	   2.0000000e+00	   1.7110000e+03	
   1.0600000e+02	   1.1500000e+02	   2.0500000e+02	   6.0000000e+00	   1.0000000e+00	   3.6800000e+00	   3.7550000e+00	   1.5750000e+00	   2.0000000e+00	   1.0000000e+00	   3.0000000e+00	   1.0000000e+00	   1.5210000e+03	
   1.1000000e+02	   3.0900000e+02	   1.1600000e+02	   3.0000000e+00	   5.0000000e+00	   4.6150000e+00	   3.1650000e+00	   2.9600000e+00	   1.0000000e+00	   2.0000000e+00	   3.0000000e+00	   1.0000000e+00	   1.3080000e+03	
   1.1300000e+02	   2.1500000e+02	   3.0800000e+02	   1.3000000e+01	   3.0000000e+00	   3.9200000e+00	   3.2450000e+00	   1.0700000e+00	   3.0000000e+00	   1.0000000e+00	   2.0000000e+00	   3.0000000e+00	   1.5590000e+03	
   1.0100000e+02	   1.0400000e+02	   2.0800000e+02	   7.0000000e+00	   2.0000000e+00	   3.2850000e+00	   3.7900000e+00	   3.6500000e-01	   2.0000000e+00	   3.0000000e+00	   1.0000000e+00	   2.0000000e+00	   1.7950000e+03	
   1.0300000e+02	   1.1500000e+02	   2.0500000e+02	   6.0000000e+00	   3.0000000e+00	   3.1600000e+00	   3.7550000e+00	   1.5750000e+00	   3.0000000e+00	   1.0000000e+00	   2.0000000e+00	   1.0000000e+00	   1.2080000e+03	
   1.0400000e+02	   1.1500000e+02	   2.0800000e+02	   7.0000000e+00	   1.0000000e+00	   3.7900000e+00	   3.7550000e+00	   3.6500000e-01	   2.0000000e+00	   1.0000000e+00	   3.0000000e+00	   1.0000000e+00	   1.1540000e+03	
   1.0300000e+02	   1.0500000e+02	   1.1600000e+02	   3.0000000e+00	   5.0000000e+00	   3.1600000e+00	   4.5950000e+00	   2.9600000e+00	   3.0000000e+00	   2.0000000e+00	   1.0000000e+00	   1.0000000e+00	   1.5000000e+03	
   1.0600000e+02	   1.0900000e+02	   3.0600000e+02	   1.2000000e+01	   4.0000000e+00	   3.6800000e+00	   4.8350000e+00	   1.3400000e+00	   3.0000000e+00	   1.0000000e+00	   2.0000000e+00	   1.0000000e+00	   9.2500000e+02	
   1.1300000e+02	   2.1500000e+02	   2.1300000e+02	   9.0000000e+00	   3.0000000e+00	   3.9200000e+00	   3.2450000e+00	   1.0500000e-01	   3.0000000e+00	   2.0000000e+00	   1.0000000e+00	   3.0000000e+00	   1.3130000e+03	
   1.1300000e+02	   2.0700000e+02	   2.1200000e+02	   8.0000000e+00	   4.0000000e+00	   3.9200000e+00	   3.1450000e+00	   1.5200000e+00	   3.0000000e+00	   2.0000000e+00	   1.0000000e+00	   3.0000000e+00	   1.0260000e+03	
   1.0300000e+02	   1.1300000e+02	   2.0200000e+02	   5.0000000e+00	   3.0000000e+00	   3.1600000e+00	   3.9200000e+00	   2.2800000e+00	   1.0000000e+00	   2.0000000e+00	   3.0000000e+00	   1.0000000e+00	   9.6900000e+02	
   1.0600000e+02	   2.1500000e+02	   1.1200000e+02	   2.0000000e+00	   2.0000000e+00	   3.6800000e+00	   3.2450000e+00	   2.7300000e+00	   3.0000000e+00	   1.0000000e+00	   2.0000000e+00	   2.0000000e+00	   1.7320000e+03	
   1.1500000e+02	   3.0900000e+02	   1.1600000e+02	   3.0000000e+00	   3.0000000e+00	   3.7550000e+00	   3.1650000e+00	   2.9600000e+00	   3.0000000e+00	   2.0000000e+00	   1.0000000e+00	   3.0000000e+00	   2.3080000e+03	
   1.0100000e+02	   1.1400000e+02	   3.0800000e+02	   1.3000000e+01	   1.0000000e+00	   3.2850000e+00	   3.3700000e+00	   1.0700000e+00	   2.0000000e+00	   1.0000000e+00	   3.0000000e+00	   1.0000000e+00	   1.2480000e+03	
   1.0500000e+02	   1.0700000e+02	   3.0100000e+02	   1.0000000e+01	   3.0000000e+00	   4.5950000e+00	   4.0450000e+00	   1.9500000e+00	   1.0000000e+00	   3.0000000e+00	   2.0000000e+00	   1.0000000e+00	   9.7300000e+02	
   1.1100000e+02	   1.1500000e+02	   2.1200000e+02	   8.0000000e+00	   4.0000000e+00	   4.5350000e+00	   3.7550000e+00	   1.5200000e+00	   3.0000000e+00	   2.0000000e+00	   1.0000000e+00	   3.0000000e+00	   1.5070000e+03	
   1.0700000e+02	   1.1400000e+02	   1.1200000e+02	   2.0000000e+00	   3.0000000e+00	   4.0450000e+00	   3.3700000e+00	   2.7300000e+00	   3.0000000e+00	   2.0000000e+00	   1.0000000e+00	   3.0000000e+00	   2.2950000e+03	
   1.1000000e+02	   1.1400000e+02	   3.0100000e+02	   1.0000000e+01	   4.0000000e+00	   4.6150000e+00	   3.3700000e+00	   1.9500000e+00	   2.0000000e+00	   1.0000000e+00	   3.0000000e+00	   2.0000000e+00	   1.6860000e+03	
   1.1500000e+02	   2.1500000e+02	   2.0800000e+02	   7.0000000e+00	   2.0000000e+00	   3.7550000e+00	   3.2450000e+00	   3.6500000e-01	   2.0000000e+00	   1.0000000e+00	   3.0000000e+00	   2.0000000e+00	   1.3660000e+03	
   1.0400000e+02	   1.0500000e+02	   2.1300000e+02	   9.0000000e+00	   4.0000000e+00	   3.7900000e+00	   4.5950000e+00	   1.0500000e-01	   2.0000000e+00	   3.0000000e+00	   1.0000000e+00	   3.0000000e+00	   2.0690000e+03	
   1.0500000e+02	   1.1000000e+02	   2.0500000e+02	   6.0000000e+00	   1.0000000e+00	   4.5950000e+00	   4.6150000e+00	   1.5750000e+00	   2.0000000e+00	   1.0000000e+00	   3.0000000e+00	   2.0000000e+00	   1.3420000e+03	
   1.0300000e+02	   1.0400000e+02	   2.0800000e+02	   7.0000000e+00	   3.0000000e+00	   3.1600000e+00	   3.7900000e+00	   3.6500000e-01	   2.0000000e+00	   1.0000000e+00	   3.0000000e+00	   2.0000000e+00	   1.3140000e+03	
   1.0100000e+02	   2.1500000e+02	   2.0500000e+02	   6.0000000e+00	   1.0000000e+00	   3.2850000e+00	   3.2450000e+00	   1.5750000e+00	   2.0000000e+00	   1.0000000e+00	   3.0000000e+00	   2.0000000e+00	   1.1620000e+03	
   1.1000000e+02	   1.1100000e+02	   2.0500000e+02	   6.0000000e+00	   1.0000000e+00	   4.6150000e+00	   4.5350000e+00	   1.5750000e+00	   3.0000000e+00	   1.0000000e+00	   2.0000000e+00	   1.0000000e+00	   1.0030000e+03	
   1.0400000e+02	   1.0600000e+02	   2.1200000e+02	   8.0000000e+00	   1.0000000e+00	   3.7900000e+00	   3.6800000e+00	   1.5200000e+00	   2.0000000e+00	   3.0000000e+00	   1.0000000e+00	   3.0000000e+00	   1.6080000e+03	
   1.0700000e+02	   3.0900000e+02	   3.0800000e+02	   1.3000000e+01	   4.0000000e+00	   4.0450000e+00	   3.1650000e+00	   1.0700000e+00	   3.0000000e+00	   2.0000000e+00	   1.0000000e+00	   3.0000000e+00	   1.1760000e+03	
   1.0400000e+02	   1.1500000e+02	   1.1200000e+02	   2.0000000e+00	   1.0000000e+00	   3.7900000e+00	   3.7550000e+00	   2.7300000e+00	   3.0000000e+00	   2.0000000e+00	   1.0000000e+00	   1.0000000e+00	   1.3870000e+03	
   1.0500000e+02	   1.1400000e+02	   1.1600000e+02	   3.0000000e+00	   4.0000000e+00	   4.5950000e+00	   3.3700000e+00	   2.9600000e+00	   3.0000000e+00	   1.0000000e+00	   2.0000000e+00	   3.0000000e+00	   1.1180000e+03	
   1.0300000e+02	   2.1500000e+02	   3.1300000e+02	   1.5000000e+01	   1.0000000e+00	   3.1600000e+00	   3.2450000e+00	   1.1600000e+00	   1.0000000e+00	   3.0000000e+00	   2.0000000e+00	   1.0000000e+00	   1.0870000e+03	
   1.0600000e+02	   3.0900000e+02	   3.0600000e+02	   1.2000000e+01	   2.0000000e+00	   3.6800000e+00	   3.1650000e+00	   1.3400000e+00	   3.0000000e+00	   1.0000000e+00	   2.0000000e+00	   3.0000000e+00	   1.2010000e+03	
   1.1100000e+02	   2.1500000e+02	   2.1300000e+02	   9.0000000e+00	   5.0000000e+00	   4.5350000e+00	   3.2450000e+00	   1.0500000e-01	   1.0000000e+00	   2.0000000e+00	   3.0000000e+00	   1.0000000e+00	   9.4900000e+02	
   1.0100000e+02	   1.1300000e+02	   2.0500000e+02	   6.0000000e+00	   3.0000000e+00	   3.2850000e+00	   3.9200000e+00	   1.5750000e+00	   2.0000000e+00	   3.0000000e+00	   1.0000000e+00	   3.0000000e+00	   1.0860000e+03	
   1.0600000e+02	   1.1100000e+02	   2.1200000e+02	   8.0000000e+00	   4.0000000e+00	   3.6800000e+00	   4.5350000e+00	   1.5200000e+00	   1.0000000e+00	   2.0000000e+00	   3.0000000e+00	   2.0000000e+00	   1.3560000e+03	
   1.0400000e+02	   1.1500000e+02	   1.0800000e+02	   1.0000000e+00	   1.0000000e+00	   3.7900000e+00	   3.7550000e+00	   2.1150000e+00	   2.0000000e+00	   1.0000000e+00	   3.0000000e+00	   1.0000000e+00	   1.2010000e+03	
   1.0100000e+02	   1.1000000e+02	   3.0100000e+02	   1.0000000e+01	   5.0000000e+00	   3.2850000e+00	   4.6150000e+00	   1.9500000e+00	   1.0000000e+00	   3.0000000e+00	   2.0000000e+00	   3.0000000e+00	   1.3150000e+03	
   1.1100000e+02	   1.1400000e+02	   3.0600000e+02	   1.2000000e+01	   4.0000000e+00	   4.5350000e+00	   3.3700000e+00	   1.3400000e+00	   2.0000000e+00	   3.0000000e+00	   1.0000000e+00	   2.0000000e+00	   2.5290000e+03	
   1.0100000e+02	   1.1000000e+02	   3.0200000e+02	   1.1000000e+01	   5.0000000e+00	   3.2850000e+00	   4.6150000e+00	   8.1000000e-01	   1.0000000e+00	   3.0000000e+00	   2.0000000e+00	   3.0000000e+00	   1.4290000e+03	
   1.1300000e+02	   2.1500000e+02	   2.1200000e+02	   8.0000000e+00	   3.0000000e+00	   3.9200000e+00	   3.2450000e+00	   1.5200000e+00	   3.0000000e+00	   1.0000000e+00	   2.0000000e+00	   3.0000000e+00	   9.3700000e+02	
   1.0700000e+02	   1.1300000e+02	   2.1200000e+02	   8.0000000e+00	   1.0000000e+00	   4.0450000e+00	   3.9200000e+00	   1.5200000e+00	   2.0000000e+00	   1.0000000e+00	   3.0000000e+00	   2.0000000e+00	   1.4590000e+03	
   1.0500000e+02	   3.0900000e+02	   2.0800000e+02	   7.0000000e+00	   5.0000000e+00	   4.5950000e+00	   3.1650000e+00	   3.6500000e-01	   2.0000000e+00	   1.0000000e+00	   3.0000000e+00	   2.0000000e+00	   1.0520000e+03	
   1.0300000e+02	   3.0900000e+02	   1.1600000e+02	   3.0000000e+00	   1.0000000e+00	   3.1600000e+00	   3.1650000e+00	   2.9600000e+00	   1.0000000e+00	   3.0000000e+00	   2.0000000e+00	   1.0000000e+00	   1.4340000e+03	
   1.1500000e+02	   2.1500000e+02	   1.1200000e+02	   2.0000000e+00	   2.0000000e+00	   3.7550000e+00	   3.2450000e+00	   2.7300000e+00	   1.0000000e+00	   3.0000000e+00	   2.0000000e+00	   1.0000000e+00	   1.2210000e+03	
   1.0600000e+02	   1.1400000e+02	   2.1300000e+02	   9.0000000e+00	   2.0000000e+00	   3.6800000e+00	   3.3700000e+00	   1.0500000e-01	   1.0000000e+00	   3.0000000e+00	   2.0000000e+00	   3.0000000e+00	   1.2550000e+03	
   1.0500000e+02	   1.1400000e+02	   2.0800000e+02	   7.0000000e+00	   4.0000000e+00	   4.5950000e+00	   3.3700000e+00	   3.6500000e-01	   3.0000000e+00	   2.0000000e+00	   1.0000000e+00	   3.0000000e+00	   1.0600000e+03	
   1.0700000e+02	   3.0900000e+02	   1.1200000e+02	   2.0000000e+00	   4.0000000e+00	   4.0450000e+00	   3.1650000e+00	   2.7300000e+00	   2.0000000e+00	   1.0000000e+00	   3.0000000e+00	   2.0000000e+00	   1.4590000e+03	
   1.1500000e+02	   2.0700000e+02	   2.0800000e+02	   7.0000000e+00	   3.0000000e+00	   3.7550000e+00	   3.1450000e+00	   3.6500000e-01	   2.0000000e+00	   1.0000000e+00	   3.0000000e+00	   2.0000000e+00	   1.1090000e+03	
   1.0100000e+02	   1.1100000e+02	   2.1200000e+02	   8.0000000e+00	   5.0000000e+00	   3.2850000e+00	   4.5350000e+00	   1.5200000e+00	   3.0000000e+00	   1.0000000e+00	   2.0000000e+00	   1.0000000e+00	   1.7770000e+03	
   1.1000000e+02	   1.1100000e+02	   3.1200000e+02	   1.4000000e+01	   1.0000000e+00	   4.6150000e+00	   4.5350000e+00	   1.2100000e+00	   2.0000000e+00	   3.0000000e+00	   1.0000000e+00	   2.0000000e+00	   1.8280000e+03	
   1.0900000e+02	   2.0700000e+02	   3.0600000e+02	   1.2000000e+01	   5.0000000e+00	   4.8350000e+00	   3.1450000e+00	   1.3400000e+00	   2.0000000e+00	   3.0000000e+00	   1.0000000e+00	   2.0000000e+00	   9.7000000e+02	
   1.0600000e+02	   3.0900000e+02	   3.0800000e+02	   1.3000000e+01	   2.0000000e+00	   3.6800000e+00	   3.1650000e+00	   1.0700000e+00	   2.0000000e+00	   3.0000000e+00	   1.0000000e+00	   2.0000000e+00	   1.4810000e+03	
   1.0400000e+02	   1.1300000e+02	   3.0600000e+02	   1.2000000e+01	   1.0000000e+00	   3.7900000e+00	   3.9200000e+00	   1.3400000e+00	   3.0000000e+00	   1.0000000e+00	   2.0000000e+00	   1.0000000e+00	   1.0000000e+03	
   1.1000000e+02	   1.1400000e+02	   1.1600000e+02	   3.0000000e+00	   4.0000000e+00	   4.6150000e+00	   3.3700000e+00	   2.9600000e+00	   2.0000000e+00	   1.0000000e+00	   3.0000000e+00	   2.0000000e+00	   1.3440000e+03	
   1.0600000e+02	   1.0700000e+02	   2.0100000e+02	   4.0000000e+00	   2.0000000e+00	   3.6800000e+00	   4.0450000e+00	   1.8250000e+00	   2.0000000e+00	   1.0000000e+00	   3.0000000e+00	   1.0000000e+00	   1.1740000e+03	
   1.0300000e+02	   1.0500000e+02	   3.1200000e+02	   1.4000000e+01	   5.0000000e+00	   3.1600000e+00	   4.5950000e+00	   1.2100000e+00	   2.0000000e+00	   1.0000000e+00	   3.0000000e+00	   1.0000000e+00	   1.2100000e+03	
   1.1500000e+02	   3.0900000e+02	   3.0800000e+02	   1.3000000e+01	   3.0000000e+00	   3.7550000e+00	   3.1650000e+00	   1.0700000e+00	   2.0000000e+00	   3.0000000e+00	   1.0000000e+00	   2.0000000e+00	   1.1620000e+03	
   1.0900000e+02	   2.0700000e+02	   1.1200000e+02	   2.0000000e+00	   5.0000000e+00	   4.8350000e+00	   3.1450000e+00	   2.7300000e+00	   2.0000000e+00	   1.0000000e+00	   3.0000000e+00	   2.0000000e+00	   6.8400000e+02	
   1.0900000e+02	   1.1100000e+02	   3.1300000e+02	   1.5000000e+01	   2.0000000e+00	   4.8350000e+00	   4.5350000e+00	   1.1600000e+00	   1.0000000e+00	   3.0000000e+00	   2.0000000e+00	   1.0000000e+00	   7.8600000e+02	
   1.0600000e+02	   2.1500000e+02	   2.0500000e+02	   6.0000000e+00	   2.0000000e+00	   3.6800000e+00	   3.2450000e+00	   1.5750000e+00	   2.0000000e+00	   1.0000000e+00	   3.0000000e+00	   2.0000000e+00	   9.0400000e+02	
   1.0400000e+02	   1.0600000e+02	   2.0100000e+02	   4.0000000e+00	   1.0000000e+00	   3.7900000e+00	   3.6800000e+00	   1.8250000e+00	   1.0000000e+00	   2.0000000e+00	   3.0000000e+00	   2.0000000e+00	   1.1670000e+03	
   1.0300000e+02	   1.0600000e+02	   1.1200000e+02	   2.0000000e+00	   2.0000000e+00	   3.1600000e+00	   3.6800000e+00	   2.7300000e+00	   1.0000000e+00	   2.0000000e+00	   3.0000000e+00	   1.0000000e+00	   1.2040000e+03	
   1.1000000e+02	   2.1500000e+02	   2.0200000e+02	   5.0000000e+00	   5.0000000e+00	   4.6150000e+00	   3.2450000e+00	   2.2800000e+00	   3.0000000e+00	   2.0000000e+00	   1.0000000e+00	   3.0000000e+00	   1.1970000e+03	
   1.0100000e+02	   1.0500000e+02	   3.1200000e+02	   1.4000000e+01	   5.0000000e+00	   3.2850000e+00	   4.5950000e+00	   1.2100000e+00	   2.0000000e+00	   1.0000000e+00	   3.0000000e+00	   1.0000000e+00	   8.3100000e+02	
   1.0100000e+02	   1.0300000e+02	   1.0800000e+02	   1.0000000e+00	   1.0000000e+00	   3.2850000e+00	   3.1600000e+00	   2.1150000e+00	   2.0000000e+00	   3.0000000e+00	   1.0000000e+00	   3.0000000e+00	   1.2620000e+03	
   1.0400000e+02	   3.0900000e+02	   3.0800000e+02	   1.3000000e+01	   3.0000000e+00	   3.7900000e+00	   3.1650000e+00	   1.0700000e+00	   1.0000000e+00	   2.0000000e+00	   3.0000000e+00	   1.0000000e+00	   2.2200000e+03	
   1.0900000e+02	   2.1500000e+02	   2.0100000e+02	   4.0000000e+00	   5.0000000e+00	   4.8350000e+00	   3.2450000e+00	   1.8250000e+00	   3.0000000e+00	   2.0000000e+00	   1.0000000e+00	   3.0000000e+00	   7.0400000e+02	
   1.0500000e+02	   3.0900000e+02	   2.0200000e+02	   5.0000000e+00	   5.0000000e+00	   4.5950000e+00	   3.1650000e+00	   2.2800000e+00	   3.0000000e+00	   1.0000000e+00	   2.0000000e+00	   3.0000000e+00	   8.0600000e+02	
   1.1000000e+02	   1.1500000e+02	   1.1200000e+02	   2.0000000e+00	   4.0000000e+00	   4.6150000e+00	   3.7550000e+00	   2.7300000e+00	   3.0000000e+00	   2.0000000e+00	   1.0000000e+00	   3.0000000e+00	   1.0180000e+03	
   1.0900000e+02	   2.1500000e+02	   2.0500000e+02	   6.0000000e+00	   5.0000000e+00	   4.8350000e+00	   3.2450000e+00	   1.5750000e+00	   2.0000000e+00	   3.0000000e+00	   1.0000000e+00	   2.0000000e+00	   9.9200000e+02	
   1.0500000e+02	   1.1100000e+02	   1.1200000e+02	   2.0000000e+00	   1.0000000e+00	   4.5950000e+00	   4.5350000e+00	   2.7300000e+00	   1.0000000e+00	   3.0000000e+00	   2.0000000e+00	   3.0000000e+00	   1.0630000e+03	
   1.0100000e+02	   1.1000000e+02	   3.1200000e+02	   1.4000000e+01	   5.0000000e+00	   3.2850000e+00	   4.6150000e+00	   1.2100000e+00	   3.0000000e+00	   2.0000000e+00	   1.0000000e+00	   2.0000000e+00	   1.3600000e+03	
   1.0500000e+02	   1.0900000e+02	   1.1600000e+02	   3.0000000e+00	   2.0000000e+00	   4.5950000e+00	   4.8350000e+00	   2.9600000e+00	   2.0000000e+00	   1.0000000e+00	   3.0000000e+00	   1.0000000e+00	   1.1210000e+03	
   1.0100000e+02	   1.0400000e+02	   3.1300000e+02	   1.5000000e+01	   2.0000000e+00	   3.2850000e+00	   3.7900000e+00	   1.1600000e+00	   2.0000000e+00	   3.0000000e+00	   1.0000000e+00	   2.0000000e+00	   1.5130000e+03	
   1.0700000e+02	   2.1500000e+02	   2.0800000e+02	   7.0000000e+00	   4.0000000e+00	   4.0450000e+00	   3.2450000e+00	   3.6500000e-01	   1.0000000e+00	   3.0000000e+00	   2.0000000e+00	   1.0000000e+00	   9.4200000e+02	
   1.0100000e+02	   2.1500000e+02	   3.0100000e+02	   1.0000000e+01	   1.0000000e+00	   3.2850000e+00	   3.2450000e+00	   1.9500000e+00	   2.0000000e+00	   3.0000000e+00	   1.0000000e+00	   2.0000000e+00	   1.3480000e+03	
   1.1000000e+02	   1.1400000e+02	   1.0800000e+02	   1.0000000e+00	   4.0000000e+00	   4.6150000e+00	   3.3700000e+00	   2.1150000e+00	   2.0000000e+00	   3.0000000e+00	   1.0000000e+00	   2.0000000e+00	   1.5910000e+03	
   1.1100000e+02	   1.1500000e+02	   2.0500000e+02	   6.0000000e+00	   4.0000000e+00	   4.5350000e+00	   3.7550000e+00	   1.5750000e+00	   3.0000000e+00	   1.0000000e+00	   2.0000000e+00	   3.0000000e+00	   9.1800000e+02	
   1.0300000e+02	   1.0400000e+02	   2.0100000e+02	   4.0000000e+00	   3.0000000e+00	   3.1600000e+00	   3.7900000e+00	   1.8250000e+00	   2.0000000e+00	   1.0000000e+00	   3.0000000e+00	   2.0000000e+00	   1.1160000e+03	
   1.1000000e+02	   3.0900000e+02	   2.0200000e+02	   5.0000000e+00	   5.0000000e+00	   4.6150000e+00	   3.1650000e+00	   2.2800000e+00	   1.0000000e+00	   3.0000000e+00	   2.0000000e+00	   1.0000000e+00	   1.1330000e+03	
   1.0600000e+02	   2.1500000e+02	   2.0100000e+02	   4.0000000e+00	   2.0000000e+00	   3.6800000e+00	   3.2450000e+00	   1.8250000e+00	   2.0000000e+00	   3.0000000e+00	   1.0000000e+00	   2.0000000e+00	   1.1710000e+03	
   1.0700000e+02	   1.1400000e+02	   3.0600000e+02	   1.2000000e+01	   3.0000000e+00	   4.0450000e+00	   3.3700000e+00	   1.3400000e+00	   3.0000000e+00	   1.0000000e+00	   2.0000000e+00	   1.0000000e+00	   9.7500000e+02	
   1.1000000e+02	   2.0700000e+02	   3.1300000e+02	   1.5000000e+01	   5.0000000e+00	   4.6150000e+00	   3.1450000e+00	   1.1600000e+00	   2.0000000e+00	   1.0000000e+00	   3.0000000e+00	   2.0000000e+00	   8.9200000e+02	
   1.0400000e+02	   1.0500000e+02	   3.0800000e+02	   1.3000000e+01	   4.0000000e+00	   3.7900000e+00	   4.5950000e+00	   1.0700000e+00	   3.0000000e+00	   1.0000000e+00	   2.0000000e+00	   1.0000000e+00	   1.2310000e+03	
   1.0600000e+02	   2.1500000e+02	   3.1200000e+02	   1.4000000e+01	   2.0000000e+00	   3.6800000e+00	   3.2450000e+00	   1.2100000e+00	   1.0000000e+00	   3.0000000e+00	   2.0000000e+00	   1.0000000e+00	   1.6460000e+03	
   1.0700000e+02	   1.0900000e+02	   1.1200000e+02	   2.0000000e+00	   4.0000000e+00	   4.0450000e+00	   4.8350000e+00	   2.7300000e+00	   3.0000000e+00	   2.0000000e+00	   1.0000000e+00	   2.0000000e+00	   7.6500000e+02	
   1.0900000e+02	   1.1500000e+02	   3.1300000e+02	   1.5000000e+01	   4.0000000e+00	   4.8350000e+00	   3.7550000e+00	   1.1600000e+00	   2.0000000e+00	   1.0000000e+00	   3.0000000e+00	   2.0000000e+00	   8.1400000e+02	
   1.1300000e+02	   3.0900000e+02	   1.1200000e+02	   2.0000000e+00	   3.0000000e+00	   3.9200000e+00	   3.1650000e+00	   2.7300000e+00	   3.0000000e+00	   2.0000000e+00	   1.0000000e+00	   3.0000000e+00	   1.2020000e+03	
   1.0400000e+02	   1.0500000e+02	   3.0200000e+02	   1.1000000e+01	   4.0000000e+00	   3.7900000e+00	   4.5950000e+00	   8.1000000e-01	   3.0000000e+00	   1.0000000e+00	   2.0000000e+00	   1.0000000e+00	   1.1530000e+03	
   1.0900000e+02	   1.1000000e+02	   1.1600000e+02	   3.0000000e+00	   2.0000000e+00	   4.8350000e+00	   4.6150000e+00	   2.9600000e+00	   3.0000000e+00	   1.0000000e+00	   2.0000000e+00	   3.0000000e+00	   7.7100000e+02	
   1.0500000e+02	   2.1500000e+02	   3.0800000e+02	   1.3000000e+01	   5.0000000e+00	   4.5950000e+00	   3.2450000e+00	   1.0700000e+00	   1.0000000e+00	   3.0000000e+00	   2.0000000e+00	   1.0000000e+00	   9.7000000e+02	
   1.1300000e+02	   1.1400000e+02	   1.0800000e+02	   1.0000000e+00	   3.0000000e+00	   3.9200000e+00	   3.3700000e+00	   2.1150000e+00	   3.0000000e+00	   1.0000000e+00	   2.0000000e+00	   1.0000000e+00	   1.0000000e+03	
   1.0100000e+02	   1.1000000e+02	   3.0800000e+02	   1.3000000e+01	   5.0000000e+00	   3.2850000e+00	   4.6150000e+00	   1.0700000e+00	   1.0000000e+00	   3.0000000e+00	   2.0000000e+00	   3.0000000e+00	   1.4490000e+03	
   1.0900000e+02	   1.1300000e+02	   3.0100000e+02	   1.0000000e+01	   4.0000000e+00	   4.8350000e+00	   3.9200000e+00	   1.9500000e+00	   2.0000000e+00	   3.0000000e+00	   1.0000000e+00	   2.0000000e+00	   8.9800000e+02	
   1.0600000e+02	   1.1000000e+02	   3.1300000e+02	   1.5000000e+01	   4.0000000e+00	   3.6800000e+00	   4.6150000e+00	   1.1600000e+00	   2.0000000e+00	   3.0000000e+00	   1.0000000e+00	   3.0000000e+00	   8.2100000e+02	
   2.0700000e+02	   2.1500000e+02	   2.1300000e+02	   9.0000000e+00	   1.0000000e+00	   3.1450000e+00	   3.2450000e+00	   1.0500000e-01	   2.0000000e+00	   3.0000000e+00	   1.0000000e+00	   3.0000000e+00	   1.4770000e+03	
   1.0400000e+02	   1.1300000e+02	   3.0100000e+02	   1.0000000e+01	   1.0000000e+00	   3.7900000e+00	   3.9200000e+00	   1.9500000e+00	   2.0000000e+00	   1.0000000e+00	   3.0000000e+00	   1.0000000e+00	   9.0600000e+02	
   1.1100000e+02	   2.0700000e+02	   3.0200000e+02	   1.1000000e+01	   5.0000000e+00	   4.5350000e+00	   3.1450000e+00	   8.1000000e-01	   1.0000000e+00	   2.0000000e+00	   3.0000000e+00	   1.0000000e+00	   9.0000000e+02	
   1.1100000e+02	   3.0900000e+02	   2.1300000e+02	   9.0000000e+00	   5.0000000e+00	   4.5350000e+00	   3.1650000e+00	   1.0500000e-01	   1.0000000e+00	   2.0000000e+00	   3.0000000e+00	   1.0000000e+00	   7.9500000e+02	
   1.0400000e+02	   1.1500000e+02	   3.0600000e+02	   1.2000000e+01	   1.0000000e+00	   3.7900000e+00	   3.7550000e+00	   1.3400000e+00	   2.0000000e+00	   3.0000000e+00	   1.0000000e+00	   3.0000000e+00	   8.8500000e+02	
   1.0300000e+02	   1.1400000e+02	   3.0100000e+02	   1.0000000e+01	   2.0000000e+00	   3.1600000e+00	   3.3700000e+00	   1.9500000e+00	   2.0000000e+00	   3.0000000e+00	   1.0000000e+00	   2.0000000e+00	   1.6170000e+03	
   1.1000000e+02	   3.0900000e+02	   3.1300000e+02	   1.5000000e+01	   5.0000000e+00	   4.6150000e+00	   3.1650000e+00	   1.1600000e+00	   2.0000000e+00	   3.0000000e+00	   1.0000000e+00	   2.0000000e+00	   9.7600000e+02	
   1.0900000e+02	   1.1300000e+02	   3.1200000e+02	   1.4000000e+01	   4.0000000e+00	   4.8350000e+00	   3.9200000e+00	   1.2100000e+00	   2.0000000e+00	   1.0000000e+00	   3.0000000e+00	   2.0000000e+00	   7.0800000e+02	
   1.0100000e+02	   1.1400000e+02	   3.1300000e+02	   1.5000000e+01	   1.0000000e+00	   3.2850000e+00	   3.3700000e+00	   1.1600000e+00	   2.0000000e+00	   1.0000000e+00	   3.0000000e+00	   1.0000000e+00	   1.7890000e+03	
   1.1000000e+02	   3.0900000e+02	   1.0800000e+02	   1.0000000e+00	   5.0000000e+00	   4.6150000e+00	   3.1650000e+00	   2.1150000e+00	   1.0000000e+00	   3.0000000e+00	   2.0000000e+00	   1.0000000e+00	   1.1410000e+03	
   1.1300000e+02	   2.1500000e+02	   3.0600000e+02	   1.2000000e+01	   3.0000000e+00	   3.9200000e+00	   3.2450000e+00	   1.3400000e+00	   2.0000000e+00	   1.0000000e+00	   3.0000000e+00	   2.0000000e+00	   1.1660000e+03	
   2.0700000e+02	   2.1500000e+02	   3.0800000e+02	   1.3000000e+01	   1.0000000e+00	   3.1450000e+00	   3.2450000e+00	   1.0700000e+00	   2.0000000e+00	   3.0000000e+00	   1.0000000e+00	   3.0000000e+00	   1.9540000e+03	
   1.0400000e+02	   1.0500000e+02	   3.1200000e+02	   1.4000000e+01	   4.0000000e+00	   3.7900000e+00	   4.5950000e+00	   1.2100000e+00	   1.0000000e+00	   3.0000000e+00	   2.0000000e+00	   3.0000000e+00	   1.0200000e+03	
   1.0700000e+02	   1.1000000e+02	   3.1200000e+02	   1.4000000e+01	   3.0000000e+00	   4.0450000e+00	   4.6150000e+00	   1.2100000e+00	   2.0000000e+00	   1.0000000e+00	   3.0000000e+00	   1.0000000e+00	   1.1050000e+03	
   1.0400000e+02	   1.1300000e+02	   2.0800000e+02	   7.0000000e+00	   1.0000000e+00	   3.7900000e+00	   3.9200000e+00	   3.6500000e-01	   1.0000000e+00	   3.0000000e+00	   2.0000000e+00	   3.0000000e+00	   1.1710000e+03	
   1.0700000e+02	   2.0700000e+02	   3.0600000e+02	   1.2000000e+01	   4.0000000e+00	   4.0450000e+00	   3.1450000e+00	   1.3400000e+00	   2.0000000e+00	   1.0000000e+00	   3.0000000e+00	   2.0000000e+00	   9.0000000e+02	
   1.0300000e+02	   1.1000000e+02	   3.0200000e+02	   1.1000000e+01	   5.0000000e+00	   3.1600000e+00	   4.6150000e+00	   8.1000000e-01	   1.0000000e+00	   3.0000000e+00	   2.0000000e+00	   3.0000000e+00	   1.3760000e+03	
   1.1300000e+02	   3.0900000e+02	   2.0200000e+02	   5.0000000e+00	   3.0000000e+00	   3.9200000e+00	   3.1650000e+00	   2.2800000e+00	   3.0000000e+00	   2.0000000e+00	   1.0000000e+00	   3.0000000e+00	   7.9000000e+02	
   1.0100000e+02	   1.1400000e+02	   1.1600000e+02	   3.0000000e+00	   1.0000000e+00	   3.2850000e+00	   3.3700000e+00	   2.9600000e+00	   1.0000000e+00	   2.0000000e+00	   3.0000000e+00	   2.0000000e+00	   1.4260000e+03	
   1.0500000e+02	   3.0900000e+02	   3.0100000e+02	   1.0000000e+01	   5.0000000e+00	   4.5950000e+00	   3.1650000e+00	   1.9500000e+00	   1.0000000e+00	   2.0000000e+00	   3.0000000e+00	   1.0000000e+00	   1.0980000e+03	
   1.0700000e+02	   1.0900000e+02	   2.0500000e+02	   6.0000000e+00	   4.0000000e+00	   4.0450000e+00	   4.8350000e+00	   1.5750000e+00	   2.0000000e+00	   3.0000000e+00	   1.0000000e+00	   3.0000000e+00	   6.2300000e+02	
   1.1400000e+02	   2.0700000e+02	   2.1300000e+02	   9.0000000e+00	   2.0000000e+00	   3.3700000e+00	   3.1450000e+00	   1.0500000e-01	   1.0000000e+00	   3.0000000e+00	   2.0000000e+00	   1.0000000e+00	   6.8100000e+02	
   1.0600000e+02	   1.1000000e+02	   2.0100000e+02	   4.0000000e+00	   4.0000000e+00	   3.6800000e+00	   4.6150000e+00	   1.8250000e+00	   2.0000000e+00	   3.0000000e+00	   1.0000000e+00	   3.0000000e+00	   6.6400000e+02	
   1.0900000e+02	   2.1500000e+02	   3.0600000e+02	   1.2000000e+01	   5.0000000e+00	   4.8350000e+00	   3.2450000e+00	   1.3400000e+00	   2.0000000e+00	   1.0000000e+00	   3.0000000e+00	   2.0000000e+00	   7.2100000e+02	
   1.0900000e+02	   2.1500000e+02	   1.0800000e+02	   1.0000000e+00	   5.0000000e+00	   4.8350000e+00	   3.2450000e+00	   2.1150000e+00	   3.0000000e+00	   2.0000000e+00	   1.0000000e+00	   3.0000000e+00	   5.7300000e+02	
   1.0300000e+02	   1.1400000e+02	   3.1200000e+02	   1.4000000e+01	   2.0000000e+00	   3.1600000e+00	   3.3700000e+00	   1.2100000e+00	   1.0000000e+00	   3.0000000e+00	   2.0000000e+00	   3.0000000e+00	   7.8700000e+02	
   1.0300000e+02	   1.1000000e+02	   1.1200000e+02	   2.0000000e+00	   5.0000000e+00	   3.1600000e+00	   4.6150000e+00	   2.7300000e+00	   1.0000000e+00	   3.0000000e+00	   2.0000000e+00	   1.0000000e+00	   1.1130000e+03	
   1.0400000e+02	   1.0500000e+02	   3.1300000e+02	   1.5000000e+01	   4.0000000e+00	   3.7900000e+00	   4.5950000e+00	   1.1600000e+00	   1.0000000e+00	   2.0000000e+00	   3.0000000e+00	   2.0000000e+00	   9.9300000e+02	
   1.0100000e+02	   1.0600000e+02	   3.0100000e+02	   1.0000000e+01	   2.0000000e+00	   3.2850000e+00	   3.6800000e+00	   1.9500000e+00	   3.0000000e+00	   1.0000000e+00	   2.0000000e+00	   1.0000000e+00	   1.9080000e+03	
   1.0600000e+02	   1.0700000e+02	   3.1200000e+02	   1.4000000e+01	   2.0000000e+00	   3.6800000e+00	   4.0450000e+00	   1.2100000e+00	   2.0000000e+00	   1.0000000e+00	   3.0000000e+00	   1.0000000e+00	   1.6510000e+03	
   1.0100000e+02	   1.0900000e+02	   2.0800000e+02	   7.0000000e+00	   5.0000000e+00	   3.2850000e+00	   4.8350000e+00	   3.6500000e-01	   2.0000000e+00	   1.0000000e+00	   3.0000000e+00	   1.0000000e+00	   8.9900000e+02	
   1.0400000e+02	   1.1000000e+02	   3.1200000e+02	   1.4000000e+01	   4.0000000e+00	   3.7900000e+00	   4.6150000e+00	   1.2100000e+00	   3.0000000e+00	   1.0000000e+00	   2.0000000e+00	   1.0000000e+00	   1.2390000e+03	
   1.0600000e+02	   3.0900000e+02	   2.1200000e+02	   8.0000000e+00	   2.0000000e+00	   3.6800000e+00	   3.1650000e+00	   1.5200000e+00	   3.0000000e+00	   2.0000000e+00	   1.0000000e+00	   3.0000000e+00	   1.3390000e+03	
   1.0400000e+02	   1.0700000e+02	   2.0100000e+02	   4.0000000e+00	   2.0000000e+00	   3.7900000e+00	   4.0450000e+00	   1.8250000e+00	   2.0000000e+00	   1.0000000e+00	   3.0000000e+00	   1.0000000e+00	   7.3900000e+02	
   1.0300000e+02	   1.0500000e+02	   2.1200000e+02	   8.0000000e+00	   5.0000000e+00	   3.1600000e+00	   4.5950000e+00	   1.5200000e+00	   3.0000000e+00	   1.0000000e+00	   2.0000000e+00	   1.0000000e+00	   6.6800000e+02	
   1.0700000e+02	   2.1500000e+02	   2.0500000e+02	   6.0000000e+00	   4.0000000e+00	   4.0450000e+00	   3.2450000e+00	   1.5750000e+00	   1.0000000e+00	   3.0000000e+00	   2.0000000e+00	   1.0000000e+00	   7.4900000e+02	
   1.0300000e+02	   2.1500000e+02	   3.1200000e+02	   1.4000000e+01	   1.0000000e+00	   3.1600000e+00	   3.2450000e+00	   1.2100000e+00	   3.0000000e+00	   1.0000000e+00	   2.0000000e+00	   3.0000000e+00	   8.2900000e+02	
   1.0300000e+02	   1.0500000e+02	   3.0800000e+02	   1.3000000e+01	   5.0000000e+00	   3.1600000e+00	   4.5950000e+00	   1.0700000e+00	   3.0000000e+00	   1.0000000e+00	   2.0000000e+00	   1.0000000e+00	   9.3900000e+02	
   1.1400000e+02	   2.1500000e+02	   2.0100000e+02	   4.0000000e+00	   1.0000000e+00	   3.3700000e+00	   3.2450000e+00	   1.8250000e+00	   1.0000000e+00	   3.0000000e+00	   2.0000000e+00	   1.0000000e+00	   9.3600000e+02	
   2.0700000e+02	   3.0900000e+02	   2.0800000e+02	   7.0000000e+00	   1.0000000e+00	   3.1450000e+00	   3.1650000e+00	   3.6500000e-01	   2.0000000e+00	   3.0000000e+00	   1.0000000e+00	   3.0000000e+00	   2.4840000e+03	
   1.0300000e+02	   1.1300000e+02	   2.0100000e+02	   4.0000000e+00	   3.0000000e+00	   3.1600000e+00	   3.9200000e+00	   1.8250000e+00	   1.0000000e+00	   3.0000000e+00	   2.0000000e+00	   1.0000000e+00	   1.6230000e+03	
   1.0400000e+02	   3.0900000e+02	   1.0800000e+02	   1.0000000e+00	   3.0000000e+00	   3.7900000e+00	   3.1650000e+00	   2.1150000e+00	   1.0000000e+00	   3.0000000e+00	   2.0000000e+00	   2.0000000e+00	   2.6230000e+03	
   2.0700000e+02	   3.0900000e+02	   2.0100000e+02	   4.0000000e+00	   1.0000000e+00	   3.1450000e+00	   3.1650000e+00	   1.8250000e+00	   1.0000000e+00	   2.0000000e+00	   3.0000000e+00	   2.0000000e+00	   2.6700000e+03	
   1.0300000e+02	   2.1500000e+02	   3.0200000e+02	   1.1000000e+01	   1.0000000e+00	   3.1600000e+00	   3.2450000e+00	   8.1000000e-01	   1.0000000e+00	   2.0000000e+00	   3.0000000e+00	   1.0000000e+00	   1.1940000e+03	
   1.0500000e+02	   1.1500000e+02	   2.0200000e+02	   5.0000000e+00	   4.0000000e+00	   4.5950000e+00	   3.7550000e+00	   2.2800000e+00	   3.0000000e+00	   1.0000000e+00	   2.0000000e+00	   3.0000000e+00	   8.7800000e+02	
   1.1500000e+02	   2.0700000e+02	   2.1300000e+02	   9.0000000e+00	   3.0000000e+00	   3.7550000e+00	   3.1450000e+00	   1.0500000e-01	   3.0000000e+00	   1.0000000e+00	   2.0000000e+00	   3.0000000e+00	   1.0060000e+03	
   1.0400000e+02	   1.0900000e+02	   3.1200000e+02	   1.4000000e+01	   4.0000000e+00	   3.7900000e+00	   4.8350000e+00	   1.2100000e+00	   2.0000000e+00	   1.0000000e+00	   3.0000000e+00	   1.0000000e+00	   7.8400000e+02	
   1.0500000e+02	   2.0700000e+02	   1.1200000e+02	   2.0000000e+00	   5.0000000e+00	   4.5950000e+00	   3.1450000e+00	   2.7300000e+00	   1.0000000e+00	   3.0000000e+00	   2.0000000e+00	   1.0000000e+00	   6.8100000e+02	
   1.1100000e+02	   1.1300000e+02	   2.0100000e+02	   4.0000000e+00	   3.0000000e+00	   4.5350000e+00	   3.9200000e+00	   1.8250000e+00	   2.0000000e+00	   1.0000000e+00	   3.0000000e+00	   1.0000000e+00	   1.1780000e+03	
   1.0500000e+02	   1.0600000e+02	   3.0200000e+02	   1.1000000e+01	   4.0000000e+00	   4.5950000e+00	   3.6800000e+00	   8.1000000e-01	   1.0000000e+00	   3.0000000e+00	   2.0000000e+00	   1.0000000e+00	   7.3900000e+02	
   1.0700000e+02	   1.1500000e+02	   3.0100000e+02	   1.0000000e+01	   2.0000000e+00	   4.0450000e+00	   3.7550000e+00	   1.9500000e+00	   1.0000000e+00	   3.0000000e+00	   2.0000000e+00	   1.0000000e+00	   1.1230000e+03	
   1.0900000e+02	   1.1400000e+02	   1.1600000e+02	   3.0000000e+00	   5.0000000e+00	   4.8350000e+00	   3.3700000e+00	   2.9600000e+00	   3.0000000e+00	   2.0000000e+00	   1.0000000e+00	   3.0000000e+00	   8.2300000e+02	
   1.0100000e+02	   1.0700000e+02	   1.0800000e+02	   1.0000000e+00	   3.0000000e+00	   3.2850000e+00	   4.0450000e+00	   2.1150000e+00	   3.0000000e+00	   1.0000000e+00	   2.0000000e+00	   1.0000000e+00	   8.3700000e+02	
   1.0400000e+02	   1.1400000e+02	   2.0200000e+02	   5.0000000e+00	   2.0000000e+00	   3.7900000e+00	   3.3700000e+00	   2.2800000e+00	   1.0000000e+00	   3.0000000e+00	   2.0000000e+00	   3.0000000e+00	   8.0600000e+02	
   1.1000000e+02	   1.1500000e+02	   1.1600000e+02	   3.0000000e+00	   4.0000000e+00	   4.6150000e+00	   3.7550000e+00	   2.9600000e+00	   3.0000000e+00	   2.0000000e+00	   1.0000000e+00	   3.0000000e+00	   1.1590000e+03	
   1.0100000e+02	   3.0900000e+02	   2.0800000e+02	   7.0000000e+00	   1.0000000e+00	   3.2850000e+00	   3.1650000e+00	   3.6500000e-01	   3.0000000e+00	   1.0000000e+00	   2.0000000e+00	   3.0000000e+00	   1.1030000e+03	
   1.0300000e+02	   1.1100000e+02	   1.0800000e+02	   1.0000000e+00	   5.0000000e+00	   3.1600000e+00	   4.5350000e+00	   2.1150000e+00	   3.0000000e+00	   2.0000000e+00	   1.0000000e+00	   2.0000000e+00	   1.0330000e+03	
   1.0700000e+02	   1.1300000e+02	   3.0600000e+02	   1.2000000e+01	   1.0000000e+00	   4.0450000e+00	   3.9200000e+00	   1.3400000e+00	   3.0000000e+00	   2.0000000e+00	   1.0000000e+00	   3.0000000e+00	   1.4400000e+03	
   1.1400000e+02	   2.1500000e+02	   2.0200000e+02	   5.0000000e+00	   1.0000000e+00	   3.3700000e+00	   3.2450000e+00	   2.2800000e+00	   1.0000000e+00	   3.0000000e+00	   2.0000000e+00	   1.0000000e+00	   8.4500000e+02	
   1.0400000e+02	   1.1000000e+02	   1.1200000e+02	   2.0000000e+00	   4.0000000e+00	   3.7900000e+00	   4.6150000e+00	   2.7300000e+00	   3.0000000e+00	   1.0000000e+00	   2.0000000e+00	   1.0000000e+00	   9.5300000e+02	
   1.0500000e+02	   2.0700000e+02	   2.0800000e+02	   7.0000000e+00	   5.0000000e+00	   4.5950000e+00	   3.1450000e+00	   3.6500000e-01	   1.0000000e+00	   2.0000000e+00	   3.0000000e+00	   1.0000000e+00	   7.2800000e+02	
   1.0100000e+02	   1.1500000e+02	   2.1200000e+02	   8.0000000e+00	   2.0000000e+00	   3.2850000e+00	   3.7550000e+00	   1.5200000e+00	   3.0000000e+00	   2.0000000e+00	   1.0000000e+00	   2.0000000e+00	   1.0740000e+03	
   1.0500000e+02	   1.0700000e+02	   3.1200000e+02	   1.4000000e+01	   3.0000000e+00	   4.5950000e+00	   4.0450000e+00	   1.2100000e+00	   1.0000000e+00	   3.0000000e+00	   2.0000000e+00	   1.0000000e+00	   8.9100000e+02	
   1.0900000e+02	   1.1100000e+02	   1.0800000e+02	   1.0000000e+00	   2.0000000e+00	   4.8350000e+00	   4.5350000e+00	   2.1150000e+00	   1.0000000e+00	   3.0000000e+00	   2.0000000e+00	   1.0000000e+00	   7.0800000e+02	
   1.0600000e+02	   3.0900000e+02	   2.1300000e+02	   9.0000000e+00	   2.0000000e+00	   3.6800000e+00	   3.1650000e+00	   1.0500000e-01	   3.0000000e+00	   2.0000000e+00	   1.0000000e+00	   3.0000000e+00	   1.5490000e+03	
   1.0500000e+02	   1.0700000e+02	   1.1600000e+02	   3.0000000e+00	   3.0000000e+00	   4.5950000e+00	   4.0450000e+00	   2.9600000e+00	   3.0000000e+00	   2.0000000e+00	   1.0000000e+00	   3.0000000e+00	   7.3400000e+02	
   1.0900000e+02	   1.1100000e+02	   2.1300000e+02	   9.0000000e+00	   2.0000000e+00	   4.8350000e+00	   4.5350000e+00	   1.0500000e-01	   3.0000000e+00	   1.0000000e+00	   2.0000000e+00	   3.0000000e+00	   6.5600000e+02	
   1.0900000e+02	   1.1000000e+02	   3.0800000e+02	   1.3000000e+01	   2.0000000e+00	   4.8350000e+00	   4.6150000e+00	   1.0700000e+00	   1.0000000e+00	   3.0000000e+00	   2.0000000e+00	   1.0000000e+00	   7.5100000e+02	
   1.0600000e+02	   1.1100000e+02	   1.0800000e+02	   1.0000000e+00	   4.0000000e+00	   3.6800000e+00	   4.5350000e+00	   2.1150000e+00	   3.0000000e+00	   1.0000000e+00	   2.0000000e+00	   1.0000000e+00	   2.1350000e+03	
   1.0100000e+02	   1.0500000e+02	   3.1300000e+02	   1.5000000e+01	   5.0000000e+00	   3.2850000e+00	   4.5950000e+00	   1.1600000e+00	   3.0000000e+00	   1.0000000e+00	   2.0000000e+00	   1.0000000e+00	   9.4700000e+02	
   1.0300000e+02	   2.1500000e+02	   3.0100000e+02	   1.0000000e+01	   1.0000000e+00	   3.1600000e+00	   3.2450000e+00	   1.9500000e+00	   1.0000000e+00	   3.0000000e+00	   2.0000000e+00	   1.0000000e+00	   8.5700000e+02	
   1.0100000e+02	   1.0300000e+02	   3.1200000e+02	   1.4000000e+01	   1.0000000e+00	   3.2850000e+00	   3.1600000e+00	   1.2100000e+00	   1.0000000e+00	   2.0000000e+00	   3.0000000e+00	   2.0000000e+00	   1.2990000e+03	
   1.0500000e+02	   2.0700000e+02	   2.1300000e+02	   9.0000000e+00	   5.0000000e+00	   4.5950000e+00	   3.1450000e+00	   1.0500000e-01	   2.0000000e+00	   1.0000000e+00	   3.0000000e+00	   2.0000000e+00	   9.6300000e+02	
   1.0300000e+02	   1.0400000e+02	   3.1200000e+02	   1.4000000e+01	   3.0000000e+00	   3.1600000e+00	   3.7900000e+00	   1.2100000e+00	   3.0000000e+00	   2.0000000e+00	   1.0000000e+00	   3.0000000e+00	   1.3730000e+03	
   1.0700000e+02	   2.1500000e+02	   3.0800000e+02	   1.3000000e+01	   4.0000000e+00	   4.0450000e+00	   3.2450000e+00	   1.0700000e+00	   2.0000000e+00	   1.0000000e+00	   3.0000000e+00	   2.0000000e+00	   1.0000000e+03	
   1.0900000e+02	   1.1000000e+02	   3.0200000e+02	   1.1000000e+01	   2.0000000e+00	   4.8350000e+00	   4.6150000e+00	   8.1000000e-01	   3.0000000e+00	   1.0000000e+00	   2.0000000e+00	   3.0000000e+00	   6.6800000e+02	
   1.0400000e+02	   1.1300000e+02	   3.0800000e+02	   1.3000000e+01	   1.0000000e+00	   3.7900000e+00	   3.9200000e+00	   1.0700000e+00	   1.0000000e+00	   3.0000000e+00	   2.0000000e+00	   3.0000000e+00	   9.2900000e+02	
   1.0500000e+02	   2.0700000e+02	   2.0200000e+02	   5.0000000e+00	   5.0000000e+00	   4.5950000e+00	   3.1450000e+00	   2.2800000e+00	   2.0000000e+00	   1.0000000e+00	   3.0000000e+00	   2.0000000e+00	   9.5600000e+02	
   1.0600000e+02	   1.0700000e+02	   1.0800000e+02	   1.0000000e+00	   2.0000000e+00	   3.6800000e+00	   4.0450000e+00	   2.1150000e+00	   3.0000000e+00	   1.0000000e+00	   2.0000000e+00	   1.0000000e+00	   7.3000000e+02	
   1.1400000e+02	   1.1500000e+02	   1.1200000e+02	   2.0000000e+00	   2.0000000e+00	   3.3700000e+00	   3.7550000e+00	   2.7300000e+00	   3.0000000e+00	   1.0000000e+00	   2.0000000e+00	   3.0000000e+00	   7.0100000e+02	
   1.0500000e+02	   1.0700000e+02	   2.0500000e+02	   6.0000000e+00	   3.0000000e+00	   4.5950000e+00	   4.0450000e+00	   1.5750000e+00	   2.0000000e+00	   3.0000000e+00	   1.0000000e+00	   3.0000000e+00	   6.1700000e+02	
   1.1000000e+02	   2.1500000e+02	   1.1200000e+02	   2.0000000e+00	   5.0000000e+00	   4.6150000e+00	   3.2450000e+00	   2.7300000e+00	   3.0000000e+00	   2.0000000e+00	   1.0000000e+00	   3.0000000e+00	   8.4200000e+02	
   1.0700000e+02	   1.0900000e+02	   2.0100000e+02	   4.0000000e+00	   4.0000000e+00	   4.0450000e+00	   4.8350000e+00	   1.8250000e+00	   3.0000000e+00	   1.0000000e+00	   2.0000000e+00	   1.0000000e+00	   7.5600000e+02	
   1.0500000e+02	   1.1500000e+02	   2.1200000e+02	   8.0000000e+00	   4.0000000e+00	   4.5950000e+00	   3.7550000e+00	   1.5200000e+00	   2.0000000e+00	   3.0000000e+00	   1.0000000e+00	   2.0000000e+00	   1.3010000e+03	
   1.0400000e+02	   2.0700000e+02	   3.1300000e+02	   1.5000000e+01	   3.0000000e+00	   3.7900000e+00	   3.1450000e+00	   1.1600000e+00	   3.0000000e+00	   1.0000000e+00	   2.0000000e+00	   3.0000000e+00	   1.2010000e+03	
   1.1300000e+02	   3.0900000e+02	   1.1600000e+02	   3.0000000e+00	   3.0000000e+00	   3.9200000e+00	   3.1650000e+00	   2.9600000e+00	   2.0000000e+00	   1.0000000e+00	   3.0000000e+00	   2.0000000e+00	   1.0360000e+03	
   1.0900000e+02	   3.0900000e+02	   2.1200000e+02	   8.0000000e+00	   5.0000000e+00	   4.8350000e+00	   3.1650000e+00	   1.5200000e+00	   1.0000000e+00	   3.0000000e+00	   2.0000000e+00	   1.0000000e+00	   7.4300000e+02	
   1.0100000e+02	   2.0700000e+02	   2.0200000e+02	   5.0000000e+00	   1.0000000e+00	   3.2850000e+00	   3.1450000e+00	   2.2800000e+00	   1.0000000e+00	   3.0000000e+00	   2.0000000e+00	   1.0000000e+00	   8.0800000e+02	
   1.1500000e+02	   3.0900000e+02	   2.0100000e+02	   4.0000000e+00	   3.0000000e+00	   3.7550000e+00	   3.1650000e+00	   1.8250000e+00	   3.0000000e+00	   2.0000000e+00	   1.0000000e+00	   3.0000000e+00	   6.9100000e+02	
   1.1100000e+02	   1.1300000e+02	   2.1300000e+02	   9.0000000e+00	   3.0000000e+00	   4.5350000e+00	   3.9200000e+00	   1.0500000e-01	   2.0000000e+00	   1.0000000e+00	   3.0000000e+00	   2.0000000e+00	   1.2060000e+03	
   1.0300000e+02	   1.1500000e+02	   2.0800000e+02	   7.0000000e+00	   3.0000000e+00	   3.1600000e+00	   3.7550000e+00	   3.6500000e-01	   2.0000000e+00	   3.0000000e+00	   1.0000000e+00	   3.0000000e+00	   7.5300000e+02	
   1.0300000e+02	   1.0700000e+02	   3.1300000e+02	   1.5000000e+01	   4.0000000e+00	   3.1600000e+00	   4.0450000e+00	   1.1600000e+00	   1.0000000e+00	   2.0000000e+00	   3.0000000e+00	   1.0000000e+00	   1.2160000e+03	
   1.0100000e+02	   1.0400000e+02	   3.0600000e+02	   1.2000000e+01	   2.0000000e+00	   3.2850000e+00	   3.7900000e+00	   1.3400000e+00	   1.0000000e+00	   2.0000000e+00	   3.0000000e+00	   1.0000000e+00	   1.9340000e+03	
   2.0700000e+02	   2.1500000e+02	   3.0100000e+02	   1.0000000e+01	   1.0000000e+00	   3.1450000e+00	   3.2450000e+00	   1.9500000e+00	   2.0000000e+00	   3.0000000e+00	   1.0000000e+00	   3.0000000e+00	   1.7110000e+03	
   1.1500000e+02	   3.0900000e+02	   3.0200000e+02	   1.1000000e+01	   3.0000000e+00	   3.7550000e+00	   3.1650000e+00	   8.1000000e-01	   3.0000000e+00	   2.0000000e+00	   1.0000000e+00	   3.0000000e+00	   6.9400000e+02	
   1.0600000e+02	   1.1000000e+02	   2.0500000e+02	   6.0000000e+00	   4.0000000e+00	   3.6800000e+00	   4.6150000e+00	   1.5750000e+00	   2.0000000e+00	   1.0000000e+00	   3.0000000e+00	   1.0000000e+00	   8.9500000e+02	
   1.0900000e+02	   1.1500000e+02	   3.0200000e+02	   1.1000000e+01	   4.0000000e+00	   4.8350000e+00	   3.7550000e+00	   8.1000000e-01	   2.0000000e+00	   3.0000000e+00	   1.0000000e+00	   2.0000000e+00	   9.5200000e+02	
   1.0600000e+02	   2.0700000e+02	   1.1600000e+02	   3.0000000e+00	   3.0000000e+00	   3.6800000e+00	   3.1450000e+00	   2.9600000e+00	   2.0000000e+00	   1.0000000e+00	   3.0000000e+00	   3.0000000e+00	   1.7930000e+03	
   1.0400000e+02	   2.1500000e+02	   2.1200000e+02	   8.0000000e+00	   3.0000000e+00	   3.7900000e+00	   3.2450000e+00	   1.5200000e+00	   3.0000000e+00	   2.0000000e+00	   1.0000000e+00	   3.0000000e+00	   1.2430000e+03	
   1.0100000e+02	   1.0300000e+02	   3.0200000e+02	   1.1000000e+01	   1.0000000e+00	   3.2850000e+00	   3.1600000e+00	   8.1000000e-01	   1.0000000e+00	   2.0000000e+00	   3.0000000e+00	   2.0000000e+00	   1.1940000e+03	
   1.0100000e+02	   1.1100000e+02	   3.0600000e+02	   1.2000000e+01	   5.0000000e+00	   3.2850000e+00	   4.5350000e+00	   1.3400000e+00	   2.0000000e+00	   3.0000000e+00	   1.0000000e+00	   3.0000000e+00	   8.6700000e+02	
   1.0900000e+02	   1.1000000e+02	   3.1200000e+02	   1.4000000e+01	   2.0000000e+00	   4.8350000e+00	   4.6150000e+00	   1.2100000e+00	   1.0000000e+00	   3.0000000e+00	   2.0000000e+00	   1.0000000e+00	   7.6500000e+02	
   1.0900000e+02	   2.0700000e+02	   2.1200000e+02	   8.0000000e+00	   5.0000000e+00	   4.8350000e+00	   3.1450000e+00	   1.5200000e+00	   3.0000000e+00	   2.0000000e+00	   1.0000000e+00	   3.0000000e+00	   5.8000000e+02	
   1.0100000e+02	   2.1500000e+02	   2.1300000e+02	   9.0000000e+00	   1.0000000e+00	   3.2850000e+00	   3.2450000e+00	   1.0500000e-01	   2.0000000e+00	   3.0000000e+00	   1.0000000e+00	   2.0000000e+00	   1.3150000e+03	
   1.1100000e+02	   3.0900000e+02	   3.0100000e+02	   1.0000000e+01	   5.0000000e+00	   4.5350000e+00	   3.1650000e+00	   1.9500000e+00	   2.0000000e+00	   1.0000000e+00	   3.0000000e+00	   2.0000000e+00	   8.5900000e+02	
   1.0400000e+02	   1.1100000e+02	   1.1200000e+02	   2.0000000e+00	   3.0000000e+00	   3.7900000e+00	   4.5350000e+00	   2.7300000e+00	   1.0000000e+00	   3.0000000e+00	   2.0000000e+00	   3.0000000e+00	   9.3700000e+02	
   1.0600000e+02	   3.0900000e+02	   3.1300000e+02	   1.5000000e+01	   2.0000000e+00	   3.6800000e+00	   3.1650000e+00	   1.1600000e+00	   1.0000000e+00	   3.0000000e+00	   2.0000000e+00	   1.0000000e+00	   1.2540000e+03	
   1.0700000e+02	   1.1100000e+02	   2.0200000e+02	   5.0000000e+00	   2.0000000e+00	   4.0450000e+00	   4.5350000e+00	   2.2800000e+00	   2.0000000e+00	   3.0000000e+00	   1.0000000e+00	   2.0000000e+00	   1.3050000e+03	
   1.1400000e+02	   1.1500000e+02	   2.0500000e+02	   6.0000000e+00	   2.0000000e+00	   3.3700000e+00	   3.7550000e+00	   1.5750000e+00	   3.0000000e+00	   1.0000000e+00	   2.0000000e+00	   1.0000000e+00	   1.0420000e+03	
   1.0400000e+02	   1.1400000e+02	   1.1600000e+02	   3.0000000e+00	   2.0000000e+00	   3.7900000e+00	   3.3700000e+00	   2.9600000e+00	   3.0000000e+00	   2.0000000e+00	   1.0000000e+00	   1.0000000e+00	   1.3680000e+03	
   1.1400000e+02	   1.1500000e+02	   3.0600000e+02	   1.2000000e+01	   2.0000000e+00	   3.3700000e+00	   3.7550000e+00	   1.3400000e+00	   1.0000000e+00	   2.0000000e+00	   3.0000000e+00	   1.0000000e+00	   9.4500000e+02	
   1.1000000e+02	   1.1300000e+02	   3.0200000e+02	   1.1000000e+01	   3.0000000e+00	   4.6150000e+00	   3.9200000e+00	   8.1000000e-01	   1.0000000e+00	   3.0000000e+00	   2.0000000e+00	   1.0000000e+00	   1.4790000e+03	
   1.1500000e+02	   3.0900000e+02	   3.1200000e+02	   1.4000000e+01	   3.0000000e+00	   3.7550000e+00	   3.1650000e+00	   1.2100000e+00	   1.0000000e+00	   2.0000000e+00	   3.0000000e+00	   1.0000000e+00	   9.1100000e+02	
   1.0600000e+02	   1.0700000e+02	   2.0500000e+02	   6.0000000e+00	   2.0000000e+00	   3.6800000e+00	   4.0450000e+00	   1.5750000e+00	   1.0000000e+00	   2.0000000e+00	   3.0000000e+00	   1.0000000e+00	   8.1000000e+02	
   1.0300000e+02	   1.0900000e+02	   2.0800000e+02	   7.0000000e+00	   5.0000000e+00	   3.1600000e+00	   4.8350000e+00	   3.6500000e-01	   1.0000000e+00	   3.0000000e+00	   2.0000000e+00	   3.0000000e+00	   8.1300000e+02	
   1.0300000e+02	   1.1300000e+02	   1.1200000e+02	   2.0000000e+00	   3.0000000e+00	   3.1600000e+00	   3.9200000e+00	   2.7300000e+00	   2.0000000e+00	   3.0000000e+00	   1.0000000e+00	   3.0000000e+00	   1.2060000e+03	
   1.0100000e+02	   1.1500000e+02	   3.0800000e+02	   1.3000000e+01	   2.0000000e+00	   3.2850000e+00	   3.7550000e+00	   1.0700000e+00	   1.0000000e+00	   3.0000000e+00	   2.0000000e+00	   3.0000000e+00	   9.9000000e+02	
   2.0700000e+02	   2.1500000e+02	   3.0200000e+02	   1.1000000e+01	   1.0000000e+00	   3.1450000e+00	   3.2450000e+00	   8.1000000e-01	   3.0000000e+00	   2.0000000e+00	   1.0000000e+00	   2.0000000e+00	   1.6070000e+03	
   1.1000000e+02	   1.1500000e+02	   3.0200000e+02	   1.1000000e+01	   4.0000000e+00	   4.6150000e+00	   3.7550000e+00	   8.1000000e-01	   1.0000000e+00	   2.0000000e+00	   3.0000000e+00	   1.0000000e+00	   8.3300000e+02	
   1.1000000e+02	   1.1100000e+02	   2.1300000e+02	   9.0000000e+00	   1.0000000e+00	   4.6150000e+00	   4.5350000e+00	   1.0500000e-01	   1.0000000e+00	   2.0000000e+00	   3.0000000e+00	   1.0000000e+00	   7.0500000e+02	
   1.0700000e+02	   1.1100000e+02	   2.1200000e+02	   8.0000000e+00	   2.0000000e+00	   4.0450000e+00	   4.5350000e+00	   1.5200000e+00	   3.0000000e+00	   1.0000000e+00	   2.0000000e+00	   1.0000000e+00	   8.4000000e+02	
   1.0500000e+02	   2.0700000e+02	   1.0800000e+02	   1.0000000e+00	   5.0000000e+00	   4.5950000e+00	   3.1450000e+00	   2.1150000e+00	   1.0000000e+00	   3.0000000e+00	   2.0000000e+00	   1.0000000e+00	   9.7600000e+02	
   1.1300000e+02	   3.0900000e+02	   3.1300000e+02	   1.5000000e+01	   3.0000000e+00	   3.9200000e+00	   3.1650000e+00	   1.1600000e+00	   2.0000000e+00	   3.0000000e+00	   1.0000000e+00	   2.0000000e+00	   1.1380000e+03	
   1.0400000e+02	   1.0600000e+02	   3.1200000e+02	   1.4000000e+01	   1.0000000e+00	   3.7900000e+00	   3.6800000e+00	   1.2100000e+00	   1.0000000e+00	   3.0000000e+00	   2.0000000e+00	   3.0000000e+00	   1.3260000e+03	
   1.1000000e+02	   1.1100000e+02	   2.1200000e+02	   8.0000000e+00	   1.0000000e+00	   4.6150000e+00	   4.5350000e+00	   1.5200000e+00	   1.0000000e+00	   2.0000000e+00	   3.0000000e+00	   1.0000000e+00	   8.5800000e+02	
   1.0300000e+02	   1.1400000e+02	   1.0800000e+02	   1.0000000e+00	   2.0000000e+00	   3.1600000e+00	   3.3700000e+00	   2.1150000e+00	   1.0000000e+00	   2.0000000e+00	   3.0000000e+00	   1.0000000e+00	   8.4900000e+02	
   1.0900000e+02	   3.0900000e+02	   2.0500000e+02	   6.0000000e+00	   5.0000000e+00	   4.8350000e+00	   3.1650000e+00	   1.5750000e+00	   1.0000000e+00	   2.0000000e+00	   3.0000000e+00	   1.0000000e+00	   6.3900000e+02	
