   1.0000000e+00	   1.0700000e+02	   1.0000000e+00	   4.6600000e+00	   4.1310000e+03	   3.7400000e+00	   4.9310000e+03	
   2.0000000e+00	   2.0200000e+02	   2.0000000e+00	   5.0000000e+00	   2.9710000e+03	   3.7300000e+00	   6.6320000e+03	
   3.0000000e+00	   3.0200000e+02	   3.0000000e+00	   5.0000000e+00	   3.2710000e+03	   3.0100000e+00	   2.1990000e+03	
   4.0000000e+00	   3.1100000e+02	   3.0000000e+00	   3.5200000e+00	   6.6550000e+03	   3.9800000e+00	   4.5980000e+03	
   5.0000000e+00	   3.1200000e+02	   3.0000000e+00	   5.0000000e+00	   3.7230000e+03	   2.9400000e+00	   2.6650000e+03	
   6.0000000e+00	   1.0600000e+02	   1.0000000e+00	   4.0100000e+00	   4.4240000e+03	   2.5000000e+00	   2.0990000e+03	
   7.0000000e+00	   3.0900000e+02	   3.0000000e+00	   5.0000000e+00	   2.4550000e+03	   5.0000000e+00	   1.4000000e+03	
   8.0000000e+00	   2.0500000e+02	   2.0000000e+00	   4.7700000e+00	   2.5560000e+03	   2.0100000e+00	   2.9320000e+03	
   9.0000000e+00	   1.0400000e+02	   1.0000000e+00	   1.5400000e+00	   7.2220000e+03	   2.4500000e+00	   4.4990000e+03	
   1.0000000e+01	   2.1200000e+02	   2.0000000e+00	   3.4500000e+00	   3.9560000e+03	   8.8000000e-01	   1.7990000e+03	
   1.1000000e+01	   3.0600000e+02	   3.0000000e+00	   5.0000000e+00	   1.6900000e+03	   3.5300000e+00	   2.6990000e+03	
   1.2000000e+01	   1.1300000e+02	   1.0000000e+00	   5.0000000e+00	   3.6900000e+03	   3.2200000e+00	   3.2650000e+03	
   1.3000000e+01	   2.1500000e+02	   2.0000000e+00	   4.8400000e+00	   5.3900000e+03	   2.9400000e+00	   3.1490000e+03	
   1.4000000e+01	   2.1100000e+02	   2.0000000e+00	   4.4200000e+00	   3.5720000e+03	   2.0600000e+00	   2.3700000e+03	
   1.5000000e+01	   1.0500000e+02	   1.0000000e+00	   3.5300000e+00	   3.9040000e+03	   3.5200000e+00	   4.5650000e+03	
   1.6000000e+01	   3.1000000e+02	   3.0000000e+00	   3.9700000e+00	   4.0560000e+03	   1.7000000e+00	   4.2330000e+03	
   1.7000000e+01	   3.1400000e+02	   3.0000000e+00	   3.4700000e+00	   2.8550000e+03	   2.8400000e+00	   3.6650000e+03	
   1.8000000e+01	   3.0300000e+02	   3.0000000e+00	   5.0000000e+00	   2.0560000e+03	   2.8400000e+00	   4.2660000e+03	
   1.9000000e+01	   1.1600000e+02	   1.0000000e+00	   4.6800000e+00	   2.5220000e+03	   3.5600000e+00	   2.6990000e+03	
   2.0000000e+01	   2.1000000e+02	   2.0000000e+00	   5.0000000e+00	   2.7560000e+03	   3.0100000e+00	   3.8650000e+03	
   2.1000000e+01	   3.1300000e+02	   3.0000000e+00	   4.8400000e+00	   2.3240000e+03	   1.2300000e+00	   3.2320000e+03	
   2.2000000e+01	   1.1200000e+02	   1.0000000e+00	   4.5900000e+00	   2.6900000e+03	   3.4500000e+00	   2.4660000e+03	
   2.3000000e+01	   3.0500000e+02	   3.0000000e+00	   1.6700000e+00	   5.3890000e+03	   1.3500000e+00	   2.0000000e+03	
   2.4000000e+01	   1.0300000e+02	   1.0000000e+00	   3.3900000e+00	   2.1710000e+03	   2.7100000e+00	   2.6320000e+03	
   2.5000000e+01	   2.0800000e+02	   2.0000000e+00	   5.0000000e+00	   2.3230000e+03	   3.4800000e+00	   3.9650000e+03	
   2.6000000e+01	   2.0900000e+02	   2.0000000e+00	   3.5600000e+00	   2.8900000e+03	   1.7900000e+00	   1.7660000e+03	
   2.7000000e+01	   2.1300000e+02	   2.0000000e+00	   3.4200000e+00	   3.7220000e+03	   1.5200000e+00	   2.4980000e+03	
   2.8000000e+01	   3.0700000e+02	   3.0000000e+00	   4.5200000e+00	   2.8900000e+03	   3.3500000e+00	   2.2660000e+03	
   2.9000000e+01	   2.0400000e+02	   2.0000000e+00	   3.2500000e+00	   2.8550000e+03	   1.7300000e+00	   2.8650000e+03	
   3.0000000e+01	   2.0600000e+02	   2.0000000e+00	   4.4500000e+00	   3.0230000e+03	   3.1000000e+00	   2.1000000e+03	
   3.1000000e+01	   2.0100000e+02	   2.0000000e+00	   3.1600000e+00	   2.6230000e+03	   1.7500000e+00	   2.3990000e+03	
   3.2000000e+01	   2.0700000e+02	   2.0000000e+00	   3.6300000e+00	   2.0560000e+03	   1.3300000e+00	   3.7980000e+03	
   3.3000000e+01	   1.1100000e+02	   1.0000000e+00	   3.7400000e+00	   3.6220000e+03	   4.1200000e+00	   3.2320000e+03	
   3.4000000e+01	   2.0300000e+02	   2.0000000e+00	   2.7600000e+00	   2.6890000e+03	   1.8400000e+00	   1.8320000e+03	
   3.5000000e+01	   3.0800000e+02	   3.0000000e+00	   3.3000000e-01	   6.9560000e+03	   2.3300000e+00	   2.5660000e+03	
   3.6000000e+01	   1.1500000e+02	   1.0000000e+00	   1.5400000e+00	   3.4040000e+03	   3.4700000e+00	   2.0650000e+03	
   3.7000000e+01	   1.0800000e+02	   1.0000000e+00	   3.2500000e+00	   2.4230000e+03	   2.1800000e+00	   2.6670000e+03	
   3.8000000e+01	   1.0900000e+02	   1.0000000e+00	   4.0800000e+00	   2.9560000e+03	   5.0000000e+00	   1.7660000e+03	
   3.9000000e+01	   2.1400000e+02	   2.0000000e+00	   2.6000000e-01	   3.6210000e+03	   1.9800000e+00	   3.2660000e+03	
   4.0000000e+01	   1.0100000e+02	   1.0000000e+00	   3.7700000e+00	   2.7390000e+03	   4.0700000e+00	   2.1990000e+03	
   4.1000000e+01	   1.1000000e+02	   1.0000000e+00	   1.0000000e-01	   2.8880000e+03	   8.9000000e-01	   2.9990000e+03	
   4.2000000e+01	   3.0400000e+02	   3.0000000e+00	   4.3100000e+00	   2.8560000e+03	   3.0600000e+00	   2.2340000e+03	
   4.3000000e+01	   3.0100000e+02	   3.0000000e+00	   3.4600000e+00	   3.4220000e+03	   2.9900000e+00	   2.5330000e+03	
   4.4000000e+01	   1.1400000e+02	   1.0000000e+00	   0.0000000e+00	   3.9220000e+03	   3.6600000e+00	   4.3330000e+03	
   4.5000000e+01	   1.0200000e+02	   1.0000000e+00	   4.6700000e+00	   3.1210000e+03	   1.9900000e+00	   3.1320000e+03	
