   1.0000000e+00	   1.0000000e+00	   1.0800000e+02	   1.5700000e+00	   3.7418000e+04	
   1.0000000e+00	   2.0000000e+00	   1.1000000e+02	   1.4900000e+00	   1.1590000e+04	
   1.0000000e+00	   3.0000000e+00	   1.1200000e+02	   1.5100000e+00	   1.1657000e+04	
   1.0000000e+00	   4.0000000e+00	   3.0700000e+02	   1.5400000e+00	   1.3023000e+04	
   1.0000000e+00	   5.0000000e+00	   1.0100000e+02	   1.9900000e+00	   1.9655000e+04	
   1.0000000e+00	   6.0000000e+00	   3.0300000e+02	   1.5100000e+00	   7.9940000e+03	
   1.0000000e+00	   7.0000000e+00	   1.0500000e+02	   3.5200000e+00	   1.9056000e+04	
   1.0000000e+00	   8.0000000e+00	   3.0600000e+02	   1.5100000e+00	   3.9600000e+03	
   1.0000000e+00	   9.0000000e+00	   2.0800000e+02	   2.0100000e+00	   9.3930000e+03	
   1.0000000e+00	   1.0000000e+01	   3.1400000e+02	   1.4700000e+00	   3.4280000e+03	
   1.0000000e+00	   1.1000000e+01	   3.0400000e+02	   1.4900000e+00	   3.2930000e+03	
   1.0000000e+00	   1.2000000e+01	   3.0500000e+02	   3.6100000e+00	   6.7940000e+03	
   1.0000000e+00	   1.3000000e+01	   2.1000000e+02	   3.4300000e+00	   1.6324000e+04	
   1.0000000e+00	   1.4000000e+01	   1.0400000e+02	   2.0100000e+00	   6.1580000e+03	
   1.0000000e+00	   1.5000000e+01	   2.0600000e+02	   3.7200000e+00	   3.2280000e+03	
   1.0000000e+00	   1.6000000e+01	   2.0700000e+02	   3.7400000e+00	   4.0940000e+03	
   1.0000000e+00	   1.7000000e+01	   2.1500000e+02	   3.7300000e+00	   5.8930000e+03	
   1.0000000e+00	   1.8000000e+01	   1.1100000e+02	   3.2500000e+00	   4.9610000e+03	
   1.0000000e+00	   1.9000000e+01	   1.0900000e+02	   1.4500000e+00	   7.9260000e+03	
   1.0000000e+00	   2.0000000e+01	   3.1100000e+02	   1.5000000e+00	   4.8270000e+03	
   1.0000000e+00	   2.1000000e+01	   1.0700000e+02	   3.1400000e+00	   5.3270000e+03	
   1.0000000e+00	   2.2000000e+01	   2.0200000e+02	   3.6500000e+00	   2.7950000e+03	
   1.0000000e+00	   2.3000000e+01	   2.1100000e+02	   4.0500000e+00	   6.3610000e+03	
   1.0000000e+00	   2.4000000e+01	   3.0800000e+02	   1.5000000e+00	   6.3590000e+03	
   1.0000000e+00	   2.5000000e+01	   2.0300000e+02	   3.3900000e+00	   6.0590000e+03	
   1.0000000e+00	   2.6000000e+01	   3.1300000e+02	   2.8400000e+00	   5.2600000e+03	
   1.0000000e+00	   2.7000000e+01	   1.1600000e+02	   3.0100000e+00	   4.8930000e+03	
   1.0000000e+00	   2.8000000e+01	   3.0900000e+02	   1.7900000e+00	   5.8620000e+03	
   1.0000000e+00	   2.9000000e+01	   3.1000000e+02	   1.4500000e+00	   6.6930000e+03	
   1.0000000e+00	   3.0000000e+01	   1.0300000e+02	   2.0300000e+00	   1.2591000e+04	
   1.0000000e+00	   3.1000000e+01	   1.1500000e+02	   2.0800000e+00	   7.4910000e+03	
   1.0000000e+00	   3.2000000e+01	   3.0100000e+02	   1.4500000e+00	   6.9260000e+03	
   1.0000000e+00	   3.3000000e+01	   2.1300000e+02	   3.5500000e+00	   3.6600000e+03	
   1.0000000e+00	   3.4000000e+01	   1.1400000e+02	   1.4700000e+00	   6.6260000e+03	
   1.0000000e+00	   3.5000000e+01	   1.0600000e+02	   3.6200000e+00	   4.5280000e+03	
   1.0000000e+00	   3.6000000e+01	   3.1200000e+02	   1.7000000e+00	   7.3270000e+03	
   1.0000000e+00	   3.7000000e+01	   2.0400000e+02	   2.5100000e+00	   5.5600000e+03	
   1.0000000e+00	   3.8000000e+01	   2.0100000e+02	   3.4800000e+00	   4.2930000e+03	
   1.0000000e+00	   3.9000000e+01	   2.1400000e+02	   3.5900000e+00	   4.9940000e+03	
   1.0000000e+00	   4.0000000e+01	   2.0900000e+02	   3.5000000e+00	   1.2389000e+04	
   1.0000000e+00	   4.1000000e+01	   2.1200000e+02	   3.0100000e+00	   6.9580000e+03	
   1.0000000e+00	   4.2000000e+01	   3.0200000e+02	   2.0500000e+00	   1.6123000e+04	
   1.0000000e+00	   4.3000000e+01	   2.0500000e+02	   3.5000000e+00	   7.4910000e+03	
   1.0000000e+00	   4.4000000e+01	   1.1300000e+02	   3.5000000e+00	   3.3950000e+03	
   1.0000000e+00	   4.5000000e+01	   1.0200000e+02	   2.1400000e+00	   7.4910000e+03	
   2.0000000e+00	   1.0000000e+00	   1.0400000e+02	   2.1400000e+00	   1.4651000e+04	
   2.0000000e+00	   2.0000000e+00	   3.0300000e+02	   1.9900000e+00	   4.8930000e+03	
   2.0000000e+00	   3.0000000e+00	   3.1000000e+02	   5.6000000e-01	   1.3658000e+04	
   2.0000000e+00	   4.0000000e+00	   3.1400000e+02	   7.3000000e-01	   6.8600000e+03	
   2.0000000e+00	   5.0000000e+00	   1.1600000e+02	   1.9600000e+00	   5.7940000e+03	
   2.0000000e+00	   6.0000000e+00	   2.1500000e+02	   3.0100000e+00	   6.5260000e+03	
   2.0000000e+00	   7.0000000e+00	   3.0700000e+02	   8.7000000e-01	   6.3270000e+03	
   2.0000000e+00	   8.0000000e+00	   1.0900000e+02	   9.4000000e-01	   9.9920000e+03	
   2.0000000e+00	   9.0000000e+00	   2.1100000e+02	   3.3000000e+00	   5.3940000e+03	
   2.0000000e+00	   1.0000000e+01	   2.1000000e+02	   3.1100000e+00	   4.5770000e+03	
   2.0000000e+00	   1.1000000e+01	   1.1200000e+02	   7.8000000e-01	   1.1359000e+04	
   2.0000000e+00	   1.2000000e+01	   2.0100000e+02	   3.7200000e+00	   1.0191000e+04	
   2.0000000e+00	   1.3000000e+01	   1.1000000e+02	   1.2400000e+00	   8.7600000e+03	
   2.0000000e+00	   1.4000000e+01	   2.0500000e+02	   3.4700000e+00	   5.6260000e+03	
   2.0000000e+00	   1.5000000e+01	   1.1400000e+02	   5.3000000e-01	   4.5280000e+03	
   2.0000000e+00	   1.6000000e+01	   1.0100000e+02	   1.2100000e+00	   5.2600000e+03	
   2.0000000e+00	   1.7000000e+01	   1.1100000e+02	   2.9200000e+00	   5.5610000e+03	
   2.0000000e+00	   1.8000000e+01	   1.0500000e+02	   3.3400000e+00	   5.5600000e+03	
   2.0000000e+00	   1.9000000e+01	   1.0300000e+02	   1.8500000e+00	   6.5920000e+03	
   2.0000000e+00	   2.0000000e+01	   3.0900000e+02	   1.3200000e+00	   5.9280000e+03	
   2.0000000e+00	   2.1000000e+01	   2.0400000e+02	   1.8800000e+00	   9.6260000e+03	
   2.0000000e+00	   2.2000000e+01	   1.1500000e+02	   1.5300000e+00	   2.9270000e+03	
   2.0000000e+00	   2.3000000e+01	   1.0800000e+02	   3.2000000e-01	   3.7940000e+03	
   2.0000000e+00	   2.4000000e+01	   1.0600000e+02	   3.5200000e+00	   6.6610000e+03	
   2.0000000e+00	   2.5000000e+01	   3.1100000e+02	   1.3000000e-01	   3.3270000e+03	
   2.0000000e+00	   2.6000000e+01	   3.1300000e+02	   1.5400000e+00	   3.8940000e+03	
   2.0000000e+00	   2.7000000e+01	   3.0600000e+02	   1.3200000e+00	   5.5600000e+03	
   2.0000000e+00	   2.8000000e+01	   2.1400000e+02	   4.9500000e+00	   7.1930000e+03	
   2.0000000e+00	   2.9000000e+01	   2.1200000e+02	   2.7000000e+00	   3.9270000e+03	
   2.0000000e+00	   3.0000000e+01	   2.0200000e+02	   4.6400000e+00	   2.8620000e+03	
   2.0000000e+00	   3.1000000e+01	   1.1300000e+02	   3.1800000e+00	   4.9600000e+03	
   2.0000000e+00	   3.2000000e+01	   3.0500000e+02	   3.0600000e+00	   6.9260000e+03	
   2.0000000e+00	   3.3000000e+01	   3.0200000e+02	   1.5700000e+00	   1.8960000e+03	
   2.0000000e+00	   3.4000000e+01	   2.0600000e+02	   4.3400000e+00	   2.8940000e+03	
   2.0000000e+00	   3.5000000e+01	   3.0100000e+02	   1.9000000e-01	   4.4930000e+03	
   2.0000000e+00	   3.6000000e+01	   1.0700000e+02	   3.6500000e+00	   6.7600000e+03	
   2.0000000e+00	   3.7000000e+01	   2.0800000e+02	   1.7400000e+00	   2.2610000e+03	
   2.0000000e+00	   3.8000000e+01	   2.1300000e+02	   2.5800000e+00	   4.2610000e+03	
   2.0000000e+00	   3.9000000e+01	   3.0800000e+02	   4.5000000e-01	   3.5940000e+03	
   2.0000000e+00	   4.0000000e+01	   2.0700000e+02	   3.1900000e+00	   3.9940000e+03	
   2.0000000e+00	   4.1000000e+01	   3.0400000e+02	   4.6000000e-01	   4.1940000e+03	
   2.0000000e+00	   4.2000000e+01	   3.1200000e+02	   4.3000000e-01	   5.0940000e+03	
   2.0000000e+00	   4.3000000e+01	   2.0900000e+02	   2.8400000e+00	   5.7600000e+03	
   2.0000000e+00	   4.4000000e+01	   2.0300000e+02	   2.0600000e+00	   6.3270000e+03	
   2.0000000e+00	   4.5000000e+01	   1.0200000e+02	   2.2200000e+00	   6.1930000e+03	
