   2.0100000e+02	   2.1400000e+02	   3.0900000e+02	   1.2000000e+01	   4.0000000e+00	   3.6000000e+00	   4.2700000e+00	   1.5550000e+00	   2.0000000e+00	   3.0000000e+00	   1.0000000e+00	   3.0000000e+00	   3.2060000e+03	
   1.0600000e+02	   2.0700000e+02	   3.1400000e+02	   1.5000000e+01	   2.0000000e+00	   3.5700000e+00	   3.4650000e+00	   1.1000000e+00	   3.0000000e+00	   2.0000000e+00	   1.0000000e+00	   2.0000000e+00	   2.6430000e+03	
   2.0200000e+02	   2.1400000e+02	   1.0300000e+02	   2.0000000e+00	   2.0000000e+00	   4.1450000e+00	   4.2700000e+00	   1.9400000e+00	   2.0000000e+00	   3.0000000e+00	   1.0000000e+00	   3.0000000e+00	   1.2830000e+03	
   1.0500000e+02	   2.0700000e+02	   1.0200000e+02	   1.0000000e+00	   1.0000000e+00	   3.4300000e+00	   3.4650000e+00	   2.1800000e+00	   1.0000000e+00	   2.0000000e+00	   3.0000000e+00	   2.0000000e+00	   3.6740000e+03	
   1.0500000e+02	   1.0700000e+02	   2.0400000e+02	   7.0000000e+00	   1.0000000e+00	   3.4300000e+00	   3.3950000e+00	   2.1950000e+00	   3.0000000e+00	   2.0000000e+00	   1.0000000e+00	   2.0000000e+00	   3.6410000e+03	
   2.0200000e+02	   2.1500000e+02	   3.0300000e+02	   1.0000000e+01	   5.0000000e+00	   4.1450000e+00	   3.3700000e+00	   1.7500000e+00	   1.0000000e+00	   2.0000000e+00	   3.0000000e+00	   1.0000000e+00	   4.5770000e+03	
   2.0500000e+02	   2.1000000e+02	   3.0300000e+02	   1.0000000e+01	   3.0000000e+00	   3.4850000e+00	   3.2700000e+00	   1.7500000e+00	   2.0000000e+00	   1.0000000e+00	   3.0000000e+00	   2.0000000e+00	   1.2759000e+04	
   2.0100000e+02	   3.0500000e+02	   1.1000000e+02	   5.0000000e+00	   3.0000000e+00	   3.6000000e+00	   3.3350000e+00	   1.3650000e+00	   1.0000000e+00	   3.0000000e+00	   2.0000000e+00	   1.0000000e+00	   3.4920000e+03	
   1.0600000e+02	   2.1000000e+02	   1.0900000e+02	   4.0000000e+00	   3.0000000e+00	   3.5700000e+00	   3.2700000e+00	   1.1950000e+00	   1.0000000e+00	   3.0000000e+00	   2.0000000e+00	   1.0000000e+00	   6.3950000e+03	
   2.0500000e+02	   2.1000000e+02	   3.1000000e+02	   1.3000000e+01	   3.0000000e+00	   3.4850000e+00	   3.2700000e+00	   1.0050000e+00	   1.0000000e+00	   2.0000000e+00	   3.0000000e+00	   1.0000000e+00	   4.2000000e+03	
   1.0600000e+02	   2.0200000e+02	   2.1300000e+02	   8.0000000e+00	   4.0000000e+00	   3.5700000e+00	   4.1450000e+00	   3.0650000e+00	   1.0000000e+00	   2.0000000e+00	   3.0000000e+00	   2.0000000e+00	   2.5620000e+03	
   2.0200000e+02	   2.1400000e+02	   2.0400000e+02	   7.0000000e+00	   2.0000000e+00	   4.1450000e+00	   4.2700000e+00	   2.1950000e+00	   3.0000000e+00	   1.0000000e+00	   2.0000000e+00	   1.0000000e+00	   2.7770000e+03	
   2.0600000e+02	   2.0700000e+02	   2.0400000e+02	   7.0000000e+00	   4.0000000e+00	   4.0300000e+00	   3.4650000e+00	   2.1950000e+00	   3.0000000e+00	   1.0000000e+00	   2.0000000e+00	   3.0000000e+00	   2.9330000e+03	
   1.0700000e+02	   2.0700000e+02	   1.0800000e+02	   3.0000000e+00	   1.0000000e+00	   3.3950000e+00	   3.4650000e+00	   9.4500000e-01	   2.0000000e+00	   1.0000000e+00	   3.0000000e+00	   1.0000000e+00	   4.0800000e+03	
   1.1300000e+02	   2.1500000e+02	   1.0800000e+02	   3.0000000e+00	   1.0000000e+00	   3.3400000e+00	   3.3700000e+00	   9.4500000e-01	   3.0000000e+00	   1.0000000e+00	   2.0000000e+00	   1.0000000e+00	   4.1640000e+03	
   2.0700000e+02	   2.1500000e+02	   3.1000000e+02	   1.3000000e+01	   1.0000000e+00	   3.4650000e+00	   3.3700000e+00	   1.0050000e+00	   2.0000000e+00	   1.0000000e+00	   3.0000000e+00	   2.0000000e+00	   2.4460000e+03	
   2.0100000e+02	   2.1000000e+02	   2.0400000e+02	   7.0000000e+00	   3.0000000e+00	   3.6000000e+00	   3.2700000e+00	   2.1950000e+00	   2.0000000e+00	   1.0000000e+00	   3.0000000e+00	   2.0000000e+00	   2.1810000e+03	
   2.0600000e+02	   2.0900000e+02	   3.0800000e+02	   1.1000000e+01	   5.0000000e+00	   4.0300000e+00	   3.1700000e+00	   9.7500000e-01	   1.0000000e+00	   2.0000000e+00	   3.0000000e+00	   1.0000000e+00	   2.6870000e+03	
   1.0500000e+02	   2.1500000e+02	   2.0400000e+02	   7.0000000e+00	   1.0000000e+00	   3.4300000e+00	   3.3700000e+00	   2.1950000e+00	   3.0000000e+00	   1.0000000e+00	   2.0000000e+00	   1.0000000e+00	   4.9160000e+03	
   1.0600000e+02	   1.1300000e+02	   1.0800000e+02	   3.0000000e+00	   3.0000000e+00	   3.5700000e+00	   3.3400000e+00	   9.4500000e-01	   1.0000000e+00	   3.0000000e+00	   2.0000000e+00	   1.0000000e+00	   2.9760000e+03	
   2.0100000e+02	   2.1500000e+02	   1.0900000e+02	   4.0000000e+00	   3.0000000e+00	   3.6000000e+00	   3.3700000e+00	   1.1950000e+00	   3.0000000e+00	   1.0000000e+00	   2.0000000e+00	   3.0000000e+00	   2.4990000e+03	
   1.0700000e+02	   3.0500000e+02	   3.0300000e+02	   1.0000000e+01	   1.0000000e+00	   3.3950000e+00	   3.3350000e+00	   1.7500000e+00	   3.0000000e+00	   2.0000000e+00	   1.0000000e+00	   3.0000000e+00	   6.3010000e+03	
   1.0600000e+02	   2.0700000e+02	   2.0300000e+02	   6.0000000e+00	   2.0000000e+00	   3.5700000e+00	   3.4650000e+00	   2.7250000e+00	   2.0000000e+00	   1.0000000e+00	   3.0000000e+00	   1.0000000e+00	   1.7193000e+04	
   2.0200000e+02	   2.1400000e+02	   3.0800000e+02	   1.1000000e+01	   2.0000000e+00	   4.1450000e+00	   4.2700000e+00	   9.7500000e-01	   2.0000000e+00	   3.0000000e+00	   1.0000000e+00	   3.0000000e+00	   1.5510000e+03	
   1.0500000e+02	   1.0700000e+02	   3.0900000e+02	   1.2000000e+01	   1.0000000e+00	   3.4300000e+00	   3.3950000e+00	   1.5550000e+00	   1.0000000e+00	   3.0000000e+00	   2.0000000e+00	   3.0000000e+00	   2.3440000e+03	
   1.1300000e+02	   2.0700000e+02	   1.0200000e+02	   1.0000000e+00	   2.0000000e+00	   3.3400000e+00	   3.4650000e+00	   2.1800000e+00	   2.0000000e+00	   1.0000000e+00	   3.0000000e+00	   1.0000000e+00	   4.4320000e+03	
   2.0200000e+02	   2.1500000e+02	   1.0800000e+02	   3.0000000e+00	   5.0000000e+00	   4.1450000e+00	   3.3700000e+00	   9.4500000e-01	   3.0000000e+00	   2.0000000e+00	   1.0000000e+00	   3.0000000e+00	   3.0050000e+03	
   1.0700000e+02	   2.1400000e+02	   3.0200000e+02	   9.0000000e+00	   5.0000000e+00	   3.3950000e+00	   4.2700000e+00	   1.8100000e+00	   2.0000000e+00	   3.0000000e+00	   1.0000000e+00	   3.0000000e+00	   2.6560000e+03	
   1.1300000e+02	   3.0500000e+02	   2.0400000e+02	   7.0000000e+00	   1.0000000e+00	   3.3400000e+00	   3.3350000e+00	   2.1950000e+00	   3.0000000e+00	   1.0000000e+00	   2.0000000e+00	   1.0000000e+00	   4.4300000e+03	
   2.0100000e+02	   2.0500000e+02	   1.0900000e+02	   4.0000000e+00	   2.0000000e+00	   3.6000000e+00	   3.4850000e+00	   1.1950000e+00	   3.0000000e+00	   2.0000000e+00	   1.0000000e+00	   3.0000000e+00	   2.5190000e+03	
   1.0500000e+02	   1.1300000e+02	   3.0800000e+02	   1.1000000e+01	   1.0000000e+00	   3.4300000e+00	   3.3400000e+00	   9.7500000e-01	   2.0000000e+00	   1.0000000e+00	   3.0000000e+00	   1.0000000e+00	   2.3170000e+03	
   2.0100000e+02	   2.1400000e+02	   3.0300000e+02	   1.0000000e+01	   4.0000000e+00	   3.6000000e+00	   4.2700000e+00	   1.7500000e+00	   2.0000000e+00	   3.0000000e+00	   1.0000000e+00	   3.0000000e+00	   3.2220000e+03	
   2.0100000e+02	   2.0900000e+02	   3.1100000e+02	   1.4000000e+01	   4.0000000e+00	   3.6000000e+00	   3.1700000e+00	   8.1500000e-01	   2.0000000e+00	   3.0000000e+00	   1.0000000e+00	   2.0000000e+00	   3.2480000e+03	
   2.0600000e+02	   2.1000000e+02	   2.1300000e+02	   8.0000000e+00	   5.0000000e+00	   4.0300000e+00	   3.2700000e+00	   3.0650000e+00	   2.0000000e+00	   1.0000000e+00	   3.0000000e+00	   2.0000000e+00	   3.3600000e+03	
   1.0500000e+02	   1.1300000e+02	   3.0300000e+02	   1.0000000e+01	   1.0000000e+00	   3.4300000e+00	   3.3400000e+00	   1.7500000e+00	   2.0000000e+00	   3.0000000e+00	   1.0000000e+00	   3.0000000e+00	   2.4640000e+03	
   2.0200000e+02	   2.1000000e+02	   2.0400000e+02	   7.0000000e+00	   5.0000000e+00	   4.1450000e+00	   3.2700000e+00	   2.1950000e+00	   2.0000000e+00	   3.0000000e+00	   1.0000000e+00	   2.0000000e+00	   2.3900000e+03	
   2.0200000e+02	   2.0900000e+02	   3.0200000e+02	   9.0000000e+00	   5.0000000e+00	   4.1450000e+00	   3.1700000e+00	   1.8100000e+00	   2.0000000e+00	   3.0000000e+00	   1.0000000e+00	   2.0000000e+00	   1.2750000e+03	
   1.0600000e+02	   2.0100000e+02	   3.0200000e+02	   9.0000000e+00	   1.0000000e+00	   3.5700000e+00	   3.6000000e+00	   1.8100000e+00	   2.0000000e+00	   1.0000000e+00	   3.0000000e+00	   1.0000000e+00	   4.0270000e+03	
   1.0500000e+02	   2.0600000e+02	   1.0200000e+02	   1.0000000e+00	   4.0000000e+00	   3.4300000e+00	   4.0300000e+00	   2.1800000e+00	   3.0000000e+00	   1.0000000e+00	   2.0000000e+00	   1.0000000e+00	   1.9210000e+03	
   2.0600000e+02	   2.0700000e+02	   3.1400000e+02	   1.5000000e+01	   4.0000000e+00	   4.0300000e+00	   3.4650000e+00	   1.1000000e+00	   2.0000000e+00	   1.0000000e+00	   3.0000000e+00	   2.0000000e+00	   2.7750000e+03	
   1.1300000e+02	   2.1100000e+02	   1.0800000e+02	   3.0000000e+00	   4.0000000e+00	   3.3400000e+00	   3.6750000e+00	   9.4500000e-01	   2.0000000e+00	   1.0000000e+00	   3.0000000e+00	   1.0000000e+00	   1.7820000e+03	
   1.0600000e+02	   2.0100000e+02	   3.1100000e+02	   1.4000000e+01	   1.0000000e+00	   3.5700000e+00	   3.6000000e+00	   8.1500000e-01	   3.0000000e+00	   1.0000000e+00	   2.0000000e+00	   1.0000000e+00	   3.3010000e+03	
   2.0900000e+02	   3.0500000e+02	   3.0900000e+02	   1.2000000e+01	   2.0000000e+00	   3.1700000e+00	   3.3350000e+00	   1.5550000e+00	   3.0000000e+00	   2.0000000e+00	   1.0000000e+00	   2.0000000e+00	   1.9460000e+03	
   1.0500000e+02	   2.1500000e+02	   3.1000000e+02	   1.3000000e+01	   1.0000000e+00	   3.4300000e+00	   3.3700000e+00	   1.0050000e+00	   1.0000000e+00	   2.0000000e+00	   3.0000000e+00	   2.0000000e+00	   2.6160000e+03	
   2.0700000e+02	   2.1500000e+02	   3.1400000e+02	   1.5000000e+01	   1.0000000e+00	   3.4650000e+00	   3.3700000e+00	   1.1000000e+00	   3.0000000e+00	   2.0000000e+00	   1.0000000e+00	   2.0000000e+00	   3.0950000e+03	
   2.0100000e+02	   2.0600000e+02	   1.0300000e+02	   2.0000000e+00	   4.0000000e+00	   3.6000000e+00	   4.0300000e+00	   1.9400000e+00	   2.0000000e+00	   3.0000000e+00	   1.0000000e+00	   2.0000000e+00	   3.6990000e+03	
   2.0100000e+02	   3.0500000e+02	   2.1300000e+02	   8.0000000e+00	   3.0000000e+00	   3.6000000e+00	   3.3350000e+00	   3.0650000e+00	   1.0000000e+00	   3.0000000e+00	   2.0000000e+00	   1.0000000e+00	   5.5110000e+03	
   1.0600000e+02	   2.1500000e+02	   3.0200000e+02	   9.0000000e+00	   3.0000000e+00	   3.5700000e+00	   3.3700000e+00	   1.8100000e+00	   1.0000000e+00	   2.0000000e+00	   3.0000000e+00	   2.0000000e+00	   3.5290000e+03	
   2.0600000e+02	   3.0500000e+02	   3.1000000e+02	   1.3000000e+01	   5.0000000e+00	   4.0300000e+00	   3.3350000e+00	   1.0050000e+00	   2.0000000e+00	   1.0000000e+00	   3.0000000e+00	   1.0000000e+00	   1.7008000e+04	
   2.0500000e+02	   2.1500000e+02	   3.0800000e+02	   1.1000000e+01	   2.0000000e+00	   3.4850000e+00	   3.3700000e+00	   9.7500000e-01	   3.0000000e+00	   1.0000000e+00	   2.0000000e+00	   3.0000000e+00	   7.0120000e+03	
   2.1000000e+02	   2.1400000e+02	   3.0900000e+02	   1.2000000e+01	   5.0000000e+00	   3.2700000e+00	   4.2700000e+00	   1.5550000e+00	   1.0000000e+00	   2.0000000e+00	   3.0000000e+00	   2.0000000e+00	   1.0800000e+03	
   2.1000000e+02	   2.1500000e+02	   1.0800000e+02	   3.0000000e+00	   2.0000000e+00	   3.2700000e+00	   3.3700000e+00	   9.4500000e-01	   1.0000000e+00	   3.0000000e+00	   2.0000000e+00	   3.0000000e+00	   2.0410000e+03	
   2.0600000e+02	   2.0900000e+02	   1.0200000e+02	   1.0000000e+00	   5.0000000e+00	   4.0300000e+00	   3.1700000e+00	   2.1800000e+00	   1.0000000e+00	   2.0000000e+00	   3.0000000e+00	   1.0000000e+00	   2.7140000e+03	
   1.1300000e+02	   2.1100000e+02	   1.0200000e+02	   1.0000000e+00	   4.0000000e+00	   3.3400000e+00	   3.6750000e+00	   2.1800000e+00	   1.0000000e+00	   2.0000000e+00	   3.0000000e+00	   2.0000000e+00	   1.6080000e+03	
   1.0600000e+02	   2.0600000e+02	   1.0800000e+02	   3.0000000e+00	   4.0000000e+00	   3.5700000e+00	   4.0300000e+00	   9.4500000e-01	   3.0000000e+00	   2.0000000e+00	   1.0000000e+00	   2.0000000e+00	   2.2990000e+03	
   1.1300000e+02	   2.1400000e+02	   1.0300000e+02	   2.0000000e+00	   5.0000000e+00	   3.3400000e+00	   4.2700000e+00	   1.9400000e+00	   2.0000000e+00	   1.0000000e+00	   3.0000000e+00	   1.0000000e+00	   1.7560000e+03	
   2.0100000e+02	   2.1500000e+02	   1.0300000e+02	   2.0000000e+00	   3.0000000e+00	   3.6000000e+00	   3.3700000e+00	   1.9400000e+00	   2.0000000e+00	   1.0000000e+00	   3.0000000e+00	   2.0000000e+00	   1.8290000e+03	
   2.0600000e+02	   3.0500000e+02	   3.0900000e+02	   1.2000000e+01	   5.0000000e+00	   4.0300000e+00	   3.3350000e+00	   1.5550000e+00	   3.0000000e+00	   2.0000000e+00	   1.0000000e+00	   2.0000000e+00	   4.8770000e+03	
   2.0200000e+02	   3.0500000e+02	   2.1300000e+02	   8.0000000e+00	   5.0000000e+00	   4.1450000e+00	   3.3350000e+00	   3.0650000e+00	   2.0000000e+00	   1.0000000e+00	   3.0000000e+00	   2.0000000e+00	   5.6040000e+03	
   1.0500000e+02	   2.1000000e+02	   2.1300000e+02	   8.0000000e+00	   2.0000000e+00	   3.4300000e+00	   3.2700000e+00	   3.0650000e+00	   3.0000000e+00	   2.0000000e+00	   1.0000000e+00	   1.0000000e+00	   4.7370000e+03	
   1.0700000e+02	   2.0500000e+02	   1.0200000e+02	   1.0000000e+00	   1.0000000e+00	   3.3950000e+00	   3.4850000e+00	   2.1800000e+00	   1.0000000e+00	   2.0000000e+00	   3.0000000e+00	   2.0000000e+00	   1.9680000e+03	
   1.0600000e+02	   2.1100000e+02	   1.0800000e+02	   3.0000000e+00	   2.0000000e+00	   3.5700000e+00	   3.6750000e+00	   9.4500000e-01	   1.0000000e+00	   2.0000000e+00	   3.0000000e+00	   2.0000000e+00	   1.7270000e+03	
   2.0500000e+02	   2.0600000e+02	   2.0400000e+02	   7.0000000e+00	   4.0000000e+00	   3.4850000e+00	   4.0300000e+00	   2.1950000e+00	   3.0000000e+00	   1.0000000e+00	   2.0000000e+00	   3.0000000e+00	   2.8930000e+03	
   2.0700000e+02	   2.1000000e+02	   2.1300000e+02	   8.0000000e+00	   3.0000000e+00	   3.4650000e+00	   3.2700000e+00	   3.0650000e+00	   1.0000000e+00	   3.0000000e+00	   2.0000000e+00	   1.0000000e+00	   5.2130000e+03	
   2.0100000e+02	   3.0500000e+02	   1.0800000e+02	   3.0000000e+00	   3.0000000e+00	   3.6000000e+00	   3.3350000e+00	   9.4500000e-01	   1.0000000e+00	   2.0000000e+00	   3.0000000e+00	   1.0000000e+00	   2.9800000e+03	
   2.0700000e+02	   2.1000000e+02	   2.0300000e+02	   6.0000000e+00	   3.0000000e+00	   3.4650000e+00	   3.2700000e+00	   2.7250000e+00	   2.0000000e+00	   3.0000000e+00	   1.0000000e+00	   2.0000000e+00	   1.3610000e+03	
   1.0600000e+02	   2.1000000e+02	   3.0800000e+02	   1.1000000e+01	   3.0000000e+00	   3.5700000e+00	   3.2700000e+00	   9.7500000e-01	   3.0000000e+00	   1.0000000e+00	   2.0000000e+00	   3.0000000e+00	   2.4730000e+03	
   1.0500000e+02	   2.0100000e+02	   1.0300000e+02	   2.0000000e+00	   2.0000000e+00	   3.4300000e+00	   3.6000000e+00	   1.9400000e+00	   2.0000000e+00	   3.0000000e+00	   1.0000000e+00	   3.0000000e+00	   1.2220000e+03	
   1.1300000e+02	   3.0500000e+02	   3.1100000e+02	   1.4000000e+01	   1.0000000e+00	   3.3400000e+00	   3.3350000e+00	   8.1500000e-01	   3.0000000e+00	   2.0000000e+00	   1.0000000e+00	   2.0000000e+00	   1.5890000e+03	
   1.0500000e+02	   2.1100000e+02	   3.0800000e+02	   1.1000000e+01	   3.0000000e+00	   3.4300000e+00	   3.6750000e+00	   9.7500000e-01	   3.0000000e+00	   2.0000000e+00	   1.0000000e+00	   2.0000000e+00	   3.9880000e+03	
   1.0600000e+02	   2.0600000e+02	   1.0900000e+02	   4.0000000e+00	   4.0000000e+00	   3.5700000e+00	   4.0300000e+00	   1.1950000e+00	   2.0000000e+00	   3.0000000e+00	   1.0000000e+00	   3.0000000e+00	   2.5830000e+03	
   1.0500000e+02	   2.0200000e+02	   1.0900000e+02	   4.0000000e+00	   5.0000000e+00	   3.4300000e+00	   4.1450000e+00	   1.1950000e+00	   3.0000000e+00	   1.0000000e+00	   2.0000000e+00	   1.0000000e+00	   1.9640000e+03	
   2.0700000e+02	   2.1400000e+02	   1.0800000e+02	   3.0000000e+00	   5.0000000e+00	   3.4650000e+00	   4.2700000e+00	   9.4500000e-01	   2.0000000e+00	   3.0000000e+00	   1.0000000e+00	   3.0000000e+00	   9.4400000e+02	
   1.0500000e+02	   2.1000000e+02	   3.0300000e+02	   1.0000000e+01	   2.0000000e+00	   3.4300000e+00	   3.2700000e+00	   1.7500000e+00	   1.0000000e+00	   3.0000000e+00	   2.0000000e+00	   2.0000000e+00	   2.5860000e+03	
   2.0200000e+02	   2.0600000e+02	   2.1300000e+02	   8.0000000e+00	   2.0000000e+00	   4.1450000e+00	   4.0300000e+00	   3.0650000e+00	   2.0000000e+00	   1.0000000e+00	   3.0000000e+00	   2.0000000e+00	   3.1510000e+03	
   2.0100000e+02	   2.1500000e+02	   3.1400000e+02	   1.5000000e+01	   3.0000000e+00	   3.6000000e+00	   3.3700000e+00	   1.1000000e+00	   2.0000000e+00	   3.0000000e+00	   1.0000000e+00	   2.0000000e+00	   1.2680000e+03	
   2.0200000e+02	   2.0700000e+02	   3.1000000e+02	   1.3000000e+01	   4.0000000e+00	   4.1450000e+00	   3.4650000e+00	   1.0050000e+00	   3.0000000e+00	   1.0000000e+00	   2.0000000e+00	   3.0000000e+00	   5.5870000e+03	
   2.0500000e+02	   2.0600000e+02	   3.0300000e+02	   1.0000000e+01	   4.0000000e+00	   3.4850000e+00	   4.0300000e+00	   1.7500000e+00	   1.0000000e+00	   3.0000000e+00	   2.0000000e+00	   1.0000000e+00	   1.8520000e+03	
   2.0500000e+02	   2.0700000e+02	   1.0900000e+02	   4.0000000e+00	   1.0000000e+00	   3.4850000e+00	   3.4650000e+00	   1.1950000e+00	   3.0000000e+00	   2.0000000e+00	   1.0000000e+00	   3.0000000e+00	   1.6580000e+03	
   1.0700000e+02	   2.1100000e+02	   3.1400000e+02	   1.5000000e+01	   3.0000000e+00	   3.3950000e+00	   3.6750000e+00	   1.1000000e+00	   3.0000000e+00	   2.0000000e+00	   1.0000000e+00	   2.0000000e+00	   1.3690000e+03	
   1.0600000e+02	   2.0100000e+02	   2.0300000e+02	   6.0000000e+00	   1.0000000e+00	   3.5700000e+00	   3.6000000e+00	   2.7250000e+00	   1.0000000e+00	   3.0000000e+00	   2.0000000e+00	   3.0000000e+00	   1.3770000e+03	
   2.0100000e+02	   2.0900000e+02	   3.0200000e+02	   9.0000000e+00	   4.0000000e+00	   3.6000000e+00	   3.1700000e+00	   1.8100000e+00	   1.0000000e+00	   2.0000000e+00	   3.0000000e+00	   1.0000000e+00	   1.4380000e+03	
   1.0500000e+02	   3.0500000e+02	   1.0300000e+02	   2.0000000e+00	   1.0000000e+00	   3.4300000e+00	   3.3350000e+00	   1.9400000e+00	   2.0000000e+00	   3.0000000e+00	   1.0000000e+00	   3.0000000e+00	   2.0960000e+03	
   1.0500000e+02	   2.1500000e+02	   3.0800000e+02	   1.1000000e+01	   1.0000000e+00	   3.4300000e+00	   3.3700000e+00	   9.7500000e-01	   1.0000000e+00	   3.0000000e+00	   2.0000000e+00	   3.0000000e+00	   3.3650000e+03	
   1.0500000e+02	   2.0200000e+02	   3.1400000e+02	   1.5000000e+01	   5.0000000e+00	   3.4300000e+00	   4.1450000e+00	   1.1000000e+00	   3.0000000e+00	   1.0000000e+00	   2.0000000e+00	   1.0000000e+00	   1.5430000e+03	
   2.1000000e+02	   3.0500000e+02	   3.0200000e+02	   9.0000000e+00	   1.0000000e+00	   3.2700000e+00	   3.3350000e+00	   1.8100000e+00	   2.0000000e+00	   1.0000000e+00	   3.0000000e+00	   1.0000000e+00	   1.5410000e+03	
   1.0500000e+02	   2.0900000e+02	   2.0400000e+02	   7.0000000e+00	   3.0000000e+00	   3.4300000e+00	   3.1700000e+00	   2.1950000e+00	   3.0000000e+00	   1.0000000e+00	   2.0000000e+00	   2.0000000e+00	   2.3800000e+03	
   2.0500000e+02	   2.0900000e+02	   3.1400000e+02	   1.5000000e+01	   3.0000000e+00	   3.4850000e+00	   3.1700000e+00	   1.1000000e+00	   2.0000000e+00	   3.0000000e+00	   1.0000000e+00	   2.0000000e+00	   1.6840000e+03	
   1.0700000e+02	   3.0500000e+02	   1.0900000e+02	   4.0000000e+00	   1.0000000e+00	   3.3950000e+00	   3.3350000e+00	   1.1950000e+00	   3.0000000e+00	   1.0000000e+00	   2.0000000e+00	   1.0000000e+00	   2.1020000e+03	
   1.0600000e+02	   2.1500000e+02	   3.0800000e+02	   1.1000000e+01	   3.0000000e+00	   3.5700000e+00	   3.3700000e+00	   9.7500000e-01	   1.0000000e+00	   3.0000000e+00	   2.0000000e+00	   3.0000000e+00	   3.9360000e+03	
   2.0200000e+02	   2.0900000e+02	   3.1400000e+02	   1.5000000e+01	   5.0000000e+00	   4.1450000e+00	   3.1700000e+00	   1.1000000e+00	   2.0000000e+00	   3.0000000e+00	   1.0000000e+00	   2.0000000e+00	   1.4840000e+03	
   1.0700000e+02	   2.0500000e+02	   1.0900000e+02	   4.0000000e+00	   1.0000000e+00	   3.3950000e+00	   3.4850000e+00	   1.1950000e+00	   3.0000000e+00	   2.0000000e+00	   1.0000000e+00	   2.0000000e+00	   1.7120000e+03	
   2.0200000e+02	   3.0500000e+02	   1.1000000e+02	   5.0000000e+00	   5.0000000e+00	   4.1450000e+00	   3.3350000e+00	   1.3650000e+00	   2.0000000e+00	   1.0000000e+00	   3.0000000e+00	   1.0000000e+00	   2.6640000e+03	
   1.0700000e+02	   2.0100000e+02	   3.0200000e+02	   9.0000000e+00	   3.0000000e+00	   3.3950000e+00	   3.6000000e+00	   1.8100000e+00	   3.0000000e+00	   2.0000000e+00	   1.0000000e+00	   2.0000000e+00	   1.6480000e+03	
   2.0700000e+02	   2.1100000e+02	   2.1300000e+02	   8.0000000e+00	   3.0000000e+00	   3.4650000e+00	   3.6750000e+00	   3.0650000e+00	   2.0000000e+00	   3.0000000e+00	   1.0000000e+00	   3.0000000e+00	   1.7350000e+03	
   2.0200000e+02	   2.1100000e+02	   1.0900000e+02	   4.0000000e+00	   4.0000000e+00	   4.1450000e+00	   3.6750000e+00	   1.1950000e+00	   3.0000000e+00	   1.0000000e+00	   2.0000000e+00	   1.0000000e+00	   4.2800000e+03	
   1.0600000e+02	   3.0500000e+02	   2.0300000e+02	   6.0000000e+00	   3.0000000e+00	   3.5700000e+00	   3.3350000e+00	   2.7250000e+00	   3.0000000e+00	   2.0000000e+00	   1.0000000e+00	   2.0000000e+00	   2.4590000e+03	
   2.0600000e+02	   2.1500000e+02	   1.0900000e+02	   4.0000000e+00	   4.0000000e+00	   4.0300000e+00	   3.3700000e+00	   1.1950000e+00	   2.0000000e+00	   3.0000000e+00	   1.0000000e+00	   3.0000000e+00	   4.2480000e+03	
   2.0900000e+02	   2.1500000e+02	   3.0900000e+02	   1.2000000e+01	   3.0000000e+00	   3.1700000e+00	   3.3700000e+00	   1.5550000e+00	   2.0000000e+00	   3.0000000e+00	   1.0000000e+00	   3.0000000e+00	   1.3130000e+03	
   2.1000000e+02	   3.0500000e+02	   1.0900000e+02	   4.0000000e+00	   1.0000000e+00	   3.2700000e+00	   3.3350000e+00	   1.1950000e+00	   3.0000000e+00	   1.0000000e+00	   2.0000000e+00	   1.0000000e+00	   1.6790000e+03	
   2.0500000e+02	   2.0900000e+02	   3.1000000e+02	   1.3000000e+01	   3.0000000e+00	   3.4850000e+00	   3.1700000e+00	   1.0050000e+00	   2.0000000e+00	   3.0000000e+00	   1.0000000e+00	   2.0000000e+00	   1.7940000e+03	
   1.0700000e+02	   2.1000000e+02	   3.1100000e+02	   1.4000000e+01	   2.0000000e+00	   3.3950000e+00	   3.2700000e+00	   8.1500000e-01	   1.0000000e+00	   2.0000000e+00	   3.0000000e+00	   1.0000000e+00	   2.8010000e+03	
   2.0900000e+02	   2.1500000e+02	   1.1000000e+02	   5.0000000e+00	   3.0000000e+00	   3.1700000e+00	   3.3700000e+00	   1.3650000e+00	   1.0000000e+00	   3.0000000e+00	   2.0000000e+00	   3.0000000e+00	   1.5550000e+03	
   2.0700000e+02	   2.1100000e+02	   1.0800000e+02	   3.0000000e+00	   3.0000000e+00	   3.4650000e+00	   3.6750000e+00	   9.4500000e-01	   3.0000000e+00	   2.0000000e+00	   1.0000000e+00	   2.0000000e+00	   1.4110000e+03	
   1.0600000e+02	   2.0900000e+02	   3.0900000e+02	   1.2000000e+01	   4.0000000e+00	   3.5700000e+00	   3.1700000e+00	   1.5550000e+00	   2.0000000e+00	   3.0000000e+00	   1.0000000e+00	   2.0000000e+00	   1.8140000e+03	
   1.0500000e+02	   2.0200000e+02	   1.0800000e+02	   3.0000000e+00	   5.0000000e+00	   3.4300000e+00	   4.1450000e+00	   9.4500000e-01	   3.0000000e+00	   1.0000000e+00	   2.0000000e+00	   1.0000000e+00	   1.3350000e+03	
   2.0700000e+02	   2.1000000e+02	   3.0200000e+02	   9.0000000e+00	   3.0000000e+00	   3.4650000e+00	   3.2700000e+00	   1.8100000e+00	   3.0000000e+00	   2.0000000e+00	   1.0000000e+00	   3.0000000e+00	   2.5900000e+03	
   1.0600000e+02	   1.0700000e+02	   1.1000000e+02	   5.0000000e+00	   2.0000000e+00	   3.5700000e+00	   3.3950000e+00	   1.3650000e+00	   1.0000000e+00	   3.0000000e+00	   2.0000000e+00	   3.0000000e+00	   3.0900000e+03	
   1.0600000e+02	   1.1300000e+02	   1.0300000e+02	   2.0000000e+00	   3.0000000e+00	   3.5700000e+00	   3.3400000e+00	   1.9400000e+00	   2.0000000e+00	   3.0000000e+00	   1.0000000e+00	   3.0000000e+00	   2.0220000e+03	
   1.1300000e+02	   2.1100000e+02	   2.1300000e+02	   8.0000000e+00	   4.0000000e+00	   3.3400000e+00	   3.6750000e+00	   3.0650000e+00	   2.0000000e+00	   3.0000000e+00	   1.0000000e+00	   3.0000000e+00	   2.4140000e+03	
   1.0600000e+02	   2.0600000e+02	   2.0400000e+02	   7.0000000e+00	   4.0000000e+00	   3.5700000e+00	   4.0300000e+00	   2.1950000e+00	   3.0000000e+00	   2.0000000e+00	   1.0000000e+00	   2.0000000e+00	   4.9520000e+03	
   2.0500000e+02	   2.0700000e+02	   1.0200000e+02	   1.0000000e+00	   1.0000000e+00	   3.4850000e+00	   3.4650000e+00	   2.1800000e+00	   1.0000000e+00	   2.0000000e+00	   3.0000000e+00	   1.0000000e+00	   1.4300000e+03	
   1.0500000e+02	   1.1300000e+02	   1.1000000e+02	   5.0000000e+00	   1.0000000e+00	   3.4300000e+00	   3.3400000e+00	   1.3650000e+00	   3.0000000e+00	   1.0000000e+00	   2.0000000e+00	   1.0000000e+00	   2.3920000e+03	
   1.0600000e+02	   3.0500000e+02	   1.0300000e+02	   2.0000000e+00	   3.0000000e+00	   3.5700000e+00	   3.3350000e+00	   1.9400000e+00	   2.0000000e+00	   1.0000000e+00	   3.0000000e+00	   1.0000000e+00	   1.8630000e+03	
   1.0500000e+02	   1.0700000e+02	   2.1300000e+02	   8.0000000e+00	   1.0000000e+00	   3.4300000e+00	   3.3950000e+00	   3.0650000e+00	   1.0000000e+00	   3.0000000e+00	   2.0000000e+00	   3.0000000e+00	   1.6730000e+03	
   2.0600000e+02	   2.1500000e+02	   2.0300000e+02	   6.0000000e+00	   4.0000000e+00	   4.0300000e+00	   3.3700000e+00	   2.7250000e+00	   2.0000000e+00	   3.0000000e+00	   1.0000000e+00	   3.0000000e+00	   1.5980000e+03	
   1.0500000e+02	   1.0700000e+02	   3.0800000e+02	   1.1000000e+01	   1.0000000e+00	   3.4300000e+00	   3.3950000e+00	   9.7500000e-01	   1.0000000e+00	   2.0000000e+00	   3.0000000e+00	   2.0000000e+00	   2.1610000e+03	
   1.1300000e+02	   2.1500000e+02	   3.0300000e+02	   1.0000000e+01	   1.0000000e+00	   3.3400000e+00	   3.3700000e+00	   1.7500000e+00	   2.0000000e+00	   3.0000000e+00	   1.0000000e+00	   3.0000000e+00	   2.8970000e+03	
   2.1500000e+02	   3.0500000e+02	   3.0800000e+02	   1.1000000e+01	   1.0000000e+00	   3.3700000e+00	   3.3350000e+00	   9.7500000e-01	   1.0000000e+00	   3.0000000e+00	   2.0000000e+00	   1.0000000e+00	   2.2470000e+03	
   2.0100000e+02	   2.0600000e+02	   3.1100000e+02	   1.4000000e+01	   4.0000000e+00	   3.6000000e+00	   4.0300000e+00	   8.1500000e-01	   1.0000000e+00	   3.0000000e+00	   2.0000000e+00	   1.0000000e+00	   4.3660000e+03	
   1.0600000e+02	   2.0600000e+02	   3.0900000e+02	   1.2000000e+01	   4.0000000e+00	   3.5700000e+00	   4.0300000e+00	   1.5550000e+00	   3.0000000e+00	   2.0000000e+00	   1.0000000e+00	   2.0000000e+00	   4.3380000e+03	
   2.1100000e+02	   2.1400000e+02	   3.1000000e+02	   1.3000000e+01	   4.0000000e+00	   3.6750000e+00	   4.2700000e+00	   1.0050000e+00	   1.0000000e+00	   3.0000000e+00	   2.0000000e+00	   3.0000000e+00	   1.3870000e+03	
   2.0900000e+02	   2.1100000e+02	   1.1000000e+02	   5.0000000e+00	   4.0000000e+00	   3.1700000e+00	   3.6750000e+00	   1.3650000e+00	   3.0000000e+00	   1.0000000e+00	   2.0000000e+00	   1.0000000e+00	   2.6960000e+03	
   2.0500000e+02	   2.1100000e+02	   3.0200000e+02	   9.0000000e+00	   2.0000000e+00	   3.4850000e+00	   3.6750000e+00	   1.8100000e+00	   3.0000000e+00	   2.0000000e+00	   1.0000000e+00	   3.0000000e+00	   2.6220000e+03	
   1.0500000e+02	   2.1000000e+02	   1.0300000e+02	   2.0000000e+00	   2.0000000e+00	   3.4300000e+00	   3.2700000e+00	   1.9400000e+00	   1.0000000e+00	   2.0000000e+00	   3.0000000e+00	   1.0000000e+00	   2.4000000e+03	
   2.0200000e+02	   2.0700000e+02	   3.0900000e+02	   1.2000000e+01	   4.0000000e+00	   4.1450000e+00	   3.4650000e+00	   1.5550000e+00	   1.0000000e+00	   3.0000000e+00	   2.0000000e+00	   1.0000000e+00	   2.3290000e+03	
   1.0500000e+02	   2.0900000e+02	   3.1000000e+02	   1.3000000e+01	   3.0000000e+00	   3.4300000e+00	   3.1700000e+00	   1.0050000e+00	   1.0000000e+00	   2.0000000e+00	   3.0000000e+00	   1.0000000e+00	   4.4550000e+03	
   1.0700000e+02	   2.1000000e+02	   1.0200000e+02	   1.0000000e+00	   2.0000000e+00	   3.3950000e+00	   3.2700000e+00	   2.1800000e+00	   1.0000000e+00	   2.0000000e+00	   3.0000000e+00	   1.0000000e+00	   2.7750000e+03	
   1.0600000e+02	   2.1400000e+02	   3.0300000e+02	   1.0000000e+01	   5.0000000e+00	   3.5700000e+00	   4.2700000e+00	   1.7500000e+00	   2.0000000e+00	   1.0000000e+00	   3.0000000e+00	   1.0000000e+00	   1.7000000e+03	
   1.1300000e+02	   2.1400000e+02	   1.0900000e+02	   4.0000000e+00	   5.0000000e+00	   3.3400000e+00	   4.2700000e+00	   1.1950000e+00	   3.0000000e+00	   2.0000000e+00	   1.0000000e+00	   2.0000000e+00	   2.4840000e+03	
   2.0500000e+02	   3.0500000e+02	   3.1400000e+02	   1.5000000e+01	   2.0000000e+00	   3.4850000e+00	   3.3350000e+00	   1.1000000e+00	   2.0000000e+00	   3.0000000e+00	   1.0000000e+00	   2.0000000e+00	   1.5280000e+03	
   2.0900000e+02	   3.0500000e+02	   1.0300000e+02	   2.0000000e+00	   2.0000000e+00	   3.1700000e+00	   3.3350000e+00	   1.9400000e+00	   2.0000000e+00	   1.0000000e+00	   3.0000000e+00	   1.0000000e+00	   2.1030000e+03	
   1.0700000e+02	   2.1400000e+02	   2.0300000e+02	   6.0000000e+00	   5.0000000e+00	   3.3950000e+00	   4.2700000e+00	   2.7250000e+00	   1.0000000e+00	   2.0000000e+00	   3.0000000e+00	   2.0000000e+00	   2.6600000e+03	
   2.0600000e+02	   2.0900000e+02	   2.0300000e+02	   6.0000000e+00	   5.0000000e+00	   4.0300000e+00	   3.1700000e+00	   2.7250000e+00	   2.0000000e+00	   3.0000000e+00	   1.0000000e+00	   2.0000000e+00	   2.9680000e+03	
   1.0600000e+02	   2.1500000e+02	   3.1100000e+02	   1.4000000e+01	   3.0000000e+00	   3.5700000e+00	   3.3700000e+00	   8.1500000e-01	   1.0000000e+00	   2.0000000e+00	   3.0000000e+00	   2.0000000e+00	   1.6440000e+03	
   2.0600000e+02	   2.1100000e+02	   3.0300000e+02	   1.0000000e+01	   4.0000000e+00	   4.0300000e+00	   3.6750000e+00	   1.7500000e+00	   3.0000000e+00	   1.0000000e+00	   2.0000000e+00	   1.0000000e+00	   1.1390000e+03	
   1.0700000e+02	   2.0100000e+02	   3.1100000e+02	   1.4000000e+01	   3.0000000e+00	   3.3950000e+00	   3.6000000e+00	   8.1500000e-01	   1.0000000e+00	   2.0000000e+00	   3.0000000e+00	   2.0000000e+00	   2.2610000e+03	
   1.0600000e+02	   1.1300000e+02	   3.0300000e+02	   1.0000000e+01	   3.0000000e+00	   3.5700000e+00	   3.3400000e+00	   1.7500000e+00	   3.0000000e+00	   1.0000000e+00	   2.0000000e+00	   2.0000000e+00	   1.1374000e+04	
   1.0700000e+02	   2.1100000e+02	   1.0200000e+02	   1.0000000e+00	   3.0000000e+00	   3.3950000e+00	   3.6750000e+00	   2.1800000e+00	   2.0000000e+00	   3.0000000e+00	   1.0000000e+00	   3.0000000e+00	   3.3140000e+03	
   2.0200000e+02	   2.0600000e+02	   2.0300000e+02	   6.0000000e+00	   2.0000000e+00	   4.1450000e+00	   4.0300000e+00	   2.7250000e+00	   1.0000000e+00	   3.0000000e+00	   2.0000000e+00	   1.0000000e+00	   4.7620000e+03	
   2.0600000e+02	   2.0900000e+02	   3.1400000e+02	   1.5000000e+01	   5.0000000e+00	   4.0300000e+00	   3.1700000e+00	   1.1000000e+00	   1.0000000e+00	   2.0000000e+00	   3.0000000e+00	   1.0000000e+00	   2.4430000e+03	
   2.0100000e+02	   2.0700000e+02	   1.1000000e+02	   5.0000000e+00	   2.0000000e+00	   3.6000000e+00	   3.4650000e+00	   1.3650000e+00	   3.0000000e+00	   1.0000000e+00	   2.0000000e+00	   3.0000000e+00	   1.3410000e+03	
   1.1300000e+02	   2.0900000e+02	   3.0800000e+02	   1.1000000e+01	   2.0000000e+00	   3.3400000e+00	   3.1700000e+00	   9.7500000e-01	   3.0000000e+00	   1.0000000e+00	   2.0000000e+00	   3.0000000e+00	   4.2170000e+03	
   2.0100000e+02	   2.1100000e+02	   1.0800000e+02	   3.0000000e+00	   1.0000000e+00	   3.6000000e+00	   3.6750000e+00	   9.4500000e-01	   1.0000000e+00	   2.0000000e+00	   3.0000000e+00	   1.0000000e+00	   1.8790000e+03	
   2.0100000e+02	   2.1100000e+02	   1.0300000e+02	   2.0000000e+00	   1.0000000e+00	   3.6000000e+00	   3.6750000e+00	   1.9400000e+00	   2.0000000e+00	   1.0000000e+00	   3.0000000e+00	   2.0000000e+00	   1.2520000e+03	
   1.0700000e+02	   2.0500000e+02	   3.1000000e+02	   1.3000000e+01	   1.0000000e+00	   3.3950000e+00	   3.4850000e+00	   1.0050000e+00	   3.0000000e+00	   2.0000000e+00	   1.0000000e+00	   2.0000000e+00	   1.7020000e+03	
   1.0600000e+02	   2.1100000e+02	   3.1400000e+02	   1.5000000e+01	   2.0000000e+00	   3.5700000e+00	   3.6750000e+00	   1.1000000e+00	   1.0000000e+00	   2.0000000e+00	   3.0000000e+00	   2.0000000e+00	   1.3170000e+03	
   1.0700000e+02	   2.1500000e+02	   3.0900000e+02	   1.2000000e+01	   1.0000000e+00	   3.3950000e+00	   3.3700000e+00	   1.5550000e+00	   3.0000000e+00	   2.0000000e+00	   1.0000000e+00	   2.0000000e+00	   1.6830000e+03	
   2.0200000e+02	   2.1400000e+02	   3.1000000e+02	   1.3000000e+01	   2.0000000e+00	   4.1450000e+00	   4.2700000e+00	   1.0050000e+00	   1.0000000e+00	   2.0000000e+00	   3.0000000e+00	   2.0000000e+00	   1.8320000e+03	
   2.0500000e+02	   2.0700000e+02	   3.0900000e+02	   1.2000000e+01	   1.0000000e+00	   3.4850000e+00	   3.4650000e+00	   1.5550000e+00	   1.0000000e+00	   2.0000000e+00	   3.0000000e+00	   1.0000000e+00	   1.3780000e+03	
   1.0700000e+02	   2.1400000e+02	   1.0300000e+02	   2.0000000e+00	   5.0000000e+00	   3.3950000e+00	   4.2700000e+00	   1.9400000e+00	   1.0000000e+00	   3.0000000e+00	   2.0000000e+00	   3.0000000e+00	   1.1670000e+03	
   2.0500000e+02	   2.0900000e+02	   2.0300000e+02	   6.0000000e+00	   3.0000000e+00	   3.4850000e+00	   3.1700000e+00	   2.7250000e+00	   3.0000000e+00	   2.0000000e+00	   1.0000000e+00	   3.0000000e+00	   1.2760000e+03	
   1.0600000e+02	   2.0700000e+02	   3.0800000e+02	   1.1000000e+01	   2.0000000e+00	   3.5700000e+00	   3.4650000e+00	   9.7500000e-01	   1.0000000e+00	   3.0000000e+00	   2.0000000e+00	   3.0000000e+00	   1.8550000e+03	
   1.0500000e+02	   2.1000000e+02	   1.0200000e+02	   1.0000000e+00	   2.0000000e+00	   3.4300000e+00	   3.2700000e+00	   2.1800000e+00	   1.0000000e+00	   2.0000000e+00	   3.0000000e+00	   1.0000000e+00	   3.1500000e+03	
   1.0700000e+02	   1.1300000e+02	   3.0200000e+02	   9.0000000e+00	   1.0000000e+00	   3.3950000e+00	   3.3400000e+00	   1.8100000e+00	   3.0000000e+00	   2.0000000e+00	   1.0000000e+00	   3.0000000e+00	   1.6840000e+03	
   2.0200000e+02	   2.0700000e+02	   1.0800000e+02	   3.0000000e+00	   4.0000000e+00	   4.1450000e+00	   3.4650000e+00	   9.4500000e-01	   1.0000000e+00	   2.0000000e+00	   3.0000000e+00	   2.0000000e+00	   3.1620000e+03	
   2.0900000e+02	   2.1000000e+02	   3.0300000e+02	   1.0000000e+01	   2.0000000e+00	   3.1700000e+00	   3.2700000e+00	   1.7500000e+00	   3.0000000e+00	   2.0000000e+00	   1.0000000e+00	   1.0000000e+00	   2.5130000e+03	
   2.1100000e+02	   2.1400000e+02	   2.0300000e+02	   6.0000000e+00	   4.0000000e+00	   3.6750000e+00	   4.2700000e+00	   2.7250000e+00	   1.0000000e+00	   2.0000000e+00	   3.0000000e+00	   2.0000000e+00	   2.0950000e+03	
   1.0600000e+02	   1.1300000e+02	   2.0400000e+02	   7.0000000e+00	   3.0000000e+00	   3.5700000e+00	   3.3400000e+00	   2.1950000e+00	   2.0000000e+00	   3.0000000e+00	   1.0000000e+00	   1.0000000e+00	   4.5720000e+03	
   2.0100000e+02	   2.0200000e+02	   3.1400000e+02	   1.5000000e+01	   4.0000000e+00	   3.6000000e+00	   4.1450000e+00	   1.1000000e+00	   1.0000000e+00	   2.0000000e+00	   3.0000000e+00	   1.0000000e+00	   2.2010000e+03	
   1.0500000e+02	   1.0600000e+02	   3.0200000e+02	   9.0000000e+00	   2.0000000e+00	   3.4300000e+00	   3.5700000e+00	   1.8100000e+00	   1.0000000e+00	   2.0000000e+00	   3.0000000e+00	   2.0000000e+00	   3.0910000e+03	
   1.0600000e+02	   2.1100000e+02	   3.1000000e+02	   1.3000000e+01	   2.0000000e+00	   3.5700000e+00	   3.6750000e+00	   1.0050000e+00	   3.0000000e+00	   2.0000000e+00	   1.0000000e+00	   2.0000000e+00	   4.6520000e+03	
   2.0500000e+02	   2.1500000e+02	   1.0200000e+02	   1.0000000e+00	   2.0000000e+00	   3.4850000e+00	   3.3700000e+00	   2.1800000e+00	   1.0000000e+00	   3.0000000e+00	   2.0000000e+00	   1.0000000e+00	   1.6700000e+03	
   2.0500000e+02	   2.0700000e+02	   1.0800000e+02	   3.0000000e+00	   1.0000000e+00	   3.4850000e+00	   3.4650000e+00	   9.4500000e-01	   3.0000000e+00	   1.0000000e+00	   2.0000000e+00	   3.0000000e+00	   2.3960000e+03	
   2.0100000e+02	   2.0500000e+02	   2.0300000e+02	   6.0000000e+00	   2.0000000e+00	   3.6000000e+00	   3.4850000e+00	   2.7250000e+00	   2.0000000e+00	   1.0000000e+00	   3.0000000e+00	   1.0000000e+00	   7.9810000e+03	
   2.0600000e+02	   2.0900000e+02	   2.0400000e+02	   7.0000000e+00	   5.0000000e+00	   4.0300000e+00	   3.1700000e+00	   2.1950000e+00	   3.0000000e+00	   2.0000000e+00	   1.0000000e+00	   3.0000000e+00	   4.3000000e+03	
   1.0700000e+02	   2.1500000e+02	   2.1300000e+02	   8.0000000e+00	   1.0000000e+00	   3.3950000e+00	   3.3700000e+00	   3.0650000e+00	   2.0000000e+00	   1.0000000e+00	   3.0000000e+00	   1.0000000e+00	   2.1400000e+03	
   2.0700000e+02	   2.0900000e+02	   1.0200000e+02	   1.0000000e+00	   3.0000000e+00	   3.4650000e+00	   3.1700000e+00	   2.1800000e+00	   1.0000000e+00	   2.0000000e+00	   3.0000000e+00	   1.0000000e+00	   1.3300000e+03	
   2.0200000e+02	   2.0900000e+02	   3.0900000e+02	   1.2000000e+01	   5.0000000e+00	   4.1450000e+00	   3.1700000e+00	   1.5550000e+00	   3.0000000e+00	   1.0000000e+00	   2.0000000e+00	   3.0000000e+00	   2.1480000e+03	
   1.1300000e+02	   2.0600000e+02	   1.0300000e+02	   2.0000000e+00	   5.0000000e+00	   3.3400000e+00	   4.0300000e+00	   1.9400000e+00	   3.0000000e+00	   2.0000000e+00	   1.0000000e+00	   2.0000000e+00	   3.2230000e+03	
   1.0500000e+02	   2.1500000e+02	   1.0300000e+02	   2.0000000e+00	   1.0000000e+00	   3.4300000e+00	   3.3700000e+00	   1.9400000e+00	   2.0000000e+00	   3.0000000e+00	   1.0000000e+00	   3.0000000e+00	   1.5670000e+03	
   2.0900000e+02	   2.1100000e+02	   3.1000000e+02	   1.3000000e+01	   4.0000000e+00	   3.1700000e+00	   3.6750000e+00	   1.0050000e+00	   1.0000000e+00	   3.0000000e+00	   2.0000000e+00	   3.0000000e+00	   1.0030000e+03	
   1.0500000e+02	   2.0100000e+02	   3.0200000e+02	   9.0000000e+00	   2.0000000e+00	   3.4300000e+00	   3.6000000e+00	   1.8100000e+00	   3.0000000e+00	   2.0000000e+00	   1.0000000e+00	   2.0000000e+00	   1.0420000e+03	
   2.1000000e+02	   2.1100000e+02	   2.1300000e+02	   8.0000000e+00	   4.0000000e+00	   3.2700000e+00	   3.6750000e+00	   3.0650000e+00	   2.0000000e+00	   3.0000000e+00	   1.0000000e+00	   3.0000000e+00	   1.8000000e+03	
   1.1300000e+02	   2.0500000e+02	   3.0300000e+02	   1.0000000e+01	   2.0000000e+00	   3.3400000e+00	   3.4850000e+00	   1.7500000e+00	   3.0000000e+00	   1.0000000e+00	   2.0000000e+00	   1.0000000e+00	   1.2310000e+03	
   2.0600000e+02	   3.0500000e+02	   2.1300000e+02	   8.0000000e+00	   5.0000000e+00	   4.0300000e+00	   3.3350000e+00	   3.0650000e+00	   2.0000000e+00	   1.0000000e+00	   3.0000000e+00	   1.0000000e+00	   2.1230000e+03	
   2.0200000e+02	   2.0700000e+02	   3.0800000e+02	   1.1000000e+01	   4.0000000e+00	   4.1450000e+00	   3.4650000e+00	   9.7500000e-01	   1.0000000e+00	   2.0000000e+00	   3.0000000e+00	   1.0000000e+00	   3.6360000e+03	
   1.1300000e+02	   2.1100000e+02	   1.0900000e+02	   4.0000000e+00	   4.0000000e+00	   3.3400000e+00	   3.6750000e+00	   1.1950000e+00	   1.0000000e+00	   2.0000000e+00	   3.0000000e+00	   2.0000000e+00	   2.0020000e+03	
   1.0500000e+02	   3.0500000e+02	   3.1100000e+02	   1.4000000e+01	   1.0000000e+00	   3.4300000e+00	   3.3350000e+00	   8.1500000e-01	   1.0000000e+00	   2.0000000e+00	   3.0000000e+00	   2.0000000e+00	   2.7650000e+03	
   2.0700000e+02	   2.1400000e+02	   3.1000000e+02	   1.3000000e+01	   5.0000000e+00	   3.4650000e+00	   4.2700000e+00	   1.0050000e+00	   1.0000000e+00	   2.0000000e+00	   3.0000000e+00	   2.0000000e+00	   1.3090000e+03	
   1.1300000e+02	   2.1500000e+02	   2.1300000e+02	   8.0000000e+00	   1.0000000e+00	   3.3400000e+00	   3.3700000e+00	   3.0650000e+00	   1.0000000e+00	   2.0000000e+00	   3.0000000e+00	   2.0000000e+00	   1.9330000e+03	
   2.0500000e+02	   2.0700000e+02	   1.1000000e+02	   5.0000000e+00	   1.0000000e+00	   3.4850000e+00	   3.4650000e+00	   1.3650000e+00	   3.0000000e+00	   1.0000000e+00	   2.0000000e+00	   3.0000000e+00	   2.3330000e+03	
   2.1400000e+02	   2.1500000e+02	   3.0800000e+02	   1.1000000e+01	   5.0000000e+00	   4.2700000e+00	   3.3700000e+00	   9.7500000e-01	   3.0000000e+00	   2.0000000e+00	   1.0000000e+00	   3.0000000e+00	   1.5310000e+03	
   1.0500000e+02	   2.1100000e+02	   1.0800000e+02	   3.0000000e+00	   3.0000000e+00	   3.4300000e+00	   3.6750000e+00	   9.4500000e-01	   3.0000000e+00	   1.0000000e+00	   2.0000000e+00	   1.0000000e+00	   1.7420000e+03	
   2.1100000e+02	   2.1400000e+02	   3.0200000e+02	   9.0000000e+00	   4.0000000e+00	   3.6750000e+00	   4.2700000e+00	   1.8100000e+00	   3.0000000e+00	   2.0000000e+00	   1.0000000e+00	   2.0000000e+00	   1.4270000e+03	
   1.0700000e+02	   2.1000000e+02	   3.0900000e+02	   1.2000000e+01	   2.0000000e+00	   3.3950000e+00	   3.2700000e+00	   1.5550000e+00	   2.0000000e+00	   3.0000000e+00	   1.0000000e+00	   2.0000000e+00	   2.3810000e+03	
   2.0600000e+02	   2.1000000e+02	   1.0200000e+02	   1.0000000e+00	   5.0000000e+00	   4.0300000e+00	   3.2700000e+00	   2.1800000e+00	   3.0000000e+00	   2.0000000e+00	   1.0000000e+00	   3.0000000e+00	   1.3780000e+03	
   1.0700000e+02	   2.0900000e+02	   1.1000000e+02	   5.0000000e+00	   3.0000000e+00	   3.3950000e+00	   3.1700000e+00	   1.3650000e+00	   1.0000000e+00	   3.0000000e+00	   2.0000000e+00	   1.0000000e+00	   1.2550000e+03	
   2.0100000e+02	   2.0700000e+02	   1.0800000e+02	   3.0000000e+00	   2.0000000e+00	   3.6000000e+00	   3.4650000e+00	   9.4500000e-01	   1.0000000e+00	   2.0000000e+00	   3.0000000e+00	   1.0000000e+00	   1.7220000e+03	
   1.0700000e+02	   2.1400000e+02	   3.1000000e+02	   1.3000000e+01	   5.0000000e+00	   3.3950000e+00	   4.2700000e+00	   1.0050000e+00	   1.0000000e+00	   3.0000000e+00	   2.0000000e+00	   3.0000000e+00	   1.7910000e+03	
   1.0700000e+02	   2.1400000e+02	   1.1000000e+02	   5.0000000e+00	   5.0000000e+00	   3.3950000e+00	   4.2700000e+00	   1.3650000e+00	   3.0000000e+00	   2.0000000e+00	   1.0000000e+00	   2.0000000e+00	   1.4540000e+03	
   1.0500000e+02	   2.1400000e+02	   1.0200000e+02	   1.0000000e+00	   5.0000000e+00	   3.4300000e+00	   4.2700000e+00	   2.1800000e+00	   1.0000000e+00	   2.0000000e+00	   3.0000000e+00	   2.0000000e+00	   1.2550000e+03	
   2.1500000e+02	   3.0500000e+02	   1.0300000e+02	   2.0000000e+00	   1.0000000e+00	   3.3700000e+00	   3.3350000e+00	   1.9400000e+00	   1.0000000e+00	   3.0000000e+00	   2.0000000e+00	   1.0000000e+00	   4.0060000e+03	
   1.1300000e+02	   2.0100000e+02	   3.1000000e+02	   1.3000000e+01	   3.0000000e+00	   3.3400000e+00	   3.6000000e+00	   1.0050000e+00	   3.0000000e+00	   2.0000000e+00	   1.0000000e+00	   2.0000000e+00	   2.4760000e+03	
   2.0200000e+02	   3.0500000e+02	   1.0800000e+02	   3.0000000e+00	   5.0000000e+00	   4.1450000e+00	   3.3350000e+00	   9.4500000e-01	   3.0000000e+00	   2.0000000e+00	   1.0000000e+00	   2.0000000e+00	   2.6240000e+03	
   2.0500000e+02	   2.1500000e+02	   3.0900000e+02	   1.2000000e+01	   2.0000000e+00	   3.4850000e+00	   3.3700000e+00	   1.5550000e+00	   2.0000000e+00	   3.0000000e+00	   1.0000000e+00	   2.0000000e+00	   1.0670000e+03	
   2.0600000e+02	   2.1100000e+02	   1.1000000e+02	   5.0000000e+00	   4.0000000e+00	   4.0300000e+00	   3.6750000e+00	   1.3650000e+00	   3.0000000e+00	   2.0000000e+00	   1.0000000e+00	   2.0000000e+00	   1.6230000e+03	
   1.1300000e+02	   2.0900000e+02	   3.0300000e+02	   1.0000000e+01	   2.0000000e+00	   3.3400000e+00	   3.1700000e+00	   1.7500000e+00	   1.0000000e+00	   3.0000000e+00	   2.0000000e+00	   2.0000000e+00	   3.2760000e+03	
   2.0100000e+02	   2.0500000e+02	   2.0400000e+02	   7.0000000e+00	   2.0000000e+00	   3.6000000e+00	   3.4850000e+00	   2.1950000e+00	   3.0000000e+00	   2.0000000e+00	   1.0000000e+00	   2.0000000e+00	   1.0536000e+04	
   2.0200000e+02	   2.0500000e+02	   3.0800000e+02	   1.1000000e+01	   4.0000000e+00	   4.1450000e+00	   3.4850000e+00	   9.7500000e-01	   2.0000000e+00	   1.0000000e+00	   3.0000000e+00	   1.0000000e+00	   1.5130000e+03	
   1.0600000e+02	   3.0500000e+02	   3.0900000e+02	   1.2000000e+01	   3.0000000e+00	   3.5700000e+00	   3.3350000e+00	   1.5550000e+00	   3.0000000e+00	   2.0000000e+00	   1.0000000e+00	   2.0000000e+00	   1.1560000e+03	
   1.1300000e+02	   2.1100000e+02	   3.1100000e+02	   1.4000000e+01	   4.0000000e+00	   3.3400000e+00	   3.6750000e+00	   8.1500000e-01	   2.0000000e+00	   1.0000000e+00	   3.0000000e+00	   1.0000000e+00	   1.3410000e+03	
   1.0700000e+02	   2.0600000e+02	   1.0800000e+02	   3.0000000e+00	   4.0000000e+00	   3.3950000e+00	   4.0300000e+00	   9.4500000e-01	   2.0000000e+00	   1.0000000e+00	   3.0000000e+00	   2.0000000e+00	   1.8520000e+03	
   1.1300000e+02	   2.0900000e+02	   2.1300000e+02	   8.0000000e+00	   2.0000000e+00	   3.3400000e+00	   3.1700000e+00	   3.0650000e+00	   3.0000000e+00	   1.0000000e+00	   2.0000000e+00	   2.0000000e+00	   4.0420000e+03	
   2.0700000e+02	   2.1400000e+02	   3.0800000e+02	   1.1000000e+01	   5.0000000e+00	   3.4650000e+00	   4.2700000e+00	   9.7500000e-01	   3.0000000e+00	   2.0000000e+00	   1.0000000e+00	   2.0000000e+00	   9.3900000e+02	
   1.1300000e+02	   2.0200000e+02	   1.0900000e+02	   4.0000000e+00	   5.0000000e+00	   3.3400000e+00	   4.1450000e+00	   1.1950000e+00	   2.0000000e+00	   1.0000000e+00	   3.0000000e+00	   1.0000000e+00	   3.7000000e+03	
   1.0700000e+02	   2.0600000e+02	   1.0200000e+02	   1.0000000e+00	   4.0000000e+00	   3.3950000e+00	   4.0300000e+00	   2.1800000e+00	   2.0000000e+00	   1.0000000e+00	   3.0000000e+00	   1.0000000e+00	   2.0500000e+03	
   1.0600000e+02	   2.0500000e+02	   1.0200000e+02	   1.0000000e+00	   1.0000000e+00	   3.5700000e+00	   3.4850000e+00	   2.1800000e+00	   3.0000000e+00	   2.0000000e+00	   1.0000000e+00	   2.0000000e+00	   1.3940000e+03	
   2.1000000e+02	   3.0500000e+02	   3.1000000e+02	   1.3000000e+01	   1.0000000e+00	   3.2700000e+00	   3.3350000e+00	   1.0050000e+00	   1.0000000e+00	   3.0000000e+00	   2.0000000e+00	   3.0000000e+00	   1.3060000e+03	
   1.0500000e+02	   2.0500000e+02	   2.0400000e+02	   7.0000000e+00	   1.0000000e+00	   3.4300000e+00	   3.4850000e+00	   2.1950000e+00	   3.0000000e+00	   2.0000000e+00	   1.0000000e+00	   2.0000000e+00	   1.9920000e+03	
   2.0100000e+02	   2.1000000e+02	   1.0900000e+02	   4.0000000e+00	   3.0000000e+00	   3.6000000e+00	   3.2700000e+00	   1.1950000e+00	   3.0000000e+00	   1.0000000e+00	   2.0000000e+00	   3.0000000e+00	   1.0310000e+03	
   1.0500000e+02	   2.0700000e+02	   2.0300000e+02	   6.0000000e+00	   1.0000000e+00	   3.4300000e+00	   3.4650000e+00	   2.7250000e+00	   1.0000000e+00	   2.0000000e+00	   3.0000000e+00	   2.0000000e+00	   7.1770000e+03	
   2.0200000e+02	   2.1400000e+02	   1.0900000e+02	   4.0000000e+00	   2.0000000e+00	   4.1450000e+00	   4.2700000e+00	   1.1950000e+00	   2.0000000e+00	   1.0000000e+00	   3.0000000e+00	   1.0000000e+00	   1.7910000e+03	
   2.0600000e+02	   2.1100000e+02	   3.0800000e+02	   1.1000000e+01	   4.0000000e+00	   4.0300000e+00	   3.6750000e+00	   9.7500000e-01	   2.0000000e+00	   3.0000000e+00	   1.0000000e+00	   3.0000000e+00	   1.7520000e+03	
   2.0900000e+02	   3.0500000e+02	   1.0900000e+02	   4.0000000e+00	   2.0000000e+00	   3.1700000e+00	   3.3350000e+00	   1.1950000e+00	   3.0000000e+00	   1.0000000e+00	   2.0000000e+00	   1.0000000e+00	   1.5370000e+03	
   1.0500000e+02	   1.0600000e+02	   2.0300000e+02	   6.0000000e+00	   2.0000000e+00	   3.4300000e+00	   3.5700000e+00	   2.7250000e+00	   2.0000000e+00	   3.0000000e+00	   1.0000000e+00	   3.0000000e+00	   1.9520000e+03	
   1.0700000e+02	   2.1500000e+02	   3.0200000e+02	   9.0000000e+00	   1.0000000e+00	   3.3950000e+00	   3.3700000e+00	   1.8100000e+00	   2.0000000e+00	   1.0000000e+00	   3.0000000e+00	   1.0000000e+00	   3.8280000e+03	
   1.0500000e+02	   2.0500000e+02	   3.0300000e+02	   1.0000000e+01	   1.0000000e+00	   3.4300000e+00	   3.4850000e+00	   1.7500000e+00	   3.0000000e+00	   1.0000000e+00	   2.0000000e+00	   1.0000000e+00	   1.4340000e+03	
   1.0600000e+02	   2.1500000e+02	   3.0900000e+02	   1.2000000e+01	   3.0000000e+00	   3.5700000e+00	   3.3700000e+00	   1.5550000e+00	   2.0000000e+00	   1.0000000e+00	   3.0000000e+00	   1.0000000e+00	   3.3090000e+03	
   2.1000000e+02	   2.1100000e+02	   3.0800000e+02	   1.1000000e+01	   4.0000000e+00	   3.2700000e+00	   3.6750000e+00	   9.7500000e-01	   2.0000000e+00	   1.0000000e+00	   3.0000000e+00	   1.0000000e+00	   1.4100000e+03	
   2.0600000e+02	   3.0500000e+02	   1.0300000e+02	   2.0000000e+00	   5.0000000e+00	   4.0300000e+00	   3.3350000e+00	   1.9400000e+00	   2.0000000e+00	   3.0000000e+00	   1.0000000e+00	   3.0000000e+00	   2.1840000e+03	
   2.0600000e+02	   2.1400000e+02	   1.1000000e+02	   5.0000000e+00	   3.0000000e+00	   4.0300000e+00	   4.2700000e+00	   1.3650000e+00	   1.0000000e+00	   3.0000000e+00	   2.0000000e+00	   3.0000000e+00	   2.3310000e+03	
   2.0900000e+02	   2.1500000e+02	   3.0200000e+02	   9.0000000e+00	   3.0000000e+00	   3.1700000e+00	   3.3700000e+00	   1.8100000e+00	   3.0000000e+00	   1.0000000e+00	   2.0000000e+00	   1.0000000e+00	   2.4030000e+03	
   2.0700000e+02	   3.0500000e+02	   2.0400000e+02	   7.0000000e+00	   2.0000000e+00	   3.4650000e+00	   3.3350000e+00	   2.1950000e+00	   1.0000000e+00	   3.0000000e+00	   2.0000000e+00	   3.0000000e+00	   3.1240000e+03	
   2.0500000e+02	   2.1400000e+02	   3.1000000e+02	   1.3000000e+01	   5.0000000e+00	   3.4850000e+00	   4.2700000e+00	   1.0050000e+00	   1.0000000e+00	   3.0000000e+00	   2.0000000e+00	   3.0000000e+00	   2.5860000e+03	
   2.0200000e+02	   2.1100000e+02	   1.0300000e+02	   2.0000000e+00	   4.0000000e+00	   4.1450000e+00	   3.6750000e+00	   1.9400000e+00	   2.0000000e+00	   1.0000000e+00	   3.0000000e+00	   1.0000000e+00	   1.6890000e+03	
   1.0600000e+02	   2.0600000e+02	   1.0200000e+02	   1.0000000e+00	   4.0000000e+00	   3.5700000e+00	   4.0300000e+00	   2.1800000e+00	   3.0000000e+00	   1.0000000e+00	   2.0000000e+00	   1.0000000e+00	   5.7550000e+03	
   2.0900000e+02	   2.1100000e+02	   2.0300000e+02	   6.0000000e+00	   4.0000000e+00	   3.1700000e+00	   3.6750000e+00	   2.7250000e+00	   2.0000000e+00	   1.0000000e+00	   3.0000000e+00	   1.0000000e+00	   1.4590000e+03	
   2.0100000e+02	   2.0700000e+02	   3.0900000e+02	   1.2000000e+01	   2.0000000e+00	   3.6000000e+00	   3.4650000e+00	   1.5550000e+00	   1.0000000e+00	   2.0000000e+00	   3.0000000e+00	   1.0000000e+00	   1.8220000e+03	
   2.1000000e+02	   2.1500000e+02	   2.0400000e+02	   7.0000000e+00	   2.0000000e+00	   3.2700000e+00	   3.3700000e+00	   2.1950000e+00	   1.0000000e+00	   3.0000000e+00	   2.0000000e+00	   3.0000000e+00	   3.1200000e+03	
   2.0200000e+02	   2.0900000e+02	   1.0200000e+02	   1.0000000e+00	   5.0000000e+00	   4.1450000e+00	   3.1700000e+00	   2.1800000e+00	   2.0000000e+00	   1.0000000e+00	   3.0000000e+00	   2.0000000e+00	   2.8150000e+03	
   2.0500000e+02	   3.0500000e+02	   3.0200000e+02	   9.0000000e+00	   2.0000000e+00	   3.4850000e+00	   3.3350000e+00	   1.8100000e+00	   3.0000000e+00	   1.0000000e+00	   2.0000000e+00	   1.0000000e+00	   1.3700000e+03	
   2.1400000e+02	   2.1500000e+02	   2.1300000e+02	   8.0000000e+00	   5.0000000e+00	   4.2700000e+00	   3.3700000e+00	   3.0650000e+00	   3.0000000e+00	   2.0000000e+00	   1.0000000e+00	   3.0000000e+00	   2.0530000e+03	
   1.1300000e+02	   2.0200000e+02	   3.1100000e+02	   1.4000000e+01	   5.0000000e+00	   3.3400000e+00	   4.1450000e+00	   8.1500000e-01	   3.0000000e+00	   2.0000000e+00	   1.0000000e+00	   2.0000000e+00	   1.4800000e+03	
   2.1000000e+02	   2.1100000e+02	   3.0200000e+02	   9.0000000e+00	   4.0000000e+00	   3.2700000e+00	   3.6750000e+00	   1.8100000e+00	   3.0000000e+00	   1.0000000e+00	   2.0000000e+00	   1.0000000e+00	   1.6390000e+03	
   2.0100000e+02	   3.0500000e+02	   1.0300000e+02	   2.0000000e+00	   3.0000000e+00	   3.6000000e+00	   3.3350000e+00	   1.9400000e+00	   1.0000000e+00	   3.0000000e+00	   2.0000000e+00	   1.0000000e+00	   1.3410000e+03	
   2.0500000e+02	   3.0500000e+02	   3.1100000e+02	   1.4000000e+01	   2.0000000e+00	   3.4850000e+00	   3.3350000e+00	   8.1500000e-01	   1.0000000e+00	   3.0000000e+00	   2.0000000e+00	   1.0000000e+00	   2.1010000e+03	
   1.0700000e+02	   2.1400000e+02	   3.0300000e+02	   1.0000000e+01	   5.0000000e+00	   3.3950000e+00	   4.2700000e+00	   1.7500000e+00	   1.0000000e+00	   3.0000000e+00	   2.0000000e+00	   3.0000000e+00	   1.7220000e+03	
   2.0700000e+02	   2.0900000e+02	   2.1300000e+02	   8.0000000e+00	   3.0000000e+00	   3.4650000e+00	   3.1700000e+00	   3.0650000e+00	   2.0000000e+00	   1.0000000e+00	   3.0000000e+00	   2.0000000e+00	   2.2600000e+03	
   1.0700000e+02	   2.1400000e+02	   3.1100000e+02	   1.4000000e+01	   5.0000000e+00	   3.3950000e+00	   4.2700000e+00	   8.1500000e-01	   3.0000000e+00	   2.0000000e+00	   1.0000000e+00	   2.0000000e+00	   1.1640000e+03	
   2.0500000e+02	   2.1100000e+02	   3.1400000e+02	   1.5000000e+01	   2.0000000e+00	   3.4850000e+00	   3.6750000e+00	   1.1000000e+00	   2.0000000e+00	   1.0000000e+00	   3.0000000e+00	   2.0000000e+00	   2.4760000e+03	
   1.0600000e+02	   1.0700000e+02	   3.1100000e+02	   1.4000000e+01	   2.0000000e+00	   3.5700000e+00	   3.3950000e+00	   8.1500000e-01	   2.0000000e+00	   3.0000000e+00	   1.0000000e+00	   3.0000000e+00	   2.7710000e+03	
   2.0600000e+02	   2.1000000e+02	   3.1100000e+02	   1.4000000e+01	   5.0000000e+00	   4.0300000e+00	   3.2700000e+00	   8.1500000e-01	   3.0000000e+00	   1.0000000e+00	   2.0000000e+00	   3.0000000e+00	   1.4950000e+03	
   1.1300000e+02	   2.1400000e+02	   3.0200000e+02	   9.0000000e+00	   5.0000000e+00	   3.3400000e+00	   4.2700000e+00	   1.8100000e+00	   3.0000000e+00	   2.0000000e+00	   1.0000000e+00	   2.0000000e+00	   1.0400000e+03	
   1.1300000e+02	   2.1100000e+02	   3.1400000e+02	   1.5000000e+01	   4.0000000e+00	   3.3400000e+00	   3.6750000e+00	   1.1000000e+00	   2.0000000e+00	   1.0000000e+00	   3.0000000e+00	   1.0000000e+00	   1.4700000e+03	
   1.0600000e+02	   2.1100000e+02	   1.1000000e+02	   5.0000000e+00	   2.0000000e+00	   3.5700000e+00	   3.6750000e+00	   1.3650000e+00	   2.0000000e+00	   1.0000000e+00	   3.0000000e+00	   1.0000000e+00	   1.6030000e+03	
   2.0900000e+02	   2.1500000e+02	   1.0200000e+02	   1.0000000e+00	   3.0000000e+00	   3.1700000e+00	   3.3700000e+00	   2.1800000e+00	   2.0000000e+00	   1.0000000e+00	   3.0000000e+00	   1.0000000e+00	   2.0190000e+03	
   1.0700000e+02	   2.0200000e+02	   2.0300000e+02	   6.0000000e+00	   5.0000000e+00	   3.3950000e+00	   4.1450000e+00	   2.7250000e+00	   3.0000000e+00	   1.0000000e+00	   2.0000000e+00	   1.0000000e+00	   2.0690000e+03	
   1.0500000e+02	   2.0500000e+02	   3.0900000e+02	   1.2000000e+01	   1.0000000e+00	   3.4300000e+00	   3.4850000e+00	   1.5550000e+00	   2.0000000e+00	   1.0000000e+00	   3.0000000e+00	   1.0000000e+00	   9.9200000e+02	
   2.1400000e+02	   3.0500000e+02	   3.0800000e+02	   1.1000000e+01	   5.0000000e+00	   4.2700000e+00	   3.3350000e+00	   9.7500000e-01	   2.0000000e+00	   1.0000000e+00	   3.0000000e+00	   2.0000000e+00	   2.2090000e+03	
   1.0500000e+02	   1.0600000e+02	   3.1100000e+02	   1.4000000e+01	   2.0000000e+00	   3.4300000e+00	   3.5700000e+00	   8.1500000e-01	   2.0000000e+00	   3.0000000e+00	   1.0000000e+00	   2.0000000e+00	   5.2920000e+03	
   2.0600000e+02	   2.0700000e+02	   1.0300000e+02	   2.0000000e+00	   4.0000000e+00	   4.0300000e+00	   3.4650000e+00	   1.9400000e+00	   2.0000000e+00	   1.0000000e+00	   3.0000000e+00	   1.0000000e+00	   4.3090000e+03	
   1.0600000e+02	   2.1400000e+02	   2.0300000e+02	   6.0000000e+00	   5.0000000e+00	   3.5700000e+00	   4.2700000e+00	   2.7250000e+00	   1.0000000e+00	   3.0000000e+00	   2.0000000e+00	   3.0000000e+00	   1.2140000e+03	
   1.0700000e+02	   2.1500000e+02	   1.1000000e+02	   5.0000000e+00	   1.0000000e+00	   3.3950000e+00	   3.3700000e+00	   1.3650000e+00	   1.0000000e+00	   2.0000000e+00	   3.0000000e+00	   2.0000000e+00	   4.4000000e+03	
   2.0200000e+02	   2.0600000e+02	   1.0900000e+02	   4.0000000e+00	   2.0000000e+00	   4.1450000e+00	   4.0300000e+00	   1.1950000e+00	   2.0000000e+00	   3.0000000e+00	   1.0000000e+00	   2.0000000e+00	   2.1280000e+03	
   1.0700000e+02	   2.1500000e+02	   2.0300000e+02	   6.0000000e+00	   1.0000000e+00	   3.3950000e+00	   3.3700000e+00	   2.7250000e+00	   3.0000000e+00	   1.0000000e+00	   2.0000000e+00	   1.0000000e+00	   4.1370000e+03	
   1.1300000e+02	   2.0100000e+02	   3.0900000e+02	   1.2000000e+01	   3.0000000e+00	   3.3400000e+00	   3.6000000e+00	   1.5550000e+00	   3.0000000e+00	   2.0000000e+00	   1.0000000e+00	   2.0000000e+00	   1.6660000e+03	
   2.0500000e+02	   2.0700000e+02	   2.0300000e+02	   6.0000000e+00	   1.0000000e+00	   3.4850000e+00	   3.4650000e+00	   2.7250000e+00	   1.0000000e+00	   3.0000000e+00	   2.0000000e+00	   1.0000000e+00	   2.1360000e+03	
   1.1300000e+02	   2.0500000e+02	   3.1000000e+02	   1.3000000e+01	   2.0000000e+00	   3.3400000e+00	   3.4850000e+00	   1.0050000e+00	   3.0000000e+00	   1.0000000e+00	   2.0000000e+00	   1.0000000e+00	   1.7410000e+03	
   2.0500000e+02	   2.0900000e+02	   1.0900000e+02	   4.0000000e+00	   3.0000000e+00	   3.4850000e+00	   3.1700000e+00	   1.1950000e+00	   1.0000000e+00	   2.0000000e+00	   3.0000000e+00	   1.0000000e+00	   1.8600000e+03	
   1.0500000e+02	   2.1100000e+02	   3.1100000e+02	   1.4000000e+01	   3.0000000e+00	   3.4300000e+00	   3.6750000e+00	   8.1500000e-01	   1.0000000e+00	   2.0000000e+00	   3.0000000e+00	   2.0000000e+00	   1.5340000e+03	
   2.0700000e+02	   2.1500000e+02	   1.1000000e+02	   5.0000000e+00	   1.0000000e+00	   3.4650000e+00	   3.3700000e+00	   1.3650000e+00	   1.0000000e+00	   3.0000000e+00	   2.0000000e+00	   3.0000000e+00	   3.9830000e+03	
   1.0600000e+02	   1.0700000e+02	   1.0800000e+02	   3.0000000e+00	   2.0000000e+00	   3.5700000e+00	   3.3950000e+00	   9.4500000e-01	   2.0000000e+00	   1.0000000e+00	   3.0000000e+00	   1.0000000e+00	   2.2250000e+03	
   2.0200000e+02	   2.0900000e+02	   2.0400000e+02	   7.0000000e+00	   5.0000000e+00	   4.1450000e+00	   3.1700000e+00	   2.1950000e+00	   1.0000000e+00	   3.0000000e+00	   2.0000000e+00	   1.0000000e+00	   1.7400000e+03	
   1.0700000e+02	   2.0500000e+02	   3.1400000e+02	   1.5000000e+01	   1.0000000e+00	   3.3950000e+00	   3.4850000e+00	   1.1000000e+00	   2.0000000e+00	   1.0000000e+00	   3.0000000e+00	   1.0000000e+00	   1.7630000e+03	
   2.1100000e+02	   2.1500000e+02	   3.1100000e+02	   1.4000000e+01	   3.0000000e+00	   3.6750000e+00	   3.3700000e+00	   8.1500000e-01	   3.0000000e+00	   1.0000000e+00	   2.0000000e+00	   3.0000000e+00	   2.2930000e+03	
   2.1100000e+02	   3.0500000e+02	   3.1100000e+02	   1.4000000e+01	   4.0000000e+00	   3.6750000e+00	   3.3350000e+00	   8.1500000e-01	   3.0000000e+00	   2.0000000e+00	   1.0000000e+00	   3.0000000e+00	   2.9880000e+03	
   2.0500000e+02	   2.1500000e+02	   3.1000000e+02	   1.3000000e+01	   2.0000000e+00	   3.4850000e+00	   3.3700000e+00	   1.0050000e+00	   1.0000000e+00	   3.0000000e+00	   2.0000000e+00	   1.0000000e+00	   1.3830000e+03	
   2.1100000e+02	   2.1400000e+02	   1.0300000e+02	   2.0000000e+00	   4.0000000e+00	   3.6750000e+00	   4.2700000e+00	   1.9400000e+00	   2.0000000e+00	   1.0000000e+00	   3.0000000e+00	   1.0000000e+00	   1.4610000e+03	
   2.0700000e+02	   2.1400000e+02	   1.1000000e+02	   5.0000000e+00	   5.0000000e+00	   3.4650000e+00	   4.2700000e+00	   1.3650000e+00	   1.0000000e+00	   2.0000000e+00	   3.0000000e+00	   2.0000000e+00	   1.0180000e+03	
   2.0900000e+02	   2.1500000e+02	   2.0400000e+02	   7.0000000e+00	   3.0000000e+00	   3.1700000e+00	   3.3700000e+00	   2.1950000e+00	   2.0000000e+00	   1.0000000e+00	   3.0000000e+00	   1.0000000e+00	   2.4580000e+03	
   1.0500000e+02	   2.0200000e+02	   3.1100000e+02	   1.4000000e+01	   5.0000000e+00	   3.4300000e+00	   4.1450000e+00	   8.1500000e-01	   2.0000000e+00	   3.0000000e+00	   1.0000000e+00	   3.0000000e+00	   1.7990000e+03	
   2.0100000e+02	   2.1400000e+02	   3.1000000e+02	   1.3000000e+01	   4.0000000e+00	   3.6000000e+00	   4.2700000e+00	   1.0050000e+00	   2.0000000e+00	   3.0000000e+00	   1.0000000e+00	   3.0000000e+00	   2.0490000e+03	
   1.0600000e+02	   2.0200000e+02	   3.0300000e+02	   1.0000000e+01	   4.0000000e+00	   3.5700000e+00	   4.1450000e+00	   1.7500000e+00	   2.0000000e+00	   1.0000000e+00	   3.0000000e+00	   1.0000000e+00	   1.5843000e+04	
   2.1400000e+02	   3.0500000e+02	   3.0300000e+02	   1.0000000e+01	   5.0000000e+00	   4.2700000e+00	   3.3350000e+00	   1.7500000e+00	   3.0000000e+00	   1.0000000e+00	   2.0000000e+00	   3.0000000e+00	   2.1650000e+03	
   1.0500000e+02	   2.0500000e+02	   3.1400000e+02	   1.5000000e+01	   1.0000000e+00	   3.4300000e+00	   3.4850000e+00	   1.1000000e+00	   3.0000000e+00	   1.0000000e+00	   2.0000000e+00	   3.0000000e+00	   2.2540000e+03	
   1.0600000e+02	   2.0600000e+02	   3.1400000e+02	   1.5000000e+01	   4.0000000e+00	   3.5700000e+00	   4.0300000e+00	   1.1000000e+00	   3.0000000e+00	   2.0000000e+00	   1.0000000e+00	   2.0000000e+00	   3.7150000e+03	
   2.0100000e+02	   2.0600000e+02	   2.1300000e+02	   8.0000000e+00	   4.0000000e+00	   3.6000000e+00	   4.0300000e+00	   3.0650000e+00	   3.0000000e+00	   2.0000000e+00	   1.0000000e+00	   3.0000000e+00	   1.5670000e+03	
   1.1300000e+02	   2.0700000e+02	   1.1000000e+02	   5.0000000e+00	   2.0000000e+00	   3.3400000e+00	   3.4650000e+00	   1.3650000e+00	   1.0000000e+00	   2.0000000e+00	   3.0000000e+00	   2.0000000e+00	   1.0720000e+03	
   1.0500000e+02	   2.1400000e+02	   3.1400000e+02	   1.5000000e+01	   5.0000000e+00	   3.4300000e+00	   4.2700000e+00	   1.1000000e+00	   3.0000000e+00	   1.0000000e+00	   2.0000000e+00	   1.0000000e+00	   1.1070000e+03	
   2.0600000e+02	   2.0700000e+02	   3.0200000e+02	   9.0000000e+00	   4.0000000e+00	   4.0300000e+00	   3.4650000e+00	   1.8100000e+00	   2.0000000e+00	   1.0000000e+00	   3.0000000e+00	   2.0000000e+00	   1.8730000e+03	
   2.0700000e+02	   2.1100000e+02	   2.0300000e+02	   6.0000000e+00	   3.0000000e+00	   3.4650000e+00	   3.6750000e+00	   2.7250000e+00	   3.0000000e+00	   1.0000000e+00	   2.0000000e+00	   1.0000000e+00	   1.3990000e+03	
   1.0600000e+02	   2.1000000e+02	   3.0300000e+02	   1.0000000e+01	   3.0000000e+00	   3.5700000e+00	   3.2700000e+00	   1.7500000e+00	   2.0000000e+00	   3.0000000e+00	   1.0000000e+00	   1.0000000e+00	   1.9720000e+03	
   2.0600000e+02	   2.1100000e+02	   2.0300000e+02	   6.0000000e+00	   4.0000000e+00	   4.0300000e+00	   3.6750000e+00	   2.7250000e+00	   2.0000000e+00	   1.0000000e+00	   3.0000000e+00	   1.0000000e+00	   1.5310000e+03	
   2.0200000e+02	   2.0700000e+02	   2.0400000e+02	   7.0000000e+00	   4.0000000e+00	   4.1450000e+00	   3.4650000e+00	   2.1950000e+00	   1.0000000e+00	   2.0000000e+00	   3.0000000e+00	   1.0000000e+00	   2.2310000e+03	
   2.0600000e+02	   2.1000000e+02	   1.1000000e+02	   5.0000000e+00	   5.0000000e+00	   4.0300000e+00	   3.2700000e+00	   1.3650000e+00	   2.0000000e+00	   1.0000000e+00	   3.0000000e+00	   2.0000000e+00	   1.7890000e+03	
   1.0700000e+02	   2.0100000e+02	   3.0300000e+02	   1.0000000e+01	   3.0000000e+00	   3.3950000e+00	   3.6000000e+00	   1.7500000e+00	   2.0000000e+00	   3.0000000e+00	   1.0000000e+00	   3.0000000e+00	   1.4850000e+03	
   1.0500000e+02	   1.0600000e+02	   2.1300000e+02	   8.0000000e+00	   2.0000000e+00	   3.4300000e+00	   3.5700000e+00	   3.0650000e+00	   1.0000000e+00	   3.0000000e+00	   2.0000000e+00	   1.0000000e+00	   3.4560000e+03	
   1.0700000e+02	   2.0700000e+02	   3.1400000e+02	   1.5000000e+01	   1.0000000e+00	   3.3950000e+00	   3.4650000e+00	   1.1000000e+00	   2.0000000e+00	   3.0000000e+00	   1.0000000e+00	   3.0000000e+00	   2.2850000e+03	
   1.0500000e+02	   2.0500000e+02	   2.1300000e+02	   8.0000000e+00	   1.0000000e+00	   3.4300000e+00	   3.4850000e+00	   3.0650000e+00	   2.0000000e+00	   1.0000000e+00	   3.0000000e+00	   1.0000000e+00	   1.4430000e+03	
   1.1300000e+02	   2.1400000e+02	   3.0900000e+02	   1.2000000e+01	   5.0000000e+00	   3.3400000e+00	   4.2700000e+00	   1.5550000e+00	   1.0000000e+00	   2.0000000e+00	   3.0000000e+00	   2.0000000e+00	   1.0670000e+03	
   2.1100000e+02	   3.0500000e+02	   1.1000000e+02	   5.0000000e+00	   4.0000000e+00	   3.6750000e+00	   3.3350000e+00	   1.3650000e+00	   1.0000000e+00	   3.0000000e+00	   2.0000000e+00	   1.0000000e+00	   2.0090000e+03	
   1.0700000e+02	   2.0900000e+02	   3.0800000e+02	   1.1000000e+01	   3.0000000e+00	   3.3950000e+00	   3.1700000e+00	   9.7500000e-01	   1.0000000e+00	   2.0000000e+00	   3.0000000e+00	   1.0000000e+00	   3.3450000e+03	
   1.0600000e+02	   2.1500000e+02	   3.1400000e+02	   1.5000000e+01	   3.0000000e+00	   3.5700000e+00	   3.3700000e+00	   1.1000000e+00	   2.0000000e+00	   3.0000000e+00	   1.0000000e+00	   3.0000000e+00	   2.6340000e+03	
   2.0900000e+02	   2.1400000e+02	   1.0900000e+02	   4.0000000e+00	   5.0000000e+00	   3.1700000e+00	   4.2700000e+00	   1.1950000e+00	   3.0000000e+00	   1.0000000e+00	   2.0000000e+00	   1.0000000e+00	   1.5150000e+03	
   1.0700000e+02	   2.0500000e+02	   3.1100000e+02	   1.4000000e+01	   1.0000000e+00	   3.3950000e+00	   3.4850000e+00	   8.1500000e-01	   2.0000000e+00	   3.0000000e+00	   1.0000000e+00	   3.0000000e+00	   1.3970000e+03	
   1.0600000e+02	   2.0200000e+02	   1.1000000e+02	   5.0000000e+00	   4.0000000e+00	   3.5700000e+00	   4.1450000e+00	   1.3650000e+00	   3.0000000e+00	   1.0000000e+00	   2.0000000e+00	   1.0000000e+00	   2.3310000e+03	
   1.1300000e+02	   2.0600000e+02	   2.0400000e+02	   7.0000000e+00	   5.0000000e+00	   3.3400000e+00	   4.0300000e+00	   2.1950000e+00	   2.0000000e+00	   1.0000000e+00	   3.0000000e+00	   1.0000000e+00	   3.1350000e+03	
   1.0600000e+02	   2.1400000e+02	   3.0200000e+02	   9.0000000e+00	   5.0000000e+00	   3.5700000e+00	   4.2700000e+00	   1.8100000e+00	   2.0000000e+00	   3.0000000e+00	   1.0000000e+00	   3.0000000e+00	   8.3400000e+02	
   1.0600000e+02	   2.1000000e+02	   1.0200000e+02	   1.0000000e+00	   3.0000000e+00	   3.5700000e+00	   3.2700000e+00	   2.1800000e+00	   2.0000000e+00	   1.0000000e+00	   3.0000000e+00	   2.0000000e+00	   4.1990000e+03	
