   1.0000000e+00	   2.1500000e+02	   2.0000000e+00	   2.9800000e+00	   2.8895000e+04	   1.4500000e+00	   4.6980000e+03	
   2.0000000e+00	   1.1200000e+02	   1.0000000e+00	   4.9700000e+00	   5.7900000e+03	   4.6300000e+00	   2.8160000e+03	
   3.0000000e+00	   2.0400000e+02	   2.0000000e+00	   3.1500000e+00	   8.1860000e+03	   1.7700000e+00	   2.9320000e+03	
   4.0000000e+00	   3.0200000e+02	   3.0000000e+00	   4.4300000e+00	   2.9230000e+03	   4.6800000e+00	   3.1650000e+03	
   5.0000000e+00	   1.0600000e+02	   1.0000000e+00	   4.5800000e+00	   2.3890000e+03	   3.2100000e+00	   5.0320000e+03	
   6.0000000e+00	   1.1500000e+02	   1.0000000e+00	   3.8400000e+00	   3.6560000e+03	   3.1700000e+00	   6.2650000e+03	
   7.0000000e+00	   1.0500000e+02	   1.0000000e+00	   4.5400000e+00	   3.2560000e+03	   1.5100000e+00	   2.1990000e+03	
   8.0000000e+00	   3.1200000e+02	   3.0000000e+00	   4.6200000e+00	   3.7890000e+03	   4.4000000e+00	   2.9990000e+03	
   9.0000000e+00	   2.0900000e+02	   2.0000000e+00	   4.7000000e+00	   2.7560000e+03	   4.3900000e+00	   1.3990000e+03	
   1.0000000e+01	   2.1100000e+02	   2.0000000e+00	   4.8900000e+00	   2.4900000e+03	   3.3200000e+00	   2.4340000e+03	
   1.1000000e+01	   1.0200000e+02	   1.0000000e+00	   4.9600000e+00	   2.2890000e+03	   4.3200000e+00	   1.5990000e+03	
   1.2000000e+01	   3.1300000e+02	   3.0000000e+00	   4.2900000e+00	   2.0720000e+03	   3.4700000e+00	   5.6640000e+03	
   1.3000000e+01	   2.0100000e+02	   2.0000000e+00	   4.8000000e+00	   3.3570000e+03	   1.5200000e+00	   2.4660000e+03	
   1.4000000e+01	   1.1300000e+02	   1.0000000e+00	   4.8200000e+00	   2.7560000e+03	   4.8400000e+00	   1.6330000e+03	
   1.5000000e+01	   3.0300000e+02	   3.0000000e+00	   4.8400000e+00	   2.2560000e+03	   4.9300000e+00	   1.4330000e+03	
   1.6000000e+01	   3.0800000e+02	   3.0000000e+00	   3.0000000e-01	   6.6880000e+03	   7.0000000e-02	   2.7330000e+03	
   1.7000000e+01	   1.1100000e+02	   1.0000000e+00	   4.5900000e+00	   2.3050000e+03	   3.6500000e+00	   1.3330000e+03	
   1.8000000e+01	   1.0800000e+02	   1.0000000e+00	   4.4200000e+00	   1.9570000e+03	   4.9200000e+00	   1.5000000e+03	
   1.9000000e+01	   1.1400000e+02	   1.0000000e+00	   1.2200000e+00	   4.9550000e+03	   2.7900000e+00	   1.5990000e+03	
   2.0000000e+01	   1.1600000e+02	   1.0000000e+00	   4.7500000e+00	   2.5900000e+03	   4.8500000e+00	   1.5660000e+03	
   2.1000000e+01	   2.0500000e+02	   2.0000000e+00	   4.8200000e+00	   3.3900000e+03	   4.9000000e-01	   2.0330000e+03	
   2.2000000e+01	   1.0100000e+02	   1.0000000e+00	   3.3800000e+00	   2.3230000e+03	   3.3100000e+00	   3.9320000e+03	
   2.3000000e+01	   3.0700000e+02	   3.0000000e+00	   3.5400000e+00	   3.6560000e+03	   4.4600000e+00	   2.6320000e+03	
   2.4000000e+01	   1.0400000e+02	   1.0000000e+00	   3.1100000e+00	   3.0560000e+03	   2.7900000e+00	   6.2640000e+03	
   2.5000000e+01	   3.0600000e+02	   3.0000000e+00	   3.3900000e+00	   3.5900000e+03	   3.5200000e+00	   2.6660000e+03	
   2.6000000e+01	   2.1000000e+02	   2.0000000e+00	   4.4300000e+00	   3.0220000e+03	   4.9400000e+00	   1.8990000e+03	
   2.7000000e+01	   3.1000000e+02	   3.0000000e+00	   1.4400000e+00	   3.8220000e+03	   8.4000000e-01	   2.9660000e+03	
   2.8000000e+01	   2.0600000e+02	   2.0000000e+00	   4.8400000e+00	   2.1910000e+03	   3.6400000e+00	   2.2990000e+03	
   2.9000000e+01	   1.1000000e+02	   1.0000000e+00	   3.3000000e+00	   3.0230000e+03	   1.2600000e+00	   1.2660000e+03	
   3.0000000e+01	   3.0400000e+02	   3.0000000e+00	   3.8600000e+00	   3.0230000e+03	   4.8100000e+00	   1.5660000e+03	
   3.1000000e+01	   3.1100000e+02	   3.0000000e+00	   4.0000000e-02	   4.0220000e+03	   2.0000000e-02	   2.6660000e+03	
   3.2000000e+01	   2.0300000e+02	   2.0000000e+00	   2.4600000e+00	   7.4210000e+03	   4.5000000e-01	   1.4000000e+03	
   3.3000000e+01	   3.0900000e+02	   3.0000000e+00	   4.2100000e+00	   3.3370000e+03	   4.9200000e+00	   2.8990000e+03	
   3.4000000e+01	   2.0800000e+02	   2.0000000e+00	   3.6900000e+00	   4.6890000e+03	   3.9100000e+00	   1.6320000e+03	
   3.5000000e+01	   1.0300000e+02	   1.0000000e+00	   3.2600000e+00	   3.1560000e+03	   1.6200000e+00	   2.7660000e+03	
   3.6000000e+01	   3.1400000e+02	   3.0000000e+00	   4.6700000e+00	   5.0690000e+03	   4.6100000e+00	   2.4670000e+03	
   3.7000000e+01	   3.0100000e+02	   3.0000000e+00	   2.1000000e-01	   6.0870000e+03	   4.3800000e+00	   2.0660000e+03	
   3.8000000e+01	   2.0200000e+02	   2.0000000e+00	   4.8700000e+00	   2.3560000e+03	   3.8600000e+00	   2.6340000e+03	
   3.9000000e+01	   3.0500000e+02	   3.0000000e+00	   3.8100000e+00	   4.3550000e+03	   1.2000000e-01	   2.0330000e+03	
   4.0000000e+01	   2.1300000e+02	   2.0000000e+00	   4.7200000e+00	   2.8560000e+03	   1.3800000e+00	   1.2000000e+03	
   4.1000000e+01	   1.0700000e+02	   1.0000000e+00	   4.6200000e+00	   1.7220000e+03	   4.3000000e+00	   2.3670000e+03	
   4.2000000e+01	   1.0900000e+02	   1.0000000e+00	   3.5800000e+00	   2.5880000e+03	   4.8900000e+00	   1.3320000e+03	
   4.3000000e+01	   2.0700000e+02	   2.0000000e+00	   4.4500000e+00	   2.5220000e+03	   1.1400000e+00	   5.1320000e+03	
   4.4000000e+01	   2.1400000e+02	   2.0000000e+00	   4.9800000e+00	   2.7890000e+03	   4.5600000e+00	   2.1660000e+03	
   4.5000000e+01	   2.1200000e+02	   2.0000000e+00	   3.8000000e-01	   3.6880000e+03	   2.6000000e-01	   2.3660000e+03	
