   1.0000000e+00	   1.0000000e+00	   1.1100000e+02	   2.5100000e+00	   1.4250000e+03	
   1.0000000e+00	   2.0000000e+00	   2.1000000e+02	   2.4500000e+00	   1.1260000e+03	
   1.0000000e+00	   3.0000000e+00	   1.0300000e+02	   2.5000000e+00	   5.6000000e+02	
   1.0000000e+00	   4.0000000e+00	   2.0500000e+02	   2.5000000e+00	   8.2600000e+02	
   1.0000000e+00	   5.0000000e+00	   1.1400000e+02	   2.5000000e+00	   4.4500000e+02	
   1.0000000e+00	   6.0000000e+00	   3.0200000e+02	   8.1000000e-01	   2.7940000e+03	
   1.0000000e+00	   7.0000000e+00	   1.0900000e+02	   2.5000000e+00	   9.6300000e+02	
   1.0000000e+00	   8.0000000e+00	   2.1300000e+02	   2.3000000e+00	   1.3610000e+03	
   1.0000000e+00	   9.0000000e+00	   1.0500000e+02	   4.0300000e+00	   9.5920000e+03	
   1.0000000e+00	   1.0000000e+01	   1.0200000e+02	   0.0000000e+00	   6.0940000e+03	
   1.0000000e+00	   1.1000000e+01	   3.1000000e+02	   0.0000000e+00	   4.9920000e+03	
   1.0000000e+00	   1.2000000e+01	   3.0800000e+02	   3.7900000e+00	   6.9940000e+03	
   1.0000000e+00	   1.3000000e+01	   1.1500000e+02	   4.9800000e+00	   6.3270000e+03	
   1.0000000e+00	   1.4000000e+01	   3.0900000e+02	   3.1200000e+00	   4.0760000e+03	
   1.0000000e+00	   1.5000000e+01	   1.1300000e+02	   4.3100000e+00	   3.7620000e+03	
   1.0000000e+00	   1.6000000e+01	   2.0200000e+02	   0.0000000e+00	   2.5280000e+03	
   1.0000000e+00	   1.7000000e+01	   1.1000000e+02	   1.9400000e+00	   6.1930000e+03	
   1.0000000e+00	   1.8000000e+01	   3.1100000e+02	   2.5000000e-01	   2.9610000e+03	
   1.0000000e+00	   1.9000000e+01	   2.0300000e+02	   1.5500000e+00	   3.9250000e+03	
   1.0000000e+00	   2.0000000e+01	   3.0600000e+02	   9.9000000e-01	   3.2600000e+03	
   1.0000000e+00	   2.1000000e+01	   3.0500000e+02	   1.8800000e+00	   4.9620000e+03	
   1.0000000e+00	   2.2000000e+01	   3.0400000e+02	   2.1000000e-01	   4.4930000e+03	
   1.0000000e+00	   2.3000000e+01	   1.0400000e+02	   3.5000000e+00	   5.1590000e+03	
   1.0000000e+00	   2.4000000e+01	   2.0100000e+02	   4.5100000e+00	   3.0610000e+03	
   1.0000000e+00	   2.5000000e+01	   3.1300000e+02	   1.5700000e+00	   3.3270000e+03	
   1.0000000e+00	   2.6000000e+01	   2.1500000e+02	   5.0000000e+00	   3.1100000e+03	
   1.0000000e+00	   2.7000000e+01	   2.0400000e+02	   4.4200000e+00	   4.9600000e+03	
   1.0000000e+00	   2.8000000e+01	   2.1200000e+02	   3.6500000e+00	   3.4260000e+03	
   1.0000000e+00	   2.9000000e+01	   1.0700000e+02	   4.3900000e+00	   3.2940000e+03	
   1.0000000e+00	   3.0000000e+01	   3.0700000e+02	   0.0000000e+00	   4.7590000e+03	
   1.0000000e+00	   3.1000000e+01	   1.1200000e+02	   3.7300000e+00	   4.0270000e+03	
   1.0000000e+00	   3.2000000e+01	   2.0700000e+02	   4.5600000e+00	   3.6250000e+03	
   1.0000000e+00	   3.3000000e+01	   3.0300000e+02	   0.0000000e+00	   1.7280000e+03	
   1.0000000e+00	   3.4000000e+01	   3.1200000e+02	   1.2700000e+00	   2.8620000e+03	
   1.0000000e+00	   3.5000000e+01	   3.1400000e+02	   9.7000000e-01	   6.2760000e+03	
   1.0000000e+00	   3.6000000e+01	   1.0100000e+02	   3.1700000e+00	   2.6930000e+03	
   1.0000000e+00	   3.7000000e+01	   1.1600000e+02	   1.7100000e+00	   2.5280000e+03	
   1.0000000e+00	   3.8000000e+01	   2.0600000e+02	   5.0000000e+00	   2.0280000e+03	
   1.0000000e+00	   3.9000000e+01	   2.0900000e+02	   9.3000000e-01	   3.8920000e+03	
   1.0000000e+00	   4.0000000e+01	   2.1100000e+02	   5.3000000e-01	   4.4250000e+03	
   1.0000000e+00	   4.1000000e+01	   1.0600000e+02	   4.8700000e+00	   2.9940000e+03	
   1.0000000e+00	   4.2000000e+01	   2.0800000e+02	   2.0500000e+00	   6.2600000e+03	
   1.0000000e+00	   4.3000000e+01	   1.0800000e+02	   4.0300000e+00	   3.3930000e+03	
   1.0000000e+00	   4.4000000e+01	   2.1400000e+02	   3.7500000e+00	   6.8590000e+03	
   1.0000000e+00	   4.5000000e+01	   3.0100000e+02	   3.0000000e-01	   2.3600000e+03	
   2.0000000e+00	   1.0000000e+00	   1.0500000e+02	   2.8900000e+00	   4.1870000e+03	
   2.0000000e+00	   2.0000000e+00	   1.0400000e+02	   3.6100000e+00	   2.1610000e+03	
   2.0000000e+00	   3.0000000e+00	   1.1500000e+02	   5.0000000e+00	   2.0940000e+03	
   2.0000000e+00	   4.0000000e+00	   1.1400000e+02	   3.2300000e+00	   5.7270000e+03	
   2.0000000e+00	   5.0000000e+00	   2.0700000e+02	   4.6100000e+00	   2.4620000e+03	
   2.0000000e+00	   6.0000000e+00	   1.0900000e+02	   4.4900000e+00	   5.6930000e+03	
   2.0000000e+00	   7.0000000e+00	   2.1400000e+02	   4.0600000e+00	   2.7270000e+03	
   2.0000000e+00	   8.0000000e+00	   3.0200000e+02	   2.1000000e-01	   2.2280000e+03	
   2.0000000e+00	   9.0000000e+00	   2.1000000e+02	   1.1200000e+00	   1.9950000e+03	
   2.0000000e+00	   1.0000000e+01	   3.1400000e+02	   6.4000000e-01	   3.1940000e+03	
   2.0000000e+00	   1.1000000e+01	   2.0400000e+02	   4.8300000e+00	   2.4280000e+03	
   2.0000000e+00	   1.2000000e+01	   1.0600000e+02	   5.0000000e+00	   2.7270000e+03	
   2.0000000e+00	   1.3000000e+01	   3.0700000e+02	   7.2000000e-01	   3.9620000e+03	
   2.0000000e+00	   1.4000000e+01	   3.1300000e+02	   8.4000000e-01	   2.1270000e+03	
   2.0000000e+00	   1.5000000e+01	   3.0900000e+02	   2.5000000e+00	   3.5940000e+03	
   2.0000000e+00	   1.6000000e+01	   3.1200000e+02	   2.1600000e+00	   3.2280000e+03	
   2.0000000e+00	   1.7000000e+01	   3.0400000e+02	   2.4000000e-01	   2.2280000e+03	
   2.0000000e+00	   1.8000000e+01	   3.0500000e+02	   1.0400000e+00	   3.6940000e+03	
   2.0000000e+00	   1.9000000e+01	   2.0200000e+02	   1.3000000e-01	   2.2940000e+03	
   2.0000000e+00	   2.0000000e+01	   2.0100000e+02	   3.9300000e+00	   2.3940000e+03	
   2.0000000e+00	   2.1000000e+01	   2.1500000e+02	   5.0000000e+00	   2.2970000e+03	
   2.0000000e+00	   2.2000000e+01	   1.1600000e+02	   3.0700000e+00	   4.1280000e+03	
   2.0000000e+00	   2.3000000e+01	   1.0700000e+02	   3.9700000e+00	   5.3280000e+03	
   2.0000000e+00	   2.4000000e+01	   1.1000000e+02	   3.1300000e+00	   2.9610000e+03	
   2.0000000e+00	   2.5000000e+01	   3.0300000e+02	   2.4500000e+00	   9.9500000e+02	
   2.0000000e+00	   2.6000000e+01	   3.0600000e+02	   1.3200000e+00	   2.8940000e+03	
   2.0000000e+00	   2.7000000e+01	   3.0100000e+02	   3.6000000e-01	   1.6950000e+03	
   2.0000000e+00	   2.8000000e+01	   2.0600000e+02	   5.0000000e+00	   1.7270000e+03	
   2.0000000e+00	   2.9000000e+01	   2.0900000e+02	   2.1000000e-01	   5.1950000e+03	
   2.0000000e+00	   3.0000000e+01	   2.1300000e+02	   4.8600000e+00	   4.5270000e+03	
   2.0000000e+00	   3.1000000e+01	   2.0800000e+02	   1.8400000e+00	   2.7940000e+03	
   2.0000000e+00	   3.2000000e+01	   1.0100000e+02	   3.3700000e+00	   2.6950000e+03	
   2.0000000e+00	   3.3000000e+01	   2.1200000e+02	   3.8800000e+00	   2.9610000e+03	
   2.0000000e+00	   3.4000000e+01	   3.1000000e+02	   1.6000000e-01	   3.7270000e+03	
   2.0000000e+00	   3.5000000e+01	   1.0300000e+02	   3.4700000e+00	   3.4940000e+03	
   2.0000000e+00	   3.6000000e+01	   1.1300000e+02	   4.8600000e+00	   1.9620000e+03	
   2.0000000e+00	   3.7000000e+01	   2.0500000e+02	   3.5600000e+00	   3.5270000e+03	
   2.0000000e+00	   3.8000000e+01	   3.0800000e+02	   3.8400000e+00	   5.6600000e+03	
   2.0000000e+00	   3.9000000e+01	   1.0200000e+02	   0.0000000e+00	   2.8620000e+03	
   2.0000000e+00	   4.0000000e+01	   3.1100000e+02	   0.0000000e+00	   3.2940000e+03	
   2.0000000e+00	   4.1000000e+01	   1.1200000e+02	   4.2600000e+00	   2.7940000e+03	
   2.0000000e+00	   4.2000000e+01	   1.0800000e+02	   3.9300000e+00	   3.4270000e+03	
   2.0000000e+00	   4.3000000e+01	   2.1100000e+02	   5.1000000e-01	   1.9960000e+03	
   2.0000000e+00	   4.4000000e+01	   1.1100000e+02	   2.5000000e+00	   2.9400000e+02	
   2.0000000e+00	   4.5000000e+01	   2.0300000e+02	   8.4000000e-01	   2.7610000e+03	
