   1.0800000e+02	   2.1500000e+02	   3.1000000e+02	   1.3000000e+01	   5.0000000e+00	   3.9800000e+00	   5.0000000e+00	   8.0000000e-02	   2.0000000e+00	   1.0000000e+00	   3.0000000e+00	   1.0000000e+00	   4.2850000e+03	
   1.1300000e+02	   2.1200000e+02	   3.1400000e+02	   1.5000000e+01	   4.0000000e+00	   4.5850000e+00	   3.7650000e+00	   8.0500000e-01	   1.0000000e+00	   2.0000000e+00	   3.0000000e+00	   2.0000000e+00	   2.7640000e+03	
   1.1200000e+02	   1.1300000e+02	   1.0100000e+02	   1.0000000e+00	   3.0000000e+00	   3.9950000e+00	   4.5850000e+00	   3.2700000e+00	   1.0000000e+00	   2.0000000e+00	   3.0000000e+00	   1.0000000e+00	   5.7870000e+03	
   1.0600000e+02	   1.1300000e+02	   1.0300000e+02	   3.0000000e+00	   2.0000000e+00	   4.9350000e+00	   4.5850000e+00	   2.9850000e+00	   2.0000000e+00	   1.0000000e+00	   3.0000000e+00	   2.0000000e+00	   2.1140000e+03	
   1.0600000e+02	   1.1500000e+02	   3.0300000e+02	   9.0000000e+00	   1.0000000e+00	   4.9350000e+00	   4.9900000e+00	   1.2250000e+00	   1.0000000e+00	   2.0000000e+00	   3.0000000e+00	   1.0000000e+00	   2.1260000e+03	
   2.0100000e+02	   2.1500000e+02	   1.0300000e+02	   3.0000000e+00	   4.0000000e+00	   4.2200000e+00	   5.0000000e+00	   2.9850000e+00	   1.0000000e+00	   3.0000000e+00	   2.0000000e+00	   1.0000000e+00	   2.3130000e+03	
   2.0400000e+02	   2.0700000e+02	   3.1000000e+02	   1.3000000e+01	   1.0000000e+00	   4.6250000e+00	   4.5850000e+00	   8.0000000e-02	   1.0000000e+00	   2.0000000e+00	   3.0000000e+00	   2.0000000e+00	   7.4700000e+03	
   1.0700000e+02	   2.1400000e+02	   3.1400000e+02	   1.5000000e+01	   2.0000000e+00	   4.1800000e+00	   3.9050000e+00	   8.0500000e-01	   2.0000000e+00	   3.0000000e+00	   1.0000000e+00	   2.0000000e+00	   1.8440000e+03	
   1.0700000e+02	   2.0400000e+02	   3.1000000e+02	   1.3000000e+01	   3.0000000e+00	   4.1800000e+00	   4.6250000e+00	   8.0000000e-02	   2.0000000e+00	   1.0000000e+00	   3.0000000e+00	   1.0000000e+00	   2.2180000e+03	
   1.1500000e+02	   2.1300000e+02	   2.0300000e+02	   6.0000000e+00	   5.0000000e+00	   4.9900000e+00	   3.5800000e+00	   1.1950000e+00	   1.0000000e+00	   3.0000000e+00	   2.0000000e+00	   3.0000000e+00	   2.9720000e+03	
   1.1200000e+02	   2.1200000e+02	   3.0300000e+02	   9.0000000e+00	   2.0000000e+00	   3.9950000e+00	   3.7650000e+00	   1.2250000e+00	   3.0000000e+00	   1.0000000e+00	   2.0000000e+00	   3.0000000e+00	   2.8580000e+03	
   1.0800000e+02	   3.0800000e+02	   1.0100000e+02	   1.0000000e+00	   1.0000000e+00	   3.9800000e+00	   3.8150000e+00	   3.2700000e+00	   3.0000000e+00	   2.0000000e+00	   1.0000000e+00	   1.0000000e+00	   5.2180000e+03	
   1.1200000e+02	   1.1500000e+02	   3.0900000e+02	   1.2000000e+01	   4.0000000e+00	   3.9950000e+00	   4.9900000e+00	   2.8100000e+00	   3.0000000e+00	   2.0000000e+00	   1.0000000e+00	   3.0000000e+00	   3.3000000e+03	
   2.1300000e+02	   2.1400000e+02	   3.0700000e+02	   1.1000000e+01	   2.0000000e+00	   3.5800000e+00	   3.9050000e+00	   3.6000000e-01	   3.0000000e+00	   1.0000000e+00	   2.0000000e+00	   1.0000000e+00	   4.9940000e+03	
   1.1500000e+02	   2.1500000e+02	   1.0200000e+02	   2.0000000e+00	   1.0000000e+00	   4.9900000e+00	   5.0000000e+00	   0.0000000e+00	   2.0000000e+00	   1.0000000e+00	   3.0000000e+00	   1.0000000e+00	   1.3540000e+03	
   1.0800000e+02	   2.0700000e+02	   3.0300000e+02	   9.0000000e+00	   3.0000000e+00	   3.9800000e+00	   4.5850000e+00	   1.2250000e+00	   1.0000000e+00	   3.0000000e+00	   2.0000000e+00	   1.0000000e+00	   2.2350000e+03	
   1.1200000e+02	   2.1500000e+02	   2.1100000e+02	   8.0000000e+00	   4.0000000e+00	   3.9950000e+00	   5.0000000e+00	   5.2000000e-01	   3.0000000e+00	   2.0000000e+00	   1.0000000e+00	   2.0000000e+00	   1.5500000e+03	
   1.0800000e+02	   2.0400000e+02	   1.1100000e+02	   5.0000000e+00	   3.0000000e+00	   3.9800000e+00	   4.6250000e+00	   2.5050000e+00	   1.0000000e+00	   3.0000000e+00	   2.0000000e+00	   3.0000000e+00	   2.6840000e+03	
   2.0400000e+02	   2.0700000e+02	   3.1400000e+02	   1.5000000e+01	   1.0000000e+00	   4.6250000e+00	   4.5850000e+00	   8.0500000e-01	   1.0000000e+00	   2.0000000e+00	   3.0000000e+00	   2.0000000e+00	   2.8440000e+03	
   1.1300000e+02	   2.1400000e+02	   1.0300000e+02	   3.0000000e+00	   3.0000000e+00	   4.5850000e+00	   3.9050000e+00	   2.9850000e+00	   3.0000000e+00	   1.0000000e+00	   2.0000000e+00	   1.0000000e+00	   4.2490000e+03	
   1.1500000e+02	   3.0800000e+02	   3.1400000e+02	   1.5000000e+01	   5.0000000e+00	   4.9900000e+00	   3.8150000e+00	   8.0500000e-01	   3.0000000e+00	   1.0000000e+00	   2.0000000e+00	   3.0000000e+00	   3.6040000e+03	
   2.1300000e+02	   2.1500000e+02	   1.0200000e+02	   2.0000000e+00	   5.0000000e+00	   3.5800000e+00	   5.0000000e+00	   0.0000000e+00	   1.0000000e+00	   2.0000000e+00	   3.0000000e+00	   2.0000000e+00	   2.4710000e+03	
   2.0700000e+02	   3.0800000e+02	   1.0300000e+02	   3.0000000e+00	   4.0000000e+00	   4.5850000e+00	   3.8150000e+00	   2.9850000e+00	   3.0000000e+00	   2.0000000e+00	   1.0000000e+00	   3.0000000e+00	   1.7260000e+03	
   1.1500000e+02	   2.1400000e+02	   2.0300000e+02	   6.0000000e+00	   5.0000000e+00	   4.9900000e+00	   3.9050000e+00	   1.1950000e+00	   1.0000000e+00	   3.0000000e+00	   2.0000000e+00	   3.0000000e+00	   1.7700000e+03	
   1.0600000e+02	   2.1200000e+02	   1.0100000e+02	   1.0000000e+00	   5.0000000e+00	   4.9350000e+00	   3.7650000e+00	   3.2700000e+00	   1.0000000e+00	   2.0000000e+00	   3.0000000e+00	   1.0000000e+00	   1.8640000e+03	
   1.0700000e+02	   2.0100000e+02	   2.0800000e+02	   7.0000000e+00	   1.0000000e+00	   4.1800000e+00	   4.2200000e+00	   1.9450000e+00	   2.0000000e+00	   1.0000000e+00	   3.0000000e+00	   1.0000000e+00	   1.5180000e+03	
   2.0600000e+02	   2.1300000e+02	   1.1100000e+02	   5.0000000e+00	   5.0000000e+00	   5.0000000e+00	   3.5800000e+00	   2.5050000e+00	   2.0000000e+00	   3.0000000e+00	   1.0000000e+00	   2.0000000e+00	   1.4750000e+03	
   1.1300000e+02	   2.0400000e+02	   2.1100000e+02	   8.0000000e+00	   1.0000000e+00	   4.5850000e+00	   4.6250000e+00	   5.2000000e-01	   1.0000000e+00	   3.0000000e+00	   2.0000000e+00	   3.0000000e+00	   1.9010000e+03	
   2.0100000e+02	   2.1200000e+02	   3.1000000e+02	   1.3000000e+01	   3.0000000e+00	   4.2200000e+00	   3.7650000e+00	   8.0000000e-02	   1.0000000e+00	   2.0000000e+00	   3.0000000e+00	   1.0000000e+00	   1.8440000e+03	
   2.1200000e+02	   2.1300000e+02	   3.0900000e+02	   1.2000000e+01	   1.0000000e+00	   3.7650000e+00	   3.5800000e+00	   2.8100000e+00	   3.0000000e+00	   2.0000000e+00	   1.0000000e+00	   2.0000000e+00	   1.8890000e+03	
   1.0800000e+02	   2.0700000e+02	   3.0700000e+02	   1.1000000e+01	   3.0000000e+00	   3.9800000e+00	   4.5850000e+00	   3.6000000e-01	   3.0000000e+00	   1.0000000e+00	   2.0000000e+00	   1.0000000e+00	   1.5360000e+03	
   1.1200000e+02	   2.0600000e+02	   3.1200000e+02	   1.4000000e+01	   4.0000000e+00	   3.9950000e+00	   5.0000000e+00	   1.7150000e+00	   2.0000000e+00	   1.0000000e+00	   3.0000000e+00	   1.0000000e+00	   1.1720000e+03	
   2.0100000e+02	   2.0600000e+02	   1.0900000e+02	   4.0000000e+00	   4.0000000e+00	   4.2200000e+00	   5.0000000e+00	   3.4950000e+00	   1.0000000e+00	   2.0000000e+00	   3.0000000e+00	   2.0000000e+00	   9.1800000e+02	
   1.0600000e+02	   1.1300000e+02	   1.0200000e+02	   2.0000000e+00	   2.0000000e+00	   4.9350000e+00	   4.5850000e+00	   0.0000000e+00	   3.0000000e+00	   1.0000000e+00	   2.0000000e+00	   3.0000000e+00	   2.1150000e+03	
   2.0700000e+02	   2.1400000e+02	   1.0200000e+02	   2.0000000e+00	   3.0000000e+00	   4.5850000e+00	   3.9050000e+00	   0.0000000e+00	   1.0000000e+00	   2.0000000e+00	   3.0000000e+00	   2.0000000e+00	   1.3230000e+03	
   2.0100000e+02	   3.0800000e+02	   2.1100000e+02	   8.0000000e+00	   2.0000000e+00	   4.2200000e+00	   3.8150000e+00	   5.2000000e-01	   2.0000000e+00	   1.0000000e+00	   3.0000000e+00	   2.0000000e+00	   1.9240000e+03	
   1.1300000e+02	   2.0400000e+02	   2.0800000e+02	   7.0000000e+00	   1.0000000e+00	   4.5850000e+00	   4.6250000e+00	   1.9450000e+00	   2.0000000e+00	   3.0000000e+00	   1.0000000e+00	   3.0000000e+00	   1.9360000e+03	
   1.0600000e+02	   1.0700000e+02	   1.0300000e+02	   3.0000000e+00	   4.0000000e+00	   4.9350000e+00	   4.1800000e+00	   2.9850000e+00	   1.0000000e+00	   3.0000000e+00	   2.0000000e+00	   1.0000000e+00	   2.9160000e+03	
   1.1500000e+02	   2.1200000e+02	   3.0900000e+02	   1.2000000e+01	   5.0000000e+00	   4.9900000e+00	   3.7650000e+00	   2.8100000e+00	   2.0000000e+00	   3.0000000e+00	   1.0000000e+00	   3.0000000e+00	   1.6010000e+03	
   1.0600000e+02	   2.0700000e+02	   3.0300000e+02	   9.0000000e+00	   2.0000000e+00	   4.9350000e+00	   4.5850000e+00	   1.2250000e+00	   3.0000000e+00	   2.0000000e+00	   1.0000000e+00	   2.0000000e+00	   1.7730000e+03	
   2.0400000e+02	   2.1400000e+02	   3.0400000e+02	   1.0000000e+01	   4.0000000e+00	   4.6250000e+00	   3.9050000e+00	   2.2500000e-01	   1.0000000e+00	   3.0000000e+00	   2.0000000e+00	   1.0000000e+00	   1.9500000e+03	
   1.1200000e+02	   2.1400000e+02	   3.1400000e+02	   1.5000000e+01	   1.0000000e+00	   3.9950000e+00	   3.9050000e+00	   8.0500000e-01	   1.0000000e+00	   2.0000000e+00	   3.0000000e+00	   2.0000000e+00	   1.2130000e+03	
   2.0600000e+02	   2.0700000e+02	   3.0400000e+02	   1.0000000e+01	   3.0000000e+00	   5.0000000e+00	   4.5850000e+00	   2.2500000e-01	   3.0000000e+00	   1.0000000e+00	   2.0000000e+00	   3.0000000e+00	   9.5700000e+02	
   1.0700000e+02	   1.1300000e+02	   1.0900000e+02	   4.0000000e+00	   2.0000000e+00	   4.1800000e+00	   4.5850000e+00	   3.4950000e+00	   1.0000000e+00	   3.0000000e+00	   2.0000000e+00	   2.0000000e+00	   1.6720000e+03	
   1.1300000e+02	   1.1500000e+02	   3.0400000e+02	   1.0000000e+01	   2.0000000e+00	   4.5850000e+00	   4.9900000e+00	   2.2500000e-01	   1.0000000e+00	   3.0000000e+00	   2.0000000e+00	   3.0000000e+00	   2.3460000e+03	
   1.1500000e+02	   2.0400000e+02	   1.0900000e+02	   4.0000000e+00	   2.0000000e+00	   4.9900000e+00	   4.6250000e+00	   3.4950000e+00	   2.0000000e+00	   1.0000000e+00	   3.0000000e+00	   3.0000000e+00	   1.1610000e+03	
   1.0700000e+02	   2.1200000e+02	   1.1100000e+02	   5.0000000e+00	   3.0000000e+00	   4.1800000e+00	   3.7650000e+00	   2.5050000e+00	   1.0000000e+00	   3.0000000e+00	   2.0000000e+00	   1.0000000e+00	   2.9480000e+03	
   1.1200000e+02	   2.1200000e+02	   1.0900000e+02	   4.0000000e+00	   2.0000000e+00	   3.9950000e+00	   3.7650000e+00	   3.4950000e+00	   3.0000000e+00	   2.0000000e+00	   1.0000000e+00	   1.0000000e+00	   2.3540000e+03	
   1.0700000e+02	   2.1300000e+02	   2.0300000e+02	   6.0000000e+00	   3.0000000e+00	   4.1800000e+00	   3.5800000e+00	   1.1950000e+00	   1.0000000e+00	   3.0000000e+00	   2.0000000e+00	   3.0000000e+00	   1.4860000e+03	
   2.0400000e+02	   2.1400000e+02	   2.0800000e+02	   7.0000000e+00	   4.0000000e+00	   4.6250000e+00	   3.9050000e+00	   1.9450000e+00	   2.0000000e+00	   3.0000000e+00	   1.0000000e+00	   2.0000000e+00	   1.6350000e+03	
   1.1500000e+02	   2.1300000e+02	   3.0300000e+02	   9.0000000e+00	   5.0000000e+00	   4.9900000e+00	   3.5800000e+00	   1.2250000e+00	   2.0000000e+00	   1.0000000e+00	   3.0000000e+00	   1.0000000e+00	   1.2020000e+03	
   2.0700000e+02	   3.0800000e+02	   1.1100000e+02	   5.0000000e+00	   4.0000000e+00	   4.5850000e+00	   3.8150000e+00	   2.5050000e+00	   2.0000000e+00	   1.0000000e+00	   3.0000000e+00	   2.0000000e+00	   1.8850000e+03	
   1.1500000e+02	   3.0800000e+02	   3.0400000e+02	   1.0000000e+01	   5.0000000e+00	   4.9900000e+00	   3.8150000e+00	   2.2500000e-01	   1.0000000e+00	   2.0000000e+00	   3.0000000e+00	   1.0000000e+00	   1.9220000e+03	
   1.1200000e+02	   2.0600000e+02	   1.1100000e+02	   5.0000000e+00	   4.0000000e+00	   3.9950000e+00	   5.0000000e+00	   2.5050000e+00	   2.0000000e+00	   3.0000000e+00	   1.0000000e+00	   3.0000000e+00	   1.2330000e+03	
   1.0800000e+02	   2.0100000e+02	   2.0300000e+02	   6.0000000e+00	   2.0000000e+00	   3.9800000e+00	   4.2200000e+00	   1.1950000e+00	   1.0000000e+00	   2.0000000e+00	   3.0000000e+00	   2.0000000e+00	   2.3810000e+03	
   1.1500000e+02	   2.0100000e+02	   1.1100000e+02	   5.0000000e+00	   4.0000000e+00	   4.9900000e+00	   4.2200000e+00	   2.5050000e+00	   1.0000000e+00	   2.0000000e+00	   3.0000000e+00	   2.0000000e+00	   2.0690000e+03	
   1.1200000e+02	   2.0400000e+02	   3.0700000e+02	   1.1000000e+01	   3.0000000e+00	   3.9950000e+00	   4.6250000e+00	   3.6000000e-01	   1.0000000e+00	   3.0000000e+00	   2.0000000e+00	   3.0000000e+00	   2.4470000e+03	
   2.0100000e+02	   2.1200000e+02	   3.1200000e+02	   1.4000000e+01	   3.0000000e+00	   4.2200000e+00	   3.7650000e+00	   1.7150000e+00	   1.0000000e+00	   2.0000000e+00	   3.0000000e+00	   1.0000000e+00	   2.0700000e+03	
   1.0600000e+02	   2.0600000e+02	   1.1100000e+02	   5.0000000e+00	   1.0000000e+00	   4.9350000e+00	   5.0000000e+00	   2.5050000e+00	   1.0000000e+00	   2.0000000e+00	   3.0000000e+00	   2.0000000e+00	   2.2370000e+03	
   2.0700000e+02	   2.1400000e+02	   3.1400000e+02	   1.5000000e+01	   3.0000000e+00	   4.5850000e+00	   3.9050000e+00	   8.0500000e-01	   1.0000000e+00	   3.0000000e+00	   2.0000000e+00	   1.0000000e+00	   1.6150000e+03	
   1.1500000e+02	   2.0400000e+02	   3.0900000e+02	   1.2000000e+01	   2.0000000e+00	   4.9900000e+00	   4.6250000e+00	   2.8100000e+00	   3.0000000e+00	   2.0000000e+00	   1.0000000e+00	   2.0000000e+00	   5.8000000e+03	
   2.0400000e+02	   2.1300000e+02	   3.0700000e+02	   1.1000000e+01	   5.0000000e+00	   4.6250000e+00	   3.5800000e+00	   3.6000000e-01	   3.0000000e+00	   2.0000000e+00	   1.0000000e+00	   2.0000000e+00	   1.1840000e+03	
   1.0700000e+02	   1.1500000e+02	   1.0900000e+02	   4.0000000e+00	   4.0000000e+00	   4.1800000e+00	   4.9900000e+00	   3.4950000e+00	   3.0000000e+00	   2.0000000e+00	   1.0000000e+00	   1.0000000e+00	   1.2310000e+03	
   1.1200000e+02	   2.0100000e+02	   3.1200000e+02	   1.4000000e+01	   1.0000000e+00	   3.9950000e+00	   4.2200000e+00	   1.7150000e+00	   1.0000000e+00	   2.0000000e+00	   3.0000000e+00	   2.0000000e+00	   2.5710000e+03	
   1.1200000e+02	   2.0700000e+02	   1.0100000e+02	   1.0000000e+00	   3.0000000e+00	   3.9950000e+00	   4.5850000e+00	   3.2700000e+00	   1.0000000e+00	   2.0000000e+00	   3.0000000e+00	   2.0000000e+00	   1.3580000e+03	
   2.0700000e+02	   3.0800000e+02	   3.0400000e+02	   1.0000000e+01	   4.0000000e+00	   4.5850000e+00	   3.8150000e+00	   2.2500000e-01	   2.0000000e+00	   1.0000000e+00	   3.0000000e+00	   2.0000000e+00	   1.2320000e+03	
   1.1500000e+02	   2.0100000e+02	   3.0300000e+02	   9.0000000e+00	   4.0000000e+00	   4.9900000e+00	   4.2200000e+00	   1.2250000e+00	   1.0000000e+00	   2.0000000e+00	   3.0000000e+00	   2.0000000e+00	   1.5070000e+03	
   1.0600000e+02	   1.1300000e+02	   3.1000000e+02	   1.3000000e+01	   2.0000000e+00	   4.9350000e+00	   4.5850000e+00	   8.0000000e-02	   3.0000000e+00	   1.0000000e+00	   2.0000000e+00	   3.0000000e+00	   2.2510000e+03	
   2.0400000e+02	   2.1500000e+02	   3.0400000e+02	   1.0000000e+01	   2.0000000e+00	   4.6250000e+00	   5.0000000e+00	   2.2500000e-01	   1.0000000e+00	   3.0000000e+00	   2.0000000e+00	   1.0000000e+00	   1.6590000e+03	
   2.0400000e+02	   2.1200000e+02	   2.0800000e+02	   7.0000000e+00	   4.0000000e+00	   4.6250000e+00	   3.7650000e+00	   1.9450000e+00	   2.0000000e+00	   1.0000000e+00	   3.0000000e+00	   2.0000000e+00	   1.8070000e+03	
   1.1500000e+02	   2.0700000e+02	   3.0400000e+02	   1.0000000e+01	   3.0000000e+00	   4.9900000e+00	   4.5850000e+00	   2.2500000e-01	   2.0000000e+00	   3.0000000e+00	   1.0000000e+00	   3.0000000e+00	   2.4140000e+03	
   1.0800000e+02	   1.1500000e+02	   2.1100000e+02	   8.0000000e+00	   5.0000000e+00	   3.9800000e+00	   4.9900000e+00	   5.2000000e-01	   1.0000000e+00	   3.0000000e+00	   2.0000000e+00	   3.0000000e+00	   1.4360000e+03	
   1.1200000e+02	   3.0800000e+02	   3.1000000e+02	   1.3000000e+01	   1.0000000e+00	   3.9950000e+00	   3.8150000e+00	   8.0000000e-02	   1.0000000e+00	   3.0000000e+00	   2.0000000e+00	   1.0000000e+00	   1.5480000e+03	
   1.0600000e+02	   2.0700000e+02	   2.0300000e+02	   6.0000000e+00	   2.0000000e+00	   4.9350000e+00	   4.5850000e+00	   1.1950000e+00	   2.0000000e+00	   3.0000000e+00	   1.0000000e+00	   2.0000000e+00	   1.0830000e+03	
   2.0400000e+02	   2.0700000e+02	   3.0900000e+02	   1.2000000e+01	   1.0000000e+00	   4.6250000e+00	   4.5850000e+00	   2.8100000e+00	   3.0000000e+00	   1.0000000e+00	   2.0000000e+00	   3.0000000e+00	   1.3950000e+03	
   1.1300000e+02	   2.0600000e+02	   1.1100000e+02	   5.0000000e+00	   3.0000000e+00	   4.5850000e+00	   5.0000000e+00	   2.5050000e+00	   2.0000000e+00	   1.0000000e+00	   3.0000000e+00	   1.0000000e+00	   9.0100000e+02	
   1.0600000e+02	   1.1500000e+02	   3.1000000e+02	   1.3000000e+01	   1.0000000e+00	   4.9350000e+00	   4.9900000e+00	   8.0000000e-02	   1.0000000e+00	   2.0000000e+00	   3.0000000e+00	   1.0000000e+00	   1.0340000e+03	
   1.1200000e+02	   2.0700000e+02	   3.1200000e+02	   1.4000000e+01	   3.0000000e+00	   3.9950000e+00	   4.5850000e+00	   1.7150000e+00	   1.0000000e+00	   2.0000000e+00	   3.0000000e+00	   2.0000000e+00	   1.5970000e+03	
   1.0800000e+02	   2.1200000e+02	   2.0300000e+02	   6.0000000e+00	   1.0000000e+00	   3.9800000e+00	   3.7650000e+00	   1.1950000e+00	   3.0000000e+00	   2.0000000e+00	   1.0000000e+00	   2.0000000e+00	   1.4560000e+03	
   2.0400000e+02	   3.0800000e+02	   3.0700000e+02	   1.1000000e+01	   4.0000000e+00	   4.6250000e+00	   3.8150000e+00	   3.6000000e-01	   1.0000000e+00	   2.0000000e+00	   3.0000000e+00	   1.0000000e+00	   1.8040000e+03	
   2.0400000e+02	   2.1300000e+02	   1.1100000e+02	   5.0000000e+00	   5.0000000e+00	   4.6250000e+00	   3.5800000e+00	   2.5050000e+00	   1.0000000e+00	   3.0000000e+00	   2.0000000e+00	   1.0000000e+00	   1.5540000e+03	
   1.0800000e+02	   2.0400000e+02	   3.1000000e+02	   1.3000000e+01	   3.0000000e+00	   3.9800000e+00	   4.6250000e+00	   8.0000000e-02	   2.0000000e+00	   3.0000000e+00	   1.0000000e+00	   3.0000000e+00	   9.9500000e+02	
   2.0100000e+02	   2.1400000e+02	   2.0300000e+02	   6.0000000e+00	   2.0000000e+00	   4.2200000e+00	   3.9050000e+00	   1.1950000e+00	   2.0000000e+00	   1.0000000e+00	   3.0000000e+00	   2.0000000e+00	   2.3560000e+03	
   1.0800000e+02	   2.0700000e+02	   1.1100000e+02	   5.0000000e+00	   3.0000000e+00	   3.9800000e+00	   4.5850000e+00	   2.5050000e+00	   3.0000000e+00	   2.0000000e+00	   1.0000000e+00	   2.0000000e+00	   1.1050000e+03	
   1.1500000e+02	   2.1200000e+02	   1.0300000e+02	   3.0000000e+00	   5.0000000e+00	   4.9900000e+00	   3.7650000e+00	   2.9850000e+00	   3.0000000e+00	   1.0000000e+00	   2.0000000e+00	   1.0000000e+00	   1.6020000e+03	
   1.1300000e+02	   2.1300000e+02	   1.0100000e+02	   1.0000000e+00	   4.0000000e+00	   4.5850000e+00	   3.5800000e+00	   3.2700000e+00	   1.0000000e+00	   3.0000000e+00	   2.0000000e+00	   3.0000000e+00	   1.6070000e+03	
   1.0600000e+02	   2.0400000e+02	   1.0300000e+02	   3.0000000e+00	   2.0000000e+00	   4.9350000e+00	   4.6250000e+00	   2.9850000e+00	   2.0000000e+00	   1.0000000e+00	   3.0000000e+00	   1.0000000e+00	   8.3100000e+02	
   1.0600000e+02	   2.1200000e+02	   3.0400000e+02	   1.0000000e+01	   5.0000000e+00	   4.9350000e+00	   3.7650000e+00	   2.2500000e-01	   3.0000000e+00	   1.0000000e+00	   2.0000000e+00	   1.0000000e+00	   1.7550000e+03	
   1.1300000e+02	   2.0400000e+02	   1.0900000e+02	   4.0000000e+00	   1.0000000e+00	   4.5850000e+00	   4.6250000e+00	   3.4950000e+00	   1.0000000e+00	   3.0000000e+00	   2.0000000e+00	   3.0000000e+00	   9.7400000e+02	
   1.1500000e+02	   2.0600000e+02	   3.0400000e+02	   1.0000000e+01	   1.0000000e+00	   4.9900000e+00	   5.0000000e+00	   2.2500000e-01	   3.0000000e+00	   2.0000000e+00	   1.0000000e+00	   2.0000000e+00	   9.3600000e+02	
   1.0800000e+02	   2.1500000e+02	   3.0300000e+02	   9.0000000e+00	   5.0000000e+00	   3.9800000e+00	   5.0000000e+00	   1.2250000e+00	   3.0000000e+00	   1.0000000e+00	   2.0000000e+00	   1.0000000e+00	   1.1890000e+03	
   1.1500000e+02	   2.1200000e+02	   3.1200000e+02	   1.4000000e+01	   5.0000000e+00	   4.9900000e+00	   3.7650000e+00	   1.7150000e+00	   3.0000000e+00	   2.0000000e+00	   1.0000000e+00	   2.0000000e+00	   1.3490000e+03	
   1.1300000e+02	   1.1500000e+02	   2.1100000e+02	   8.0000000e+00	   2.0000000e+00	   4.5850000e+00	   4.9900000e+00	   5.2000000e-01	   1.0000000e+00	   3.0000000e+00	   2.0000000e+00	   3.0000000e+00	   1.1380000e+03	
   1.0700000e+02	   3.0800000e+02	   1.0100000e+02	   1.0000000e+00	   2.0000000e+00	   4.1800000e+00	   3.8150000e+00	   3.2700000e+00	   2.0000000e+00	   1.0000000e+00	   3.0000000e+00	   2.0000000e+00	   2.0590000e+03	
   1.0600000e+02	   1.1300000e+02	   1.0900000e+02	   4.0000000e+00	   2.0000000e+00	   4.9350000e+00	   4.5850000e+00	   3.4950000e+00	   3.0000000e+00	   1.0000000e+00	   2.0000000e+00	   2.0000000e+00	   9.2200000e+02	
   2.0700000e+02	   2.1400000e+02	   3.1000000e+02	   1.3000000e+01	   3.0000000e+00	   4.5850000e+00	   3.9050000e+00	   8.0000000e-02	   2.0000000e+00	   1.0000000e+00	   3.0000000e+00	   2.0000000e+00	   9.0100000e+02	
   1.1500000e+02	   2.0100000e+02	   2.1100000e+02	   8.0000000e+00	   4.0000000e+00	   4.9900000e+00	   4.2200000e+00	   5.2000000e-01	   1.0000000e+00	   2.0000000e+00	   3.0000000e+00	   2.0000000e+00	   1.1070000e+03	
   2.1200000e+02	   2.1500000e+02	   3.0900000e+02	   1.2000000e+01	   5.0000000e+00	   3.7650000e+00	   5.0000000e+00	   2.8100000e+00	   2.0000000e+00	   1.0000000e+00	   3.0000000e+00	   1.0000000e+00	   1.2190000e+03	
   1.1300000e+02	   2.1300000e+02	   2.1100000e+02	   8.0000000e+00	   4.0000000e+00	   4.5850000e+00	   3.5800000e+00	   5.2000000e-01	   3.0000000e+00	   1.0000000e+00	   2.0000000e+00	   1.0000000e+00	   1.2870000e+03	
   2.1200000e+02	   2.1400000e+02	   3.0900000e+02	   1.2000000e+01	   1.0000000e+00	   3.7650000e+00	   3.9050000e+00	   2.8100000e+00	   1.0000000e+00	   3.0000000e+00	   2.0000000e+00	   3.0000000e+00	   1.5190000e+03	
   2.0700000e+02	   3.0800000e+02	   3.0300000e+02	   9.0000000e+00	   4.0000000e+00	   4.5850000e+00	   3.8150000e+00	   1.2250000e+00	   1.0000000e+00	   2.0000000e+00	   3.0000000e+00	   1.0000000e+00	   1.5690000e+03	
   2.0400000e+02	   2.0600000e+02	   1.0100000e+02	   1.0000000e+00	   2.0000000e+00	   4.6250000e+00	   5.0000000e+00	   3.2700000e+00	   1.0000000e+00	   3.0000000e+00	   2.0000000e+00	   3.0000000e+00	   8.9800000e+02	
   1.0700000e+02	   2.1400000e+02	   3.0400000e+02	   1.0000000e+01	   2.0000000e+00	   4.1800000e+00	   3.9050000e+00	   2.2500000e-01	   3.0000000e+00	   2.0000000e+00	   1.0000000e+00	   2.0000000e+00	   1.1930000e+03	
   2.0700000e+02	   2.1500000e+02	   3.0900000e+02	   1.2000000e+01	   3.0000000e+00	   4.5850000e+00	   5.0000000e+00	   2.8100000e+00	   3.0000000e+00	   2.0000000e+00	   1.0000000e+00	   2.0000000e+00	   1.1280000e+03	
   2.0400000e+02	   3.0800000e+02	   1.0200000e+02	   2.0000000e+00	   4.0000000e+00	   4.6250000e+00	   3.8150000e+00	   0.0000000e+00	   2.0000000e+00	   1.0000000e+00	   3.0000000e+00	   2.0000000e+00	   1.5450000e+03	
   1.0600000e+02	   1.1500000e+02	   2.0800000e+02	   7.0000000e+00	   1.0000000e+00	   4.9350000e+00	   4.9900000e+00	   1.9450000e+00	   2.0000000e+00	   1.0000000e+00	   3.0000000e+00	   2.0000000e+00	   1.4620000e+03	
   1.0600000e+02	   1.1200000e+02	   3.0900000e+02	   1.2000000e+01	   4.0000000e+00	   4.9350000e+00	   3.9950000e+00	   2.8100000e+00	   1.0000000e+00	   3.0000000e+00	   2.0000000e+00	   3.0000000e+00	   1.6150000e+03	
   1.0800000e+02	   2.0100000e+02	   3.0900000e+02	   1.2000000e+01	   2.0000000e+00	   3.9800000e+00	   4.2200000e+00	   2.8100000e+00	   3.0000000e+00	   2.0000000e+00	   1.0000000e+00	   2.0000000e+00	   1.6940000e+03	
   1.1200000e+02	   2.0600000e+02	   1.0900000e+02	   4.0000000e+00	   4.0000000e+00	   3.9950000e+00	   5.0000000e+00	   3.4950000e+00	   2.0000000e+00	   3.0000000e+00	   1.0000000e+00	   3.0000000e+00	   8.0400000e+02	
   1.0600000e+02	   1.1200000e+02	   3.1000000e+02	   1.3000000e+01	   4.0000000e+00	   4.9350000e+00	   3.9950000e+00	   8.0000000e-02	   1.0000000e+00	   2.0000000e+00	   3.0000000e+00	   2.0000000e+00	   1.6420000e+03	
   1.1300000e+02	   2.1300000e+02	   2.0300000e+02	   6.0000000e+00	   4.0000000e+00	   4.5850000e+00	   3.5800000e+00	   1.1950000e+00	   3.0000000e+00	   1.0000000e+00	   2.0000000e+00	   1.0000000e+00	   1.3320000e+03	
   1.1500000e+02	   2.1400000e+02	   1.0300000e+02	   3.0000000e+00	   5.0000000e+00	   4.9900000e+00	   3.9050000e+00	   2.9850000e+00	   3.0000000e+00	   2.0000000e+00	   1.0000000e+00	   2.0000000e+00	   2.7040000e+03	
   1.0700000e+02	   2.1300000e+02	   1.0300000e+02	   3.0000000e+00	   3.0000000e+00	   4.1800000e+00	   3.5800000e+00	   2.9850000e+00	   1.0000000e+00	   2.0000000e+00	   3.0000000e+00	   2.0000000e+00	   1.1410000e+03	
   2.0700000e+02	   2.1400000e+02	   3.0700000e+02	   1.1000000e+01	   3.0000000e+00	   4.5850000e+00	   3.9050000e+00	   3.6000000e-01	   1.0000000e+00	   3.0000000e+00	   2.0000000e+00	   1.0000000e+00	   1.7610000e+03	
   2.1200000e+02	   2.1300000e+02	   3.0700000e+02	   1.1000000e+01	   1.0000000e+00	   3.7650000e+00	   3.5800000e+00	   3.6000000e-01	   1.0000000e+00	   2.0000000e+00	   3.0000000e+00	   2.0000000e+00	   1.3430000e+03	
   2.0400000e+02	   2.0600000e+02	   3.1200000e+02	   1.4000000e+01	   2.0000000e+00	   4.6250000e+00	   5.0000000e+00	   1.7150000e+00	   2.0000000e+00	   1.0000000e+00	   3.0000000e+00	   1.0000000e+00	   9.2000000e+02	
   1.1500000e+02	   2.0400000e+02	   2.0800000e+02	   7.0000000e+00	   2.0000000e+00	   4.9900000e+00	   4.6250000e+00	   1.9450000e+00	   3.0000000e+00	   2.0000000e+00	   1.0000000e+00	   2.0000000e+00	   1.0430000e+03	
   1.0700000e+02	   1.1300000e+02	   2.1100000e+02	   8.0000000e+00	   2.0000000e+00	   4.1800000e+00	   4.5850000e+00	   5.2000000e-01	   1.0000000e+00	   2.0000000e+00	   3.0000000e+00	   1.0000000e+00	   1.6320000e+03	
   1.1500000e+02	   2.0400000e+02	   1.1100000e+02	   5.0000000e+00	   2.0000000e+00	   4.9900000e+00	   4.6250000e+00	   2.5050000e+00	   1.0000000e+00	   3.0000000e+00	   2.0000000e+00	   3.0000000e+00	   1.0740000e+03	
   2.1200000e+02	   3.0800000e+02	   1.0900000e+02	   4.0000000e+00	   1.0000000e+00	   3.7650000e+00	   3.8150000e+00	   3.4950000e+00	   3.0000000e+00	   2.0000000e+00	   1.0000000e+00	   1.0000000e+00	   1.1220000e+03	
   2.0100000e+02	   2.0700000e+02	   3.1400000e+02	   1.5000000e+01	   2.0000000e+00	   4.2200000e+00	   4.5850000e+00	   8.0500000e-01	   1.0000000e+00	   3.0000000e+00	   2.0000000e+00	   1.0000000e+00	   1.3640000e+03	
   2.0600000e+02	   2.1300000e+02	   2.1100000e+02	   8.0000000e+00	   5.0000000e+00	   5.0000000e+00	   3.5800000e+00	   5.2000000e-01	   3.0000000e+00	   2.0000000e+00	   1.0000000e+00	   3.0000000e+00	   9.6600000e+02	
   1.0700000e+02	   2.0700000e+02	   1.0300000e+02	   3.0000000e+00	   2.0000000e+00	   4.1800000e+00	   4.5850000e+00	   2.9850000e+00	   1.0000000e+00	   3.0000000e+00	   2.0000000e+00	   3.0000000e+00	   1.4300000e+03	
   2.0600000e+02	   2.1300000e+02	   3.0300000e+02	   9.0000000e+00	   5.0000000e+00	   5.0000000e+00	   3.5800000e+00	   1.2250000e+00	   3.0000000e+00	   2.0000000e+00	   1.0000000e+00	   3.0000000e+00	   3.1160000e+03	
   1.0600000e+02	   1.1200000e+02	   3.0700000e+02	   1.1000000e+01	   4.0000000e+00	   4.9350000e+00	   3.9950000e+00	   3.6000000e-01	   1.0000000e+00	   3.0000000e+00	   2.0000000e+00	   1.0000000e+00	   1.4750000e+03	
   1.0800000e+02	   2.0100000e+02	   3.0300000e+02	   9.0000000e+00	   2.0000000e+00	   3.9800000e+00	   4.2200000e+00	   1.2250000e+00	   2.0000000e+00	   3.0000000e+00	   1.0000000e+00	   3.0000000e+00	   1.8100000e+03	
   1.1500000e+02	   2.0600000e+02	   3.1200000e+02	   1.4000000e+01	   1.0000000e+00	   4.9900000e+00	   5.0000000e+00	   1.7150000e+00	   1.0000000e+00	   2.0000000e+00	   3.0000000e+00	   2.0000000e+00	   1.0990000e+03	
   2.0400000e+02	   2.1200000e+02	   2.0300000e+02	   6.0000000e+00	   4.0000000e+00	   4.6250000e+00	   3.7650000e+00	   1.1950000e+00	   2.0000000e+00	   3.0000000e+00	   1.0000000e+00	   2.0000000e+00	   8.3400000e+02	
   2.0600000e+02	   2.1400000e+02	   3.1000000e+02	   1.3000000e+01	   5.0000000e+00	   5.0000000e+00	   3.9050000e+00	   8.0000000e-02	   1.0000000e+00	   3.0000000e+00	   2.0000000e+00	   1.0000000e+00	   3.1610000e+03	
   1.1500000e+02	   2.0400000e+02	   3.1000000e+02	   1.3000000e+01	   2.0000000e+00	   4.9900000e+00	   4.6250000e+00	   8.0000000e-02	   1.0000000e+00	   3.0000000e+00	   2.0000000e+00	   3.0000000e+00	   1.1150000e+03	
   1.0600000e+02	   2.0400000e+02	   3.1400000e+02	   1.5000000e+01	   2.0000000e+00	   4.9350000e+00	   4.6250000e+00	   8.0500000e-01	   1.0000000e+00	   2.0000000e+00	   3.0000000e+00	   2.0000000e+00	   2.1050000e+03	
   1.1500000e+02	   2.0700000e+02	   2.0300000e+02	   6.0000000e+00	   3.0000000e+00	   4.9900000e+00	   4.5850000e+00	   1.1950000e+00	   1.0000000e+00	   3.0000000e+00	   2.0000000e+00	   3.0000000e+00	   1.7540000e+03	
   1.0800000e+02	   1.1300000e+02	   3.0900000e+02	   1.2000000e+01	   3.0000000e+00	   3.9800000e+00	   4.5850000e+00	   2.8100000e+00	   1.0000000e+00	   2.0000000e+00	   3.0000000e+00	   1.0000000e+00	   2.9310000e+03	
   2.1300000e+02	   2.1500000e+02	   1.0900000e+02	   4.0000000e+00	   5.0000000e+00	   3.5800000e+00	   5.0000000e+00	   3.4950000e+00	   3.0000000e+00	   1.0000000e+00	   2.0000000e+00	   1.0000000e+00	   1.2280000e+03	
   1.0700000e+02	   1.0800000e+02	   3.1200000e+02	   1.4000000e+01	   1.0000000e+00	   4.1800000e+00	   3.9800000e+00	   1.7150000e+00	   3.0000000e+00	   2.0000000e+00	   1.0000000e+00	   3.0000000e+00	   1.9770000e+03	
   2.0100000e+02	   2.1400000e+02	   1.0200000e+02	   2.0000000e+00	   2.0000000e+00	   4.2200000e+00	   3.9050000e+00	   0.0000000e+00	   2.0000000e+00	   3.0000000e+00	   1.0000000e+00	   2.0000000e+00	   2.7740000e+03	
   1.1300000e+02	   2.0600000e+02	   3.1200000e+02	   1.4000000e+01	   3.0000000e+00	   4.5850000e+00	   5.0000000e+00	   1.7150000e+00	   3.0000000e+00	   2.0000000e+00	   1.0000000e+00	   2.0000000e+00	   9.0400000e+02	
   1.0700000e+02	   2.1400000e+02	   2.0800000e+02	   7.0000000e+00	   2.0000000e+00	   4.1800000e+00	   3.9050000e+00	   1.9450000e+00	   3.0000000e+00	   1.0000000e+00	   2.0000000e+00	   1.0000000e+00	   1.6760000e+03	
   1.1200000e+02	   2.0400000e+02	   1.0100000e+02	   1.0000000e+00	   3.0000000e+00	   3.9950000e+00	   4.6250000e+00	   3.2700000e+00	   3.0000000e+00	   1.0000000e+00	   2.0000000e+00	   1.0000000e+00	   1.8370000e+03	
   1.0800000e+02	   2.1500000e+02	   3.1200000e+02	   1.4000000e+01	   5.0000000e+00	   3.9800000e+00	   5.0000000e+00	   1.7150000e+00	   2.0000000e+00	   1.0000000e+00	   3.0000000e+00	   1.0000000e+00	   1.1100000e+03	
   1.0800000e+02	   2.1200000e+02	   3.0900000e+02	   1.2000000e+01	   1.0000000e+00	   3.9800000e+00	   3.7650000e+00	   2.8100000e+00	   2.0000000e+00	   3.0000000e+00	   1.0000000e+00	   3.0000000e+00	   1.9540000e+03	
   1.0700000e+02	   3.0800000e+02	   3.1200000e+02	   1.4000000e+01	   2.0000000e+00	   4.1800000e+00	   3.8150000e+00	   1.7150000e+00	   1.0000000e+00	   2.0000000e+00	   3.0000000e+00	   1.0000000e+00	   2.3980000e+03	
   1.1200000e+02	   3.0800000e+02	   1.0300000e+02	   3.0000000e+00	   1.0000000e+00	   3.9950000e+00	   3.8150000e+00	   2.9850000e+00	   2.0000000e+00	   3.0000000e+00	   1.0000000e+00	   2.0000000e+00	   1.6590000e+03	
   2.1400000e+02	   2.1500000e+02	   2.0800000e+02	   7.0000000e+00	   5.0000000e+00	   3.9050000e+00	   5.0000000e+00	   1.9450000e+00	   2.0000000e+00	   3.0000000e+00	   1.0000000e+00	   2.0000000e+00	   1.6830000e+03	
   1.0600000e+02	   2.1400000e+02	   1.1100000e+02	   5.0000000e+00	   5.0000000e+00	   4.9350000e+00	   3.9050000e+00	   2.5050000e+00	   1.0000000e+00	   3.0000000e+00	   2.0000000e+00	   2.0000000e+00	   4.7840000e+03	
   1.0800000e+02	   2.0600000e+02	   2.0800000e+02	   7.0000000e+00	   5.0000000e+00	   3.9800000e+00	   5.0000000e+00	   1.9450000e+00	   2.0000000e+00	   1.0000000e+00	   3.0000000e+00	   1.0000000e+00	   8.3700000e+02	
   1.1500000e+02	   2.1300000e+02	   3.1400000e+02	   1.5000000e+01	   5.0000000e+00	   4.9900000e+00	   3.5800000e+00	   8.0500000e-01	   2.0000000e+00	   3.0000000e+00	   1.0000000e+00	   3.0000000e+00	   1.4530000e+03	
   1.0700000e+02	   1.1200000e+02	   2.0800000e+02	   7.0000000e+00	   1.0000000e+00	   4.1800000e+00	   3.9950000e+00	   1.9450000e+00	   3.0000000e+00	   2.0000000e+00	   1.0000000e+00	   2.0000000e+00	   2.9140000e+03	
   2.0100000e+02	   2.1200000e+02	   3.0300000e+02	   9.0000000e+00	   3.0000000e+00	   4.2200000e+00	   3.7650000e+00	   1.2250000e+00	   1.0000000e+00	   2.0000000e+00	   3.0000000e+00	   1.0000000e+00	   1.2290000e+03	
   1.1300000e+02	   3.0800000e+02	   3.1200000e+02	   1.4000000e+01	   4.0000000e+00	   4.5850000e+00	   3.8150000e+00	   1.7150000e+00	   2.0000000e+00	   3.0000000e+00	   1.0000000e+00	   1.0000000e+00	   3.4910000e+03	
   1.1500000e+02	   2.1500000e+02	   3.0700000e+02	   1.1000000e+01	   1.0000000e+00	   4.9900000e+00	   5.0000000e+00	   3.6000000e-01	   1.0000000e+00	   2.0000000e+00	   3.0000000e+00	   2.0000000e+00	   8.6800000e+02	
   1.0800000e+02	   2.0400000e+02	   3.0700000e+02	   1.1000000e+01	   3.0000000e+00	   3.9800000e+00	   4.6250000e+00	   3.6000000e-01	   3.0000000e+00	   1.0000000e+00	   2.0000000e+00	   1.0000000e+00	   9.9600000e+02	
   1.1500000e+02	   2.0100000e+02	   3.1000000e+02	   1.3000000e+01	   4.0000000e+00	   4.9900000e+00	   4.2200000e+00	   8.0000000e-02	   2.0000000e+00	   3.0000000e+00	   1.0000000e+00	   3.0000000e+00	   2.2160000e+03	
   2.0400000e+02	   2.1400000e+02	   3.0700000e+02	   1.1000000e+01	   4.0000000e+00	   4.6250000e+00	   3.9050000e+00	   3.6000000e-01	   2.0000000e+00	   3.0000000e+00	   1.0000000e+00	   3.0000000e+00	   1.9310000e+03	
   2.0700000e+02	   2.1400000e+02	   3.0900000e+02	   1.2000000e+01	   3.0000000e+00	   4.5850000e+00	   3.9050000e+00	   2.8100000e+00	   2.0000000e+00	   1.0000000e+00	   3.0000000e+00	   2.0000000e+00	   1.2410000e+03	
   1.1500000e+02	   2.0400000e+02	   2.1100000e+02	   8.0000000e+00	   2.0000000e+00	   4.9900000e+00	   4.6250000e+00	   5.2000000e-01	   1.0000000e+00	   3.0000000e+00	   2.0000000e+00	   3.0000000e+00	   2.4650000e+03	
   1.0700000e+02	   2.1500000e+02	   3.0300000e+02	   9.0000000e+00	   4.0000000e+00	   4.1800000e+00	   5.0000000e+00	   1.2250000e+00	   2.0000000e+00	   3.0000000e+00	   1.0000000e+00	   3.0000000e+00	   1.1480000e+03	
   2.0700000e+02	   2.1300000e+02	   2.1100000e+02	   8.0000000e+00	   5.0000000e+00	   4.5850000e+00	   3.5800000e+00	   5.2000000e-01	   3.0000000e+00	   2.0000000e+00	   1.0000000e+00	   3.0000000e+00	   1.5230000e+03	
   2.1400000e+02	   2.1500000e+02	   3.1000000e+02	   1.3000000e+01	   5.0000000e+00	   3.9050000e+00	   5.0000000e+00	   8.0000000e-02	   3.0000000e+00	   2.0000000e+00	   1.0000000e+00	   2.0000000e+00	   8.7200000e+02	
   2.0100000e+02	   2.0400000e+02	   1.0900000e+02	   4.0000000e+00	   3.0000000e+00	   4.2200000e+00	   4.6250000e+00	   3.4950000e+00	   3.0000000e+00	   1.0000000e+00	   2.0000000e+00	   3.0000000e+00	   2.4590000e+03	
   1.0700000e+02	   1.1500000e+02	   2.0800000e+02	   7.0000000e+00	   4.0000000e+00	   4.1800000e+00	   4.9900000e+00	   1.9450000e+00	   2.0000000e+00	   1.0000000e+00	   3.0000000e+00	   1.0000000e+00	   2.0660000e+03	
   1.0700000e+02	   1.1500000e+02	   1.0100000e+02	   1.0000000e+00	   4.0000000e+00	   4.1800000e+00	   4.9900000e+00	   3.2700000e+00	   2.0000000e+00	   3.0000000e+00	   1.0000000e+00	   2.0000000e+00	   1.2400000e+03	
   1.0800000e+02	   2.0600000e+02	   1.0900000e+02	   4.0000000e+00	   5.0000000e+00	   3.9800000e+00	   5.0000000e+00	   3.4950000e+00	   3.0000000e+00	   2.0000000e+00	   1.0000000e+00	   2.0000000e+00	   8.4100000e+02	
   1.1500000e+02	   3.0800000e+02	   1.1100000e+02	   5.0000000e+00	   5.0000000e+00	   4.9900000e+00	   3.8150000e+00	   2.5050000e+00	   1.0000000e+00	   2.0000000e+00	   3.0000000e+00	   3.0000000e+00	   1.6270000e+03	
   2.1300000e+02	   3.0800000e+02	   1.0200000e+02	   2.0000000e+00	   2.0000000e+00	   3.5800000e+00	   3.8150000e+00	   0.0000000e+00	   3.0000000e+00	   2.0000000e+00	   1.0000000e+00	   3.0000000e+00	   2.1300000e+03	
   1.1300000e+02	   2.1400000e+02	   2.0300000e+02	   6.0000000e+00	   3.0000000e+00	   4.5850000e+00	   3.9050000e+00	   1.1950000e+00	   3.0000000e+00	   2.0000000e+00	   1.0000000e+00	   2.0000000e+00	   1.0510000e+03	
   1.1200000e+02	   2.1200000e+02	   1.0100000e+02	   1.0000000e+00	   2.0000000e+00	   3.9950000e+00	   3.7650000e+00	   3.2700000e+00	   1.0000000e+00	   2.0000000e+00	   3.0000000e+00	   2.0000000e+00	   9.6000000e+02	
   1.1500000e+02	   2.0400000e+02	   3.0700000e+02	   1.1000000e+01	   2.0000000e+00	   4.9900000e+00	   4.6250000e+00	   3.6000000e-01	   1.0000000e+00	   3.0000000e+00	   2.0000000e+00	   3.0000000e+00	   2.1000000e+03	
   1.0600000e+02	   2.0600000e+02	   1.0900000e+02	   4.0000000e+00	   1.0000000e+00	   4.9350000e+00	   5.0000000e+00	   3.4950000e+00	   3.0000000e+00	   1.0000000e+00	   2.0000000e+00	   1.0000000e+00	   1.6240000e+03	
   1.1200000e+02	   1.1300000e+02	   2.0800000e+02	   7.0000000e+00	   3.0000000e+00	   3.9950000e+00	   4.5850000e+00	   1.9450000e+00	   2.0000000e+00	   1.0000000e+00	   3.0000000e+00	   2.0000000e+00	   1.5110000e+03	
   1.1200000e+02	   2.0600000e+02	   1.0200000e+02	   2.0000000e+00	   4.0000000e+00	   3.9950000e+00	   5.0000000e+00	   0.0000000e+00	   2.0000000e+00	   3.0000000e+00	   1.0000000e+00	   3.0000000e+00	   2.5250000e+03	
   2.0600000e+02	   2.1200000e+02	   1.0900000e+02	   4.0000000e+00	   5.0000000e+00	   5.0000000e+00	   3.7650000e+00	   3.4950000e+00	   3.0000000e+00	   2.0000000e+00	   1.0000000e+00	   3.0000000e+00	   8.3400000e+02	
   1.1200000e+02	   2.0100000e+02	   2.0300000e+02	   6.0000000e+00	   1.0000000e+00	   3.9950000e+00	   4.2200000e+00	   1.1950000e+00	   3.0000000e+00	   2.0000000e+00	   1.0000000e+00	   2.0000000e+00	   1.0560000e+03	
   1.1300000e+02	   2.0600000e+02	   3.1400000e+02	   1.5000000e+01	   3.0000000e+00	   4.5850000e+00	   5.0000000e+00	   8.0500000e-01	   1.0000000e+00	   3.0000000e+00	   2.0000000e+00	   3.0000000e+00	   8.4700000e+02	
   1.0600000e+02	   2.0600000e+02	   3.1400000e+02	   1.5000000e+01	   1.0000000e+00	   4.9350000e+00	   5.0000000e+00	   8.0500000e-01	   3.0000000e+00	   2.0000000e+00	   1.0000000e+00	   2.0000000e+00	   1.0170000e+03	
   2.1500000e+02	   3.0800000e+02	   2.0800000e+02	   7.0000000e+00	   5.0000000e+00	   5.0000000e+00	   3.8150000e+00	   1.9450000e+00	   1.0000000e+00	   3.0000000e+00	   2.0000000e+00	   1.0000000e+00	   1.5470000e+03	
   2.0100000e+02	   2.1400000e+02	   3.0900000e+02	   1.2000000e+01	   2.0000000e+00	   4.2200000e+00	   3.9050000e+00	   2.8100000e+00	   1.0000000e+00	   3.0000000e+00	   2.0000000e+00	   1.0000000e+00	   1.0770000e+03	
   1.1200000e+02	   1.1500000e+02	   3.1200000e+02	   1.4000000e+01	   4.0000000e+00	   3.9950000e+00	   4.9900000e+00	   1.7150000e+00	   2.0000000e+00	   1.0000000e+00	   3.0000000e+00	   1.0000000e+00	   3.6670000e+03	
   2.0600000e+02	   2.1400000e+02	   3.1200000e+02	   1.4000000e+01	   5.0000000e+00	   5.0000000e+00	   3.9050000e+00	   1.7150000e+00	   2.0000000e+00	   1.0000000e+00	   3.0000000e+00	   2.0000000e+00	   8.9700000e+02	
   2.1200000e+02	   2.1300000e+02	   3.1400000e+02	   1.5000000e+01	   1.0000000e+00	   3.7650000e+00	   3.5800000e+00	   8.0500000e-01	   3.0000000e+00	   1.0000000e+00	   2.0000000e+00	   1.0000000e+00	   1.4900000e+03	
   1.0600000e+02	   2.1500000e+02	   1.1100000e+02	   5.0000000e+00	   1.0000000e+00	   4.9350000e+00	   5.0000000e+00	   2.5050000e+00	   3.0000000e+00	   2.0000000e+00	   1.0000000e+00	   2.0000000e+00	   7.5700000e+02	
   1.1300000e+02	   3.0800000e+02	   2.1100000e+02	   8.0000000e+00	   4.0000000e+00	   4.5850000e+00	   3.8150000e+00	   5.2000000e-01	   3.0000000e+00	   2.0000000e+00	   1.0000000e+00	   3.0000000e+00	   1.0460000e+03	
   1.1200000e+02	   2.1300000e+02	   2.0800000e+02	   7.0000000e+00	   3.0000000e+00	   3.9950000e+00	   3.5800000e+00	   1.9450000e+00	   1.0000000e+00	   2.0000000e+00	   3.0000000e+00	   2.0000000e+00	   1.4130000e+03	
   1.0800000e+02	   2.0700000e+02	   3.1400000e+02	   1.5000000e+01	   3.0000000e+00	   3.9800000e+00	   4.5850000e+00	   8.0500000e-01	   1.0000000e+00	   2.0000000e+00	   3.0000000e+00	   2.0000000e+00	   1.3470000e+03	
   1.0600000e+02	   2.1300000e+02	   3.0700000e+02	   1.1000000e+01	   5.0000000e+00	   4.9350000e+00	   3.5800000e+00	   3.6000000e-01	   2.0000000e+00	   3.0000000e+00	   1.0000000e+00	   3.0000000e+00	   1.0140000e+03	
   2.0700000e+02	   3.0800000e+02	   3.1000000e+02	   1.3000000e+01	   4.0000000e+00	   4.5850000e+00	   3.8150000e+00	   8.0000000e-02	   3.0000000e+00	   2.0000000e+00	   1.0000000e+00	   3.0000000e+00	   1.3000000e+03	
   1.0600000e+02	   3.0800000e+02	   1.0300000e+02	   3.0000000e+00	   5.0000000e+00	   4.9350000e+00	   3.8150000e+00	   2.9850000e+00	   2.0000000e+00	   1.0000000e+00	   3.0000000e+00	   2.0000000e+00	   1.7360000e+03	
   1.0800000e+02	   2.0700000e+02	   3.0900000e+02	   1.2000000e+01	   3.0000000e+00	   3.9800000e+00	   4.5850000e+00	   2.8100000e+00	   1.0000000e+00	   3.0000000e+00	   2.0000000e+00	   1.0000000e+00	   2.1140000e+03	
   1.1200000e+02	   2.0600000e+02	   2.0300000e+02	   6.0000000e+00	   4.0000000e+00	   3.9950000e+00	   5.0000000e+00	   1.1950000e+00	   2.0000000e+00	   3.0000000e+00	   1.0000000e+00	   3.0000000e+00	   1.6780000e+03	
   1.0800000e+02	   2.0100000e+02	   1.0200000e+02	   2.0000000e+00	   2.0000000e+00	   3.9800000e+00	   4.2200000e+00	   0.0000000e+00	   1.0000000e+00	   2.0000000e+00	   3.0000000e+00	   2.0000000e+00	   1.5880000e+03	
   2.1200000e+02	   2.1400000e+02	   1.0900000e+02	   4.0000000e+00	   1.0000000e+00	   3.7650000e+00	   3.9050000e+00	   3.4950000e+00	   2.0000000e+00	   3.0000000e+00	   1.0000000e+00	   3.0000000e+00	   2.4270000e+03	
   1.1300000e+02	   1.1500000e+02	   3.1200000e+02	   1.4000000e+01	   2.0000000e+00	   4.5850000e+00	   4.9900000e+00	   1.7150000e+00	   3.0000000e+00	   1.0000000e+00	   2.0000000e+00	   1.0000000e+00	   2.2420000e+03	
   1.0700000e+02	   1.1500000e+02	   3.1400000e+02	   1.5000000e+01	   4.0000000e+00	   4.1800000e+00	   4.9900000e+00	   8.0500000e-01	   3.0000000e+00	   2.0000000e+00	   1.0000000e+00	   2.0000000e+00	   2.3130000e+03	
   1.0700000e+02	   2.0600000e+02	   3.0400000e+02	   1.0000000e+01	   4.0000000e+00	   4.1800000e+00	   5.0000000e+00	   2.2500000e-01	   3.0000000e+00	   2.0000000e+00	   1.0000000e+00	   2.0000000e+00	   8.2200000e+02	
   2.0600000e+02	   2.0700000e+02	   1.0900000e+02	   4.0000000e+00	   3.0000000e+00	   5.0000000e+00	   4.5850000e+00	   3.4950000e+00	   1.0000000e+00	   3.0000000e+00	   2.0000000e+00	   1.0000000e+00	   1.2060000e+03	
   1.0800000e+02	   2.1400000e+02	   2.1100000e+02	   8.0000000e+00	   1.0000000e+00	   3.9800000e+00	   3.9050000e+00	   5.2000000e-01	   1.0000000e+00	   2.0000000e+00	   3.0000000e+00	   2.0000000e+00	   2.6250000e+03	
   1.1300000e+02	   2.0600000e+02	   1.0300000e+02	   3.0000000e+00	   3.0000000e+00	   4.5850000e+00	   5.0000000e+00	   2.9850000e+00	   2.0000000e+00	   3.0000000e+00	   1.0000000e+00	   3.0000000e+00	   1.3840000e+03	
   1.0600000e+02	   2.1300000e+02	   3.0900000e+02	   1.2000000e+01	   5.0000000e+00	   4.9350000e+00	   3.5800000e+00	   2.8100000e+00	   3.0000000e+00	   1.0000000e+00	   2.0000000e+00	   1.0000000e+00	   9.3400000e+02	
   1.0700000e+02	   2.0600000e+02	   3.0900000e+02	   1.2000000e+01	   4.0000000e+00	   4.1800000e+00	   5.0000000e+00	   2.8100000e+00	   1.0000000e+00	   2.0000000e+00	   3.0000000e+00	   2.0000000e+00	   8.3900000e+02	
   2.1500000e+02	   3.0800000e+02	   3.0300000e+02	   9.0000000e+00	   5.0000000e+00	   5.0000000e+00	   3.8150000e+00	   1.2250000e+00	   1.0000000e+00	   2.0000000e+00	   3.0000000e+00	   1.0000000e+00	   8.8900000e+02	
   2.1200000e+02	   2.1500000e+02	   3.0400000e+02	   1.0000000e+01	   5.0000000e+00	   3.7650000e+00	   5.0000000e+00	   2.2500000e-01	   2.0000000e+00	   1.0000000e+00	   3.0000000e+00	   1.0000000e+00	   7.8000000e+02	
   2.0100000e+02	   2.1300000e+02	   3.0400000e+02	   1.0000000e+01	   3.0000000e+00	   4.2200000e+00	   3.5800000e+00	   2.2500000e-01	   1.0000000e+00	   2.0000000e+00	   3.0000000e+00	   1.0000000e+00	   1.2170000e+03	
   2.0400000e+02	   2.1400000e+02	   1.0200000e+02	   2.0000000e+00	   4.0000000e+00	   4.6250000e+00	   3.9050000e+00	   0.0000000e+00	   3.0000000e+00	   1.0000000e+00	   2.0000000e+00	   3.0000000e+00	   2.0640000e+03	
   1.0800000e+02	   2.1200000e+02	   2.1100000e+02	   8.0000000e+00	   1.0000000e+00	   3.9800000e+00	   3.7650000e+00	   5.2000000e-01	   3.0000000e+00	   1.0000000e+00	   2.0000000e+00	   3.0000000e+00	   1.6530000e+03	
   1.0700000e+02	   1.1300000e+02	   3.1000000e+02	   1.3000000e+01	   2.0000000e+00	   4.1800000e+00	   4.5850000e+00	   8.0000000e-02	   2.0000000e+00	   1.0000000e+00	   3.0000000e+00	   2.0000000e+00	   1.6170000e+03	
   2.0100000e+02	   2.1500000e+02	   3.0700000e+02	   1.1000000e+01	   4.0000000e+00	   4.2200000e+00	   5.0000000e+00	   3.6000000e-01	   1.0000000e+00	   2.0000000e+00	   3.0000000e+00	   2.0000000e+00	   9.8000000e+02	
   1.0800000e+02	   2.0600000e+02	   1.0100000e+02	   1.0000000e+00	   5.0000000e+00	   3.9800000e+00	   5.0000000e+00	   3.2700000e+00	   1.0000000e+00	   3.0000000e+00	   2.0000000e+00	   3.0000000e+00	   1.3070000e+03	
   1.1500000e+02	   3.0800000e+02	   3.0900000e+02	   1.2000000e+01	   5.0000000e+00	   4.9900000e+00	   3.8150000e+00	   2.8100000e+00	   2.0000000e+00	   1.0000000e+00	   3.0000000e+00	   2.0000000e+00	   1.8950000e+03	
   1.1500000e+02	   2.1200000e+02	   1.0100000e+02	   1.0000000e+00	   5.0000000e+00	   4.9900000e+00	   3.7650000e+00	   3.2700000e+00	   2.0000000e+00	   1.0000000e+00	   3.0000000e+00	   1.0000000e+00	   1.7940000e+03	
   2.0100000e+02	   2.1300000e+02	   3.1400000e+02	   1.5000000e+01	   3.0000000e+00	   4.2200000e+00	   3.5800000e+00	   8.0500000e-01	   1.0000000e+00	   3.0000000e+00	   2.0000000e+00	   3.0000000e+00	   1.6160000e+03	
   1.1500000e+02	   2.0700000e+02	   2.1100000e+02	   8.0000000e+00	   3.0000000e+00	   4.9900000e+00	   4.5850000e+00	   5.2000000e-01	   2.0000000e+00	   1.0000000e+00	   3.0000000e+00	   2.0000000e+00	   1.3930000e+03	
   2.0600000e+02	   2.0700000e+02	   2.0300000e+02	   6.0000000e+00	   3.0000000e+00	   5.0000000e+00	   4.5850000e+00	   1.1950000e+00	   2.0000000e+00	   1.0000000e+00	   3.0000000e+00	   2.0000000e+00	   7.0500000e+02	
   1.1300000e+02	   2.1400000e+02	   3.0300000e+02	   9.0000000e+00	   3.0000000e+00	   4.5850000e+00	   3.9050000e+00	   1.2250000e+00	   3.0000000e+00	   2.0000000e+00	   1.0000000e+00	   2.0000000e+00	   9.2800000e+02	
   1.1200000e+02	   2.0700000e+02	   2.1100000e+02	   8.0000000e+00	   3.0000000e+00	   3.9950000e+00	   4.5850000e+00	   5.2000000e-01	   2.0000000e+00	   3.0000000e+00	   1.0000000e+00	   2.0000000e+00	   1.4280000e+03	
   1.0600000e+02	   1.0700000e+02	   1.0100000e+02	   1.0000000e+00	   4.0000000e+00	   4.9350000e+00	   4.1800000e+00	   3.2700000e+00	   3.0000000e+00	   1.0000000e+00	   2.0000000e+00	   3.0000000e+00	   1.2320000e+03	
   1.0600000e+02	   2.1500000e+02	   3.0300000e+02	   9.0000000e+00	   1.0000000e+00	   4.9350000e+00	   5.0000000e+00	   1.2250000e+00	   1.0000000e+00	   3.0000000e+00	   2.0000000e+00	   3.0000000e+00	   1.3050000e+03	
   1.0700000e+02	   2.1200000e+02	   1.0900000e+02	   4.0000000e+00	   3.0000000e+00	   4.1800000e+00	   3.7650000e+00	   3.4950000e+00	   3.0000000e+00	   2.0000000e+00	   1.0000000e+00	   1.0000000e+00	   1.0410000e+03	
   1.0700000e+02	   2.0100000e+02	   1.0100000e+02	   1.0000000e+00	   1.0000000e+00	   4.1800000e+00	   4.2200000e+00	   3.2700000e+00	   1.0000000e+00	   2.0000000e+00	   3.0000000e+00	   2.0000000e+00	   9.7500000e+02	
   2.0400000e+02	   2.0700000e+02	   1.0200000e+02	   2.0000000e+00	   1.0000000e+00	   4.6250000e+00	   4.5850000e+00	   0.0000000e+00	   3.0000000e+00	   2.0000000e+00	   1.0000000e+00	   2.0000000e+00	   7.7100000e+02	
   1.1500000e+02	   2.0600000e+02	   1.1100000e+02	   5.0000000e+00	   1.0000000e+00	   4.9900000e+00	   5.0000000e+00	   2.5050000e+00	   3.0000000e+00	   2.0000000e+00	   1.0000000e+00	   2.0000000e+00	   8.2800000e+02	
   2.0100000e+02	   2.1500000e+02	   3.0300000e+02	   9.0000000e+00	   4.0000000e+00	   4.2200000e+00	   5.0000000e+00	   1.2250000e+00	   1.0000000e+00	   2.0000000e+00	   3.0000000e+00	   2.0000000e+00	   9.6600000e+02	
   1.0800000e+02	   2.1500000e+02	   1.0900000e+02	   4.0000000e+00	   5.0000000e+00	   3.9800000e+00	   5.0000000e+00	   3.4950000e+00	   3.0000000e+00	   2.0000000e+00	   1.0000000e+00	   2.0000000e+00	   6.3000000e+02	
   2.0100000e+02	   2.0700000e+02	   2.0300000e+02	   6.0000000e+00	   2.0000000e+00	   4.2200000e+00	   4.5850000e+00	   1.1950000e+00	   3.0000000e+00	   1.0000000e+00	   2.0000000e+00	   1.0000000e+00	   1.4200000e+03	
   1.0800000e+02	   2.0400000e+02	   1.0200000e+02	   2.0000000e+00	   3.0000000e+00	   3.9800000e+00	   4.6250000e+00	   0.0000000e+00	   1.0000000e+00	   3.0000000e+00	   2.0000000e+00	   3.0000000e+00	   1.3990000e+03	
   1.0800000e+02	   1.1500000e+02	   2.0300000e+02	   6.0000000e+00	   5.0000000e+00	   3.9800000e+00	   4.9900000e+00	   1.1950000e+00	   3.0000000e+00	   1.0000000e+00	   2.0000000e+00	   3.0000000e+00	   8.1000000e+02	
   1.0700000e+02	   2.0600000e+02	   1.0200000e+02	   2.0000000e+00	   4.0000000e+00	   4.1800000e+00	   5.0000000e+00	   0.0000000e+00	   3.0000000e+00	   2.0000000e+00	   1.0000000e+00	   2.0000000e+00	   8.6100000e+02	
   1.1200000e+02	   2.1400000e+02	   1.0100000e+02	   1.0000000e+00	   1.0000000e+00	   3.9950000e+00	   3.9050000e+00	   3.2700000e+00	   3.0000000e+00	   2.0000000e+00	   1.0000000e+00	   2.0000000e+00	   1.0720000e+03	
   1.1300000e+02	   2.0100000e+02	   3.1200000e+02	   1.4000000e+01	   2.0000000e+00	   4.5850000e+00	   4.2200000e+00	   1.7150000e+00	   1.0000000e+00	   2.0000000e+00	   3.0000000e+00	   2.0000000e+00	   1.7920000e+03	
   1.1200000e+02	   2.1200000e+02	   1.1100000e+02	   5.0000000e+00	   2.0000000e+00	   3.9950000e+00	   3.7650000e+00	   2.5050000e+00	   1.0000000e+00	   2.0000000e+00	   3.0000000e+00	   2.0000000e+00	   1.3960000e+03	
   2.0700000e+02	   2.1200000e+02	   2.0800000e+02	   7.0000000e+00	   4.0000000e+00	   4.5850000e+00	   3.7650000e+00	   1.9450000e+00	   2.0000000e+00	   1.0000000e+00	   3.0000000e+00	   2.0000000e+00	   1.5460000e+03	
   1.0600000e+02	   2.0700000e+02	   1.0100000e+02	   1.0000000e+00	   2.0000000e+00	   4.9350000e+00	   4.5850000e+00	   3.2700000e+00	   1.0000000e+00	   2.0000000e+00	   3.0000000e+00	   2.0000000e+00	   9.3600000e+02	
   2.1200000e+02	   2.1400000e+02	   3.0700000e+02	   1.1000000e+01	   1.0000000e+00	   3.7650000e+00	   3.9050000e+00	   3.6000000e-01	   2.0000000e+00	   1.0000000e+00	   3.0000000e+00	   2.0000000e+00	   9.7800000e+02	
   1.0600000e+02	   2.1200000e+02	   3.1000000e+02	   1.3000000e+01	   5.0000000e+00	   4.9350000e+00	   3.7650000e+00	   8.0000000e-02	   2.0000000e+00	   3.0000000e+00	   1.0000000e+00	   2.0000000e+00	   1.0760000e+03	
   1.0700000e+02	   1.0800000e+02	   3.1000000e+02	   1.3000000e+01	   1.0000000e+00	   4.1800000e+00	   3.9800000e+00	   8.0000000e-02	   2.0000000e+00	   1.0000000e+00	   3.0000000e+00	   2.0000000e+00	   2.7510000e+03	
   1.1200000e+02	   1.1300000e+02	   1.0200000e+02	   2.0000000e+00	   3.0000000e+00	   3.9950000e+00	   4.5850000e+00	   0.0000000e+00	   2.0000000e+00	   1.0000000e+00	   3.0000000e+00	   2.0000000e+00	   9.7500000e+02	
   1.0800000e+02	   2.1400000e+02	   3.0300000e+02	   9.0000000e+00	   1.0000000e+00	   3.9800000e+00	   3.9050000e+00	   1.2250000e+00	   3.0000000e+00	   2.0000000e+00	   1.0000000e+00	   2.0000000e+00	   9.4000000e+02	
   2.0100000e+02	   2.1200000e+02	   3.0400000e+02	   1.0000000e+01	   3.0000000e+00	   4.2200000e+00	   3.7650000e+00	   2.2500000e-01	   2.0000000e+00	   1.0000000e+00	   3.0000000e+00	   2.0000000e+00	   8.4500000e+02	
   1.0700000e+02	   1.0800000e+02	   1.0200000e+02	   2.0000000e+00	   1.0000000e+00	   4.1800000e+00	   3.9800000e+00	   0.0000000e+00	   1.0000000e+00	   3.0000000e+00	   2.0000000e+00	   2.0000000e+00	   3.8530000e+03	
   2.0400000e+02	   2.0600000e+02	   2.0800000e+02	   7.0000000e+00	   2.0000000e+00	   4.6250000e+00	   5.0000000e+00	   1.9450000e+00	   1.0000000e+00	   3.0000000e+00	   2.0000000e+00	   3.0000000e+00	   8.9800000e+02	
   2.0400000e+02	   3.0800000e+02	   1.1100000e+02	   5.0000000e+00	   4.0000000e+00	   4.6250000e+00	   3.8150000e+00	   2.5050000e+00	   1.0000000e+00	   3.0000000e+00	   2.0000000e+00	   1.0000000e+00	   2.8780000e+03	
   1.1500000e+02	   2.0700000e+02	   1.0100000e+02	   1.0000000e+00	   3.0000000e+00	   4.9900000e+00	   4.5850000e+00	   3.2700000e+00	   3.0000000e+00	   2.0000000e+00	   1.0000000e+00	   3.0000000e+00	   1.2160000e+03	
   1.0800000e+02	   1.1200000e+02	   1.0100000e+02	   1.0000000e+00	   1.0000000e+00	   3.9800000e+00	   3.9950000e+00	   3.2700000e+00	   2.0000000e+00	   3.0000000e+00	   1.0000000e+00	   3.0000000e+00	   2.8200000e+03	
   1.0800000e+02	   1.1200000e+02	   3.0400000e+02	   1.0000000e+01	   1.0000000e+00	   3.9800000e+00	   3.9950000e+00	   2.2500000e-01	   3.0000000e+00	   2.0000000e+00	   1.0000000e+00	   2.0000000e+00	   1.7700000e+03	
   2.0100000e+02	   2.0700000e+02	   3.1000000e+02	   1.3000000e+01	   2.0000000e+00	   4.2200000e+00	   4.5850000e+00	   8.0000000e-02	   1.0000000e+00	   3.0000000e+00	   2.0000000e+00	   1.0000000e+00	   1.1000000e+03	
   2.0600000e+02	   3.0800000e+02	   3.0700000e+02	   1.1000000e+01	   5.0000000e+00	   5.0000000e+00	   3.8150000e+00	   3.6000000e-01	   2.0000000e+00	   3.0000000e+00	   1.0000000e+00	   2.0000000e+00	   7.1900000e+02	
   2.1200000e+02	   2.1300000e+02	   3.1200000e+02	   1.4000000e+01	   1.0000000e+00	   3.7650000e+00	   3.5800000e+00	   1.7150000e+00	   2.0000000e+00	   3.0000000e+00	   1.0000000e+00	   2.0000000e+00	   1.3760000e+03	
   2.0600000e+02	   2.1200000e+02	   1.0100000e+02	   1.0000000e+00	   5.0000000e+00	   5.0000000e+00	   3.7650000e+00	   3.2700000e+00	   2.0000000e+00	   3.0000000e+00	   1.0000000e+00	   2.0000000e+00	   1.2370000e+03	
   1.0700000e+02	   2.1400000e+02	   3.0300000e+02	   9.0000000e+00	   2.0000000e+00	   4.1800000e+00	   3.9050000e+00	   1.2250000e+00	   2.0000000e+00	   3.0000000e+00	   1.0000000e+00	   3.0000000e+00	   1.2740000e+03	
   2.1500000e+02	   3.0800000e+02	   3.0700000e+02	   1.1000000e+01	   5.0000000e+00	   5.0000000e+00	   3.8150000e+00	   3.6000000e-01	   2.0000000e+00	   3.0000000e+00	   1.0000000e+00	   2.0000000e+00	   1.1980000e+03	
   1.0700000e+02	   1.0800000e+02	   3.0700000e+02	   1.1000000e+01	   1.0000000e+00	   4.1800000e+00	   3.9800000e+00	   3.6000000e-01	   2.0000000e+00	   3.0000000e+00	   1.0000000e+00	   3.0000000e+00	   1.9640000e+03	
   2.0100000e+02	   2.1300000e+02	   1.0200000e+02	   2.0000000e+00	   3.0000000e+00	   4.2200000e+00	   3.5800000e+00	   0.0000000e+00	   2.0000000e+00	   3.0000000e+00	   1.0000000e+00	   2.0000000e+00	   1.2070000e+03	
   1.0600000e+02	   1.1200000e+02	   2.0300000e+02	   6.0000000e+00	   4.0000000e+00	   4.9350000e+00	   3.9950000e+00	   1.1950000e+00	   1.0000000e+00	   3.0000000e+00	   2.0000000e+00	   1.0000000e+00	   4.1470000e+03	
   1.1500000e+02	   3.0800000e+02	   2.0300000e+02	   6.0000000e+00	   5.0000000e+00	   4.9900000e+00	   3.8150000e+00	   1.1950000e+00	   1.0000000e+00	   3.0000000e+00	   2.0000000e+00	   1.0000000e+00	   2.8910000e+03	
   1.0700000e+02	   2.0600000e+02	   3.1200000e+02	   1.4000000e+01	   4.0000000e+00	   4.1800000e+00	   5.0000000e+00	   1.7150000e+00	   3.0000000e+00	   1.0000000e+00	   2.0000000e+00	   1.0000000e+00	   1.6470000e+03	
   1.0600000e+02	   1.0800000e+02	   3.0400000e+02	   1.0000000e+01	   4.0000000e+00	   4.9350000e+00	   3.9800000e+00	   2.2500000e-01	   3.0000000e+00	   2.0000000e+00	   1.0000000e+00	   3.0000000e+00	   1.7850000e+03	
   1.1200000e+02	   2.1200000e+02	   3.0700000e+02	   1.1000000e+01	   2.0000000e+00	   3.9950000e+00	   3.7650000e+00	   3.6000000e-01	   3.0000000e+00	   1.0000000e+00	   2.0000000e+00	   3.0000000e+00	   1.2770000e+03	
   2.0700000e+02	   2.1400000e+02	   3.0300000e+02	   9.0000000e+00	   3.0000000e+00	   4.5850000e+00	   3.9050000e+00	   1.2250000e+00	   3.0000000e+00	   2.0000000e+00	   1.0000000e+00	   2.0000000e+00	   2.0440000e+03	
   1.0800000e+02	   2.0400000e+02	   2.1100000e+02	   8.0000000e+00	   3.0000000e+00	   3.9800000e+00	   4.6250000e+00	   5.2000000e-01	   1.0000000e+00	   3.0000000e+00	   2.0000000e+00	   3.0000000e+00	   1.0240000e+03	
   1.1500000e+02	   2.0100000e+02	   1.0100000e+02	   1.0000000e+00	   4.0000000e+00	   4.9900000e+00	   4.2200000e+00	   3.2700000e+00	   2.0000000e+00	   3.0000000e+00	   1.0000000e+00	   3.0000000e+00	   1.2110000e+03	
   1.0600000e+02	   3.0800000e+02	   3.1400000e+02	   1.5000000e+01	   5.0000000e+00	   4.9350000e+00	   3.8150000e+00	   8.0500000e-01	   2.0000000e+00	   3.0000000e+00	   1.0000000e+00	   2.0000000e+00	   1.5420000e+03	
   1.0600000e+02	   1.1500000e+02	   1.0200000e+02	   2.0000000e+00	   1.0000000e+00	   4.9350000e+00	   4.9900000e+00	   0.0000000e+00	   3.0000000e+00	   2.0000000e+00	   1.0000000e+00	   3.0000000e+00	   1.1070000e+03	
   2.1300000e+02	   2.1400000e+02	   1.0300000e+02	   3.0000000e+00	   2.0000000e+00	   3.5800000e+00	   3.9050000e+00	   2.9850000e+00	   3.0000000e+00	   2.0000000e+00	   1.0000000e+00	   3.0000000e+00	   1.3160000e+03	
   1.1500000e+02	   2.1500000e+02	   2.0300000e+02	   6.0000000e+00	   1.0000000e+00	   4.9900000e+00	   5.0000000e+00	   1.1950000e+00	   3.0000000e+00	   2.0000000e+00	   1.0000000e+00	   2.0000000e+00	   8.5300000e+02	
   1.1300000e+02	   2.1200000e+02	   3.0900000e+02	   1.2000000e+01	   4.0000000e+00	   4.5850000e+00	   3.7650000e+00	   2.8100000e+00	   2.0000000e+00	   3.0000000e+00	   1.0000000e+00	   3.0000000e+00	   1.2930000e+03	
   2.0400000e+02	   2.1300000e+02	   2.0800000e+02	   7.0000000e+00	   5.0000000e+00	   4.6250000e+00	   3.5800000e+00	   1.9450000e+00	   1.0000000e+00	   3.0000000e+00	   2.0000000e+00	   3.0000000e+00	   8.9000000e+02	
   2.1200000e+02	   3.0800000e+02	   1.0300000e+02	   3.0000000e+00	   1.0000000e+00	   3.7650000e+00	   3.8150000e+00	   2.9850000e+00	   3.0000000e+00	   1.0000000e+00	   2.0000000e+00	   3.0000000e+00	   1.4960000e+03	
   1.1500000e+02	   2.1200000e+02	   1.0200000e+02	   2.0000000e+00	   5.0000000e+00	   4.9900000e+00	   3.7650000e+00	   0.0000000e+00	   2.0000000e+00	   1.0000000e+00	   3.0000000e+00	   1.0000000e+00	   1.9670000e+03	
   2.0400000e+02	   2.0700000e+02	   1.0300000e+02	   3.0000000e+00	   1.0000000e+00	   4.6250000e+00	   4.5850000e+00	   2.9850000e+00	   1.0000000e+00	   3.0000000e+00	   2.0000000e+00	   3.0000000e+00	   1.1270000e+03	
   2.0400000e+02	   2.1400000e+02	   1.0900000e+02	   4.0000000e+00	   4.0000000e+00	   4.6250000e+00	   3.9050000e+00	   3.4950000e+00	   3.0000000e+00	   2.0000000e+00	   1.0000000e+00	   3.0000000e+00	   7.3500000e+02	
   2.0600000e+02	   2.1400000e+02	   3.1400000e+02	   1.5000000e+01	   5.0000000e+00	   5.0000000e+00	   3.9050000e+00	   8.0500000e-01	   2.0000000e+00	   1.0000000e+00	   3.0000000e+00	   2.0000000e+00	   1.0570000e+03	
   2.0600000e+02	   2.0700000e+02	   1.0300000e+02	   3.0000000e+00	   3.0000000e+00	   5.0000000e+00	   4.5850000e+00	   2.9850000e+00	   1.0000000e+00	   2.0000000e+00	   3.0000000e+00	   1.0000000e+00	   4.7380000e+03	
   1.1300000e+02	   2.1500000e+02	   2.0800000e+02	   7.0000000e+00	   3.0000000e+00	   4.5850000e+00	   5.0000000e+00	   1.9450000e+00	   1.0000000e+00	   2.0000000e+00	   3.0000000e+00	   2.0000000e+00	   7.6600000e+02	
   1.0600000e+02	   2.0400000e+02	   1.1100000e+02	   5.0000000e+00	   2.0000000e+00	   4.9350000e+00	   4.6250000e+00	   2.5050000e+00	   1.0000000e+00	   3.0000000e+00	   2.0000000e+00	   1.0000000e+00	   1.2930000e+03	
   1.0700000e+02	   1.0800000e+02	   3.0300000e+02	   9.0000000e+00	   1.0000000e+00	   4.1800000e+00	   3.9800000e+00	   1.2250000e+00	   2.0000000e+00	   3.0000000e+00	   1.0000000e+00	   2.0000000e+00	   1.0280000e+03	
   2.0600000e+02	   2.1400000e+02	   2.1100000e+02	   8.0000000e+00	   5.0000000e+00	   5.0000000e+00	   3.9050000e+00	   5.2000000e-01	   2.0000000e+00	   3.0000000e+00	   1.0000000e+00	   2.0000000e+00	   7.3900000e+02	
   2.1300000e+02	   2.1400000e+02	   3.0900000e+02	   1.2000000e+01	   2.0000000e+00	   3.5800000e+00	   3.9050000e+00	   2.8100000e+00	   2.0000000e+00	   3.0000000e+00	   1.0000000e+00	   2.0000000e+00	   1.1960000e+03	
   1.0800000e+02	   2.0600000e+02	   3.0400000e+02	   1.0000000e+01	   5.0000000e+00	   3.9800000e+00	   5.0000000e+00	   2.2500000e-01	   3.0000000e+00	   1.0000000e+00	   2.0000000e+00	   1.0000000e+00	   9.3600000e+02	
   1.0700000e+02	   2.1200000e+02	   3.1200000e+02	   1.4000000e+01	   3.0000000e+00	   4.1800000e+00	   3.7650000e+00	   1.7150000e+00	   3.0000000e+00	   1.0000000e+00	   2.0000000e+00	   1.0000000e+00	   1.6970000e+03	
   1.0800000e+02	   2.0700000e+02	   2.1100000e+02	   8.0000000e+00	   3.0000000e+00	   3.9800000e+00	   4.5850000e+00	   5.2000000e-01	   2.0000000e+00	   1.0000000e+00	   3.0000000e+00	   1.0000000e+00	   3.4630000e+03	
   2.0400000e+02	   2.1300000e+02	   1.0300000e+02	   3.0000000e+00	   5.0000000e+00	   4.6250000e+00	   3.5800000e+00	   2.9850000e+00	   2.0000000e+00	   3.0000000e+00	   1.0000000e+00	   2.0000000e+00	   1.0420000e+03	
   2.0400000e+02	   2.0700000e+02	   2.0300000e+02	   6.0000000e+00	   1.0000000e+00	   4.6250000e+00	   4.5850000e+00	   1.1950000e+00	   1.0000000e+00	   2.0000000e+00	   3.0000000e+00	   1.0000000e+00	   2.4590000e+03	
   1.0600000e+02	   2.0100000e+02	   2.0800000e+02	   7.0000000e+00	   3.0000000e+00	   4.9350000e+00	   4.2200000e+00	   1.9450000e+00	   1.0000000e+00	   3.0000000e+00	   2.0000000e+00	   1.0000000e+00	   1.3210000e+03	
   1.0800000e+02	   2.0600000e+02	   1.0200000e+02	   2.0000000e+00	   5.0000000e+00	   3.9800000e+00	   5.0000000e+00	   0.0000000e+00	   1.0000000e+00	   2.0000000e+00	   3.0000000e+00	   2.0000000e+00	   8.1800000e+02	
   1.0600000e+02	   2.0600000e+02	   1.0300000e+02	   3.0000000e+00	   1.0000000e+00	   4.9350000e+00	   5.0000000e+00	   2.9850000e+00	   1.0000000e+00	   2.0000000e+00	   3.0000000e+00	   2.0000000e+00	   7.8600000e+02	
   2.0100000e+02	   3.0800000e+02	   3.0700000e+02	   1.1000000e+01	   2.0000000e+00	   4.2200000e+00	   3.8150000e+00	   3.6000000e-01	   1.0000000e+00	   2.0000000e+00	   3.0000000e+00	   1.0000000e+00	   1.2430000e+03	
   1.0700000e+02	   1.1200000e+02	   3.0400000e+02	   1.0000000e+01	   1.0000000e+00	   4.1800000e+00	   3.9950000e+00	   2.2500000e-01	   2.0000000e+00	   1.0000000e+00	   3.0000000e+00	   2.0000000e+00	   2.0190000e+03	
   1.0700000e+02	   2.1300000e+02	   1.0900000e+02	   4.0000000e+00	   3.0000000e+00	   4.1800000e+00	   3.5800000e+00	   3.4950000e+00	   3.0000000e+00	   2.0000000e+00	   1.0000000e+00	   2.0000000e+00	   1.9030000e+03	
   2.0400000e+02	   3.0800000e+02	   1.0300000e+02	   3.0000000e+00	   4.0000000e+00	   4.6250000e+00	   3.8150000e+00	   2.9850000e+00	   3.0000000e+00	   2.0000000e+00	   1.0000000e+00	   3.0000000e+00	   1.7680000e+03	
   1.0700000e+02	   2.1500000e+02	   3.1400000e+02	   1.5000000e+01	   4.0000000e+00	   4.1800000e+00	   5.0000000e+00	   8.0500000e-01	   3.0000000e+00	   1.0000000e+00	   2.0000000e+00	   1.0000000e+00	   1.5180000e+03	
   2.0100000e+02	   2.0700000e+02	   2.0800000e+02	   7.0000000e+00	   2.0000000e+00	   4.2200000e+00	   4.5850000e+00	   1.9450000e+00	   1.0000000e+00	   2.0000000e+00	   3.0000000e+00	   1.0000000e+00	   1.9680000e+03	
   1.0800000e+02	   2.1200000e+02	   1.1100000e+02	   5.0000000e+00	   1.0000000e+00	   3.9800000e+00	   3.7650000e+00	   2.5050000e+00	   3.0000000e+00	   1.0000000e+00	   2.0000000e+00	   1.0000000e+00	   3.8350000e+03	
   1.1500000e+02	   2.1400000e+02	   3.1200000e+02	   1.4000000e+01	   5.0000000e+00	   4.9900000e+00	   3.9050000e+00	   1.7150000e+00	   3.0000000e+00	   1.0000000e+00	   2.0000000e+00	   1.0000000e+00	   1.8030000e+03	
   2.1400000e+02	   2.1500000e+02	   1.0200000e+02	   2.0000000e+00	   5.0000000e+00	   3.9050000e+00	   5.0000000e+00	   0.0000000e+00	   1.0000000e+00	   2.0000000e+00	   3.0000000e+00	   2.0000000e+00	   1.6440000e+03	
   2.0100000e+02	   2.1500000e+02	   3.1400000e+02	   1.5000000e+01	   4.0000000e+00	   4.2200000e+00	   5.0000000e+00	   8.0500000e-01	   1.0000000e+00	   3.0000000e+00	   2.0000000e+00	   3.0000000e+00	   1.0610000e+03	
   1.0700000e+02	   1.1500000e+02	   3.1000000e+02	   1.3000000e+01	   4.0000000e+00	   4.1800000e+00	   4.9900000e+00	   8.0000000e-02	   1.0000000e+00	   3.0000000e+00	   2.0000000e+00	   3.0000000e+00	   1.4050000e+03	
   1.0700000e+02	   2.0700000e+02	   3.1400000e+02	   1.5000000e+01	   2.0000000e+00	   4.1800000e+00	   4.5850000e+00	   8.0500000e-01	   3.0000000e+00	   1.0000000e+00	   2.0000000e+00	   1.0000000e+00	   2.0280000e+03	
   1.0600000e+02	   1.1500000e+02	   3.0400000e+02	   1.0000000e+01	   1.0000000e+00	   4.9350000e+00	   4.9900000e+00	   2.2500000e-01	   2.0000000e+00	   1.0000000e+00	   3.0000000e+00	   2.0000000e+00	   1.6890000e+03	
   2.1300000e+02	   2.1400000e+02	   3.0400000e+02	   1.0000000e+01	   2.0000000e+00	   3.5800000e+00	   3.9050000e+00	   2.2500000e-01	   1.0000000e+00	   2.0000000e+00	   3.0000000e+00	   1.0000000e+00	   1.0910000e+03	
   2.0400000e+02	   2.0700000e+02	   2.1100000e+02	   8.0000000e+00	   1.0000000e+00	   4.6250000e+00	   4.5850000e+00	   5.2000000e-01	   2.0000000e+00	   1.0000000e+00	   3.0000000e+00	   1.0000000e+00	   1.5190000e+03	
   2.1300000e+02	   3.0800000e+02	   1.1100000e+02	   5.0000000e+00	   2.0000000e+00	   3.5800000e+00	   3.8150000e+00	   2.5050000e+00	   1.0000000e+00	   2.0000000e+00	   3.0000000e+00	   1.0000000e+00	   1.1760000e+03	
