   1.0000000e+00	   1.0200000e+02	   1.0000000e+00	   2.4900000e+00	   2.8550000e+03	   4.8800000e+00	   5.1640000e+03	
   2.0000000e+00	   1.1600000e+02	   1.0000000e+00	   2.5000000e+00	   1.1990000e+03	   3.8800000e+00	   2.1330000e+03	
   3.0000000e+00	   3.1400000e+02	   3.0000000e+00	   2.5000000e+00	   1.1220000e+03	   8.8000000e-01	   2.2660000e+03	
   4.0000000e+00	   2.0700000e+02	   2.0000000e+00	   2.5000000e+00	   9.8800000e+02	   4.4700000e+00	   1.7320000e+03	
   5.0000000e+00	   3.0600000e+02	   3.0000000e+00	   2.5000000e+00	   1.6560000e+03	   3.1700000e+00	   1.6320000e+03	
   6.0000000e+00	   2.1300000e+02	   2.0000000e+00	   2.5000000e+00	   1.1580000e+03	   1.9600000e+00	   3.4660000e+03	
   7.0000000e+00	   2.0800000e+02	   2.0000000e+00	   2.5000000e+00	   1.0230000e+03	   5.8000000e-01	   1.8320000e+03	
   8.0000000e+00	   2.0600000e+02	   2.0000000e+00	   2.5000000e+00	   8.5700000e+02	   5.0000000e+00	   2.0990000e+03	
   9.0000000e+00	   1.0800000e+02	   1.0000000e+00	   2.5000000e+00	   7.5600000e+02	   5.0000000e+00	   1.4330000e+03	
   1.0000000e+01	   3.0700000e+02	   3.0000000e+00	   2.3500000e+00	   8.9000000e+02	   1.2800000e+00	   1.6330000e+03	
   1.1000000e+01	   2.0500000e+02	   2.0000000e+00	   2.5000000e+00	   8.5700000e+02	   1.4800000e+00	   1.5490000e+03	
   1.2000000e+01	   3.0200000e+02	   3.0000000e+00	   2.5000000e+00	   7.2400000e+02	   4.1000000e+00	   1.7660000e+03	
   1.3000000e+01	   3.0900000e+02	   3.0000000e+00	   2.4600000e+00	   8.2300000e+02	   5.0000000e+00	   1.6990000e+03	
   1.4000000e+01	   2.1000000e+02	   2.0000000e+00	   2.4800000e+00	   2.4570000e+03	   1.6500000e+00	   1.1660000e+03	
   1.5000000e+01	   1.0400000e+02	   1.0000000e+00	   2.5000000e+00	   1.1890000e+03	   7.2000000e-01	   4.7650000e+03	
   1.6000000e+01	   2.0300000e+02	   2.0000000e+00	   2.5000000e+00	   9.8900000e+02	   0.0000000e+00	   1.0990000e+03	
   1.7000000e+01	   2.0900000e+02	   2.0000000e+00	   2.5000000e+00	   1.0230000e+03	   3.9800000e+00	   9.3400000e+02	
   1.8000000e+01	   2.1500000e+02	   2.0000000e+00	   2.5000000e+00	   7.2300000e+02	   5.0000000e+00	   1.1660000e+03	
   1.9000000e+01	   3.0400000e+02	   3.0000000e+00	   2.5000000e+00	   8.2400000e+02	   4.1300000e+00	   1.5330000e+03	
   2.0000000e+01	   3.1300000e+02	   3.0000000e+00	   2.3500000e+00	   6.9000000e+02	   3.9600000e+00	   1.5990000e+03	
   2.1000000e+01	   3.0800000e+02	   3.0000000e+00	   2.5000000e+00	   6.5700000e+02	   5.9000000e-01	   2.0330000e+03	
   2.2000000e+01	   3.1000000e+02	   3.0000000e+00	   2.5000000e+00	   8.9100000e+02	   1.2300000e+00	   1.2990000e+03	
   2.3000000e+01	   3.1200000e+02	   3.0000000e+00	   2.5000000e+00	   7.2400000e+02	   4.9600000e+00	   1.4000000e+03	
   2.4000000e+01	   1.0700000e+02	   1.0000000e+00	   2.5000000e+00	   6.5600000e+02	   4.1600000e+00	   1.4330000e+03	
   2.5000000e+01	   1.1300000e+02	   1.0000000e+00	   2.5000000e+00	   7.5700000e+02	   5.0000000e+00	   1.3660000e+03	
   2.6000000e+01	   2.0400000e+02	   2.0000000e+00	   2.5000000e+00	   6.2300000e+02	   1.6300000e+00	   2.3330000e+03	
   2.7000000e+01	   1.1000000e+02	   1.0000000e+00	   2.5000000e+00	   6.9100000e+02	   3.1600000e+00	   9.6700000e+02	
   2.8000000e+01	   1.0600000e+02	   1.0000000e+00	   2.5000000e+00	   1.2200000e+02	   2.5000000e+00	   8.9900000e+02	
   2.9000000e+01	   3.0300000e+02	   3.0000000e+00	   2.5000000e+00	   1.3230000e+03	   3.8600000e+00	   1.6660000e+03	
   3.0000000e+01	   3.0500000e+02	   3.0000000e+00	   2.2300000e+00	   8.5600000e+02	   1.1400000e+00	   1.8000000e+03	
   3.1000000e+01	   1.1200000e+02	   1.0000000e+00	   2.5000000e+00	   6.2300000e+02	   4.9800000e+00	   1.1000000e+03	
   3.2000000e+01	   1.0900000e+02	   1.0000000e+00	   2.5000000e+00	   5.5700000e+02	   4.9100000e+00	   1.9660000e+03	
   3.3000000e+01	   2.1100000e+02	   2.0000000e+00	   2.5000000e+00	   6.9000000e+02	   3.8900000e+00	   1.9330000e+03	
   3.4000000e+01	   2.1400000e+02	   2.0000000e+00	   2.5000000e+00	   6.2300000e+02	   4.1900000e+00	   1.5000000e+03	
   3.5000000e+01	   1.1400000e+02	   1.0000000e+00	   4.8400000e+00	   2.3560000e+03	   2.5000000e+00	   1.0670000e+03	
   3.6000000e+01	   1.0500000e+02	   1.0000000e+00	   2.5000000e+00	   8.2300000e+02	   1.7000000e+00	   1.3660000e+03	
   3.7000000e+01	   2.0100000e+02	   2.0000000e+00	   2.5000000e+00	   9.5700000e+02	   4.3200000e+00	   1.7330000e+03	
   3.8000000e+01	   1.1100000e+02	   1.0000000e+00	   2.5000000e+00	   6.3800000e+02	   5.0000000e+00	   1.6000000e+03	
   3.9000000e+01	   2.1200000e+02	   2.0000000e+00	   2.5000000e+00	   6.7200000e+02	   1.5700000e+00	   1.6990000e+03	
   4.0000000e+01	   3.1100000e+02	   3.0000000e+00	   2.5000000e+00	   1.3570000e+03	   0.0000000e+00	   2.2660000e+03	
   4.1000000e+01	   1.0300000e+02	   1.0000000e+00	   2.5000000e+00	   8.3800000e+02	   5.0000000e+00	   1.0330000e+03	
   4.2000000e+01	   2.0200000e+02	   2.0000000e+00	   2.5000000e+00	   7.0500000e+02	   4.4700000e+00	   1.1330000e+03	
   4.3000000e+01	   3.0100000e+02	   3.0000000e+00	   2.5000000e+00	   7.7200000e+02	   9.0000000e-01	   1.2660000e+03	
   4.4000000e+01	   1.0100000e+02	   1.0000000e+00	   2.5000000e+00	   4.2300000e+02	   3.2500000e+00	   1.4660000e+03	
   4.5000000e+01	   1.1500000e+02	   1.0000000e+00	   2.5000000e+00	   3.2300000e+02	   2.5000000e+00	   1.3000000e+03	
