   1.0000000e+00	   1.0000000e+00	   2.0500000e+02	   2.4200000e+00	   4.9200000e+03	
   1.0000000e+00	   2.0000000e+00	   3.1000000e+02	   3.3000000e-01	   4.1550000e+03	
   1.0000000e+00	   3.0000000e+00	   3.1200000e+02	   1.0200000e+00	   3.2910000e+03	
   1.0000000e+00	   4.0000000e+00	   2.0300000e+02	   0.0000000e+00	   2.4920000e+03	
   1.0000000e+00	   5.0000000e+00	   2.0600000e+02	   3.0200000e+00	   5.0100000e+03	
   1.0000000e+00	   6.0000000e+00	   1.0700000e+02	   3.3400000e+00	   4.8260000e+03	
   1.0000000e+00	   7.0000000e+00	   2.0900000e+02	   0.0000000e+00	   3.0600000e+03	
   1.0000000e+00	   8.0000000e+00	   2.1200000e+02	   2.5100000e+00	   3.5610000e+03	
   1.0000000e+00	   9.0000000e+00	   2.0800000e+02	   0.0000000e+00	   5.1920000e+03	
   1.0000000e+00	   1.0000000e+01	   3.0800000e+02	   9.9000000e-01	   6.2590000e+03	
   1.0000000e+00	   1.1000000e+01	   1.1200000e+02	   3.5400000e+00	   4.2930000e+03	
   1.0000000e+00	   1.2000000e+01	   2.1100000e+02	   0.0000000e+00	   1.7600000e+03	
   1.0000000e+00	   1.3000000e+01	   3.1400000e+02	   5.3000000e-01	   5.1600000e+03	
   1.0000000e+00	   1.4000000e+01	   1.1100000e+02	   4.4700000e+00	   6.9610000e+03	
   1.0000000e+00	   1.5000000e+01	   1.0300000e+02	   4.0100000e+00	   4.5270000e+03	
   1.0000000e+00	   1.6000000e+01	   1.0400000e+02	   2.9900000e+00	   9.5250000e+03	
   1.0000000e+00	   1.7000000e+01	   2.0400000e+02	   0.0000000e+00	   5.2270000e+03	
   1.0000000e+00	   1.8000000e+01	   3.0600000e+02	   1.0200000e+00	   3.9930000e+03	
   1.0000000e+00	   1.9000000e+01	   2.0200000e+02	   0.0000000e+00	   1.3950000e+03	
   1.0000000e+00	   2.0000000e+01	   3.0200000e+02	   4.2000000e-01	   5.1920000e+03	
   1.0000000e+00	   2.1000000e+01	   1.0900000e+02	   5.0000000e+00	   2.6920000e+03	
   1.0000000e+00	   2.2000000e+01	   3.0500000e+02	   1.0100000e+00	   3.6270000e+03	
   1.0000000e+00	   2.3000000e+01	   2.1300000e+02	   2.4800000e+00	   4.3940000e+03	
   1.0000000e+00	   2.4000000e+01	   2.1500000e+02	   0.0000000e+00	   1.7610000e+03	
   1.0000000e+00	   2.5000000e+01	   1.0800000e+02	   4.5100000e+00	   4.3270000e+03	
   1.0000000e+00	   2.6000000e+01	   3.0900000e+02	   5.4000000e-01	   7.1920000e+03	
   1.0000000e+00	   2.7000000e+01	   1.0200000e+02	   3.5900000e+00	   4.9590000e+03	
   1.0000000e+00	   2.8000000e+01	   3.0100000e+02	   0.0000000e+00	   3.7600000e+03	
   1.0000000e+00	   2.9000000e+01	   1.0500000e+02	   3.9000000e+00	   4.8930000e+03	
   1.0000000e+00	   3.0000000e+01	   1.1000000e+02	   3.6900000e+00	   5.2250000e+03	
   1.0000000e+00	   3.1000000e+01	   3.1100000e+02	   2.2000000e-01	   8.8590000e+03	
   1.0000000e+00	   3.2000000e+01	   1.1600000e+02	   3.7900000e+00	   4.5260000e+03	
   1.0000000e+00	   3.3000000e+01	   1.0600000e+02	   2.4700000e+00	   3.6600000e+03	
   1.0000000e+00	   3.4000000e+01	   2.1400000e+02	   1.9900000e+00	   8.3910000e+03	
   1.0000000e+00	   3.5000000e+01	   1.1300000e+02	   4.6100000e+00	   3.2610000e+03	
   1.0000000e+00	   3.6000000e+01	   1.0100000e+02	   2.1500000e+00	   4.6930000e+03	
   1.0000000e+00	   3.7000000e+01	   3.0400000e+02	   0.0000000e+00	   2.8960000e+03	
   1.0000000e+00	   3.8000000e+01	   1.1500000e+02	   4.0200000e+00	   4.3590000e+03	
   1.0000000e+00	   3.9000000e+01	   3.0700000e+02	   1.2900000e+00	   4.6610000e+03	
   1.0000000e+00	   4.0000000e+01	   2.1000000e+02	   1.9900000e+00	   3.5930000e+03	
   1.0000000e+00	   4.1000000e+01	   3.1300000e+02	   1.3900000e+00	   2.4920000e+03	
   1.0000000e+00	   4.2000000e+01	   3.0300000e+02	   1.4700000e+00	   3.7110000e+03	
   1.0000000e+00	   4.3000000e+01	   2.0700000e+02	   2.5400000e+00	   3.7590000e+03	
   1.0000000e+00	   4.4000000e+01	   2.0100000e+02	   2.4200000e+00	   2.4600000e+03	
   1.0000000e+00	   4.5000000e+01	   1.1400000e+02	   3.9400000e+00	   2.9930000e+03	
   2.0000000e+00	   1.0000000e+00	   2.1400000e+02	   1.6200000e+00	   6.3940000e+03	
   2.0000000e+00	   2.0000000e+00	   3.1100000e+02	   5.3000000e-01	   3.1950000e+03	
   2.0000000e+00	   3.0000000e+00	   3.0300000e+02	   1.5500000e+00	   2.4610000e+03	
   2.0000000e+00	   4.0000000e+00	   2.0500000e+02	   2.1500000e+00	   3.7270000e+03	
   2.0000000e+00	   5.0000000e+00	   2.0200000e+02	   0.0000000e+00	   1.4280000e+03	
   2.0000000e+00	   6.0000000e+00	   3.0200000e+02	   2.9000000e-01	   2.1620000e+03	
   2.0000000e+00	   7.0000000e+00	   3.0600000e+02	   6.8000000e-01	   2.2610000e+03	
   2.0000000e+00	   8.0000000e+00	   1.1200000e+02	   3.4600000e+00	   2.5950000e+03	
   2.0000000e+00	   9.0000000e+00	   2.0900000e+02	   0.0000000e+00	   1.7940000e+03	
   2.0000000e+00	   1.0000000e+01	   2.1100000e+02	   0.0000000e+00	   1.1950000e+03	
   2.0000000e+00	   1.1000000e+01	   1.0600000e+02	   2.9900000e+00	   2.5950000e+03	
   2.0000000e+00	   1.2000000e+01	   1.0500000e+02	   3.7200000e+00	   2.8610000e+03	
   2.0000000e+00	   1.3000000e+01	   1.1000000e+02	   3.7700000e+00	   2.5270000e+03	
   2.0000000e+00	   1.4000000e+01	   1.0900000e+02	   5.0000000e+00	   1.7620000e+03	
   2.0000000e+00	   1.5000000e+01	   3.1000000e+02	   4.1000000e-01	   2.2940000e+03	
   2.0000000e+00	   1.6000000e+01	   3.0100000e+02	   4.5000000e-01	   3.8950000e+03	
   2.0000000e+00	   1.7000000e+01	   1.0400000e+02	   2.4500000e+00	   2.8940000e+03	
   2.0000000e+00	   1.8000000e+01	   1.1500000e+02	   3.9900000e+00	   2.7940000e+03	
   2.0000000e+00	   1.9000000e+01	   2.0300000e+02	   0.0000000e+00	   1.7610000e+03	
   2.0000000e+00	   2.0000000e+01	   1.0200000e+02	   3.5700000e+00	   1.5620000e+03	
   2.0000000e+00	   2.1000000e+01	   2.1500000e+02	   0.0000000e+00	   1.4620000e+03	
   2.0000000e+00	   2.2000000e+01	   1.0700000e+02	   3.7000000e+00	   2.4600000e+03	
   2.0000000e+00	   2.3000000e+01	   1.0300000e+02	   3.7700000e+00	   1.9950000e+03	
   2.0000000e+00	   2.4000000e+01	   3.0800000e+02	   5.0000000e-01	   3.6610000e+03	
   2.0000000e+00	   2.5000000e+01	   1.0800000e+02	   4.0100000e+00	   2.5940000e+03	
   2.0000000e+00	   2.6000000e+01	   2.0100000e+02	   2.3600000e+00	   2.1620000e+03	
   2.0000000e+00	   2.7000000e+01	   3.0500000e+02	   1.1900000e+00	   1.6620000e+03	
   2.0000000e+00	   2.8000000e+01	   2.1000000e+02	   1.5000000e+00	   3.1930000e+03	
   2.0000000e+00	   2.9000000e+01	   3.0700000e+02	   5.1000000e-01	   3.9280000e+03	
   2.0000000e+00	   3.0000000e+01	   3.1300000e+02	   1.0300000e+00	   3.8940000e+03	
   2.0000000e+00	   3.1000000e+01	   1.1100000e+02	   4.0900000e+00	   2.3270000e+03	
   2.0000000e+00	   3.2000000e+01	   1.0100000e+02	   2.0200000e+00	   2.2620000e+03	
   2.0000000e+00	   3.3000000e+01	   2.0800000e+02	   1.1700000e+00	   2.3610000e+03	
   2.0000000e+00	   3.4000000e+01	   2.0700000e+02	   2.3500000e+00	   3.4940000e+03	
   2.0000000e+00	   3.5000000e+01	   1.1400000e+02	   4.0500000e+00	   2.9280000e+03	
   2.0000000e+00	   3.6000000e+01	   2.1200000e+02	   2.4300000e+00	   2.9280000e+03	
   2.0000000e+00	   3.7000000e+01	   3.1400000e+02	   4.2000000e-01	   2.9940000e+03	
   2.0000000e+00	   3.8000000e+01	   1.1300000e+02	   4.2900000e+00	   1.7940000e+03	
   2.0000000e+00	   3.9000000e+01	   2.0400000e+02	   2.3700000e+00	   1.5950000e+03	
   2.0000000e+00	   4.0000000e+01	   2.1300000e+02	   1.9500000e+00	   1.9940000e+03	
   2.0000000e+00	   4.1000000e+01	   1.1600000e+02	   3.7000000e+00	   2.3280000e+03	
   2.0000000e+00	   4.2000000e+01	   3.0400000e+02	   1.6000000e-01	   2.2940000e+03	
   2.0000000e+00	   4.3000000e+01	   3.1200000e+02	   1.0300000e+00	   2.5950000e+03	
   2.0000000e+00	   4.4000000e+01	   2.0600000e+02	   3.1100000e+00	   3.5270000e+03	
   2.0000000e+00	   4.5000000e+01	   3.0900000e+02	   6.3000000e-01	   2.4290000e+03	
