   1.1000000e+02	   1.1200000e+02	   2.0900000e+02	   4.0000000e+00	   2.0000000e+00	   3.7300000e+00	   3.5000000e+00	   0.0000000e+00	   2.0000000e+00	   3.0000000e+00	   1.0000000e+00	   2.0000000e+00	   1.7340000e+03	
   1.0500000e+02	   1.0600000e+02	   2.0400000e+02	   3.0000000e+00	   5.0000000e+00	   3.8100000e+00	   2.7300000e+00	   1.1850000e+00	   2.0000000e+00	   1.0000000e+00	   3.0000000e+00	   2.0000000e+00	   1.3990000e+03	
   1.0700000e+02	   1.0800000e+02	   3.0300000e+02	   1.0000000e+01	   4.0000000e+00	   3.5200000e+00	   4.2600000e+00	   1.5100000e+00	   3.0000000e+00	   2.0000000e+00	   1.0000000e+00	   2.0000000e+00	   9.3200000e+02	
   1.0600000e+02	   1.1000000e+02	   2.0200000e+02	   2.0000000e+00	   4.0000000e+00	   2.7300000e+00	   3.7300000e+00	   0.0000000e+00	   3.0000000e+00	   1.0000000e+00	   2.0000000e+00	   1.0000000e+00	   1.3960000e+03	
   1.0500000e+02	   1.0900000e+02	   2.0900000e+02	   4.0000000e+00	   5.0000000e+00	   3.8100000e+00	   5.0000000e+00	   0.0000000e+00	   1.0000000e+00	   2.0000000e+00	   3.0000000e+00	   2.0000000e+00	   9.5100000e+02	
   1.1200000e+02	   2.0600000e+02	   2.1500000e+02	   8.0000000e+00	   3.0000000e+00	   3.5000000e+00	   3.0650000e+00	   0.0000000e+00	   1.0000000e+00	   3.0000000e+00	   2.0000000e+00	   1.0000000e+00	   1.0490000e+03	
   1.0300000e+02	   1.0600000e+02	   3.1000000e+02	   1.3000000e+01	   5.0000000e+00	   3.8900000e+00	   2.7300000e+00	   3.7000000e-01	   1.0000000e+00	   2.0000000e+00	   3.0000000e+00	   1.0000000e+00	   1.3950000e+03	
   1.0700000e+02	   1.1000000e+02	   2.1200000e+02	   5.0000000e+00	   1.0000000e+00	   3.5200000e+00	   3.7300000e+00	   2.4700000e+00	   3.0000000e+00	   2.0000000e+00	   1.0000000e+00	   2.0000000e+00	   1.2000000e+03	
   1.0600000e+02	   1.0700000e+02	   3.0100000e+02	   9.0000000e+00	   4.0000000e+00	   2.7300000e+00	   3.5200000e+00	   2.2500000e-01	   2.0000000e+00	   3.0000000e+00	   1.0000000e+00	   3.0000000e+00	   1.4050000e+03	
   1.0500000e+02	   1.1300000e+02	   2.0400000e+02	   3.0000000e+00	   3.0000000e+00	   3.8100000e+00	   4.4500000e+00	   1.1850000e+00	   2.0000000e+00	   1.0000000e+00	   3.0000000e+00	   1.0000000e+00	   8.0000000e+02	
   1.0500000e+02	   1.1400000e+02	   3.0900000e+02	   1.2000000e+01	   1.0000000e+00	   3.8100000e+00	   3.9950000e+00	   5.8500000e-01	   2.0000000e+00	   3.0000000e+00	   1.0000000e+00	   3.0000000e+00	   1.1220000e+03	
   1.0300000e+02	   1.1200000e+02	   3.1000000e+02	   1.3000000e+01	   2.0000000e+00	   3.8900000e+00	   3.5000000e+00	   3.7000000e-01	   3.0000000e+00	   1.0000000e+00	   2.0000000e+00	   3.0000000e+00	   1.1160000e+03	
   1.0300000e+02	   1.1400000e+02	   3.1000000e+02	   1.3000000e+01	   1.0000000e+00	   3.8900000e+00	   3.9950000e+00	   3.7000000e-01	   2.0000000e+00	   3.0000000e+00	   1.0000000e+00	   3.0000000e+00	   8.6400000e+02	
   1.0900000e+02	   1.1300000e+02	   2.0200000e+02	   2.0000000e+00	   3.0000000e+00	   5.0000000e+00	   4.4500000e+00	   0.0000000e+00	   3.0000000e+00	   2.0000000e+00	   1.0000000e+00	   3.0000000e+00	   8.1700000e+02	
   1.0300000e+02	   2.0600000e+02	   2.0400000e+02	   3.0000000e+00	   4.0000000e+00	   3.8900000e+00	   3.0650000e+00	   1.1850000e+00	   2.0000000e+00	   1.0000000e+00	   3.0000000e+00	   2.0000000e+00	   1.1400000e+03	
   1.0700000e+02	   2.0600000e+02	   3.1200000e+02	   1.4000000e+01	   3.0000000e+00	   3.5200000e+00	   3.0650000e+00	   1.0250000e+00	   1.0000000e+00	   3.0000000e+00	   2.0000000e+00	   1.0000000e+00	   1.0550000e+03	
   1.1000000e+02	   1.1100000e+02	   3.1400000e+02	   1.5000000e+01	   3.0000000e+00	   3.7300000e+00	   4.2800000e+00	   4.7500000e-01	   2.0000000e+00	   3.0000000e+00	   1.0000000e+00	   3.0000000e+00	   9.8700000e+02	
   1.1100000e+02	   1.1300000e+02	   2.1400000e+02	   7.0000000e+00	   1.0000000e+00	   4.2800000e+00	   4.4500000e+00	   1.8050000e+00	   1.0000000e+00	   2.0000000e+00	   3.0000000e+00	   2.0000000e+00	   7.9900000e+02	
   1.0700000e+02	   1.1000000e+02	   3.0300000e+02	   1.0000000e+01	   1.0000000e+00	   3.5200000e+00	   3.7300000e+00	   1.5100000e+00	   1.0000000e+00	   2.0000000e+00	   3.0000000e+00	   2.0000000e+00	   1.0690000e+03	
   1.0900000e+02	   2.0600000e+02	   3.0900000e+02	   1.2000000e+01	   5.0000000e+00	   5.0000000e+00	   3.0650000e+00	   5.8500000e-01	   1.0000000e+00	   3.0000000e+00	   2.0000000e+00	   1.0000000e+00	   6.5900000e+02	
   1.0200000e+02	   1.0900000e+02	   2.0900000e+02	   4.0000000e+00	   5.0000000e+00	   3.5800000e+00	   5.0000000e+00	   0.0000000e+00	   1.0000000e+00	   2.0000000e+00	   3.0000000e+00	   2.0000000e+00	   6.7000000e+02	
   1.0300000e+02	   1.1100000e+02	   2.0100000e+02	   1.0000000e+00	   2.0000000e+00	   3.8900000e+00	   4.2800000e+00	   2.3900000e+00	   2.0000000e+00	   1.0000000e+00	   3.0000000e+00	   1.0000000e+00	   9.0300000e+02	
   1.0300000e+02	   1.0900000e+02	   3.1200000e+02	   1.4000000e+01	   5.0000000e+00	   3.8900000e+00	   5.0000000e+00	   1.0250000e+00	   2.0000000e+00	   1.0000000e+00	   3.0000000e+00	   1.0000000e+00	   7.4900000e+02	
   1.1000000e+02	   1.1200000e+02	   3.0300000e+02	   1.0000000e+01	   2.0000000e+00	   3.7300000e+00	   3.5000000e+00	   1.5100000e+00	   3.0000000e+00	   1.0000000e+00	   2.0000000e+00	   3.0000000e+00	   1.1680000e+03	
   1.0600000e+02	   1.0900000e+02	   3.0300000e+02	   1.0000000e+01	   5.0000000e+00	   2.7300000e+00	   5.0000000e+00	   1.5100000e+00	   2.0000000e+00	   3.0000000e+00	   1.0000000e+00	   3.0000000e+00	   6.3100000e+02	
   1.1000000e+02	   2.0600000e+02	   3.1000000e+02	   1.3000000e+01	   3.0000000e+00	   3.7300000e+00	   3.0650000e+00	   3.7000000e-01	   2.0000000e+00	   1.0000000e+00	   3.0000000e+00	   2.0000000e+00	   9.1000000e+02	
   1.0800000e+02	   1.1600000e+02	   3.0300000e+02	   1.0000000e+01	   3.0000000e+00	   4.2600000e+00	   3.7450000e+00	   1.5100000e+00	   3.0000000e+00	   1.0000000e+00	   2.0000000e+00	   3.0000000e+00	   8.5500000e+02	
   1.0300000e+02	   1.0800000e+02	   2.0900000e+02	   4.0000000e+00	   2.0000000e+00	   3.8900000e+00	   4.2600000e+00	   0.0000000e+00	   3.0000000e+00	   1.0000000e+00	   2.0000000e+00	   1.0000000e+00	   7.9300000e+02	
   1.0500000e+02	   1.0900000e+02	   3.1000000e+02	   1.3000000e+01	   5.0000000e+00	   3.8100000e+00	   5.0000000e+00	   3.7000000e-01	   3.0000000e+00	   1.0000000e+00	   2.0000000e+00	   1.0000000e+00	   8.1600000e+02	
   1.0200000e+02	   1.0600000e+02	   2.0900000e+02	   4.0000000e+00	   4.0000000e+00	   3.5800000e+00	   2.7300000e+00	   0.0000000e+00	   1.0000000e+00	   3.0000000e+00	   2.0000000e+00	   3.0000000e+00	   1.1500000e+03	
   1.0200000e+02	   2.0600000e+02	   3.0100000e+02	   9.0000000e+00	   3.0000000e+00	   3.5800000e+00	   3.0650000e+00	   2.2500000e-01	   1.0000000e+00	   2.0000000e+00	   3.0000000e+00	   1.0000000e+00	   1.7050000e+03	
   1.1300000e+02	   1.1500000e+02	   3.1000000e+02	   1.3000000e+01	   3.0000000e+00	   4.4500000e+00	   4.0050000e+00	   3.7000000e-01	   1.0000000e+00	   2.0000000e+00	   3.0000000e+00	   1.0000000e+00	   7.5900000e+02	
   1.1200000e+02	   2.0600000e+02	   3.1400000e+02	   1.5000000e+01	   3.0000000e+00	   3.5000000e+00	   3.0650000e+00	   4.7500000e-01	   1.0000000e+00	   3.0000000e+00	   2.0000000e+00	   1.0000000e+00	   1.2220000e+03	
   1.0800000e+02	   2.0600000e+02	   3.1200000e+02	   1.4000000e+01	   5.0000000e+00	   4.2600000e+00	   3.0650000e+00	   1.0250000e+00	   3.0000000e+00	   1.0000000e+00	   2.0000000e+00	   3.0000000e+00	   6.0500000e+02	
   1.0300000e+02	   1.1300000e+02	   2.1300000e+02	   6.0000000e+00	   3.0000000e+00	   3.8900000e+00	   4.4500000e+00	   2.2150000e+00	   2.0000000e+00	   3.0000000e+00	   1.0000000e+00	   3.0000000e+00	   6.6300000e+02	
   1.1500000e+02	   2.0600000e+02	   3.0600000e+02	   1.1000000e+01	   4.0000000e+00	   4.0050000e+00	   3.0650000e+00	   8.5000000e-01	   1.0000000e+00	   3.0000000e+00	   2.0000000e+00	   1.0000000e+00	   7.5300000e+02	
   1.1400000e+02	   1.1600000e+02	   3.0600000e+02	   1.1000000e+01	   2.0000000e+00	   3.9950000e+00	   3.7450000e+00	   8.5000000e-01	   3.0000000e+00	   1.0000000e+00	   2.0000000e+00	   3.0000000e+00	   1.1640000e+03	
   1.0800000e+02	   2.0600000e+02	   3.0100000e+02	   9.0000000e+00	   5.0000000e+00	   4.2600000e+00	   3.0650000e+00	   2.2500000e-01	   3.0000000e+00	   1.0000000e+00	   2.0000000e+00	   3.0000000e+00	   6.0700000e+02	
   1.0200000e+02	   1.1000000e+02	   2.1200000e+02	   5.0000000e+00	   1.0000000e+00	   3.5800000e+00	   3.7300000e+00	   2.4700000e+00	   1.0000000e+00	   3.0000000e+00	   2.0000000e+00	   3.0000000e+00	   1.2070000e+03	
   1.0500000e+02	   1.1600000e+02	   2.0900000e+02	   4.0000000e+00	   1.0000000e+00	   3.8100000e+00	   3.7450000e+00	   0.0000000e+00	   3.0000000e+00	   2.0000000e+00	   1.0000000e+00	   3.0000000e+00	   1.0970000e+03	
   1.1300000e+02	   1.1500000e+02	   2.1200000e+02	   5.0000000e+00	   3.0000000e+00	   4.4500000e+00	   4.0050000e+00	   2.4700000e+00	   1.0000000e+00	   3.0000000e+00	   2.0000000e+00	   1.0000000e+00	   7.7400000e+02	
   1.1600000e+02	   2.0600000e+02	   3.0900000e+02	   1.2000000e+01	   3.0000000e+00	   3.7450000e+00	   3.0650000e+00	   5.8500000e-01	   2.0000000e+00	   1.0000000e+00	   3.0000000e+00	   2.0000000e+00	   1.0700000e+03	
   1.1500000e+02	   1.1600000e+02	   3.1000000e+02	   1.3000000e+01	   2.0000000e+00	   4.0050000e+00	   3.7450000e+00	   3.7000000e-01	   3.0000000e+00	   2.0000000e+00	   1.0000000e+00	   3.0000000e+00	   9.9400000e+02	
   1.0200000e+02	   1.0900000e+02	   2.0200000e+02	   2.0000000e+00	   5.0000000e+00	   3.5800000e+00	   5.0000000e+00	   0.0000000e+00	   1.0000000e+00	   2.0000000e+00	   3.0000000e+00	   2.0000000e+00	   7.7300000e+02	
   1.1000000e+02	   1.1400000e+02	   3.1200000e+02	   1.4000000e+01	   2.0000000e+00	   3.7300000e+00	   3.9950000e+00	   1.0250000e+00	   2.0000000e+00	   3.0000000e+00	   1.0000000e+00	   3.0000000e+00	   1.1650000e+03	
   1.1100000e+02	   1.1500000e+02	   3.1400000e+02	   1.5000000e+01	   2.0000000e+00	   4.2800000e+00	   4.0050000e+00	   4.7500000e-01	   1.0000000e+00	   3.0000000e+00	   2.0000000e+00	   3.0000000e+00	   1.2530000e+03	
   1.1300000e+02	   1.1500000e+02	   2.0400000e+02	   3.0000000e+00	   3.0000000e+00	   4.4500000e+00	   4.0050000e+00	   1.1850000e+00	   3.0000000e+00	   2.0000000e+00	   1.0000000e+00	   3.0000000e+00	   6.6900000e+02	
   1.0200000e+02	   1.0800000e+02	   3.0300000e+02	   1.0000000e+01	   3.0000000e+00	   3.5800000e+00	   4.2600000e+00	   1.5100000e+00	   3.0000000e+00	   2.0000000e+00	   1.0000000e+00	   2.0000000e+00	   9.9700000e+02	
   1.1000000e+02	   1.1600000e+02	   2.1200000e+02	   5.0000000e+00	   1.0000000e+00	   3.7300000e+00	   3.7450000e+00	   2.4700000e+00	   2.0000000e+00	   1.0000000e+00	   3.0000000e+00	   2.0000000e+00	   1.1270000e+03	
   1.0500000e+02	   1.1300000e+02	   3.1200000e+02	   1.4000000e+01	   3.0000000e+00	   3.8100000e+00	   4.4500000e+00	   1.0250000e+00	   3.0000000e+00	   2.0000000e+00	   1.0000000e+00	   2.0000000e+00	   1.1240000e+03	
   1.0600000e+02	   1.0700000e+02	   3.0900000e+02	   1.2000000e+01	   4.0000000e+00	   2.7300000e+00	   3.5200000e+00	   5.8500000e-01	   3.0000000e+00	   2.0000000e+00	   1.0000000e+00	   2.0000000e+00	   1.1740000e+03	
   1.0300000e+02	   1.0900000e+02	   2.1400000e+02	   7.0000000e+00	   5.0000000e+00	   3.8900000e+00	   5.0000000e+00	   1.8050000e+00	   1.0000000e+00	   2.0000000e+00	   3.0000000e+00	   2.0000000e+00	   6.3400000e+02	
   1.0900000e+02	   1.1300000e+02	   2.1400000e+02	   7.0000000e+00	   3.0000000e+00	   5.0000000e+00	   4.4500000e+00	   1.8050000e+00	   2.0000000e+00	   1.0000000e+00	   3.0000000e+00	   2.0000000e+00	   1.1510000e+03	
   1.0900000e+02	   1.1600000e+02	   3.0300000e+02	   1.0000000e+01	   5.0000000e+00	   5.0000000e+00	   3.7450000e+00	   1.5100000e+00	   2.0000000e+00	   1.0000000e+00	   3.0000000e+00	   2.0000000e+00	   7.5000000e+02	
   1.0500000e+02	   1.1000000e+02	   2.0100000e+02	   1.0000000e+00	   1.0000000e+00	   3.8100000e+00	   3.7300000e+00	   2.3900000e+00	   3.0000000e+00	   1.0000000e+00	   2.0000000e+00	   3.0000000e+00	   1.1410000e+03	
   1.1000000e+02	   1.1500000e+02	   2.1200000e+02	   5.0000000e+00	   2.0000000e+00	   3.7300000e+00	   4.0050000e+00	   2.4700000e+00	   1.0000000e+00	   3.0000000e+00	   2.0000000e+00	   3.0000000e+00	   1.0490000e+03	
   1.1000000e+02	   1.1200000e+02	   2.0200000e+02	   2.0000000e+00	   2.0000000e+00	   3.7300000e+00	   3.5000000e+00	   0.0000000e+00	   1.0000000e+00	   2.0000000e+00	   3.0000000e+00	   1.0000000e+00	   1.1570000e+03	
   1.0200000e+02	   1.1600000e+02	   3.0100000e+02	   9.0000000e+00	   1.0000000e+00	   3.5800000e+00	   3.7450000e+00	   2.2500000e-01	   2.0000000e+00	   1.0000000e+00	   3.0000000e+00	   2.0000000e+00	   1.3540000e+03	
   1.0200000e+02	   1.0600000e+02	   3.1400000e+02	   1.5000000e+01	   4.0000000e+00	   3.5800000e+00	   2.7300000e+00	   4.7500000e-01	   2.0000000e+00	   3.0000000e+00	   1.0000000e+00	   2.0000000e+00	   1.3040000e+03	
   1.1000000e+02	   1.1600000e+02	   3.0600000e+02	   1.1000000e+01	   1.0000000e+00	   3.7300000e+00	   3.7450000e+00	   8.5000000e-01	   1.0000000e+00	   3.0000000e+00	   2.0000000e+00	   3.0000000e+00	   1.0410000e+03	
   1.0900000e+02	   1.1500000e+02	   2.1300000e+02	   6.0000000e+00	   4.0000000e+00	   5.0000000e+00	   4.0050000e+00	   2.2150000e+00	   2.0000000e+00	   1.0000000e+00	   3.0000000e+00	   2.0000000e+00	   7.3900000e+02	
   1.0500000e+02	   1.1000000e+02	   2.0200000e+02	   2.0000000e+00	   1.0000000e+00	   3.8100000e+00	   3.7300000e+00	   0.0000000e+00	   3.0000000e+00	   2.0000000e+00	   1.0000000e+00	   3.0000000e+00	   1.5560000e+03	
   1.0700000e+02	   1.0800000e+02	   2.1200000e+02	   5.0000000e+00	   4.0000000e+00	   3.5200000e+00	   4.2600000e+00	   2.4700000e+00	   3.0000000e+00	   1.0000000e+00	   2.0000000e+00	   1.0000000e+00	   1.0280000e+03	
   1.1200000e+02	   1.1300000e+02	   2.1300000e+02	   6.0000000e+00	   4.0000000e+00	   3.5000000e+00	   4.4500000e+00	   2.2150000e+00	   2.0000000e+00	   1.0000000e+00	   3.0000000e+00	   1.0000000e+00	   7.0900000e+02	
   1.1200000e+02	   1.1500000e+02	   2.1200000e+02	   5.0000000e+00	   3.0000000e+00	   3.5000000e+00	   4.0050000e+00	   2.4700000e+00	   1.0000000e+00	   3.0000000e+00	   2.0000000e+00	   3.0000000e+00	   1.2980000e+03	
   1.0600000e+02	   1.1100000e+02	   2.0400000e+02	   3.0000000e+00	   5.0000000e+00	   2.7300000e+00	   4.2800000e+00	   1.1850000e+00	   3.0000000e+00	   2.0000000e+00	   1.0000000e+00	   2.0000000e+00	   1.2380000e+03	
   1.1400000e+02	   2.0600000e+02	   2.0900000e+02	   4.0000000e+00	   4.0000000e+00	   3.9950000e+00	   3.0650000e+00	   0.0000000e+00	   1.0000000e+00	   3.0000000e+00	   2.0000000e+00	   1.0000000e+00	   1.0110000e+03	
   1.1000000e+02	   1.1500000e+02	   2.0400000e+02	   3.0000000e+00	   2.0000000e+00	   3.7300000e+00	   4.0050000e+00	   1.1850000e+00	   3.0000000e+00	   2.0000000e+00	   1.0000000e+00	   2.0000000e+00	   1.3680000e+03	
   1.0200000e+02	   2.0600000e+02	   3.1400000e+02	   1.5000000e+01	   3.0000000e+00	   3.5800000e+00	   3.0650000e+00	   4.7500000e-01	   2.0000000e+00	   3.0000000e+00	   1.0000000e+00	   2.0000000e+00	   1.4700000e+03	
   1.0200000e+02	   1.1000000e+02	   3.0600000e+02	   1.1000000e+01	   1.0000000e+00	   3.5800000e+00	   3.7300000e+00	   8.5000000e-01	   1.0000000e+00	   2.0000000e+00	   3.0000000e+00	   2.0000000e+00	   1.7340000e+03	
   1.0500000e+02	   1.0600000e+02	   2.1400000e+02	   7.0000000e+00	   5.0000000e+00	   3.8100000e+00	   2.7300000e+00	   1.8050000e+00	   3.0000000e+00	   2.0000000e+00	   1.0000000e+00	   3.0000000e+00	   1.1160000e+03	
   1.0200000e+02	   1.0700000e+02	   3.0900000e+02	   1.2000000e+01	   1.0000000e+00	   3.5800000e+00	   3.5200000e+00	   5.8500000e-01	   1.0000000e+00	   3.0000000e+00	   2.0000000e+00	   1.0000000e+00	   1.1650000e+03	
   1.0600000e+02	   1.0700000e+02	   3.0600000e+02	   1.1000000e+01	   4.0000000e+00	   2.7300000e+00	   3.5200000e+00	   8.5000000e-01	   2.0000000e+00	   3.0000000e+00	   1.0000000e+00	   3.0000000e+00	   1.1590000e+03	
   1.1300000e+02	   2.0600000e+02	   3.0900000e+02	   1.2000000e+01	   5.0000000e+00	   4.4500000e+00	   3.0650000e+00	   5.8500000e-01	   1.0000000e+00	   2.0000000e+00	   3.0000000e+00	   1.0000000e+00	   7.7200000e+02	
   1.0300000e+02	   1.1000000e+02	   3.0100000e+02	   9.0000000e+00	   1.0000000e+00	   3.8900000e+00	   3.7300000e+00	   2.2500000e-01	   2.0000000e+00	   1.0000000e+00	   3.0000000e+00	   2.0000000e+00	   1.0210000e+03	
   1.0300000e+02	   1.1600000e+02	   3.0900000e+02	   1.2000000e+01	   1.0000000e+00	   3.8900000e+00	   3.7450000e+00	   5.8500000e-01	   2.0000000e+00	   3.0000000e+00	   1.0000000e+00	   2.0000000e+00	   1.1290000e+03	
   1.1100000e+02	   1.1500000e+02	   3.0900000e+02	   1.2000000e+01	   2.0000000e+00	   4.2800000e+00	   4.0050000e+00	   5.8500000e-01	   1.0000000e+00	   3.0000000e+00	   2.0000000e+00	   3.0000000e+00	   1.0070000e+03	
   1.0600000e+02	   1.1600000e+02	   2.0400000e+02	   3.0000000e+00	   5.0000000e+00	   2.7300000e+00	   3.7450000e+00	   1.1850000e+00	   1.0000000e+00	   2.0000000e+00	   3.0000000e+00	   2.0000000e+00	   1.6790000e+03	
   1.0900000e+02	   1.1200000e+02	   3.0600000e+02	   1.1000000e+01	   5.0000000e+00	   5.0000000e+00	   3.5000000e+00	   8.5000000e-01	   2.0000000e+00	   3.0000000e+00	   1.0000000e+00	   2.0000000e+00	   9.0500000e+02	
   1.0200000e+02	   1.1400000e+02	   2.0100000e+02	   1.0000000e+00	   2.0000000e+00	   3.5800000e+00	   3.9950000e+00	   2.3900000e+00	   1.0000000e+00	   2.0000000e+00	   3.0000000e+00	   2.0000000e+00	   1.1860000e+03	
   1.0600000e+02	   1.1600000e+02	   3.0900000e+02	   1.2000000e+01	   5.0000000e+00	   2.7300000e+00	   3.7450000e+00	   5.8500000e-01	   1.0000000e+00	   2.0000000e+00	   3.0000000e+00	   2.0000000e+00	   1.7440000e+03	
   1.0300000e+02	   1.1400000e+02	   2.0900000e+02	   4.0000000e+00	   1.0000000e+00	   3.8900000e+00	   3.9950000e+00	   0.0000000e+00	   1.0000000e+00	   3.0000000e+00	   2.0000000e+00	   3.0000000e+00	   9.1200000e+02	
   1.1200000e+02	   1.1500000e+02	   2.0100000e+02	   1.0000000e+00	   3.0000000e+00	   3.5000000e+00	   4.0050000e+00	   2.3900000e+00	   3.0000000e+00	   2.0000000e+00	   1.0000000e+00	   2.0000000e+00	   1.1940000e+03	
   1.0800000e+02	   1.1300000e+02	   3.1000000e+02	   1.3000000e+01	   1.0000000e+00	   4.2600000e+00	   4.4500000e+00	   3.7000000e-01	   2.0000000e+00	   3.0000000e+00	   1.0000000e+00	   3.0000000e+00	   9.5500000e+02	
   1.0600000e+02	   1.1400000e+02	   2.1400000e+02	   7.0000000e+00	   5.0000000e+00	   2.7300000e+00	   3.9950000e+00	   1.8050000e+00	   1.0000000e+00	   3.0000000e+00	   2.0000000e+00	   3.0000000e+00	   7.8800000e+02	
   1.0200000e+02	   1.1300000e+02	   2.0900000e+02	   4.0000000e+00	   4.0000000e+00	   3.5800000e+00	   4.4500000e+00	   0.0000000e+00	   2.0000000e+00	   3.0000000e+00	   1.0000000e+00	   3.0000000e+00	   6.8300000e+02	
   1.0700000e+02	   1.1300000e+02	   2.1400000e+02	   7.0000000e+00	   4.0000000e+00	   3.5200000e+00	   4.4500000e+00	   1.8050000e+00	   3.0000000e+00	   2.0000000e+00	   1.0000000e+00	   2.0000000e+00	   7.1000000e+02	
   1.0200000e+02	   1.1000000e+02	   2.1300000e+02	   6.0000000e+00	   1.0000000e+00	   3.5800000e+00	   3.7300000e+00	   2.2150000e+00	   1.0000000e+00	   2.0000000e+00	   3.0000000e+00	   2.0000000e+00	   1.4710000e+03	
   1.1300000e+02	   1.1400000e+02	   3.0100000e+02	   9.0000000e+00	   3.0000000e+00	   4.4500000e+00	   3.9950000e+00	   2.2500000e-01	   1.0000000e+00	   2.0000000e+00	   3.0000000e+00	   1.0000000e+00	   9.4100000e+02	
   1.0500000e+02	   1.0600000e+02	   2.1200000e+02	   5.0000000e+00	   5.0000000e+00	   3.8100000e+00	   2.7300000e+00	   2.4700000e+00	   3.0000000e+00	   1.0000000e+00	   2.0000000e+00	   3.0000000e+00	   1.1310000e+03	
   1.0200000e+02	   1.0600000e+02	   3.1000000e+02	   1.3000000e+01	   4.0000000e+00	   3.5800000e+00	   2.7300000e+00	   3.7000000e-01	   3.0000000e+00	   1.0000000e+00	   2.0000000e+00	   3.0000000e+00	   1.3300000e+03	
   1.0300000e+02	   1.1200000e+02	   3.1200000e+02	   1.4000000e+01	   2.0000000e+00	   3.8900000e+00	   3.5000000e+00	   1.0250000e+00	   1.0000000e+00	   2.0000000e+00	   3.0000000e+00	   1.0000000e+00	   1.0090000e+03	
   1.1000000e+02	   1.1500000e+02	   2.0200000e+02	   2.0000000e+00	   2.0000000e+00	   3.7300000e+00	   4.0050000e+00	   0.0000000e+00	   2.0000000e+00	   1.0000000e+00	   3.0000000e+00	   1.0000000e+00	   1.0160000e+03	
   1.0800000e+02	   1.1400000e+02	   3.1200000e+02	   1.4000000e+01	   2.0000000e+00	   4.2600000e+00	   3.9950000e+00	   1.0250000e+00	   3.0000000e+00	   2.0000000e+00	   1.0000000e+00	   2.0000000e+00	   8.9400000e+02	
   1.0800000e+02	   1.1200000e+02	   2.1400000e+02	   7.0000000e+00	   4.0000000e+00	   4.2600000e+00	   3.5000000e+00	   1.8050000e+00	   1.0000000e+00	   3.0000000e+00	   2.0000000e+00	   1.0000000e+00	   9.0100000e+02	
   1.0300000e+02	   1.1500000e+02	   3.0100000e+02	   9.0000000e+00	   1.0000000e+00	   3.8900000e+00	   4.0050000e+00	   2.2500000e-01	   2.0000000e+00	   3.0000000e+00	   1.0000000e+00	   3.0000000e+00	   9.4800000e+02	
   1.0800000e+02	   1.1100000e+02	   2.1500000e+02	   8.0000000e+00	   1.0000000e+00	   4.2600000e+00	   4.2800000e+00	   0.0000000e+00	   1.0000000e+00	   3.0000000e+00	   2.0000000e+00	   1.0000000e+00	   7.9100000e+02	
   1.0900000e+02	   1.1300000e+02	   3.0600000e+02	   1.1000000e+01	   3.0000000e+00	   5.0000000e+00	   4.4500000e+00	   8.5000000e-01	   2.0000000e+00	   1.0000000e+00	   3.0000000e+00	   2.0000000e+00	   7.3200000e+02	
   1.0800000e+02	   1.1400000e+02	   2.1200000e+02	   5.0000000e+00	   2.0000000e+00	   4.2600000e+00	   3.9950000e+00	   2.4700000e+00	   2.0000000e+00	   1.0000000e+00	   3.0000000e+00	   2.0000000e+00	   1.3210000e+03	
   1.0300000e+02	   1.0500000e+02	   2.1500000e+02	   8.0000000e+00	   1.0000000e+00	   3.8900000e+00	   3.8100000e+00	   0.0000000e+00	   3.0000000e+00	   2.0000000e+00	   1.0000000e+00	   2.0000000e+00	   1.2630000e+03	
   1.1100000e+02	   1.1600000e+02	   2.0900000e+02	   4.0000000e+00	   3.0000000e+00	   4.2800000e+00	   3.7450000e+00	   0.0000000e+00	   1.0000000e+00	   2.0000000e+00	   3.0000000e+00	   1.0000000e+00	   1.2400000e+03	
   1.1100000e+02	   1.1400000e+02	   3.1200000e+02	   1.4000000e+01	   2.0000000e+00	   4.2800000e+00	   3.9950000e+00	   1.0250000e+00	   1.0000000e+00	   3.0000000e+00	   2.0000000e+00	   3.0000000e+00	   9.2700000e+02	
   1.0200000e+02	   1.0800000e+02	   2.1500000e+02	   8.0000000e+00	   3.0000000e+00	   3.5800000e+00	   4.2600000e+00	   0.0000000e+00	   3.0000000e+00	   2.0000000e+00	   1.0000000e+00	   2.0000000e+00	   8.1000000e+02	
   1.1200000e+02	   1.1300000e+02	   2.1200000e+02	   5.0000000e+00	   4.0000000e+00	   3.5000000e+00	   4.4500000e+00	   2.4700000e+00	   3.0000000e+00	   1.0000000e+00	   2.0000000e+00	   1.0000000e+00	   7.4200000e+02	
   1.0900000e+02	   2.0600000e+02	   3.1200000e+02	   1.4000000e+01	   5.0000000e+00	   5.0000000e+00	   3.0650000e+00	   1.0250000e+00	   1.0000000e+00	   3.0000000e+00	   2.0000000e+00	   1.0000000e+00	   6.8100000e+02	
   1.0600000e+02	   1.1500000e+02	   3.0600000e+02	   1.1000000e+01	   5.0000000e+00	   2.7300000e+00	   4.0050000e+00	   8.5000000e-01	   3.0000000e+00	   1.0000000e+00	   2.0000000e+00	   1.0000000e+00	   9.2300000e+02	
   1.0700000e+02	   1.1000000e+02	   2.1300000e+02	   6.0000000e+00	   1.0000000e+00	   3.5200000e+00	   3.7300000e+00	   2.2150000e+00	   1.0000000e+00	   2.0000000e+00	   3.0000000e+00	   1.0000000e+00	   1.0940000e+03	
   1.1300000e+02	   1.1600000e+02	   3.0300000e+02	   1.0000000e+01	   4.0000000e+00	   4.4500000e+00	   3.7450000e+00	   1.5100000e+00	   1.0000000e+00	   3.0000000e+00	   2.0000000e+00	   1.0000000e+00	   6.4700000e+02	
   1.0300000e+02	   1.0500000e+02	   3.0900000e+02	   1.2000000e+01	   1.0000000e+00	   3.8900000e+00	   3.8100000e+00	   5.8500000e-01	   3.0000000e+00	   1.0000000e+00	   2.0000000e+00	   1.0000000e+00	   1.2950000e+03	
   1.0800000e+02	   2.0600000e+02	   2.1500000e+02	   8.0000000e+00	   5.0000000e+00	   4.2600000e+00	   3.0650000e+00	   0.0000000e+00	   3.0000000e+00	   2.0000000e+00	   1.0000000e+00	   3.0000000e+00	   6.5900000e+02	
   1.0200000e+02	   1.1200000e+02	   3.0300000e+02	   1.0000000e+01	   1.0000000e+00	   3.5800000e+00	   3.5000000e+00	   1.5100000e+00	   2.0000000e+00	   3.0000000e+00	   1.0000000e+00	   2.0000000e+00	   1.1880000e+03	
   1.1100000e+02	   1.1300000e+02	   2.0200000e+02	   2.0000000e+00	   1.0000000e+00	   4.2800000e+00	   4.4500000e+00	   0.0000000e+00	   1.0000000e+00	   2.0000000e+00	   3.0000000e+00	   2.0000000e+00	   1.0830000e+03	
   1.0500000e+02	   1.1000000e+02	   3.0600000e+02	   1.1000000e+01	   1.0000000e+00	   3.8100000e+00	   3.7300000e+00	   8.5000000e-01	   1.0000000e+00	   2.0000000e+00	   3.0000000e+00	   1.0000000e+00	   1.2090000e+03	
   1.0900000e+02	   1.1400000e+02	   3.0100000e+02	   9.0000000e+00	   5.0000000e+00	   5.0000000e+00	   3.9950000e+00	   2.2500000e-01	   1.0000000e+00	   3.0000000e+00	   2.0000000e+00	   1.0000000e+00	   7.7900000e+02	
   1.0500000e+02	   1.1000000e+02	   2.0900000e+02	   4.0000000e+00	   1.0000000e+00	   3.8100000e+00	   3.7300000e+00	   0.0000000e+00	   1.0000000e+00	   2.0000000e+00	   3.0000000e+00	   1.0000000e+00	   1.1640000e+03	
   1.0800000e+02	   1.1400000e+02	   3.1400000e+02	   1.5000000e+01	   2.0000000e+00	   4.2600000e+00	   3.9950000e+00	   4.7500000e-01	   3.0000000e+00	   1.0000000e+00	   2.0000000e+00	   3.0000000e+00	   8.7600000e+02	
   1.0900000e+02	   1.1000000e+02	   2.0200000e+02	   2.0000000e+00	   5.0000000e+00	   5.0000000e+00	   3.7300000e+00	   0.0000000e+00	   2.0000000e+00	   3.0000000e+00	   1.0000000e+00	   2.0000000e+00	   6.9600000e+02	
   1.0500000e+02	   1.1100000e+02	   2.1300000e+02	   6.0000000e+00	   3.0000000e+00	   3.8100000e+00	   4.2800000e+00	   2.2150000e+00	   2.0000000e+00	   1.0000000e+00	   3.0000000e+00	   2.0000000e+00	   1.1960000e+03	
   1.1200000e+02	   1.1600000e+02	   3.0100000e+02	   9.0000000e+00	   2.0000000e+00	   3.5000000e+00	   3.7450000e+00	   2.2500000e-01	   1.0000000e+00	   3.0000000e+00	   2.0000000e+00	   3.0000000e+00	   1.7170000e+03	
   1.0700000e+02	   1.1600000e+02	   3.0300000e+02	   1.0000000e+01	   1.0000000e+00	   3.5200000e+00	   3.7450000e+00	   1.5100000e+00	   3.0000000e+00	   2.0000000e+00	   1.0000000e+00	   3.0000000e+00	   1.2630000e+03	
   1.0600000e+02	   1.0700000e+02	   2.1500000e+02	   8.0000000e+00	   4.0000000e+00	   2.7300000e+00	   3.5200000e+00	   0.0000000e+00	   3.0000000e+00	   1.0000000e+00	   2.0000000e+00	   1.0000000e+00	   1.1500000e+03	
   1.1000000e+02	   1.1500000e+02	   2.1500000e+02	   8.0000000e+00	   2.0000000e+00	   3.7300000e+00	   4.0050000e+00	   0.0000000e+00	   1.0000000e+00	   2.0000000e+00	   3.0000000e+00	   2.0000000e+00	   9.5200000e+02	
   1.0800000e+02	   1.1600000e+02	   2.1400000e+02	   7.0000000e+00	   3.0000000e+00	   4.2600000e+00	   3.7450000e+00	   1.8050000e+00	   2.0000000e+00	   3.0000000e+00	   1.0000000e+00	   2.0000000e+00	   7.1700000e+02	
   1.1500000e+02	   2.0600000e+02	   3.1000000e+02	   1.3000000e+01	   4.0000000e+00	   4.0050000e+00	   3.0650000e+00	   3.7000000e-01	   3.0000000e+00	   2.0000000e+00	   1.0000000e+00	   3.0000000e+00	   9.1900000e+02	
   1.0500000e+02	   1.0900000e+02	   3.1400000e+02	   1.5000000e+01	   5.0000000e+00	   3.8100000e+00	   5.0000000e+00	   4.7500000e-01	   3.0000000e+00	   1.0000000e+00	   2.0000000e+00	   1.0000000e+00	   7.0600000e+02	
   1.0500000e+02	   1.0600000e+02	   2.1500000e+02	   8.0000000e+00	   5.0000000e+00	   3.8100000e+00	   2.7300000e+00	   0.0000000e+00	   1.0000000e+00	   2.0000000e+00	   3.0000000e+00	   1.0000000e+00	   1.1790000e+03	
   1.1100000e+02	   1.1400000e+02	   3.1000000e+02	   1.3000000e+01	   2.0000000e+00	   4.2800000e+00	   3.9950000e+00	   3.7000000e-01	   2.0000000e+00	   1.0000000e+00	   3.0000000e+00	   1.0000000e+00	   1.1460000e+03	
   1.0600000e+02	   1.1000000e+02	   3.1200000e+02	   1.4000000e+01	   4.0000000e+00	   2.7300000e+00	   3.7300000e+00	   1.0250000e+00	   2.0000000e+00	   1.0000000e+00	   3.0000000e+00	   1.0000000e+00	   1.1580000e+03	
   1.0300000e+02	   1.1100000e+02	   2.0900000e+02	   4.0000000e+00	   2.0000000e+00	   3.8900000e+00	   4.2800000e+00	   0.0000000e+00	   3.0000000e+00	   1.0000000e+00	   2.0000000e+00	   1.0000000e+00	   1.5420000e+03	
   1.0700000e+02	   1.1500000e+02	   3.1000000e+02	   1.3000000e+01	   3.0000000e+00	   3.5200000e+00	   4.0050000e+00	   3.7000000e-01	   1.0000000e+00	   3.0000000e+00	   2.0000000e+00	   3.0000000e+00	   9.3800000e+02	
   1.1100000e+02	   2.0600000e+02	   3.1000000e+02	   1.3000000e+01	   5.0000000e+00	   4.2800000e+00	   3.0650000e+00	   3.7000000e-01	   3.0000000e+00	   1.0000000e+00	   2.0000000e+00	   3.0000000e+00	   8.2600000e+02	
   1.0800000e+02	   1.1300000e+02	   2.1200000e+02	   5.0000000e+00	   1.0000000e+00	   4.2600000e+00	   4.4500000e+00	   2.4700000e+00	   3.0000000e+00	   1.0000000e+00	   2.0000000e+00	   3.0000000e+00	   7.1700000e+02	
   1.0200000e+02	   1.1600000e+02	   3.1400000e+02	   1.5000000e+01	   1.0000000e+00	   3.5800000e+00	   3.7450000e+00	   4.7500000e-01	   2.0000000e+00	   3.0000000e+00	   1.0000000e+00	   3.0000000e+00	   1.4060000e+03	
   1.0700000e+02	   1.1500000e+02	   2.1500000e+02	   8.0000000e+00	   3.0000000e+00	   3.5200000e+00	   4.0050000e+00	   0.0000000e+00	   2.0000000e+00	   1.0000000e+00	   3.0000000e+00	   1.0000000e+00	   1.0650000e+03	
   1.0900000e+02	   2.0600000e+02	   2.0400000e+02	   3.0000000e+00	   5.0000000e+00	   5.0000000e+00	   3.0650000e+00	   1.1850000e+00	   1.0000000e+00	   3.0000000e+00	   2.0000000e+00	   1.0000000e+00	   5.6900000e+02	
   1.1400000e+02	   2.0600000e+02	   2.0200000e+02	   2.0000000e+00	   4.0000000e+00	   3.9950000e+00	   3.0650000e+00	   0.0000000e+00	   1.0000000e+00	   2.0000000e+00	   3.0000000e+00	   1.0000000e+00	   7.7500000e+02	
   1.0300000e+02	   1.0500000e+02	   3.1400000e+02	   1.5000000e+01	   1.0000000e+00	   3.8900000e+00	   3.8100000e+00	   4.7500000e-01	   3.0000000e+00	   1.0000000e+00	   2.0000000e+00	   3.0000000e+00	   1.4850000e+03	
   1.0200000e+02	   1.1400000e+02	   2.0200000e+02	   2.0000000e+00	   2.0000000e+00	   3.5800000e+00	   3.9950000e+00	   0.0000000e+00	   1.0000000e+00	   2.0000000e+00	   3.0000000e+00	   2.0000000e+00	   9.0700000e+02	
   1.0300000e+02	   1.0800000e+02	   2.1200000e+02	   5.0000000e+00	   2.0000000e+00	   3.8900000e+00	   4.2600000e+00	   2.4700000e+00	   1.0000000e+00	   3.0000000e+00	   2.0000000e+00	   3.0000000e+00	   6.9500000e+02	
   1.1000000e+02	   1.1300000e+02	   3.1000000e+02	   1.3000000e+01	   4.0000000e+00	   3.7300000e+00	   4.4500000e+00	   3.7000000e-01	   3.0000000e+00	   1.0000000e+00	   2.0000000e+00	   1.0000000e+00	   6.7300000e+02	
   1.0600000e+02	   1.1400000e+02	   3.0600000e+02	   1.1000000e+01	   5.0000000e+00	   2.7300000e+00	   3.9950000e+00	   8.5000000e-01	   2.0000000e+00	   1.0000000e+00	   3.0000000e+00	   1.0000000e+00	   1.3380000e+03	
   1.1300000e+02	   2.0600000e+02	   2.0100000e+02	   1.0000000e+00	   5.0000000e+00	   4.4500000e+00	   3.0650000e+00	   2.3900000e+00	   3.0000000e+00	   1.0000000e+00	   2.0000000e+00	   3.0000000e+00	   6.7100000e+02	
   1.0800000e+02	   1.1300000e+02	   2.1300000e+02	   6.0000000e+00	   1.0000000e+00	   4.2600000e+00	   4.4500000e+00	   2.2150000e+00	   2.0000000e+00	   3.0000000e+00	   1.0000000e+00	   2.0000000e+00	   8.5700000e+02	
   1.1500000e+02	   1.1600000e+02	   3.1400000e+02	   1.5000000e+01	   2.0000000e+00	   4.0050000e+00	   3.7450000e+00	   4.7500000e-01	   3.0000000e+00	   2.0000000e+00	   1.0000000e+00	   3.0000000e+00	   1.0820000e+03	
   1.0200000e+02	   1.0800000e+02	   2.1300000e+02	   6.0000000e+00	   3.0000000e+00	   3.5800000e+00	   4.2600000e+00	   2.2150000e+00	   3.0000000e+00	   2.0000000e+00	   1.0000000e+00	   2.0000000e+00	   8.3900000e+02	
   1.0600000e+02	   1.1000000e+02	   2.0100000e+02	   1.0000000e+00	   4.0000000e+00	   2.7300000e+00	   3.7300000e+00	   2.3900000e+00	   3.0000000e+00	   2.0000000e+00	   1.0000000e+00	   2.0000000e+00	   1.2650000e+03	
   1.0900000e+02	   1.1400000e+02	   2.0100000e+02	   1.0000000e+00	   5.0000000e+00	   5.0000000e+00	   3.9950000e+00	   2.3900000e+00	   2.0000000e+00	   3.0000000e+00	   1.0000000e+00	   2.0000000e+00	   6.4300000e+02	
   1.1300000e+02	   1.1600000e+02	   3.0100000e+02	   9.0000000e+00	   4.0000000e+00	   4.4500000e+00	   3.7450000e+00	   2.2500000e-01	   2.0000000e+00	   1.0000000e+00	   3.0000000e+00	   2.0000000e+00	   7.7700000e+02	
   1.0200000e+02	   1.0600000e+02	   3.0600000e+02	   1.1000000e+01	   4.0000000e+00	   3.5800000e+00	   2.7300000e+00	   8.5000000e-01	   2.0000000e+00	   3.0000000e+00	   1.0000000e+00	   2.0000000e+00	   1.8080000e+03	
   1.0700000e+02	   2.0600000e+02	   2.0900000e+02	   4.0000000e+00	   3.0000000e+00	   3.5200000e+00	   3.0650000e+00	   0.0000000e+00	   3.0000000e+00	   1.0000000e+00	   2.0000000e+00	   3.0000000e+00	   1.1640000e+03	
   1.0600000e+02	   1.1000000e+02	   2.1500000e+02	   8.0000000e+00	   4.0000000e+00	   2.7300000e+00	   3.7300000e+00	   0.0000000e+00	   3.0000000e+00	   2.0000000e+00	   1.0000000e+00	   2.0000000e+00	   1.0680000e+03	
   1.0200000e+02	   1.1100000e+02	   2.0200000e+02	   2.0000000e+00	   4.0000000e+00	   3.5800000e+00	   4.2800000e+00	   0.0000000e+00	   2.0000000e+00	   3.0000000e+00	   1.0000000e+00	   3.0000000e+00	   1.0440000e+03	
   1.1600000e+02	   2.0600000e+02	   2.0100000e+02	   1.0000000e+00	   3.0000000e+00	   3.7450000e+00	   3.0650000e+00	   2.3900000e+00	   1.0000000e+00	   3.0000000e+00	   2.0000000e+00	   1.0000000e+00	   1.2290000e+03	
   1.0800000e+02	   1.1000000e+02	   2.0100000e+02	   1.0000000e+00	   3.0000000e+00	   4.2600000e+00	   3.7300000e+00	   2.3900000e+00	   2.0000000e+00	   3.0000000e+00	   1.0000000e+00	   2.0000000e+00	   1.0080000e+03	
   1.0300000e+02	   1.0500000e+02	   3.1200000e+02	   1.4000000e+01	   1.0000000e+00	   3.8900000e+00	   3.8100000e+00	   1.0250000e+00	   2.0000000e+00	   3.0000000e+00	   1.0000000e+00	   3.0000000e+00	   1.3740000e+03	
   1.1300000e+02	   2.0600000e+02	   2.1300000e+02	   6.0000000e+00	   5.0000000e+00	   4.4500000e+00	   3.0650000e+00	   2.2150000e+00	   1.0000000e+00	   3.0000000e+00	   2.0000000e+00	   1.0000000e+00	   6.7400000e+02	
   1.0300000e+02	   1.0800000e+02	   2.1300000e+02	   6.0000000e+00	   2.0000000e+00	   3.8900000e+00	   4.2600000e+00	   2.2150000e+00	   2.0000000e+00	   1.0000000e+00	   3.0000000e+00	   1.0000000e+00	   1.1660000e+03	
   1.0200000e+02	   1.1500000e+02	   3.1400000e+02	   1.5000000e+01	   2.0000000e+00	   3.5800000e+00	   4.0050000e+00	   4.7500000e-01	   2.0000000e+00	   3.0000000e+00	   1.0000000e+00	   3.0000000e+00	   1.0200000e+03	
   1.0500000e+02	   1.1500000e+02	   2.1300000e+02	   6.0000000e+00	   1.0000000e+00	   3.8100000e+00	   4.0050000e+00	   2.2150000e+00	   1.0000000e+00	   3.0000000e+00	   2.0000000e+00	   3.0000000e+00	   9.1300000e+02	
   1.0600000e+02	   1.1600000e+02	   2.1400000e+02	   7.0000000e+00	   5.0000000e+00	   2.7300000e+00	   3.7450000e+00	   1.8050000e+00	   2.0000000e+00	   1.0000000e+00	   3.0000000e+00	   1.0000000e+00	   1.0490000e+03	
   1.0300000e+02	   1.0800000e+02	   3.0600000e+02	   1.1000000e+01	   2.0000000e+00	   3.8900000e+00	   4.2600000e+00	   8.5000000e-01	   2.0000000e+00	   3.0000000e+00	   1.0000000e+00	   3.0000000e+00	   7.5900000e+02	
   1.1400000e+02	   1.1500000e+02	   2.1400000e+02	   7.0000000e+00	   1.0000000e+00	   3.9950000e+00	   4.0050000e+00	   1.8050000e+00	   2.0000000e+00	   3.0000000e+00	   1.0000000e+00	   3.0000000e+00	   1.3530000e+03	
   1.0800000e+02	   2.0600000e+02	   2.0100000e+02	   1.0000000e+00	   5.0000000e+00	   4.2600000e+00	   3.0650000e+00	   2.3900000e+00	   2.0000000e+00	   3.0000000e+00	   1.0000000e+00	   2.0000000e+00	   9.2400000e+02	
   1.1400000e+02	   1.1500000e+02	   3.1000000e+02	   1.3000000e+01	   1.0000000e+00	   3.9950000e+00	   4.0050000e+00	   3.7000000e-01	   3.0000000e+00	   2.0000000e+00	   1.0000000e+00	   3.0000000e+00	   1.1380000e+03	
   1.0900000e+02	   2.0600000e+02	   3.1400000e+02	   1.5000000e+01	   5.0000000e+00	   5.0000000e+00	   3.0650000e+00	   4.7500000e-01	   3.0000000e+00	   2.0000000e+00	   1.0000000e+00	   3.0000000e+00	   7.3700000e+02	
   1.1000000e+02	   2.0600000e+02	   3.0900000e+02	   1.2000000e+01	   3.0000000e+00	   3.7300000e+00	   3.0650000e+00	   5.8500000e-01	   1.0000000e+00	   2.0000000e+00	   3.0000000e+00	   1.0000000e+00	   1.4160000e+03	
   1.0200000e+02	   1.1300000e+02	   2.1500000e+02	   8.0000000e+00	   4.0000000e+00	   3.5800000e+00	   4.4500000e+00	   0.0000000e+00	   1.0000000e+00	   3.0000000e+00	   2.0000000e+00	   3.0000000e+00	   7.7400000e+02	
   1.0600000e+02	   1.1000000e+02	   2.1300000e+02	   6.0000000e+00	   4.0000000e+00	   2.7300000e+00	   3.7300000e+00	   2.2150000e+00	   3.0000000e+00	   2.0000000e+00	   1.0000000e+00	   2.0000000e+00	   1.2580000e+03	
   1.0500000e+02	   1.1300000e+02	   2.0900000e+02	   4.0000000e+00	   3.0000000e+00	   3.8100000e+00	   4.4500000e+00	   0.0000000e+00	   1.0000000e+00	   3.0000000e+00	   2.0000000e+00	   3.0000000e+00	   6.2300000e+02	
   1.0300000e+02	   1.1500000e+02	   2.0200000e+02	   2.0000000e+00	   1.0000000e+00	   3.8900000e+00	   4.0050000e+00	   0.0000000e+00	   2.0000000e+00	   3.0000000e+00	   1.0000000e+00	   3.0000000e+00	   1.1390000e+03	
   1.0500000e+02	   2.0600000e+02	   2.1400000e+02	   7.0000000e+00	   4.0000000e+00	   3.8100000e+00	   3.0650000e+00	   1.8050000e+00	   3.0000000e+00	   2.0000000e+00	   1.0000000e+00	   3.0000000e+00	   8.9600000e+02	
   1.0800000e+02	   2.0600000e+02	   2.0900000e+02	   4.0000000e+00	   5.0000000e+00	   4.2600000e+00	   3.0650000e+00	   0.0000000e+00	   2.0000000e+00	   3.0000000e+00	   1.0000000e+00	   2.0000000e+00	   7.0700000e+02	
   1.0500000e+02	   1.1100000e+02	   3.0600000e+02	   1.1000000e+01	   3.0000000e+00	   3.8100000e+00	   4.2800000e+00	   8.5000000e-01	   3.0000000e+00	   2.0000000e+00	   1.0000000e+00	   2.0000000e+00	   1.6330000e+03	
   1.1400000e+02	   1.1600000e+02	   3.0900000e+02	   1.2000000e+01	   2.0000000e+00	   3.9950000e+00	   3.7450000e+00	   5.8500000e-01	   1.0000000e+00	   3.0000000e+00	   2.0000000e+00	   1.0000000e+00	   1.2920000e+03	
   1.0800000e+02	   1.1100000e+02	   3.1200000e+02	   1.4000000e+01	   1.0000000e+00	   4.2600000e+00	   4.2800000e+00	   1.0250000e+00	   3.0000000e+00	   1.0000000e+00	   2.0000000e+00	   3.0000000e+00	   8.5800000e+02	
   1.0300000e+02	   2.0600000e+02	   2.0200000e+02	   2.0000000e+00	   4.0000000e+00	   3.8900000e+00	   3.0650000e+00	   0.0000000e+00	   3.0000000e+00	   2.0000000e+00	   1.0000000e+00	   3.0000000e+00	   9.2600000e+02	
   1.0700000e+02	   1.1000000e+02	   2.0100000e+02	   1.0000000e+00	   1.0000000e+00	   3.5200000e+00	   3.7300000e+00	   2.3900000e+00	   1.0000000e+00	   3.0000000e+00	   2.0000000e+00	   1.0000000e+00	   2.0100000e+03	
   1.0500000e+02	   1.0700000e+02	   2.1500000e+02	   8.0000000e+00	   2.0000000e+00	   3.8100000e+00	   3.5200000e+00	   0.0000000e+00	   1.0000000e+00	   2.0000000e+00	   3.0000000e+00	   1.0000000e+00	   1.3740000e+03	
   1.0800000e+02	   1.1000000e+02	   2.0900000e+02	   4.0000000e+00	   3.0000000e+00	   4.2600000e+00	   3.7300000e+00	   0.0000000e+00	   1.0000000e+00	   2.0000000e+00	   3.0000000e+00	   1.0000000e+00	   8.5800000e+02	
   1.0200000e+02	   1.1600000e+02	   2.0400000e+02	   3.0000000e+00	   1.0000000e+00	   3.5800000e+00	   3.7450000e+00	   1.1850000e+00	   1.0000000e+00	   3.0000000e+00	   2.0000000e+00	   1.0000000e+00	   1.5380000e+03	
   1.0600000e+02	   2.0600000e+02	   3.0300000e+02	   1.0000000e+01	   2.0000000e+00	   2.7300000e+00	   3.0650000e+00	   1.5100000e+00	   3.0000000e+00	   1.0000000e+00	   2.0000000e+00	   3.0000000e+00	   2.2030000e+03	
   1.1000000e+02	   1.1200000e+02	   2.1400000e+02	   7.0000000e+00	   2.0000000e+00	   3.7300000e+00	   3.5000000e+00	   1.8050000e+00	   3.0000000e+00	   1.0000000e+00	   2.0000000e+00	   3.0000000e+00	   1.3880000e+03	
   1.0200000e+02	   1.1100000e+02	   3.0300000e+02	   1.0000000e+01	   4.0000000e+00	   3.5800000e+00	   4.2800000e+00	   1.5100000e+00	   1.0000000e+00	   2.0000000e+00	   3.0000000e+00	   2.0000000e+00	   1.0890000e+03	
   1.1200000e+02	   1.1400000e+02	   3.1200000e+02	   1.4000000e+01	   3.0000000e+00	   3.5000000e+00	   3.9950000e+00	   1.0250000e+00	   2.0000000e+00	   1.0000000e+00	   3.0000000e+00	   1.0000000e+00	   9.7000000e+02	
   1.0500000e+02	   1.0600000e+02	   2.1300000e+02	   6.0000000e+00	   5.0000000e+00	   3.8100000e+00	   2.7300000e+00	   2.2150000e+00	   3.0000000e+00	   2.0000000e+00	   1.0000000e+00	   3.0000000e+00	   1.0560000e+03	
   1.0800000e+02	   1.1500000e+02	   2.0100000e+02	   1.0000000e+00	   2.0000000e+00	   4.2600000e+00	   4.0050000e+00	   2.3900000e+00	   1.0000000e+00	   3.0000000e+00	   2.0000000e+00	   3.0000000e+00	   1.1120000e+03	
   1.0200000e+02	   1.1100000e+02	   2.0400000e+02	   3.0000000e+00	   4.0000000e+00	   3.5800000e+00	   4.2800000e+00	   1.1850000e+00	   1.0000000e+00	   2.0000000e+00	   3.0000000e+00	   2.0000000e+00	   9.8500000e+02	
   1.0600000e+02	   1.0900000e+02	   2.1300000e+02	   6.0000000e+00	   5.0000000e+00	   2.7300000e+00	   5.0000000e+00	   2.2150000e+00	   2.0000000e+00	   3.0000000e+00	   1.0000000e+00	   3.0000000e+00	   6.5200000e+02	
   1.0300000e+02	   1.1500000e+02	   2.1400000e+02	   7.0000000e+00	   1.0000000e+00	   3.8900000e+00	   4.0050000e+00	   1.8050000e+00	   3.0000000e+00	   2.0000000e+00	   1.0000000e+00	   2.0000000e+00	   1.3300000e+03	
   1.0200000e+02	   1.1100000e+02	   2.0100000e+02	   1.0000000e+00	   4.0000000e+00	   3.5800000e+00	   4.2800000e+00	   2.3900000e+00	   1.0000000e+00	   2.0000000e+00	   3.0000000e+00	   2.0000000e+00	   7.4900000e+02	
   1.0800000e+02	   1.1300000e+02	   2.1500000e+02	   8.0000000e+00	   1.0000000e+00	   4.2600000e+00	   4.4500000e+00	   0.0000000e+00	   2.0000000e+00	   3.0000000e+00	   1.0000000e+00	   3.0000000e+00	   9.0600000e+02	
   1.0200000e+02	   1.0500000e+02	   3.0300000e+02	   1.0000000e+01	   2.0000000e+00	   3.5800000e+00	   3.8100000e+00	   1.5100000e+00	   3.0000000e+00	   2.0000000e+00	   1.0000000e+00	   2.0000000e+00	   1.0810000e+03	
   1.0300000e+02	   1.1500000e+02	   2.0400000e+02	   3.0000000e+00	   1.0000000e+00	   3.8900000e+00	   4.0050000e+00	   1.1850000e+00	   3.0000000e+00	   2.0000000e+00	   1.0000000e+00	   2.0000000e+00	   1.0830000e+03	
   1.1200000e+02	   1.1400000e+02	   3.0600000e+02	   1.1000000e+01	   3.0000000e+00	   3.5000000e+00	   3.9950000e+00	   8.5000000e-01	   2.0000000e+00	   3.0000000e+00	   1.0000000e+00	   3.0000000e+00	   9.9800000e+02	
   1.0500000e+02	   2.0600000e+02	   2.0900000e+02	   4.0000000e+00	   4.0000000e+00	   3.8100000e+00	   3.0650000e+00	   0.0000000e+00	   3.0000000e+00	   2.0000000e+00	   1.0000000e+00	   3.0000000e+00	   9.8800000e+02	
   1.0700000e+02	   1.1400000e+02	   2.0200000e+02	   2.0000000e+00	   3.0000000e+00	   3.5200000e+00	   3.9950000e+00	   0.0000000e+00	   3.0000000e+00	   2.0000000e+00	   1.0000000e+00	   2.0000000e+00	   9.7400000e+02	
   1.0600000e+02	   1.1200000e+02	   3.1200000e+02	   1.4000000e+01	   4.0000000e+00	   2.7300000e+00	   3.5000000e+00	   1.0250000e+00	   1.0000000e+00	   3.0000000e+00	   2.0000000e+00	   3.0000000e+00	   1.5080000e+03	
   1.0300000e+02	   1.1600000e+02	   2.0100000e+02	   1.0000000e+00	   1.0000000e+00	   3.8900000e+00	   3.7450000e+00	   2.3900000e+00	   3.0000000e+00	   2.0000000e+00	   1.0000000e+00	   3.0000000e+00	   1.0890000e+03	
   1.0800000e+02	   1.0900000e+02	   2.1200000e+02	   5.0000000e+00	   4.0000000e+00	   4.2600000e+00	   5.0000000e+00	   2.4700000e+00	   2.0000000e+00	   3.0000000e+00	   1.0000000e+00	   3.0000000e+00	   6.5300000e+02	
   1.0800000e+02	   1.1000000e+02	   3.0900000e+02	   1.2000000e+01	   3.0000000e+00	   4.2600000e+00	   3.7300000e+00	   5.8500000e-01	   2.0000000e+00	   1.0000000e+00	   3.0000000e+00	   2.0000000e+00	   8.2200000e+02	
   1.0200000e+02	   1.0500000e+02	   3.0600000e+02	   1.1000000e+01	   2.0000000e+00	   3.5800000e+00	   3.8100000e+00	   8.5000000e-01	   3.0000000e+00	   2.0000000e+00	   1.0000000e+00	   2.0000000e+00	   1.1650000e+03	
   1.1100000e+02	   1.1400000e+02	   3.0100000e+02	   9.0000000e+00	   2.0000000e+00	   4.2800000e+00	   3.9950000e+00	   2.2500000e-01	   1.0000000e+00	   3.0000000e+00	   2.0000000e+00	   3.0000000e+00	   8.7400000e+02	
   1.0200000e+02	   1.0500000e+02	   2.1500000e+02	   8.0000000e+00	   2.0000000e+00	   3.5800000e+00	   3.8100000e+00	   0.0000000e+00	   1.0000000e+00	   3.0000000e+00	   2.0000000e+00	   3.0000000e+00	   6.5300000e+02	
   1.0700000e+02	   1.1200000e+02	   3.0300000e+02	   1.0000000e+01	   1.0000000e+00	   3.5200000e+00	   3.5000000e+00	   1.5100000e+00	   1.0000000e+00	   2.0000000e+00	   3.0000000e+00	   1.0000000e+00	   1.1980000e+03	
   1.0300000e+02	   1.0600000e+02	   2.0100000e+02	   1.0000000e+00	   5.0000000e+00	   3.8900000e+00	   2.7300000e+00	   2.3900000e+00	   3.0000000e+00	   1.0000000e+00	   2.0000000e+00	   3.0000000e+00	   8.9000000e+02	
   1.0200000e+02	   1.0500000e+02	   2.0200000e+02	   2.0000000e+00	   2.0000000e+00	   3.5800000e+00	   3.8100000e+00	   0.0000000e+00	   2.0000000e+00	   3.0000000e+00	   1.0000000e+00	   3.0000000e+00	   6.8600000e+02	
   1.1200000e+02	   1.1600000e+02	   3.1000000e+02	   1.3000000e+01	   2.0000000e+00	   3.5000000e+00	   3.7450000e+00	   3.7000000e-01	   3.0000000e+00	   2.0000000e+00	   1.0000000e+00	   2.0000000e+00	   1.2540000e+03	
   1.1200000e+02	   1.1400000e+02	   2.1200000e+02	   5.0000000e+00	   3.0000000e+00	   3.5000000e+00	   3.9950000e+00	   2.4700000e+00	   2.0000000e+00	   3.0000000e+00	   1.0000000e+00	   3.0000000e+00	   8.4000000e+02	
   1.0800000e+02	   1.0900000e+02	   3.1400000e+02	   1.5000000e+01	   4.0000000e+00	   4.2600000e+00	   5.0000000e+00	   4.7500000e-01	   1.0000000e+00	   2.0000000e+00	   3.0000000e+00	   2.0000000e+00	   7.0200000e+02	
   1.0200000e+02	   1.1100000e+02	   3.1400000e+02	   1.5000000e+01	   4.0000000e+00	   3.5800000e+00	   4.2800000e+00	   4.7500000e-01	   2.0000000e+00	   1.0000000e+00	   3.0000000e+00	   1.0000000e+00	   9.3600000e+02	
   1.1100000e+02	   1.1200000e+02	   2.0100000e+02	   1.0000000e+00	   4.0000000e+00	   4.2800000e+00	   3.5000000e+00	   2.3900000e+00	   2.0000000e+00	   3.0000000e+00	   1.0000000e+00	   2.0000000e+00	   9.4600000e+02	
   1.1000000e+02	   1.1500000e+02	   2.0900000e+02	   4.0000000e+00	   2.0000000e+00	   3.7300000e+00	   4.0050000e+00	   0.0000000e+00	   2.0000000e+00	   1.0000000e+00	   3.0000000e+00	   1.0000000e+00	   8.7900000e+02	
   1.0500000e+02	   1.1300000e+02	   2.1200000e+02	   5.0000000e+00	   3.0000000e+00	   3.8100000e+00	   4.4500000e+00	   2.4700000e+00	   3.0000000e+00	   1.0000000e+00	   2.0000000e+00	   1.0000000e+00	   6.3100000e+02	
   1.1200000e+02	   1.1500000e+02	   3.1000000e+02	   1.3000000e+01	   3.0000000e+00	   3.5000000e+00	   4.0050000e+00	   3.7000000e-01	   2.0000000e+00	   1.0000000e+00	   3.0000000e+00	   1.0000000e+00	   8.4600000e+02	
   1.0200000e+02	   1.0500000e+02	   3.0900000e+02	   1.2000000e+01	   2.0000000e+00	   3.5800000e+00	   3.8100000e+00	   5.8500000e-01	   2.0000000e+00	   3.0000000e+00	   1.0000000e+00	   3.0000000e+00	   7.3000000e+02	
   1.0300000e+02	   1.0700000e+02	   2.0400000e+02	   3.0000000e+00	   2.0000000e+00	   3.8900000e+00	   3.5200000e+00	   1.1850000e+00	   1.0000000e+00	   2.0000000e+00	   3.0000000e+00	   1.0000000e+00	   1.2060000e+03	
   1.0200000e+02	   1.0600000e+02	   3.0900000e+02	   1.2000000e+01	   4.0000000e+00	   3.5800000e+00	   2.7300000e+00	   5.8500000e-01	   2.0000000e+00	   3.0000000e+00	   1.0000000e+00	   2.0000000e+00	   1.5150000e+03	
   1.1200000e+02	   1.1300000e+02	   3.1000000e+02	   1.3000000e+01	   4.0000000e+00	   3.5000000e+00	   4.4500000e+00	   3.7000000e-01	   3.0000000e+00	   2.0000000e+00	   1.0000000e+00	   2.0000000e+00	   6.1600000e+02	
   1.1100000e+02	   1.1500000e+02	   2.1200000e+02	   5.0000000e+00	   2.0000000e+00	   4.2800000e+00	   4.0050000e+00	   2.4700000e+00	   1.0000000e+00	   2.0000000e+00	   3.0000000e+00	   1.0000000e+00	   7.7500000e+02	
   1.0800000e+02	   1.1000000e+02	   2.0200000e+02	   2.0000000e+00	   3.0000000e+00	   4.2600000e+00	   3.7300000e+00	   0.0000000e+00	   1.0000000e+00	   2.0000000e+00	   3.0000000e+00	   1.0000000e+00	   6.7000000e+02	
   1.0800000e+02	   1.1200000e+02	   2.0400000e+02	   3.0000000e+00	   4.0000000e+00	   4.2600000e+00	   3.5000000e+00	   1.1850000e+00	   1.0000000e+00	   2.0000000e+00	   3.0000000e+00	   1.0000000e+00	   6.9900000e+02	
   1.0600000e+02	   1.1400000e+02	   2.0200000e+02	   2.0000000e+00	   5.0000000e+00	   2.7300000e+00	   3.9950000e+00	   0.0000000e+00	   1.0000000e+00	   2.0000000e+00	   3.0000000e+00	   2.0000000e+00	   7.2400000e+02	
   1.0300000e+02	   1.1300000e+02	   3.0100000e+02	   9.0000000e+00	   3.0000000e+00	   3.8900000e+00	   4.4500000e+00	   2.2500000e-01	   3.0000000e+00	   2.0000000e+00	   1.0000000e+00	   2.0000000e+00	   6.5900000e+02	
   1.0500000e+02	   1.1000000e+02	   2.0400000e+02	   3.0000000e+00	   1.0000000e+00	   3.8100000e+00	   3.7300000e+00	   1.1850000e+00	   2.0000000e+00	   1.0000000e+00	   3.0000000e+00	   2.0000000e+00	   1.0630000e+03	
   1.1000000e+02	   1.1200000e+02	   3.0100000e+02	   9.0000000e+00	   2.0000000e+00	   3.7300000e+00	   3.5000000e+00	   2.2500000e-01	   1.0000000e+00	   3.0000000e+00	   2.0000000e+00	   1.0000000e+00	   1.2780000e+03	
   1.1100000e+02	   1.1500000e+02	   2.1300000e+02	   6.0000000e+00	   2.0000000e+00	   4.2800000e+00	   4.0050000e+00	   2.2150000e+00	   1.0000000e+00	   3.0000000e+00	   2.0000000e+00	   1.0000000e+00	   1.4200000e+03	
   1.0500000e+02	   1.1500000e+02	   2.1400000e+02	   7.0000000e+00	   1.0000000e+00	   3.8100000e+00	   4.0050000e+00	   1.8050000e+00	   3.0000000e+00	   1.0000000e+00	   2.0000000e+00	   3.0000000e+00	   7.8500000e+02	
   1.0700000e+02	   1.0900000e+02	   3.1400000e+02	   1.5000000e+01	   5.0000000e+00	   3.5200000e+00	   5.0000000e+00	   4.7500000e-01	   2.0000000e+00	   1.0000000e+00	   3.0000000e+00	   1.0000000e+00	   6.9600000e+02	
   1.0200000e+02	   1.1200000e+02	   2.1500000e+02	   8.0000000e+00	   1.0000000e+00	   3.5800000e+00	   3.5000000e+00	   0.0000000e+00	   2.0000000e+00	   1.0000000e+00	   3.0000000e+00	   2.0000000e+00	   1.3970000e+03	
   1.0700000e+02	   1.0800000e+02	   3.1200000e+02	   1.4000000e+01	   4.0000000e+00	   3.5200000e+00	   4.2600000e+00	   1.0250000e+00	   3.0000000e+00	   1.0000000e+00	   2.0000000e+00	   1.0000000e+00	   7.6300000e+02	
   1.1000000e+02	   1.1300000e+02	   3.0900000e+02	   1.2000000e+01	   4.0000000e+00	   3.7300000e+00	   4.4500000e+00	   5.8500000e-01	   1.0000000e+00	   2.0000000e+00	   3.0000000e+00	   2.0000000e+00	   6.0200000e+02	
   1.0300000e+02	   1.0900000e+02	   3.0100000e+02	   9.0000000e+00	   5.0000000e+00	   3.8900000e+00	   5.0000000e+00	   2.2500000e-01	   1.0000000e+00	   2.0000000e+00	   3.0000000e+00	   2.0000000e+00	   5.2100000e+02	
   1.1300000e+02	   1.1600000e+02	   3.0900000e+02	   1.2000000e+01	   4.0000000e+00	   4.4500000e+00	   3.7450000e+00	   5.8500000e-01	   1.0000000e+00	   3.0000000e+00	   2.0000000e+00	   1.0000000e+00	   6.2100000e+02	
   1.1100000e+02	   1.1400000e+02	   2.1300000e+02	   6.0000000e+00	   2.0000000e+00	   4.2800000e+00	   3.9950000e+00	   2.2150000e+00	   1.0000000e+00	   3.0000000e+00	   2.0000000e+00	   1.0000000e+00	   1.2550000e+03	
   1.0800000e+02	   1.0900000e+02	   2.1400000e+02	   7.0000000e+00	   4.0000000e+00	   4.2600000e+00	   5.0000000e+00	   1.8050000e+00	   3.0000000e+00	   1.0000000e+00	   2.0000000e+00	   1.0000000e+00	   6.3400000e+02	
   1.0700000e+02	   1.1400000e+02	   3.0100000e+02	   9.0000000e+00	   3.0000000e+00	   3.5200000e+00	   3.9950000e+00	   2.2500000e-01	   2.0000000e+00	   3.0000000e+00	   1.0000000e+00	   3.0000000e+00	   5.8100000e+02	
   1.0300000e+02	   1.1500000e+02	   3.1200000e+02	   1.4000000e+01	   1.0000000e+00	   3.8900000e+00	   4.0050000e+00	   1.0250000e+00	   1.0000000e+00	   3.0000000e+00	   2.0000000e+00	   3.0000000e+00	   7.3300000e+02	
   1.0600000e+02	   1.1300000e+02	   2.0200000e+02	   2.0000000e+00	   5.0000000e+00	   2.7300000e+00	   4.4500000e+00	   0.0000000e+00	   3.0000000e+00	   1.0000000e+00	   2.0000000e+00	   1.0000000e+00	   6.8900000e+02	
   1.1000000e+02	   1.1300000e+02	   3.0600000e+02	   1.1000000e+01	   4.0000000e+00	   3.7300000e+00	   4.4500000e+00	   8.5000000e-01	   2.0000000e+00	   3.0000000e+00	   1.0000000e+00	   3.0000000e+00	   6.0200000e+02	
   1.1000000e+02	   1.1400000e+02	   2.1500000e+02	   8.0000000e+00	   2.0000000e+00	   3.7300000e+00	   3.9950000e+00	   0.0000000e+00	   2.0000000e+00	   1.0000000e+00	   3.0000000e+00	   1.0000000e+00	   7.5800000e+02	
   1.0300000e+02	   1.1200000e+02	   2.0100000e+02	   1.0000000e+00	   2.0000000e+00	   3.8900000e+00	   3.5000000e+00	   2.3900000e+00	   2.0000000e+00	   3.0000000e+00	   1.0000000e+00	   2.0000000e+00	   8.6100000e+02	
   1.0300000e+02	   1.1400000e+02	   2.0100000e+02	   1.0000000e+00	   1.0000000e+00	   3.8900000e+00	   3.9950000e+00	   2.3900000e+00	   1.0000000e+00	   3.0000000e+00	   2.0000000e+00	   3.0000000e+00	   7.2900000e+02	
   1.0600000e+02	   2.0600000e+02	   2.1400000e+02	   7.0000000e+00	   2.0000000e+00	   2.7300000e+00	   3.0650000e+00	   1.8050000e+00	   1.0000000e+00	   2.0000000e+00	   3.0000000e+00	   1.0000000e+00	   1.6650000e+03	
   1.1300000e+02	   1.1500000e+02	   3.0600000e+02	   1.1000000e+01	   3.0000000e+00	   4.4500000e+00	   4.0050000e+00	   8.5000000e-01	   2.0000000e+00	   3.0000000e+00	   1.0000000e+00	   2.0000000e+00	   6.9600000e+02	
   1.0500000e+02	   1.0800000e+02	   2.1400000e+02	   7.0000000e+00	   3.0000000e+00	   3.8100000e+00	   4.2600000e+00	   1.8050000e+00	   3.0000000e+00	   2.0000000e+00	   1.0000000e+00	   2.0000000e+00	   1.0510000e+03	
   1.0300000e+02	   1.1500000e+02	   3.1400000e+02	   1.5000000e+01	   1.0000000e+00	   3.8900000e+00	   4.0050000e+00	   4.7500000e-01	   2.0000000e+00	   1.0000000e+00	   3.0000000e+00	   1.0000000e+00	   1.0910000e+03	
   1.0200000e+02	   1.0600000e+02	   2.1200000e+02	   5.0000000e+00	   4.0000000e+00	   3.5800000e+00	   2.7300000e+00	   2.4700000e+00	   2.0000000e+00	   3.0000000e+00	   1.0000000e+00	   2.0000000e+00	   8.2100000e+02	
   1.0500000e+02	   1.1400000e+02	   3.1400000e+02	   1.5000000e+01	   1.0000000e+00	   3.8100000e+00	   3.9950000e+00	   4.7500000e-01	   3.0000000e+00	   1.0000000e+00	   2.0000000e+00	   1.0000000e+00	   9.4500000e+02	
   1.1500000e+02	   2.0600000e+02	   2.0400000e+02	   3.0000000e+00	   4.0000000e+00	   4.0050000e+00	   3.0650000e+00	   1.1850000e+00	   3.0000000e+00	   1.0000000e+00	   2.0000000e+00	   3.0000000e+00	   9.1000000e+02	
   1.0600000e+02	   1.0700000e+02	   3.1200000e+02	   1.4000000e+01	   4.0000000e+00	   2.7300000e+00	   3.5200000e+00	   1.0250000e+00	   1.0000000e+00	   3.0000000e+00	   2.0000000e+00	   3.0000000e+00	   1.1830000e+03	
   1.0500000e+02	   1.0900000e+02	   3.0600000e+02	   1.1000000e+01	   5.0000000e+00	   3.8100000e+00	   5.0000000e+00	   8.5000000e-01	   3.0000000e+00	   2.0000000e+00	   1.0000000e+00	   2.0000000e+00	   7.6100000e+02	
   1.0900000e+02	   1.1100000e+02	   3.0100000e+02	   9.0000000e+00	   4.0000000e+00	   5.0000000e+00	   4.2800000e+00	   2.2500000e-01	   3.0000000e+00	   2.0000000e+00	   1.0000000e+00	   3.0000000e+00	   5.5400000e+02	
   1.0600000e+02	   1.0800000e+02	   2.1200000e+02	   5.0000000e+00	   5.0000000e+00	   2.7300000e+00	   4.2600000e+00	   2.4700000e+00	   1.0000000e+00	   3.0000000e+00	   2.0000000e+00	   3.0000000e+00	   6.3500000e+02	
   1.0500000e+02	   1.1400000e+02	   3.1000000e+02	   1.3000000e+01	   1.0000000e+00	   3.8100000e+00	   3.9950000e+00	   3.7000000e-01	   1.0000000e+00	   2.0000000e+00	   3.0000000e+00	   2.0000000e+00	   7.3800000e+02	
   1.0300000e+02	   1.1100000e+02	   2.0400000e+02	   3.0000000e+00	   2.0000000e+00	   3.8900000e+00	   4.2800000e+00	   1.1850000e+00	   2.0000000e+00	   3.0000000e+00	   1.0000000e+00	   3.0000000e+00	   7.9900000e+02	
   1.1200000e+02	   1.1400000e+02	   3.0300000e+02	   1.0000000e+01	   3.0000000e+00	   3.5000000e+00	   3.9950000e+00	   1.5100000e+00	   2.0000000e+00	   1.0000000e+00	   3.0000000e+00	   1.0000000e+00	   9.5800000e+02	
   1.0600000e+02	   1.0900000e+02	   2.1500000e+02	   8.0000000e+00	   5.0000000e+00	   2.7300000e+00	   5.0000000e+00	   0.0000000e+00	   1.0000000e+00	   2.0000000e+00	   3.0000000e+00	   2.0000000e+00	   5.3700000e+02	
   1.0900000e+02	   1.1300000e+02	   2.0100000e+02	   1.0000000e+00	   3.0000000e+00	   5.0000000e+00	   4.4500000e+00	   2.3900000e+00	   3.0000000e+00	   2.0000000e+00	   1.0000000e+00	   3.0000000e+00	   5.7300000e+02	
   1.0500000e+02	   1.1200000e+02	   2.1300000e+02	   6.0000000e+00	   2.0000000e+00	   3.8100000e+00	   3.5000000e+00	   2.2150000e+00	   3.0000000e+00	   2.0000000e+00	   1.0000000e+00	   3.0000000e+00	   1.1820000e+03	
   1.0500000e+02	   1.1600000e+02	   3.0600000e+02	   1.1000000e+01	   1.0000000e+00	   3.8100000e+00	   3.7450000e+00	   8.5000000e-01	   2.0000000e+00	   3.0000000e+00	   1.0000000e+00	   2.0000000e+00	   1.1080000e+03	
   1.0700000e+02	   1.1200000e+02	   3.0100000e+02	   9.0000000e+00	   1.0000000e+00	   3.5200000e+00	   3.5000000e+00	   2.2500000e-01	   2.0000000e+00	   3.0000000e+00	   1.0000000e+00	   2.0000000e+00	   1.0520000e+03	
   1.0900000e+02	   2.0600000e+02	   3.0300000e+02	   1.0000000e+01	   5.0000000e+00	   5.0000000e+00	   3.0650000e+00	   1.5100000e+00	   3.0000000e+00	   2.0000000e+00	   1.0000000e+00	   3.0000000e+00	   6.0700000e+02	
   1.0900000e+02	   1.1100000e+02	   2.0100000e+02	   1.0000000e+00	   4.0000000e+00	   5.0000000e+00	   4.2800000e+00	   2.3900000e+00	   1.0000000e+00	   3.0000000e+00	   2.0000000e+00	   1.0000000e+00	   6.1500000e+02	
   1.0600000e+02	   1.1600000e+02	   3.0300000e+02	   1.0000000e+01	   5.0000000e+00	   2.7300000e+00	   3.7450000e+00	   1.5100000e+00	   1.0000000e+00	   2.0000000e+00	   3.0000000e+00	   2.0000000e+00	   1.8830000e+03	
   1.0600000e+02	   1.1500000e+02	   2.1300000e+02	   6.0000000e+00	   5.0000000e+00	   2.7300000e+00	   4.0050000e+00	   2.2150000e+00	   3.0000000e+00	   1.0000000e+00	   2.0000000e+00	   1.0000000e+00	   1.0960000e+03	
   1.1000000e+02	   2.0600000e+02	   2.1500000e+02	   8.0000000e+00	   3.0000000e+00	   3.7300000e+00	   3.0650000e+00	   0.0000000e+00	   3.0000000e+00	   1.0000000e+00	   2.0000000e+00	   3.0000000e+00	   9.1900000e+02	
   1.0800000e+02	   1.1000000e+02	   3.1200000e+02	   1.4000000e+01	   3.0000000e+00	   4.2600000e+00	   3.7300000e+00	   1.0250000e+00	   1.0000000e+00	   2.0000000e+00	   3.0000000e+00	   1.0000000e+00	   7.7200000e+02	
   1.1500000e+02	   2.0600000e+02	   2.1300000e+02	   6.0000000e+00	   4.0000000e+00	   4.0050000e+00	   3.0650000e+00	   2.2150000e+00	   3.0000000e+00	   1.0000000e+00	   2.0000000e+00	   3.0000000e+00	   7.1000000e+02	
   1.0700000e+02	   1.1000000e+02	   2.0200000e+02	   2.0000000e+00	   1.0000000e+00	   3.5200000e+00	   3.7300000e+00	   0.0000000e+00	   1.0000000e+00	   2.0000000e+00	   3.0000000e+00	   2.0000000e+00	   1.3540000e+03	
   1.0800000e+02	   1.1300000e+02	   2.0400000e+02	   3.0000000e+00	   1.0000000e+00	   4.2600000e+00	   4.4500000e+00	   1.1850000e+00	   1.0000000e+00	   2.0000000e+00	   3.0000000e+00	   2.0000000e+00	   6.2800000e+02	
   1.0700000e+02	   1.1100000e+02	   3.0300000e+02	   1.0000000e+01	   4.0000000e+00	   3.5200000e+00	   4.2800000e+00	   1.5100000e+00	   2.0000000e+00	   3.0000000e+00	   1.0000000e+00	   3.0000000e+00	   8.2400000e+02	
   1.0700000e+02	   2.0600000e+02	   2.0200000e+02	   2.0000000e+00	   3.0000000e+00	   3.5200000e+00	   3.0650000e+00	   0.0000000e+00	   2.0000000e+00	   3.0000000e+00	   1.0000000e+00	   2.0000000e+00	   8.7500000e+02	
   1.0900000e+02	   1.1600000e+02	   3.1400000e+02	   1.5000000e+01	   5.0000000e+00	   5.0000000e+00	   3.7450000e+00	   4.7500000e-01	   2.0000000e+00	   1.0000000e+00	   3.0000000e+00	   2.0000000e+00	   6.0900000e+02	
   1.0200000e+02	   1.1400000e+02	   2.0400000e+02	   3.0000000e+00	   2.0000000e+00	   3.5800000e+00	   3.9950000e+00	   1.1850000e+00	   1.0000000e+00	   2.0000000e+00	   3.0000000e+00	   2.0000000e+00	   7.3800000e+02	
   1.1200000e+02	   2.0600000e+02	   2.0400000e+02	   3.0000000e+00	   3.0000000e+00	   3.5000000e+00	   3.0650000e+00	   1.1850000e+00	   2.0000000e+00	   1.0000000e+00	   3.0000000e+00	   2.0000000e+00	   1.1540000e+03	
   1.0500000e+02	   2.0600000e+02	   3.1400000e+02	   1.5000000e+01	   4.0000000e+00	   3.8100000e+00	   3.0650000e+00	   4.7500000e-01	   2.0000000e+00	   1.0000000e+00	   3.0000000e+00	   2.0000000e+00	   8.5800000e+02	
   1.0900000e+02	   1.1300000e+02	   3.0900000e+02	   1.2000000e+01	   3.0000000e+00	   5.0000000e+00	   4.4500000e+00	   5.8500000e-01	   1.0000000e+00	   2.0000000e+00	   3.0000000e+00	   2.0000000e+00	   6.7200000e+02	
   1.0700000e+02	   1.1300000e+02	   2.1500000e+02	   8.0000000e+00	   4.0000000e+00	   3.5200000e+00	   4.4500000e+00	   0.0000000e+00	   1.0000000e+00	   2.0000000e+00	   3.0000000e+00	   2.0000000e+00	   7.7400000e+02	
   1.0600000e+02	   1.0800000e+02	   2.0900000e+02	   4.0000000e+00	   5.0000000e+00	   2.7300000e+00	   4.2600000e+00	   0.0000000e+00	   3.0000000e+00	   2.0000000e+00	   1.0000000e+00	   2.0000000e+00	   7.8900000e+02	
   1.1000000e+02	   1.1400000e+02	   3.0300000e+02	   1.0000000e+01	   2.0000000e+00	   3.7300000e+00	   3.9950000e+00	   1.5100000e+00	   1.0000000e+00	   3.0000000e+00	   2.0000000e+00	   3.0000000e+00	   6.9900000e+02	
   1.1300000e+02	   2.0600000e+02	   3.1000000e+02	   1.3000000e+01	   5.0000000e+00	   4.4500000e+00	   3.0650000e+00	   3.7000000e-01	   2.0000000e+00	   3.0000000e+00	   1.0000000e+00	   2.0000000e+00	   6.9100000e+02	
   1.0900000e+02	   1.1000000e+02	   3.0900000e+02	   1.2000000e+01	   5.0000000e+00	   5.0000000e+00	   3.7300000e+00	   5.8500000e-01	   1.0000000e+00	   3.0000000e+00	   2.0000000e+00	   1.0000000e+00	   7.1400000e+02	
   1.1000000e+02	   2.0600000e+02	   2.0400000e+02	   3.0000000e+00	   3.0000000e+00	   3.7300000e+00	   3.0650000e+00	   1.1850000e+00	   2.0000000e+00	   3.0000000e+00	   1.0000000e+00	   2.0000000e+00	   7.8800000e+02	
   1.1100000e+02	   1.1500000e+02	   3.0100000e+02	   9.0000000e+00	   2.0000000e+00	   4.2800000e+00	   4.0050000e+00	   2.2500000e-01	   1.0000000e+00	   3.0000000e+00	   2.0000000e+00	   3.0000000e+00	   1.3180000e+03	
   1.1300000e+02	   1.1500000e+02	   2.1400000e+02	   7.0000000e+00	   3.0000000e+00	   4.4500000e+00	   4.0050000e+00	   1.8050000e+00	   3.0000000e+00	   2.0000000e+00	   1.0000000e+00	   3.0000000e+00	   5.9900000e+02	
   1.0300000e+02	   1.0900000e+02	   2.1200000e+02	   5.0000000e+00	   5.0000000e+00	   3.8900000e+00	   5.0000000e+00	   2.4700000e+00	   3.0000000e+00	   1.0000000e+00	   2.0000000e+00	   1.0000000e+00	   6.1500000e+02	
   1.0700000e+02	   1.1100000e+02	   3.0100000e+02	   9.0000000e+00	   4.0000000e+00	   3.5200000e+00	   4.2800000e+00	   2.2500000e-01	   1.0000000e+00	   2.0000000e+00	   3.0000000e+00	   2.0000000e+00	   7.7000000e+02	
   1.0900000e+02	   1.1200000e+02	   2.1500000e+02	   8.0000000e+00	   5.0000000e+00	   5.0000000e+00	   3.5000000e+00	   0.0000000e+00	   3.0000000e+00	   2.0000000e+00	   1.0000000e+00	   3.0000000e+00	   5.4600000e+02	
   1.1100000e+02	   1.1600000e+02	   3.1400000e+02	   1.5000000e+01	   3.0000000e+00	   4.2800000e+00	   3.7450000e+00	   4.7500000e-01	   1.0000000e+00	   2.0000000e+00	   3.0000000e+00	   1.0000000e+00	   9.8900000e+02	
   1.0300000e+02	   1.1200000e+02	   2.1400000e+02	   7.0000000e+00	   2.0000000e+00	   3.8900000e+00	   3.5000000e+00	   1.8050000e+00	   3.0000000e+00	   2.0000000e+00	   1.0000000e+00	   3.0000000e+00	   7.4400000e+02	
   1.1100000e+02	   1.1500000e+02	   2.1400000e+02	   7.0000000e+00	   2.0000000e+00	   4.2800000e+00	   4.0050000e+00	   1.8050000e+00	   1.0000000e+00	   3.0000000e+00	   2.0000000e+00	   1.0000000e+00	   8.6500000e+02	
   1.0500000e+02	   1.0600000e+02	   3.1200000e+02	   1.4000000e+01	   5.0000000e+00	   3.8100000e+00	   2.7300000e+00	   1.0250000e+00	   1.0000000e+00	   3.0000000e+00	   2.0000000e+00	   1.0000000e+00	   1.0000000e+03	
   1.0800000e+02	   2.0600000e+02	   2.1200000e+02	   5.0000000e+00	   5.0000000e+00	   4.2600000e+00	   3.0650000e+00	   2.4700000e+00	   1.0000000e+00	   3.0000000e+00	   2.0000000e+00	   1.0000000e+00	   5.7000000e+02	
   1.0800000e+02	   1.1300000e+02	   3.1200000e+02	   1.4000000e+01	   1.0000000e+00	   4.2600000e+00	   4.4500000e+00	   1.0250000e+00	   1.0000000e+00	   2.0000000e+00	   3.0000000e+00	   2.0000000e+00	   7.0400000e+02	
   1.0700000e+02	   1.1400000e+02	   3.0300000e+02	   1.0000000e+01	   3.0000000e+00	   3.5200000e+00	   3.9950000e+00	   1.5100000e+00	   3.0000000e+00	   1.0000000e+00	   2.0000000e+00	   1.0000000e+00	   6.9800000e+02	
   1.0600000e+02	   2.0600000e+02	   3.0600000e+02	   1.1000000e+01	   2.0000000e+00	   2.7300000e+00	   3.0650000e+00	   8.5000000e-01	   3.0000000e+00	   2.0000000e+00	   1.0000000e+00	   3.0000000e+00	   1.4620000e+03	
   1.0300000e+02	   1.0500000e+02	   2.0900000e+02	   4.0000000e+00	   1.0000000e+00	   3.8900000e+00	   3.8100000e+00	   0.0000000e+00	   3.0000000e+00	   2.0000000e+00	   1.0000000e+00	   3.0000000e+00	   9.8500000e+02	
   1.0600000e+02	   2.0600000e+02	   3.0900000e+02	   1.2000000e+01	   2.0000000e+00	   2.7300000e+00	   3.0650000e+00	   5.8500000e-01	   2.0000000e+00	   3.0000000e+00	   1.0000000e+00	   2.0000000e+00	   1.5380000e+03	
   1.0200000e+02	   1.0900000e+02	   3.0100000e+02	   9.0000000e+00	   5.0000000e+00	   3.5800000e+00	   5.0000000e+00	   2.2500000e-01	   1.0000000e+00	   2.0000000e+00	   3.0000000e+00	   2.0000000e+00	   7.3900000e+02	
   1.0800000e+02	   1.1600000e+02	   2.1300000e+02	   6.0000000e+00	   3.0000000e+00	   4.2600000e+00	   3.7450000e+00	   2.2150000e+00	   3.0000000e+00	   1.0000000e+00	   2.0000000e+00	   3.0000000e+00	   8.6600000e+02	
