   1.0000000e+00	   3.0500000e+02	   3.0000000e+00	   3.0100000e+00	   4.7316000e+04	   3.5100000e+00	   5.4640000e+03	
   2.0000000e+00	   1.1400000e+02	   1.0000000e+00	   3.9900000e+00	   5.5350000e+03	   4.0100000e+00	   8.2310000e+03	
   3.0000000e+00	   3.0800000e+02	   3.0000000e+00	   6.2000000e-01	   5.4000000e+03	   2.5000000e+00	   8.3200000e+02	
   4.0000000e+00	   2.1200000e+02	   2.0000000e+00	   4.0100000e+00	   1.1186000e+04	   2.5300000e+00	   2.0320000e+03	
   5.0000000e+00	   2.0700000e+02	   2.0000000e+00	   4.5100000e+00	   7.4540000e+03	   3.0100000e+00	   4.6980000e+03	
   6.0000000e+00	   3.1100000e+02	   3.0000000e+00	   3.0200000e+00	   4.7030000e+03	   3.0100000e+00	   2.9320000e+03	
   7.0000000e+00	   1.0600000e+02	   1.0000000e+00	   5.0000000e+00	   3.3890000e+03	   2.5800000e+00	   1.4660000e+03	
   8.0000000e+00	   2.1500000e+02	   2.0000000e+00	   3.5600000e+00	   3.4900000e+03	   2.0300000e+00	   3.5660000e+03	
   9.0000000e+00	   2.1400000e+02	   2.0000000e+00	   3.5500000e+00	   6.5220000e+03	   2.5000000e+00	   9.3300000e+02	
   1.0000000e+01	   1.1200000e+02	   1.0000000e+00	   5.0000000e+00	   5.7220000e+03	   2.5000000e+00	   1.5330000e+03	
   1.1000000e+01	   2.0300000e+02	   2.0000000e+00	   2.0100000e+00	   2.7900000e+03	   2.0300000e+00	   3.6320000e+03	
   1.2000000e+01	   2.0900000e+02	   2.0000000e+00	   3.5700000e+00	   7.0550000e+03	   2.0100000e+00	   2.7320000e+03	
   1.3000000e+01	   1.1000000e+02	   1.0000000e+00	   3.9700000e+00	   3.5570000e+03	   1.0100000e+00	   1.8000000e+03	
   1.4000000e+01	   1.0800000e+02	   1.0000000e+00	   5.0000000e+00	   2.2220000e+03	   2.9900000e+00	   3.1320000e+03	
   1.5000000e+01	   1.1300000e+02	   1.0000000e+00	   5.0000000e+00	   1.9890000e+03	   3.9900000e+00	   1.7670000e+03	
   1.6000000e+01	   3.0200000e+02	   3.0000000e+00	   5.0000000e+00	   1.8710000e+03	   3.9900000e+00	   2.8660000e+03	
   1.7000000e+01	   1.0200000e+02	   1.0000000e+00	   5.0000000e+00	   1.7040000e+03	   2.5000000e+00	   1.4660000e+03	
   1.8000000e+01	   1.0500000e+02	   1.0000000e+00	   4.0200000e+00	   4.2560000e+03	   2.0100000e+00	   3.2990000e+03	
   1.9000000e+01	   1.0700000e+02	   1.0000000e+00	   2.9900000e+00	   7.1360000e+03	   2.5000000e+00	   1.0990000e+03	
   2.0000000e+01	   1.1500000e+02	   1.0000000e+00	   4.0100000e+00	   3.4560000e+03	   2.9800000e+00	   3.7320000e+03	
   2.1000000e+01	   2.0200000e+02	   2.0000000e+00	   4.0300000e+00	   3.6890000e+03	   3.0100000e+00	   2.4320000e+03	
   2.2000000e+01	   3.1200000e+02	   3.0000000e+00	   4.0100000e+00	   5.9890000e+03	   2.0300000e+00	   1.7310000e+03	
   2.3000000e+01	   3.1400000e+02	   3.0000000e+00	   3.9900000e+00	   2.8900000e+03	   2.5700000e+00	   2.3980000e+03	
   2.4000000e+01	   2.0600000e+02	   2.0000000e+00	   5.0000000e+00	   1.8230000e+03	   2.9800000e+00	   2.4990000e+03	
   2.5000000e+01	   3.1000000e+02	   3.0000000e+00	   3.9700000e+00	   3.6880000e+03	   2.4900000e+00	   2.2660000e+03	
   2.6000000e+01	   2.1100000e+02	   2.0000000e+00	   3.9800000e+00	   2.1700000e+03	   2.0200000e+00	   1.7320000e+03	
   2.7000000e+01	   1.1600000e+02	   1.0000000e+00	   5.0000000e+00	   1.5230000e+03	   3.0100000e+00	   3.8670000e+03	
   2.8000000e+01	   1.0100000e+02	   1.0000000e+00	   5.0000000e+00	   2.3050000e+03	   3.5000000e+00	   2.8990000e+03	
   2.9000000e+01	   3.0400000e+02	   3.0000000e+00	   3.9900000e+00	   2.5220000e+03	   2.5200000e+00	   2.3320000e+03	
   3.0000000e+01	   1.0300000e+02	   1.0000000e+00	   5.0000000e+00	   2.2570000e+03	   2.4600000e+00	   1.7660000e+03	
   3.1000000e+01	   3.0300000e+02	   3.0000000e+00	   5.0000000e+00	   1.9720000e+03	   3.0200000e+00	   2.8650000e+03	
   3.2000000e+01	   1.0400000e+02	   1.0000000e+00	   4.0300000e+00	   6.9890000e+03	   1.9900000e+00	   2.4980000e+03	
   3.3000000e+01	   2.0100000e+02	   2.0000000e+00	   3.9800000e+00	   6.6540000e+03	   2.5000000e+00	   1.8670000e+03	
   3.4000000e+01	   3.1300000e+02	   3.0000000e+00	   5.0000000e+00	   1.6370000e+03	   2.0100000e+00	   1.9010000e+03	
   3.5000000e+01	   2.0500000e+02	   2.0000000e+00	   4.0100000e+00	   3.6370000e+03	   2.5300000e+00	   1.5990000e+03	
   3.6000000e+01	   3.0900000e+02	   3.0000000e+00	   5.0000000e+00	   2.0550000e+03	   2.9900000e+00	   4.0320000e+03	
   3.7000000e+01	   2.0800000e+02	   2.0000000e+00	   5.0000000e+00	   1.8060000e+03	   1.5400000e+00	   4.1320000e+03	
   3.8000000e+01	   1.0900000e+02	   1.0000000e+00	   5.0000000e+00	   1.6380000e+03	   3.9900000e+00	   1.4320000e+03	
   3.9000000e+01	   1.1100000e+02	   1.0000000e+00	   5.0000000e+00	   1.6890000e+03	   3.9900000e+00	   1.2660000e+03	
   4.0000000e+01	   3.0600000e+02	   3.0000000e+00	   5.0000000e+00	   2.4560000e+03	   2.9900000e+00	   3.0320000e+03	
   4.1000000e+01	   3.0700000e+02	   3.0000000e+00	   3.9800000e+00	   3.2540000e+03	   2.5500000e+00	   2.6990000e+03	
   4.2000000e+01	   2.1000000e+02	   2.0000000e+00	   5.0000000e+00	   2.3890000e+03	   3.9900000e+00	   3.0660000e+03	
   4.3000000e+01	   2.1300000e+02	   2.0000000e+00	   5.0000000e+00	   2.0560000e+03	   2.4200000e+00	   1.1330000e+03	
   4.4000000e+01	   2.0400000e+02	   2.0000000e+00	   3.9800000e+00	   2.8550000e+03	   2.2400000e+00	   1.6660000e+03	
   4.5000000e+01	   3.0100000e+02	   3.0000000e+00	   5.0000000e+00	   2.3040000e+03	   2.0200000e+00	   1.0660000e+03	
