   1.0000000e+00	   1.0000000e+00	   1.1300000e+02	   2.0300000e+00	   4.8260000e+03	
   1.0000000e+00	   2.0000000e+00	   3.1300000e+02	   2.4500000e+00	   2.6260000e+03	
   1.0000000e+00	   3.0000000e+00	   1.1600000e+02	   1.1900000e+00	   2.8220000e+03	
   1.0000000e+00	   4.0000000e+00	   1.0400000e+02	   2.3500000e+00	   4.1570000e+03	
   1.0000000e+00	   5.0000000e+00	   1.0200000e+02	   4.1000000e-01	   1.7270000e+03	
   1.0000000e+00	   6.0000000e+00	   1.0600000e+02	   1.5000000e-01	   1.9610000e+03	
   1.0000000e+00	   7.0000000e+00	   3.1200000e+02	   2.8000000e-01	   1.7600000e+03	
   1.0000000e+00	   8.0000000e+00	   2.0200000e+02	   2.9900000e+00	   3.6600000e+03	
   1.0000000e+00	   9.0000000e+00	   1.1200000e+02	   2.1000000e-01	   3.1920000e+03	
   1.0000000e+00	   1.0000000e+01	   2.1000000e+02	   1.0500000e+00	   2.5270000e+03	
   1.0000000e+00	   1.1000000e+01	   2.1500000e+02	   2.0000000e-02	   2.5940000e+03	
   1.0000000e+00	   1.2000000e+01	   3.1000000e+02	   7.0000000e-02	   2.7310000e+03	
   1.0000000e+00	   1.3000000e+01	   3.0800000e+02	   3.0000000e-02	   1.5590000e+03	
   1.0000000e+00	   1.4000000e+01	   1.0800000e+02	   3.9000000e-01	   4.2600000e+03	
   1.0000000e+00	   1.5000000e+01	   1.0700000e+02	   1.9800000e+00	   3.9260000e+03	
   1.0000000e+00	   1.6000000e+01	   3.0100000e+02	   0.0000000e+00	   2.4940000e+03	
   1.0000000e+00	   1.7000000e+01	   3.1400000e+02	   2.6900000e+00	   2.6960000e+03	
   1.0000000e+00	   1.8000000e+01	   3.0600000e+02	   9.3000000e-01	   1.6600000e+03	
   1.0000000e+00	   1.9000000e+01	   2.0100000e+02	   4.3000000e-01	   3.0600000e+03	
   1.0000000e+00	   2.0000000e+01	   3.0400000e+02	   1.0700000e+00	   1.7590000e+03	
   1.0000000e+00	   2.1000000e+01	   3.0200000e+02	   5.1000000e-01	   2.4260000e+03	
   1.0000000e+00	   2.2000000e+01	   3.0500000e+02	   3.7000000e-01	   1.9940000e+03	
   1.0000000e+00	   2.3000000e+01	   3.0700000e+02	   2.1700000e+00	   2.3250000e+03	
   1.0000000e+00	   2.4000000e+01	   2.0900000e+02	   2.8200000e+00	   1.6610000e+03	
   1.0000000e+00	   2.5000000e+01	   2.0300000e+02	   9.6000000e-01	   1.6920000e+03	
   1.0000000e+00	   2.6000000e+01	   2.1300000e+02	   3.0300000e+00	   1.7270000e+03	
   1.0000000e+00	   2.7000000e+01	   2.0500000e+02	   1.0500000e+00	   1.8940000e+03	
   1.0000000e+00	   2.8000000e+01	   3.0900000e+02	   9.5000000e-01	   1.8280000e+03	
   1.0000000e+00	   2.9000000e+01	   1.0100000e+02	   1.0600000e+00	   2.3590000e+03	
   1.0000000e+00	   3.0000000e+01	   3.0300000e+02	   2.0500000e+00	   1.4260000e+03	
   1.0000000e+00	   3.1000000e+01	   2.0700000e+02	   1.0600000e+00	   1.3940000e+03	
   1.0000000e+00	   3.2000000e+01	   1.1000000e+02	   1.1000000e-01	   2.0270000e+03	
   1.0000000e+00	   3.3000000e+01	   1.1100000e+02	   2.0000000e+00	   2.1600000e+03	
   1.0000000e+00	   3.4000000e+01	   2.0600000e+02	   2.9600000e+00	   1.8920000e+03	
   1.0000000e+00	   3.5000000e+01	   1.1400000e+02	   1.0600000e+00	   2.0600000e+03	
   1.0000000e+00	   3.6000000e+01	   3.1100000e+02	   1.0700000e+00	   1.9260000e+03	
   1.0000000e+00	   3.7000000e+01	   2.1200000e+02	   1.0300000e+00	   2.2270000e+03	
   1.0000000e+00	   3.8000000e+01	   2.1400000e+02	   2.0600000e+00	   4.8590000e+03	
   1.0000000e+00	   3.9000000e+01	   2.0800000e+02	   4.8300000e+00	   3.4580000e+03	
   1.0000000e+00	   4.0000000e+01	   1.0300000e+02	   1.0900000e+00	   1.1930000e+03	
   1.0000000e+00	   4.1000000e+01	   2.0400000e+02	   8.8000000e-01	   2.3250000e+03	
   1.0000000e+00	   4.2000000e+01	   1.0500000e+02	   1.0500000e+00	   2.9280000e+03	
   1.0000000e+00	   4.3000000e+01	   1.1500000e+02	   1.0900000e+00	   2.0590000e+03	
   1.0000000e+00	   4.4000000e+01	   2.1100000e+02	   1.9600000e+00	   1.9590000e+03	
   1.0000000e+00	   4.5000000e+01	   1.0900000e+02	   1.0400000e+00	   1.4260000e+03	
   2.0000000e+00	   1.0000000e+00	   1.1500000e+02	   1.0700000e+00	   3.7610000e+03	
   2.0000000e+00	   2.0000000e+00	   3.0400000e+02	   1.0600000e+00	   1.6290000e+03	
   2.0000000e+00	   3.0000000e+00	   1.0200000e+02	   1.0600000e+00	   1.4290000e+03	
   2.0000000e+00	   4.0000000e+00	   3.1300000e+02	   2.0900000e+00	   1.2610000e+03	
   2.0000000e+00	   5.0000000e+00	   2.0800000e+02	   4.8900000e+00	   1.8280000e+03	
   2.0000000e+00	   6.0000000e+00	   2.0700000e+02	   1.1400000e+00	   1.3940000e+03	
   2.0000000e+00	   7.0000000e+00	   2.0900000e+02	   2.9900000e+00	   1.3950000e+03	
   2.0000000e+00	   8.0000000e+00	   3.1100000e+02	   9.4000000e-01	   1.6950000e+03	
   2.0000000e+00	   9.0000000e+00	   3.1400000e+02	   2.9700000e+00	   1.9280000e+03	
   2.0000000e+00	   1.0000000e+01	   3.0600000e+02	   1.0600000e+00	   1.3950000e+03	
   2.0000000e+00	   1.1000000e+01	   1.1300000e+02	   1.0700000e+00	   1.4950000e+03	
   2.0000000e+00	   1.2000000e+01	   1.1400000e+02	   1.0700000e+00	   1.6600000e+03	
   2.0000000e+00	   1.3000000e+01	   3.0500000e+02	   1.1000000e+00	   2.2290000e+03	
   2.0000000e+00	   1.4000000e+01	   3.1200000e+02	   2.0000000e-01	   1.8940000e+03	
   2.0000000e+00	   1.5000000e+01	   2.1000000e+02	   2.0200000e+00	   2.2610000e+03	
   2.0000000e+00	   1.6000000e+01	   2.0400000e+02	   1.0400000e+00	   1.0280000e+03	
   2.0000000e+00	   1.7000000e+01	   2.0500000e+02	   1.0000000e+00	   2.8610000e+03	
   2.0000000e+00	   1.8000000e+01	   3.0200000e+02	   1.0500000e+00	   1.6610000e+03	
   2.0000000e+00	   1.9000000e+01	   1.0300000e+02	   9.9000000e-01	   1.8620000e+03	
   2.0000000e+00	   2.0000000e+01	   1.0100000e+02	   1.0400000e+00	   1.6610000e+03	
   2.0000000e+00	   2.1000000e+01	   3.1000000e+02	   1.0500000e+00	   3.9940000e+03	
   2.0000000e+00	   2.2000000e+01	   3.0700000e+02	   1.0600000e+00	   2.3610000e+03	
   2.0000000e+00	   2.3000000e+01	   2.1500000e+02	   1.0500000e+00	   5.1280000e+03	
   2.0000000e+00	   2.4000000e+01	   1.1000000e+02	   1.1800000e+00	   1.2610000e+03	
   2.0000000e+00	   2.5000000e+01	   2.0300000e+02	   1.0500000e+00	   3.3940000e+03	
   2.0000000e+00	   2.6000000e+01	   2.0600000e+02	   3.0800000e+00	   2.0610000e+03	
   2.0000000e+00	   2.7000000e+01	   1.1100000e+02	   1.9200000e+00	   1.5960000e+03	
   2.0000000e+00	   2.8000000e+01	   2.1300000e+02	   3.0900000e+00	   2.3600000e+03	
   2.0000000e+00	   2.9000000e+01	   1.0600000e+02	   1.0600000e+00	   1.4280000e+03	
   2.0000000e+00	   3.0000000e+01	   3.0100000e+02	   0.0000000e+00	   2.2280000e+03	
   2.0000000e+00	   3.1000000e+01	   2.1100000e+02	   1.9200000e+00	   1.5610000e+03	
   2.0000000e+00	   3.2000000e+01	   2.1400000e+02	   2.0900000e+00	   1.6960000e+03	
   2.0000000e+00	   3.3000000e+01	   1.1600000e+02	   1.0800000e+00	   1.3620000e+03	
   2.0000000e+00	   3.4000000e+01	   1.0900000e+02	   9.6000000e-01	   2.2600000e+03	
   2.0000000e+00	   3.5000000e+01	   3.0800000e+02	   1.2000000e-01	   2.5610000e+03	
   2.0000000e+00	   3.6000000e+01	   2.0100000e+02	   1.8000000e-01	   1.0950000e+03	
   2.0000000e+00	   3.7000000e+01	   2.1200000e+02	   1.0400000e+00	   1.1620000e+03	
   2.0000000e+00	   3.8000000e+01	   1.0500000e+02	   9.4000000e-01	   1.0620000e+03	
   2.0000000e+00	   3.9000000e+01	   1.0700000e+02	   1.5600000e+00	   1.5280000e+03	
   2.0000000e+00	   4.0000000e+01	   1.0800000e+02	   9.4000000e-01	   1.4940000e+03	
   2.0000000e+00	   4.1000000e+01	   2.0200000e+02	   3.0400000e+00	   1.5280000e+03	
   2.0000000e+00	   4.2000000e+01	   3.0300000e+02	   1.5800000e+00	   1.1950000e+03	
   2.0000000e+00	   4.3000000e+01	   3.0900000e+02	   1.0400000e+00	   1.3610000e+03	
   2.0000000e+00	   4.4000000e+01	   1.1200000e+02	   1.1700000e+00	   1.1630000e+03	
   2.0000000e+00	   4.5000000e+01	   1.0400000e+02	   1.0500000e+00	   1.2440000e+03	
