   1.0400000e+02	   1.0700000e+02	   3.0200000e+02	   1.3000000e+01	   1.0000000e+00	   1.7000000e+00	   1.7700000e+00	   7.8000000e-01	   1.0000000e+00	   3.0000000e+00	   2.0000000e+00	   1.0000000e+00	   3.8880000e+03	
   2.0200000e+02	   3.0700000e+02	   2.0500000e+02	   1.0000000e+01	   5.0000000e+00	   3.0150000e+00	   1.6150000e+00	   1.0250000e+00	   2.0000000e+00	   1.0000000e+00	   3.0000000e+00	   2.0000000e+00	   9.2200000e+02	
   2.0800000e+02	   2.1300000e+02	   1.0200000e+02	   1.0000000e+00	   5.0000000e+00	   4.8600000e+00	   3.0600000e+00	   7.3500000e-01	   3.0000000e+00	   1.0000000e+00	   2.0000000e+00	   3.0000000e+00	   8.1000000e+02	
   2.1300000e+02	   3.0300000e+02	   3.1200000e+02	   1.5000000e+01	   4.0000000e+00	   3.0600000e+00	   1.8150000e+00	   2.4000000e-01	   3.0000000e+00	   1.0000000e+00	   2.0000000e+00	   3.0000000e+00	   1.0450000e+03	
   2.1100000e+02	   3.1300000e+02	   3.0600000e+02	   1.4000000e+01	   2.0000000e+00	   1.9400000e+00	   2.2700000e+00	   9.9500000e-01	   2.0000000e+00	   3.0000000e+00	   1.0000000e+00	   2.0000000e+00	   1.8800000e+03	
   1.1300000e+02	   2.1300000e+02	   1.1400000e+02	   6.0000000e+00	   5.0000000e+00	   1.5500000e+00	   3.0600000e+00	   1.0650000e+00	   3.0000000e+00	   1.0000000e+00	   2.0000000e+00	   1.0000000e+00	   1.0930000e+03	
   1.1100000e+02	   2.0800000e+02	   1.0200000e+02	   1.0000000e+00	   5.0000000e+00	   1.9600000e+00	   4.8600000e+00	   7.3500000e-01	   3.0000000e+00	   2.0000000e+00	   1.0000000e+00	   2.0000000e+00	   6.7600000e+02	
   1.0400000e+02	   2.1100000e+02	   3.0200000e+02	   1.3000000e+01	   2.0000000e+00	   1.7000000e+00	   1.9400000e+00	   7.8000000e-01	   3.0000000e+00	   1.0000000e+00	   2.0000000e+00	   3.0000000e+00	   2.5080000e+03	
   2.1300000e+02	   3.1300000e+02	   3.0100000e+02	   1.2000000e+01	   3.0000000e+00	   3.0600000e+00	   2.2700000e+00	   0.0000000e+00	   3.0000000e+00	   1.0000000e+00	   2.0000000e+00	   3.0000000e+00	   1.0290000e+03	
   1.0400000e+02	   3.1300000e+02	   3.0600000e+02	   1.4000000e+01	   3.0000000e+00	   1.7000000e+00	   2.2700000e+00	   9.9500000e-01	   1.0000000e+00	   3.0000000e+00	   2.0000000e+00	   1.0000000e+00	   2.0410000e+03	
   2.0600000e+02	   2.1400000e+02	   3.1200000e+02	   1.5000000e+01	   3.0000000e+00	   3.0200000e+00	   2.0750000e+00	   2.4000000e-01	   3.0000000e+00	   1.0000000e+00	   2.0000000e+00	   3.0000000e+00	   1.3570000e+03	
   3.0700000e+02	   3.1300000e+02	   1.0800000e+02	   5.0000000e+00	   3.0000000e+00	   1.6150000e+00	   2.2700000e+00	   6.6500000e-01	   2.0000000e+00	   1.0000000e+00	   3.0000000e+00	   1.0000000e+00	   3.3900000e+03	
   1.0400000e+02	   3.0700000e+02	   1.0200000e+02	   1.0000000e+00	   1.0000000e+00	   1.7000000e+00	   1.6150000e+00	   7.3500000e-01	   3.0000000e+00	   2.0000000e+00	   1.0000000e+00	   3.0000000e+00	   9.7600000e+02	
   2.0200000e+02	   2.1100000e+02	   2.0500000e+02	   1.0000000e+01	   4.0000000e+00	   3.0150000e+00	   1.9400000e+00	   1.0250000e+00	   2.0000000e+00	   1.0000000e+00	   3.0000000e+00	   2.0000000e+00	   8.7900000e+02	
   1.1100000e+02	   2.1100000e+02	   2.1500000e+02	   1.1000000e+01	   1.0000000e+00	   1.9600000e+00	   1.9400000e+00	   5.3500000e-01	   1.0000000e+00	   3.0000000e+00	   2.0000000e+00	   3.0000000e+00	   2.2570000e+03	
   1.0400000e+02	   3.0300000e+02	   1.0600000e+02	   4.0000000e+00	   1.0000000e+00	   1.7000000e+00	   1.8150000e+00	   6.0500000e-01	   3.0000000e+00	   2.0000000e+00	   1.0000000e+00	   3.0000000e+00	   1.1410000e+03	
   3.0300000e+02	   3.1400000e+02	   3.1200000e+02	   1.5000000e+01	   3.0000000e+00	   1.8150000e+00	   2.8300000e+00	   2.4000000e-01	   1.0000000e+00	   3.0000000e+00	   2.0000000e+00	   3.0000000e+00	   3.3800000e+03	
   2.0200000e+02	   2.1400000e+02	   2.0500000e+02	   1.0000000e+01	   3.0000000e+00	   3.0150000e+00	   2.0750000e+00	   1.0250000e+00	   2.0000000e+00	   3.0000000e+00	   1.0000000e+00	   2.0000000e+00	   8.8600000e+02	
   1.0400000e+02	   2.0600000e+02	   2.1500000e+02	   1.1000000e+01	   4.0000000e+00	   1.7000000e+00	   3.0200000e+00	   5.3500000e-01	   3.0000000e+00	   1.0000000e+00	   2.0000000e+00	   1.0000000e+00	   1.8800000e+03	
   1.0700000e+02	   2.0200000e+02	   2.1500000e+02	   1.1000000e+01	   4.0000000e+00	   1.7700000e+00	   3.0150000e+00	   5.3500000e-01	   2.0000000e+00	   3.0000000e+00	   1.0000000e+00	   3.0000000e+00	   9.6300000e+02	
   1.0700000e+02	   2.1400000e+02	   1.0600000e+02	   4.0000000e+00	   2.0000000e+00	   1.7700000e+00	   2.0750000e+00	   6.0500000e-01	   1.0000000e+00	   2.0000000e+00	   3.0000000e+00	   1.0000000e+00	   3.3350000e+03	
   2.0600000e+02	   3.0300000e+02	   1.0200000e+02	   1.0000000e+00	   4.0000000e+00	   3.0200000e+00	   1.8150000e+00	   7.3500000e-01	   3.0000000e+00	   1.0000000e+00	   2.0000000e+00	   3.0000000e+00	   1.0210000e+03	
   2.0200000e+02	   2.1400000e+02	   2.0300000e+02	   9.0000000e+00	   3.0000000e+00	   3.0150000e+00	   2.0750000e+00	   1.0050000e+00	   3.0000000e+00	   2.0000000e+00	   1.0000000e+00	   3.0000000e+00	   1.5220000e+03	
   1.1300000e+02	   2.1300000e+02	   1.0600000e+02	   4.0000000e+00	   5.0000000e+00	   1.5500000e+00	   3.0600000e+00	   6.0500000e-01	   2.0000000e+00	   1.0000000e+00	   3.0000000e+00	   1.0000000e+00	   2.4950000e+03	
   1.1100000e+02	   1.1300000e+02	   3.0100000e+02	   1.2000000e+01	   2.0000000e+00	   1.9600000e+00	   1.5500000e+00	   0.0000000e+00	   2.0000000e+00	   3.0000000e+00	   1.0000000e+00	   2.0000000e+00	   2.9760000e+03	
   1.1300000e+02	   2.0900000e+02	   2.1500000e+02	   1.1000000e+01	   4.0000000e+00	   1.5500000e+00	   2.9050000e+00	   5.3500000e-01	   1.0000000e+00	   2.0000000e+00	   3.0000000e+00	   2.0000000e+00	   1.1370000e+03	
   1.1300000e+02	   2.0800000e+02	   3.1200000e+02	   1.5000000e+01	   5.0000000e+00	   1.5500000e+00	   4.8600000e+00	   2.4000000e-01	   1.0000000e+00	   2.0000000e+00	   3.0000000e+00	   2.0000000e+00	   7.8400000e+02	
   1.0700000e+02	   3.1400000e+02	   1.0500000e+02	   3.0000000e+00	   3.0000000e+00	   1.7700000e+00	   2.8300000e+00	   9.9500000e-01	   2.0000000e+00	   1.0000000e+00	   3.0000000e+00	   1.0000000e+00	   1.9870000e+03	
   1.1300000e+02	   3.1400000e+02	   1.1500000e+02	   7.0000000e+00	   4.0000000e+00	   1.5500000e+00	   2.8300000e+00	   1.0800000e+00	   3.0000000e+00	   2.0000000e+00	   1.0000000e+00	   2.0000000e+00	   1.7170000e+03	
   2.0800000e+02	   2.0900000e+02	   2.0300000e+02	   9.0000000e+00	   5.0000000e+00	   4.8600000e+00	   2.9050000e+00	   1.0050000e+00	   2.0000000e+00	   1.0000000e+00	   3.0000000e+00	   2.0000000e+00	   9.5100000e+02	
   2.1100000e+02	   2.1300000e+02	   3.0200000e+02	   1.3000000e+01	   4.0000000e+00	   1.9400000e+00	   3.0600000e+00	   7.8000000e-01	   1.0000000e+00	   3.0000000e+00	   2.0000000e+00	   3.0000000e+00	   1.5080000e+03	
   1.0700000e+02	   2.1300000e+02	   3.0100000e+02	   1.2000000e+01	   4.0000000e+00	   1.7700000e+00	   3.0600000e+00	   0.0000000e+00	   1.0000000e+00	   3.0000000e+00	   2.0000000e+00	   3.0000000e+00	   1.6310000e+03	
   2.1100000e+02	   3.0300000e+02	   3.0100000e+02	   1.2000000e+01	   1.0000000e+00	   1.9400000e+00	   1.8150000e+00	   0.0000000e+00	   2.0000000e+00	   1.0000000e+00	   3.0000000e+00	   2.0000000e+00	   3.6450000e+03	
   2.0200000e+02	   2.0900000e+02	   2.1500000e+02	   1.1000000e+01	   1.0000000e+00	   3.0150000e+00	   2.9050000e+00	   5.3500000e-01	   2.0000000e+00	   1.0000000e+00	   3.0000000e+00	   2.0000000e+00	   1.4290000e+03	
   3.0700000e+02	   3.1300000e+02	   1.1500000e+02	   7.0000000e+00	   3.0000000e+00	   1.6150000e+00	   2.2700000e+00	   1.0800000e+00	   1.0000000e+00	   2.0000000e+00	   3.0000000e+00	   2.0000000e+00	   5.1010000e+03	
   2.0800000e+02	   2.1100000e+02	   1.1600000e+02	   8.0000000e+00	   5.0000000e+00	   4.8600000e+00	   1.9400000e+00	   1.1350000e+00	   2.0000000e+00	   1.0000000e+00	   3.0000000e+00	   2.0000000e+00	   7.9900000e+02	
   2.0200000e+02	   2.1300000e+02	   1.1600000e+02	   8.0000000e+00	   1.0000000e+00	   3.0150000e+00	   3.0600000e+00	   1.1350000e+00	   1.0000000e+00	   2.0000000e+00	   3.0000000e+00	   1.0000000e+00	   2.7030000e+03	
   1.1100000e+02	   2.1100000e+02	   3.0200000e+02	   1.3000000e+01	   1.0000000e+00	   1.9600000e+00	   1.9400000e+00	   7.8000000e-01	   3.0000000e+00	   2.0000000e+00	   1.0000000e+00	   2.0000000e+00	   1.8680000e+03	
   1.0400000e+02	   3.0300000e+02	   1.0300000e+02	   2.0000000e+00	   1.0000000e+00	   1.7000000e+00	   1.8150000e+00	   1.0400000e+00	   2.0000000e+00	   1.0000000e+00	   3.0000000e+00	   2.0000000e+00	   1.4860000e+03	
   2.1300000e+02	   3.1300000e+02	   2.0500000e+02	   1.0000000e+01	   3.0000000e+00	   3.0600000e+00	   2.2700000e+00	   1.0250000e+00	   3.0000000e+00	   2.0000000e+00	   1.0000000e+00	   3.0000000e+00	   1.2330000e+03	
   1.0700000e+02	   2.0200000e+02	   1.0200000e+02	   1.0000000e+00	   4.0000000e+00	   1.7700000e+00	   3.0150000e+00	   7.3500000e-01	   2.0000000e+00	   3.0000000e+00	   1.0000000e+00	   3.0000000e+00	   1.0140000e+03	
   1.0400000e+02	   3.1300000e+02	   1.0500000e+02	   3.0000000e+00	   3.0000000e+00	   1.7000000e+00	   2.2700000e+00	   9.9500000e-01	   2.0000000e+00	   3.0000000e+00	   1.0000000e+00	   2.0000000e+00	   5.7230000e+03	
   1.1300000e+02	   2.0200000e+02	   1.1600000e+02	   8.0000000e+00	   5.0000000e+00	   1.5500000e+00	   3.0150000e+00	   1.1350000e+00	   1.0000000e+00	   2.0000000e+00	   3.0000000e+00	   2.0000000e+00	   7.8000000e+02	
   2.0200000e+02	   3.0700000e+02	   3.0600000e+02	   1.4000000e+01	   5.0000000e+00	   3.0150000e+00	   1.6150000e+00	   9.9500000e-01	   1.0000000e+00	   3.0000000e+00	   2.0000000e+00	   1.0000000e+00	   2.3020000e+03	
   1.1300000e+02	   3.1300000e+02	   1.1400000e+02	   6.0000000e+00	   3.0000000e+00	   1.5500000e+00	   2.2700000e+00	   1.0650000e+00	   3.0000000e+00	   2.0000000e+00	   1.0000000e+00	   2.0000000e+00	   2.0670000e+03	
   1.0400000e+02	   3.1400000e+02	   1.0500000e+02	   3.0000000e+00	   4.0000000e+00	   1.7000000e+00	   2.8300000e+00	   9.9500000e-01	   3.0000000e+00	   1.0000000e+00	   2.0000000e+00	   3.0000000e+00	   1.5310000e+03	
   2.0600000e+02	   2.1300000e+02	   1.0200000e+02	   1.0000000e+00	   1.0000000e+00	   3.0200000e+00	   3.0600000e+00	   7.3500000e-01	   2.0000000e+00	   3.0000000e+00	   1.0000000e+00	   2.0000000e+00	   8.1300000e+02	
   3.0300000e+02	   3.1400000e+02	   3.0100000e+02	   1.2000000e+01	   3.0000000e+00	   1.8150000e+00	   2.8300000e+00	   0.0000000e+00	   3.0000000e+00	   2.0000000e+00	   1.0000000e+00	   2.0000000e+00	   2.2870000e+03	
   1.1100000e+02	   3.1400000e+02	   1.0200000e+02	   1.0000000e+00	   3.0000000e+00	   1.9600000e+00	   2.8300000e+00	   7.3500000e-01	   3.0000000e+00	   2.0000000e+00	   1.0000000e+00	   2.0000000e+00	   1.9270000e+03	
   2.1100000e+02	   3.0700000e+02	   3.1200000e+02	   1.5000000e+01	   2.0000000e+00	   1.9400000e+00	   1.6150000e+00	   2.4000000e-01	   3.0000000e+00	   1.0000000e+00	   2.0000000e+00	   3.0000000e+00	   2.5920000e+03	
   2.1400000e+02	   3.0700000e+02	   1.0800000e+02	   5.0000000e+00	   2.0000000e+00	   2.0750000e+00	   1.6150000e+00	   6.6500000e-01	   1.0000000e+00	   3.0000000e+00	   2.0000000e+00	   1.0000000e+00	   4.6120000e+03	
   1.0400000e+02	   2.0200000e+02	   2.0300000e+02	   9.0000000e+00	   4.0000000e+00	   1.7000000e+00	   3.0150000e+00	   1.0050000e+00	   2.0000000e+00	   1.0000000e+00	   3.0000000e+00	   1.0000000e+00	   1.3850000e+03	
   1.1100000e+02	   2.0600000e+02	   3.1200000e+02	   1.5000000e+01	   4.0000000e+00	   1.9600000e+00	   3.0200000e+00	   2.4000000e-01	   3.0000000e+00	   2.0000000e+00	   1.0000000e+00	   2.0000000e+00	   1.1160000e+03	
   2.0200000e+02	   2.1100000e+02	   1.0300000e+02	   2.0000000e+00	   4.0000000e+00	   3.0150000e+00	   1.9400000e+00	   1.0400000e+00	   3.0000000e+00	   2.0000000e+00	   1.0000000e+00	   3.0000000e+00	   1.3440000e+03	
   2.0600000e+02	   2.0800000e+02	   1.0800000e+02	   5.0000000e+00	   5.0000000e+00	   3.0200000e+00	   4.8600000e+00	   6.6500000e-01	   3.0000000e+00	   2.0000000e+00	   1.0000000e+00	   2.0000000e+00	   7.9500000e+02	
   1.1100000e+02	   2.1400000e+02	   3.0600000e+02	   1.4000000e+01	   1.0000000e+00	   1.9600000e+00	   2.0750000e+00	   9.9500000e-01	   3.0000000e+00	   1.0000000e+00	   2.0000000e+00	   1.0000000e+00	   1.8920000e+03	
   1.0700000e+02	   2.0800000e+02	   2.0500000e+02	   1.0000000e+01	   5.0000000e+00	   1.7700000e+00	   4.8600000e+00	   1.0250000e+00	   1.0000000e+00	   3.0000000e+00	   2.0000000e+00	   3.0000000e+00	   8.4300000e+02	
   2.0600000e+02	   2.0900000e+02	   1.1500000e+02	   7.0000000e+00	   1.0000000e+00	   3.0200000e+00	   2.9050000e+00	   1.0800000e+00	   3.0000000e+00	   1.0000000e+00	   2.0000000e+00	   3.0000000e+00	   1.3820000e+03	
   2.0900000e+02	   2.1400000e+02	   2.0300000e+02	   9.0000000e+00	   3.0000000e+00	   2.9050000e+00	   2.0750000e+00	   1.0050000e+00	   1.0000000e+00	   2.0000000e+00	   3.0000000e+00	   1.0000000e+00	   1.3360000e+03	
   1.0400000e+02	   2.0900000e+02	   1.0600000e+02	   4.0000000e+00	   4.0000000e+00	   1.7000000e+00	   2.9050000e+00	   6.0500000e-01	   3.0000000e+00	   2.0000000e+00	   1.0000000e+00	   2.0000000e+00	   1.7730000e+03	
   1.0400000e+02	   1.0700000e+02	   1.0500000e+02	   3.0000000e+00	   1.0000000e+00	   1.7000000e+00	   1.7700000e+00	   9.9500000e-01	   3.0000000e+00	   1.0000000e+00	   2.0000000e+00	   3.0000000e+00	   1.0380000e+03	
   1.1100000e+02	   2.0800000e+02	   3.0600000e+02	   1.4000000e+01	   5.0000000e+00	   1.9600000e+00	   4.8600000e+00	   9.9500000e-01	   1.0000000e+00	   3.0000000e+00	   2.0000000e+00	   3.0000000e+00	   6.1800000e+02	
   1.0400000e+02	   3.1400000e+02	   2.1500000e+02	   1.1000000e+01	   4.0000000e+00	   1.7000000e+00	   2.8300000e+00	   5.3500000e-01	   3.0000000e+00	   1.0000000e+00	   2.0000000e+00	   3.0000000e+00	   3.5130000e+03	
   1.1100000e+02	   2.0900000e+02	   3.0200000e+02	   1.3000000e+01	   3.0000000e+00	   1.9600000e+00	   2.9050000e+00	   7.8000000e-01	   1.0000000e+00	   3.0000000e+00	   2.0000000e+00	   3.0000000e+00	   1.7870000e+03	
   2.1300000e+02	   3.1300000e+02	   1.1400000e+02	   6.0000000e+00	   3.0000000e+00	   3.0600000e+00	   2.2700000e+00	   1.0650000e+00	   1.0000000e+00	   3.0000000e+00	   2.0000000e+00	   1.0000000e+00	   8.2700000e+02	
   2.0600000e+02	   3.0700000e+02	   2.1500000e+02	   1.1000000e+01	   5.0000000e+00	   3.0200000e+00	   1.6150000e+00	   5.3500000e-01	   2.0000000e+00	   1.0000000e+00	   3.0000000e+00	   2.0000000e+00	   8.9900000e+02	
   1.0400000e+02	   2.0200000e+02	   3.0600000e+02	   1.4000000e+01	   4.0000000e+00	   1.7000000e+00	   3.0150000e+00	   9.9500000e-01	   3.0000000e+00	   1.0000000e+00	   2.0000000e+00	   1.0000000e+00	   7.7800000e+02	
   1.0700000e+02	   2.1100000e+02	   1.0600000e+02	   4.0000000e+00	   1.0000000e+00	   1.7700000e+00	   1.9400000e+00	   6.0500000e-01	   2.0000000e+00	   3.0000000e+00	   1.0000000e+00	   3.0000000e+00	   2.0450000e+03	
   2.0900000e+02	   2.1400000e+02	   3.0200000e+02	   1.3000000e+01	   3.0000000e+00	   2.9050000e+00	   2.0750000e+00	   7.8000000e-01	   3.0000000e+00	   1.0000000e+00	   2.0000000e+00	   3.0000000e+00	   1.5210000e+03	
   3.1300000e+02	   3.1400000e+02	   1.0600000e+02	   4.0000000e+00	   3.0000000e+00	   2.2700000e+00	   2.8300000e+00	   6.0500000e-01	   3.0000000e+00	   2.0000000e+00	   1.0000000e+00	   2.0000000e+00	   6.3400000e+03	
   1.0700000e+02	   2.0800000e+02	   1.1600000e+02	   8.0000000e+00	   5.0000000e+00	   1.7700000e+00	   4.8600000e+00	   1.1350000e+00	   1.0000000e+00	   2.0000000e+00	   3.0000000e+00	   2.0000000e+00	   6.1600000e+02	
   1.0400000e+02	   2.0900000e+02	   3.1200000e+02	   1.5000000e+01	   4.0000000e+00	   1.7000000e+00	   2.9050000e+00	   2.4000000e-01	   2.0000000e+00	   1.0000000e+00	   3.0000000e+00	   1.0000000e+00	   2.1690000e+03	
   2.0200000e+02	   3.0700000e+02	   1.1500000e+02	   7.0000000e+00	   5.0000000e+00	   3.0150000e+00	   1.6150000e+00	   1.0800000e+00	   1.0000000e+00	   3.0000000e+00	   2.0000000e+00	   1.0000000e+00	   9.3100000e+02	
   2.0800000e+02	   3.0700000e+02	   1.0200000e+02	   1.0000000e+00	   5.0000000e+00	   4.8600000e+00	   1.6150000e+00	   7.3500000e-01	   1.0000000e+00	   3.0000000e+00	   2.0000000e+00	   1.0000000e+00	   6.0000000e+02	
   2.1100000e+02	   2.1400000e+02	   2.0300000e+02	   9.0000000e+00	   1.0000000e+00	   1.9400000e+00	   2.0750000e+00	   1.0050000e+00	   3.0000000e+00	   1.0000000e+00	   2.0000000e+00	   1.0000000e+00	   1.8570000e+03	
   2.0800000e+02	   3.0700000e+02	   3.0200000e+02	   1.3000000e+01	   5.0000000e+00	   4.8600000e+00	   1.6150000e+00	   7.8000000e-01	   1.0000000e+00	   2.0000000e+00	   3.0000000e+00	   1.0000000e+00	   5.0400000e+02	
   1.1300000e+02	   3.0300000e+02	   1.1600000e+02	   8.0000000e+00	   2.0000000e+00	   1.5500000e+00	   1.8150000e+00	   1.1350000e+00	   3.0000000e+00	   2.0000000e+00	   1.0000000e+00	   3.0000000e+00	   4.7380000e+03	
   2.0600000e+02	   2.1400000e+02	   1.0500000e+02	   3.0000000e+00	   3.0000000e+00	   3.0200000e+00	   2.0750000e+00	   9.9500000e-01	   3.0000000e+00	   2.0000000e+00	   1.0000000e+00	   3.0000000e+00	   2.6980000e+03	
   1.0700000e+02	   1.1300000e+02	   3.1200000e+02	   1.5000000e+01	   2.0000000e+00	   1.7700000e+00	   1.5500000e+00	   2.4000000e-01	   1.0000000e+00	   3.0000000e+00	   2.0000000e+00	   3.0000000e+00	   3.2440000e+03	
   2.0200000e+02	   3.1300000e+02	   2.1500000e+02	   1.1000000e+01	   3.0000000e+00	   3.0150000e+00	   2.2700000e+00	   5.3500000e-01	   3.0000000e+00	   2.0000000e+00	   1.0000000e+00	   3.0000000e+00	   1.9480000e+03	
   1.1100000e+02	   1.1300000e+02	   2.0500000e+02	   1.0000000e+01	   2.0000000e+00	   1.9600000e+00	   1.5500000e+00	   1.0250000e+00	   3.0000000e+00	   1.0000000e+00	   2.0000000e+00	   1.0000000e+00	   5.1880000e+03	
   2.0600000e+02	   2.1400000e+02	   1.0300000e+02	   2.0000000e+00	   3.0000000e+00	   3.0200000e+00	   2.0750000e+00	   1.0400000e+00	   2.0000000e+00	   1.0000000e+00	   3.0000000e+00	   2.0000000e+00	   9.5500000e+02	
   1.0400000e+02	   2.0900000e+02	   3.0100000e+02	   1.2000000e+01	   4.0000000e+00	   1.7000000e+00	   2.9050000e+00	   0.0000000e+00	   2.0000000e+00	   1.0000000e+00	   3.0000000e+00	   1.0000000e+00	   5.3890000e+03	
   1.0700000e+02	   3.1300000e+02	   1.1500000e+02	   7.0000000e+00	   2.0000000e+00	   1.7700000e+00	   2.2700000e+00	   1.0800000e+00	   2.0000000e+00	   3.0000000e+00	   1.0000000e+00	   3.0000000e+00	   1.1689000e+04	
   2.1400000e+02	   3.0300000e+02	   1.1600000e+02	   8.0000000e+00	   2.0000000e+00	   2.0750000e+00	   1.8150000e+00	   1.1350000e+00	   2.0000000e+00	   1.0000000e+00	   3.0000000e+00	   2.0000000e+00	   1.6220000e+03	
   2.1300000e+02	   3.1400000e+02	   1.0600000e+02	   4.0000000e+00	   2.0000000e+00	   3.0600000e+00	   2.8300000e+00	   6.0500000e-01	   1.0000000e+00	   2.0000000e+00	   3.0000000e+00	   1.0000000e+00	   9.7800000e+02	
   1.0400000e+02	   2.0200000e+02	   1.1600000e+02	   8.0000000e+00	   4.0000000e+00	   1.7000000e+00	   3.0150000e+00	   1.1350000e+00	   1.0000000e+00	   2.0000000e+00	   3.0000000e+00	   2.0000000e+00	   6.7700000e+02	
   1.1300000e+02	   3.1300000e+02	   1.0200000e+02	   1.0000000e+00	   3.0000000e+00	   1.5500000e+00	   2.2700000e+00	   7.3500000e-01	   2.0000000e+00	   1.0000000e+00	   3.0000000e+00	   1.0000000e+00	   2.1320000e+03	
   1.0700000e+02	   1.1300000e+02	   1.0600000e+02	   4.0000000e+00	   2.0000000e+00	   1.7700000e+00	   1.5500000e+00	   6.0500000e-01	   3.0000000e+00	   2.0000000e+00	   1.0000000e+00	   2.0000000e+00	   1.6640000e+03	
   1.0700000e+02	   1.1100000e+02	   1.0200000e+02	   1.0000000e+00	   2.0000000e+00	   1.7700000e+00	   1.9600000e+00	   7.3500000e-01	   3.0000000e+00	   1.0000000e+00	   2.0000000e+00	   1.0000000e+00	   1.6440000e+03	
   2.1100000e+02	   3.0300000e+02	   1.0500000e+02	   3.0000000e+00	   1.0000000e+00	   1.9400000e+00	   1.8150000e+00	   9.9500000e-01	   2.0000000e+00	   1.0000000e+00	   3.0000000e+00	   2.0000000e+00	   1.0330000e+03	
   1.0400000e+02	   3.1400000e+02	   2.0500000e+02	   1.0000000e+01	   4.0000000e+00	   1.7000000e+00	   2.8300000e+00	   1.0250000e+00	   1.0000000e+00	   2.0000000e+00	   3.0000000e+00	   1.0000000e+00	   2.0090000e+03	
   1.1300000e+02	   2.0200000e+02	   1.1500000e+02	   7.0000000e+00	   5.0000000e+00	   1.5500000e+00	   3.0150000e+00	   1.0800000e+00	   2.0000000e+00	   3.0000000e+00	   1.0000000e+00	   3.0000000e+00	   1.2930000e+03	
   2.0600000e+02	   2.0800000e+02	   1.0500000e+02	   3.0000000e+00	   5.0000000e+00	   3.0200000e+00	   4.8600000e+00	   9.9500000e-01	   3.0000000e+00	   1.0000000e+00	   2.0000000e+00	   1.0000000e+00	   5.4800000e+02	
   1.1300000e+02	   2.0900000e+02	   1.0300000e+02	   2.0000000e+00	   4.0000000e+00	   1.5500000e+00	   2.9050000e+00	   1.0400000e+00	   2.0000000e+00	   3.0000000e+00	   1.0000000e+00	   3.0000000e+00	   8.8200000e+02	
   1.0400000e+02	   1.1100000e+02	   3.0100000e+02	   1.2000000e+01	   2.0000000e+00	   1.7000000e+00	   1.9600000e+00	   0.0000000e+00	   2.0000000e+00	   3.0000000e+00	   1.0000000e+00	   2.0000000e+00	   2.8410000e+03	
   1.1100000e+02	   2.0600000e+02	   1.0500000e+02	   3.0000000e+00	   4.0000000e+00	   1.9600000e+00	   3.0200000e+00	   9.9500000e-01	   3.0000000e+00	   2.0000000e+00	   1.0000000e+00	   2.0000000e+00	   8.7800000e+02	
   2.1100000e+02	   2.1400000e+02	   2.0500000e+02	   1.0000000e+01	   1.0000000e+00	   1.9400000e+00	   2.0750000e+00	   1.0250000e+00	   3.0000000e+00	   1.0000000e+00	   2.0000000e+00	   3.0000000e+00	   1.3460000e+03	
   1.1300000e+02	   3.1300000e+02	   1.0800000e+02	   5.0000000e+00	   3.0000000e+00	   1.5500000e+00	   2.2700000e+00	   6.6500000e-01	   2.0000000e+00	   1.0000000e+00	   3.0000000e+00	   1.0000000e+00	   1.7570000e+03	
   2.0200000e+02	   2.0800000e+02	   1.1600000e+02	   8.0000000e+00	   5.0000000e+00	   3.0150000e+00	   4.8600000e+00	   1.1350000e+00	   2.0000000e+00	   3.0000000e+00	   1.0000000e+00	   3.0000000e+00	   3.6720000e+03	
   1.1300000e+02	   2.0800000e+02	   2.0300000e+02	   9.0000000e+00	   5.0000000e+00	   1.5500000e+00	   4.8600000e+00	   1.0050000e+00	   2.0000000e+00	   3.0000000e+00	   1.0000000e+00	   3.0000000e+00	   7.3600000e+02	
   1.0700000e+02	   3.0300000e+02	   1.1500000e+02	   7.0000000e+00	   1.0000000e+00	   1.7700000e+00	   1.8150000e+00	   1.0800000e+00	   2.0000000e+00	   1.0000000e+00	   3.0000000e+00	   1.0000000e+00	   2.5150000e+03	
   2.1100000e+02	   2.1300000e+02	   1.0800000e+02	   5.0000000e+00	   4.0000000e+00	   1.9400000e+00	   3.0600000e+00	   6.6500000e-01	   1.0000000e+00	   2.0000000e+00	   3.0000000e+00	   2.0000000e+00	   1.1400000e+03	
   1.1100000e+02	   3.0700000e+02	   3.0200000e+02	   1.3000000e+01	   2.0000000e+00	   1.9600000e+00	   1.6150000e+00	   7.8000000e-01	   2.0000000e+00	   1.0000000e+00	   3.0000000e+00	   2.0000000e+00	   4.3540000e+03	
   2.1300000e+02	   3.1400000e+02	   3.0100000e+02	   1.2000000e+01	   2.0000000e+00	   3.0600000e+00	   2.8300000e+00	   0.0000000e+00	   2.0000000e+00	   1.0000000e+00	   3.0000000e+00	   2.0000000e+00	   9.8800000e+02	
   1.1100000e+02	   2.1100000e+02	   2.0300000e+02	   9.0000000e+00	   1.0000000e+00	   1.9600000e+00	   1.9400000e+00	   1.0050000e+00	   2.0000000e+00	   3.0000000e+00	   1.0000000e+00	   3.0000000e+00	   2.2310000e+03	
   1.1300000e+02	   2.1300000e+02	   3.0100000e+02	   1.2000000e+01	   5.0000000e+00	   1.5500000e+00	   3.0600000e+00	   0.0000000e+00	   3.0000000e+00	   1.0000000e+00	   2.0000000e+00	   1.0000000e+00	   1.0840000e+03	
   1.1100000e+02	   3.0700000e+02	   1.0500000e+02	   3.0000000e+00	   2.0000000e+00	   1.9600000e+00	   1.6150000e+00	   9.9500000e-01	   1.0000000e+00	   3.0000000e+00	   2.0000000e+00	   1.0000000e+00	   2.8460000e+03	
   1.0400000e+02	   2.1400000e+02	   3.1200000e+02	   1.5000000e+01	   2.0000000e+00	   1.7000000e+00	   2.0750000e+00	   2.4000000e-01	   1.0000000e+00	   2.0000000e+00	   3.0000000e+00	   2.0000000e+00	   1.2500000e+03	
   2.0600000e+02	   2.1100000e+02	   1.0800000e+02	   5.0000000e+00	   4.0000000e+00	   3.0200000e+00	   1.9400000e+00	   6.6500000e-01	   3.0000000e+00	   2.0000000e+00	   1.0000000e+00	   3.0000000e+00	   6.0500000e+02	
   3.0300000e+02	   3.1400000e+02	   2.0300000e+02	   9.0000000e+00	   3.0000000e+00	   1.8150000e+00	   2.8300000e+00	   1.0050000e+00	   3.0000000e+00	   1.0000000e+00	   2.0000000e+00	   1.0000000e+00	   2.8800000e+03	
   2.0200000e+02	   2.0900000e+02	   1.0300000e+02	   2.0000000e+00	   1.0000000e+00	   3.0150000e+00	   2.9050000e+00	   1.0400000e+00	   2.0000000e+00	   1.0000000e+00	   3.0000000e+00	   2.0000000e+00	   1.4390000e+03	
   2.0200000e+02	   3.1300000e+02	   1.1500000e+02	   7.0000000e+00	   3.0000000e+00	   3.0150000e+00	   2.2700000e+00	   1.0800000e+00	   1.0000000e+00	   3.0000000e+00	   2.0000000e+00	   1.0000000e+00	   2.9210000e+03	
   3.0300000e+02	   3.1300000e+02	   3.0200000e+02	   1.3000000e+01	   2.0000000e+00	   1.8150000e+00	   2.2700000e+00	   7.8000000e-01	   3.0000000e+00	   1.0000000e+00	   2.0000000e+00	   1.0000000e+00	   1.3860000e+03	
   2.0200000e+02	   2.1100000e+02	   1.1500000e+02	   7.0000000e+00	   4.0000000e+00	   3.0150000e+00	   1.9400000e+00	   1.0800000e+00	   3.0000000e+00	   1.0000000e+00	   2.0000000e+00	   3.0000000e+00	   1.0120000e+03	
   2.1300000e+02	   3.1400000e+02	   1.0300000e+02	   2.0000000e+00	   2.0000000e+00	   3.0600000e+00	   2.8300000e+00	   1.0400000e+00	   1.0000000e+00	   3.0000000e+00	   2.0000000e+00	   1.0000000e+00	   8.0900000e+02	
   1.0400000e+02	   2.0900000e+02	   2.0300000e+02	   9.0000000e+00	   4.0000000e+00	   1.7000000e+00	   2.9050000e+00	   1.0050000e+00	   1.0000000e+00	   3.0000000e+00	   2.0000000e+00	   3.0000000e+00	   5.8500000e+02	
   1.0700000e+02	   2.0200000e+02	   1.1400000e+02	   6.0000000e+00	   4.0000000e+00	   1.7700000e+00	   3.0150000e+00	   1.0650000e+00	   3.0000000e+00	   2.0000000e+00	   1.0000000e+00	   2.0000000e+00	   6.7400000e+02	
   2.0900000e+02	   3.0300000e+02	   1.0200000e+02	   1.0000000e+00	   4.0000000e+00	   2.9050000e+00	   1.8150000e+00	   7.3500000e-01	   3.0000000e+00	   2.0000000e+00	   1.0000000e+00	   3.0000000e+00	   1.4920000e+03	
   1.0700000e+02	   1.1100000e+02	   1.0300000e+02	   2.0000000e+00	   2.0000000e+00	   1.7700000e+00	   1.9600000e+00	   1.0400000e+00	   3.0000000e+00	   1.0000000e+00	   2.0000000e+00	   1.0000000e+00	   3.0840000e+03	
   1.0400000e+02	   1.0700000e+02	   3.0100000e+02	   1.2000000e+01	   1.0000000e+00	   1.7000000e+00	   1.7700000e+00	   0.0000000e+00	   2.0000000e+00	   3.0000000e+00	   1.0000000e+00	   2.0000000e+00	   1.2480000e+03	
   1.1300000e+02	   2.0800000e+02	   1.0500000e+02	   3.0000000e+00	   5.0000000e+00	   1.5500000e+00	   4.8600000e+00	   9.9500000e-01	   3.0000000e+00	   2.0000000e+00	   1.0000000e+00	   2.0000000e+00	   5.1300000e+02	
   3.0700000e+02	   3.1400000e+02	   2.0500000e+02	   1.0000000e+01	   4.0000000e+00	   1.6150000e+00	   2.8300000e+00	   1.0250000e+00	   3.0000000e+00	   1.0000000e+00	   2.0000000e+00	   1.0000000e+00	   2.6430000e+03	
   2.0800000e+02	   3.1300000e+02	   1.0300000e+02	   2.0000000e+00	   5.0000000e+00	   4.8600000e+00	   2.2700000e+00	   1.0400000e+00	   3.0000000e+00	   2.0000000e+00	   1.0000000e+00	   3.0000000e+00	   5.2600000e+02	
   1.0700000e+02	   3.0700000e+02	   1.0800000e+02	   5.0000000e+00	   1.0000000e+00	   1.7700000e+00	   1.6150000e+00	   6.6500000e-01	   2.0000000e+00	   3.0000000e+00	   1.0000000e+00	   3.0000000e+00	   2.2110000e+03	
   1.1300000e+02	   2.1300000e+02	   1.1500000e+02	   7.0000000e+00	   5.0000000e+00	   1.5500000e+00	   3.0600000e+00	   1.0800000e+00	   3.0000000e+00	   1.0000000e+00	   2.0000000e+00	   1.0000000e+00	   7.3900000e+02	
   2.0600000e+02	   2.1100000e+02	   1.0200000e+02	   1.0000000e+00	   4.0000000e+00	   3.0200000e+00	   1.9400000e+00	   7.3500000e-01	   1.0000000e+00	   2.0000000e+00	   3.0000000e+00	   1.0000000e+00	   9.4200000e+02	
   3.0700000e+02	   3.1300000e+02	   2.0500000e+02	   1.0000000e+01	   3.0000000e+00	   1.6150000e+00	   2.2700000e+00	   1.0250000e+00	   1.0000000e+00	   3.0000000e+00	   2.0000000e+00	   3.0000000e+00	   1.5240000e+03	
   1.0700000e+02	   1.1100000e+02	   3.0100000e+02	   1.2000000e+01	   2.0000000e+00	   1.7700000e+00	   1.9600000e+00	   0.0000000e+00	   3.0000000e+00	   2.0000000e+00	   1.0000000e+00	   2.0000000e+00	   2.1120000e+03	
   1.1300000e+02	   2.0200000e+02	   1.0800000e+02	   5.0000000e+00	   5.0000000e+00	   1.5500000e+00	   3.0150000e+00	   6.6500000e-01	   3.0000000e+00	   1.0000000e+00	   2.0000000e+00	   1.0000000e+00	   6.2000000e+02	
   2.0600000e+02	   2.1400000e+02	   3.0600000e+02	   1.4000000e+01	   3.0000000e+00	   3.0200000e+00	   2.0750000e+00	   9.9500000e-01	   1.0000000e+00	   2.0000000e+00	   3.0000000e+00	   1.0000000e+00	   5.6900000e+02	
   2.0800000e+02	   3.1300000e+02	   1.1400000e+02	   6.0000000e+00	   5.0000000e+00	   4.8600000e+00	   2.2700000e+00	   1.0650000e+00	   1.0000000e+00	   2.0000000e+00	   3.0000000e+00	   1.0000000e+00	   7.8200000e+02	
   2.0800000e+02	   2.1100000e+02	   2.1500000e+02	   1.1000000e+01	   5.0000000e+00	   4.8600000e+00	   1.9400000e+00	   5.3500000e-01	   1.0000000e+00	   3.0000000e+00	   2.0000000e+00	   1.0000000e+00	   6.7000000e+02	
   1.1100000e+02	   3.1300000e+02	   1.1500000e+02	   7.0000000e+00	   2.0000000e+00	   1.9600000e+00	   2.2700000e+00	   1.0800000e+00	   1.0000000e+00	   2.0000000e+00	   3.0000000e+00	   2.0000000e+00	   1.3390000e+03	
   2.0200000e+02	   2.0600000e+02	   2.1500000e+02	   1.1000000e+01	   1.0000000e+00	   3.0150000e+00	   3.0200000e+00	   5.3500000e-01	   2.0000000e+00	   3.0000000e+00	   1.0000000e+00	   3.0000000e+00	   5.2000000e+02	
   2.1400000e+02	   3.1400000e+02	   1.0300000e+02	   2.0000000e+00	   3.0000000e+00	   2.0750000e+00	   2.8300000e+00	   1.0400000e+00	   2.0000000e+00	   3.0000000e+00	   1.0000000e+00	   2.0000000e+00	   1.3380000e+03	
   1.1100000e+02	   2.1300000e+02	   1.1400000e+02	   6.0000000e+00	   4.0000000e+00	   1.9600000e+00	   3.0600000e+00	   1.0650000e+00	   1.0000000e+00	   2.0000000e+00	   3.0000000e+00	   2.0000000e+00	   8.6400000e+02	
   2.0900000e+02	   2.1300000e+02	   2.1500000e+02	   1.1000000e+01	   1.0000000e+00	   2.9050000e+00	   3.0600000e+00	   5.3500000e-01	   3.0000000e+00	   1.0000000e+00	   2.0000000e+00	   1.0000000e+00	   2.0930000e+03	
   2.1300000e+02	   3.0700000e+02	   1.1400000e+02	   6.0000000e+00	   5.0000000e+00	   3.0600000e+00	   1.6150000e+00	   1.0650000e+00	   2.0000000e+00	   3.0000000e+00	   1.0000000e+00	   2.0000000e+00	   1.4270000e+03	
   1.0700000e+02	   2.0600000e+02	   1.1600000e+02	   8.0000000e+00	   4.0000000e+00	   1.7700000e+00	   3.0200000e+00	   1.1350000e+00	   3.0000000e+00	   2.0000000e+00	   1.0000000e+00	   2.0000000e+00	   7.4800000e+02	
   2.1300000e+02	   3.1400000e+02	   3.0200000e+02	   1.3000000e+01	   2.0000000e+00	   3.0600000e+00	   2.8300000e+00	   7.8000000e-01	   1.0000000e+00	   3.0000000e+00	   2.0000000e+00	   1.0000000e+00	   1.6010000e+03	
   2.0800000e+02	   2.1400000e+02	   2.0300000e+02	   9.0000000e+00	   5.0000000e+00	   4.8600000e+00	   2.0750000e+00	   1.0050000e+00	   2.0000000e+00	   3.0000000e+00	   1.0000000e+00	   2.0000000e+00	   6.4600000e+02	
   2.0600000e+02	   2.1300000e+02	   1.0300000e+02	   2.0000000e+00	   1.0000000e+00	   3.0200000e+00	   3.0600000e+00	   1.0400000e+00	   1.0000000e+00	   3.0000000e+00	   2.0000000e+00	   1.0000000e+00	   6.6500000e+02	
   1.0400000e+02	   2.1100000e+02	   1.0800000e+02	   5.0000000e+00	   2.0000000e+00	   1.7000000e+00	   1.9400000e+00	   6.6500000e-01	   2.0000000e+00	   3.0000000e+00	   1.0000000e+00	   3.0000000e+00	   8.1600000e+02	
   2.0900000e+02	   3.0300000e+02	   3.0200000e+02	   1.3000000e+01	   4.0000000e+00	   2.9050000e+00	   1.8150000e+00	   7.8000000e-01	   2.0000000e+00	   3.0000000e+00	   1.0000000e+00	   2.0000000e+00	   5.8200000e+02	
   2.0600000e+02	   3.1400000e+02	   1.0300000e+02	   2.0000000e+00	   2.0000000e+00	   3.0200000e+00	   2.8300000e+00	   1.0400000e+00	   3.0000000e+00	   1.0000000e+00	   2.0000000e+00	   3.0000000e+00	   5.4200000e+02	
   2.0200000e+02	   2.0600000e+02	   3.0100000e+02	   1.2000000e+01	   1.0000000e+00	   3.0150000e+00	   3.0200000e+00	   0.0000000e+00	   3.0000000e+00	   1.0000000e+00	   2.0000000e+00	   3.0000000e+00	   1.4790000e+03	
   1.1300000e+02	   2.0900000e+02	   1.0600000e+02	   4.0000000e+00	   4.0000000e+00	   1.5500000e+00	   2.9050000e+00	   6.0500000e-01	   2.0000000e+00	   3.0000000e+00	   1.0000000e+00	   3.0000000e+00	   9.0700000e+02	
   2.0200000e+02	   3.1300000e+02	   1.1600000e+02	   8.0000000e+00	   3.0000000e+00	   3.0150000e+00	   2.2700000e+00	   1.1350000e+00	   2.0000000e+00	   3.0000000e+00	   1.0000000e+00	   2.0000000e+00	   1.0240000e+03	
   1.0700000e+02	   1.1300000e+02	   2.1500000e+02	   1.1000000e+01	   2.0000000e+00	   1.7700000e+00	   1.5500000e+00	   5.3500000e-01	   3.0000000e+00	   1.0000000e+00	   2.0000000e+00	   1.0000000e+00	   2.3100000e+03	
   1.0700000e+02	   3.1400000e+02	   1.0600000e+02	   4.0000000e+00	   3.0000000e+00	   1.7700000e+00	   2.8300000e+00	   6.0500000e-01	   3.0000000e+00	   2.0000000e+00	   1.0000000e+00	   2.0000000e+00	   1.3140000e+03	
   1.0700000e+02	   2.1100000e+02	   3.0600000e+02	   1.4000000e+01	   1.0000000e+00	   1.7700000e+00	   1.9400000e+00	   9.9500000e-01	   3.0000000e+00	   1.0000000e+00	   2.0000000e+00	   1.0000000e+00	   8.6800000e+02	
   2.0600000e+02	   2.0800000e+02	   3.0100000e+02	   1.2000000e+01	   5.0000000e+00	   3.0200000e+00	   4.8600000e+00	   0.0000000e+00	   3.0000000e+00	   1.0000000e+00	   2.0000000e+00	   1.0000000e+00	   6.2000000e+02	
   1.1100000e+02	   2.0900000e+02	   3.1200000e+02	   1.5000000e+01	   3.0000000e+00	   1.9600000e+00	   2.9050000e+00	   2.4000000e-01	   1.0000000e+00	   3.0000000e+00	   2.0000000e+00	   3.0000000e+00	   8.7800000e+02	
   1.0700000e+02	   3.1300000e+02	   1.0600000e+02	   4.0000000e+00	   2.0000000e+00	   1.7700000e+00	   2.2700000e+00	   6.0500000e-01	   2.0000000e+00	   1.0000000e+00	   3.0000000e+00	   1.0000000e+00	   1.5760000e+03	
   2.0200000e+02	   3.0300000e+02	   3.0100000e+02	   1.2000000e+01	   4.0000000e+00	   3.0150000e+00	   1.8150000e+00	   0.0000000e+00	   3.0000000e+00	   1.0000000e+00	   2.0000000e+00	   3.0000000e+00	   9.8800000e+02	
   1.0700000e+02	   2.1400000e+02	   1.0800000e+02	   5.0000000e+00	   2.0000000e+00	   1.7700000e+00	   2.0750000e+00	   6.6500000e-01	   2.0000000e+00	   3.0000000e+00	   1.0000000e+00	   3.0000000e+00	   9.3100000e+02	
   2.0800000e+02	   3.1400000e+02	   3.0200000e+02	   1.3000000e+01	   5.0000000e+00	   4.8600000e+00	   2.8300000e+00	   7.8000000e-01	   3.0000000e+00	   2.0000000e+00	   1.0000000e+00	   3.0000000e+00	   5.8300000e+02	
   2.1400000e+02	   3.0300000e+02	   2.1500000e+02	   1.1000000e+01	   2.0000000e+00	   2.0750000e+00	   1.8150000e+00	   5.3500000e-01	   3.0000000e+00	   2.0000000e+00	   1.0000000e+00	   3.0000000e+00	   3.0650000e+03	
   1.0400000e+02	   2.1300000e+02	   3.0600000e+02	   1.4000000e+01	   5.0000000e+00	   1.7000000e+00	   3.0600000e+00	   9.9500000e-01	   1.0000000e+00	   2.0000000e+00	   3.0000000e+00	   2.0000000e+00	   4.3530000e+03	
   2.0600000e+02	   3.1400000e+02	   2.1500000e+02	   1.1000000e+01	   2.0000000e+00	   3.0200000e+00	   2.8300000e+00	   5.3500000e-01	   1.0000000e+00	   2.0000000e+00	   3.0000000e+00	   1.0000000e+00	   8.7600000e+02	
   2.0800000e+02	   2.1300000e+02	   1.0500000e+02	   3.0000000e+00	   5.0000000e+00	   4.8600000e+00	   3.0600000e+00	   9.9500000e-01	   2.0000000e+00	   1.0000000e+00	   3.0000000e+00	   2.0000000e+00	   6.5400000e+02	
   2.1100000e+02	   3.1400000e+02	   2.1500000e+02	   1.1000000e+01	   3.0000000e+00	   1.9400000e+00	   2.8300000e+00	   5.3500000e-01	   1.0000000e+00	   2.0000000e+00	   3.0000000e+00	   1.0000000e+00	   3.4820000e+03	
   2.1100000e+02	   3.1300000e+02	   2.0500000e+02	   1.0000000e+01	   2.0000000e+00	   1.9400000e+00	   2.2700000e+00	   1.0250000e+00	   2.0000000e+00	   1.0000000e+00	   3.0000000e+00	   2.0000000e+00	   1.4080000e+03	
   1.1100000e+02	   3.0300000e+02	   1.1400000e+02	   6.0000000e+00	   1.0000000e+00	   1.9600000e+00	   1.8150000e+00	   1.0650000e+00	   2.0000000e+00	   1.0000000e+00	   3.0000000e+00	   1.0000000e+00	   8.0200000e+02	
   2.1300000e+02	   3.1400000e+02	   2.0300000e+02	   9.0000000e+00	   2.0000000e+00	   3.0600000e+00	   2.8300000e+00	   1.0050000e+00	   3.0000000e+00	   1.0000000e+00	   2.0000000e+00	   3.0000000e+00	   1.0420000e+03	
   2.0600000e+02	   3.0700000e+02	   1.0800000e+02	   5.0000000e+00	   5.0000000e+00	   3.0200000e+00	   1.6150000e+00	   6.6500000e-01	   1.0000000e+00	   2.0000000e+00	   3.0000000e+00	   1.0000000e+00	   7.0600000e+02	
   1.1100000e+02	   2.0800000e+02	   3.1200000e+02	   1.5000000e+01	   5.0000000e+00	   1.9600000e+00	   4.8600000e+00	   2.4000000e-01	   2.0000000e+00	   1.0000000e+00	   3.0000000e+00	   1.0000000e+00	   5.5000000e+02	
   1.0400000e+02	   2.0200000e+02	   1.1500000e+02	   7.0000000e+00	   4.0000000e+00	   1.7000000e+00	   3.0150000e+00	   1.0800000e+00	   3.0000000e+00	   1.0000000e+00	   2.0000000e+00	   1.0000000e+00	   7.8900000e+02	
   1.0400000e+02	   3.0700000e+02	   2.0500000e+02	   1.0000000e+01	   1.0000000e+00	   1.7000000e+00	   1.6150000e+00	   1.0250000e+00	   3.0000000e+00	   2.0000000e+00	   1.0000000e+00	   3.0000000e+00	   1.3980000e+03	
   1.0700000e+02	   3.0700000e+02	   1.1400000e+02	   6.0000000e+00	   1.0000000e+00	   1.7700000e+00	   1.6150000e+00	   1.0650000e+00	   2.0000000e+00	   3.0000000e+00	   1.0000000e+00	   3.0000000e+00	   8.5300000e+02	
   1.0700000e+02	   3.0700000e+02	   3.1200000e+02	   1.5000000e+01	   1.0000000e+00	   1.7700000e+00	   1.6150000e+00	   2.4000000e-01	   2.0000000e+00	   1.0000000e+00	   3.0000000e+00	   1.0000000e+00	   9.6600000e+02	
   1.1300000e+02	   2.1400000e+02	   1.1500000e+02	   7.0000000e+00	   3.0000000e+00	   1.5500000e+00	   2.0750000e+00	   1.0800000e+00	   3.0000000e+00	   1.0000000e+00	   2.0000000e+00	   3.0000000e+00	   1.1330000e+03	
   2.0800000e+02	   2.1300000e+02	   1.0300000e+02	   2.0000000e+00	   5.0000000e+00	   4.8600000e+00	   3.0600000e+00	   1.0400000e+00	   3.0000000e+00	   2.0000000e+00	   1.0000000e+00	   3.0000000e+00	   8.6000000e+02	
   1.0400000e+02	   2.0900000e+02	   1.0800000e+02	   5.0000000e+00	   4.0000000e+00	   1.7000000e+00	   2.9050000e+00	   6.6500000e-01	   1.0000000e+00	   2.0000000e+00	   3.0000000e+00	   2.0000000e+00	   1.2460000e+03	
   1.0700000e+02	   2.1100000e+02	   1.1500000e+02	   7.0000000e+00	   1.0000000e+00	   1.7700000e+00	   1.9400000e+00	   1.0800000e+00	   1.0000000e+00	   2.0000000e+00	   3.0000000e+00	   2.0000000e+00	   7.6300000e+02	
   1.0700000e+02	   2.0200000e+02	   1.0600000e+02	   4.0000000e+00	   4.0000000e+00	   1.7700000e+00	   3.0150000e+00	   6.0500000e-01	   1.0000000e+00	   3.0000000e+00	   2.0000000e+00	   3.0000000e+00	   8.3200000e+02	
   2.1400000e+02	   3.1300000e+02	   1.0800000e+02	   5.0000000e+00	   2.0000000e+00	   2.0750000e+00	   2.2700000e+00	   6.6500000e-01	   2.0000000e+00	   1.0000000e+00	   3.0000000e+00	   2.0000000e+00	   8.5300000e+02	
   1.0400000e+02	   3.0700000e+02	   1.1600000e+02	   8.0000000e+00	   1.0000000e+00	   1.7000000e+00	   1.6150000e+00	   1.1350000e+00	   1.0000000e+00	   3.0000000e+00	   2.0000000e+00	   1.0000000e+00	   1.2170000e+03	
   2.1300000e+02	   3.0700000e+02	   1.1500000e+02	   7.0000000e+00	   5.0000000e+00	   3.0600000e+00	   1.6150000e+00	   1.0800000e+00	   3.0000000e+00	   1.0000000e+00	   2.0000000e+00	   3.0000000e+00	   7.5600000e+02	
   1.1100000e+02	   2.1100000e+02	   1.0500000e+02	   3.0000000e+00	   1.0000000e+00	   1.9600000e+00	   1.9400000e+00	   9.9500000e-01	   3.0000000e+00	   1.0000000e+00	   2.0000000e+00	   1.0000000e+00	   1.0560000e+03	
   1.1100000e+02	   3.0700000e+02	   1.0200000e+02	   1.0000000e+00	   2.0000000e+00	   1.9600000e+00	   1.6150000e+00	   7.3500000e-01	   3.0000000e+00	   2.0000000e+00	   1.0000000e+00	   3.0000000e+00	   3.0120000e+04	
   1.1300000e+02	   3.1400000e+02	   3.0600000e+02	   1.4000000e+01	   4.0000000e+00	   1.5500000e+00	   2.8300000e+00	   9.9500000e-01	   2.0000000e+00	   3.0000000e+00	   1.0000000e+00	   2.0000000e+00	   1.7150000e+03	
   1.0700000e+02	   3.0300000e+02	   1.0800000e+02	   5.0000000e+00	   1.0000000e+00	   1.7700000e+00	   1.8150000e+00	   6.6500000e-01	   3.0000000e+00	   2.0000000e+00	   1.0000000e+00	   2.0000000e+00	   9.9400000e+02	
   2.0200000e+02	   2.0600000e+02	   2.0300000e+02	   9.0000000e+00	   1.0000000e+00	   3.0150000e+00	   3.0200000e+00	   1.0050000e+00	   3.0000000e+00	   2.0000000e+00	   1.0000000e+00	   3.0000000e+00	   1.4680000e+03	
   3.0300000e+02	   3.1300000e+02	   1.1400000e+02	   6.0000000e+00	   2.0000000e+00	   1.8150000e+00	   2.2700000e+00	   1.0650000e+00	   3.0000000e+00	   1.0000000e+00	   2.0000000e+00	   3.0000000e+00	   7.7300000e+02	
   2.0600000e+02	   3.0300000e+02	   1.1600000e+02	   8.0000000e+00	   4.0000000e+00	   3.0200000e+00	   1.8150000e+00	   1.1350000e+00	   3.0000000e+00	   2.0000000e+00	   1.0000000e+00	   3.0000000e+00	   1.1890000e+03	
   1.0700000e+02	   3.0300000e+02	   1.1400000e+02	   6.0000000e+00	   1.0000000e+00	   1.7700000e+00	   1.8150000e+00	   1.0650000e+00	   3.0000000e+00	   2.0000000e+00	   1.0000000e+00	   3.0000000e+00	   3.3890000e+03	
   1.1100000e+02	   3.1400000e+02	   1.1400000e+02	   6.0000000e+00	   3.0000000e+00	   1.9600000e+00	   2.8300000e+00	   1.0650000e+00	   3.0000000e+00	   1.0000000e+00	   2.0000000e+00	   1.0000000e+00	   7.6800000e+02	
   1.1100000e+02	   2.0900000e+02	   2.0500000e+02	   1.0000000e+01	   3.0000000e+00	   1.9600000e+00	   2.9050000e+00	   1.0250000e+00	   3.0000000e+00	   2.0000000e+00	   1.0000000e+00	   2.0000000e+00	   8.7700000e+02	
   2.1400000e+02	   3.1300000e+02	   2.0300000e+02	   9.0000000e+00	   2.0000000e+00	   2.0750000e+00	   2.2700000e+00	   1.0050000e+00	   3.0000000e+00	   1.0000000e+00	   2.0000000e+00	   3.0000000e+00	   9.1500000e+02	
   1.1100000e+02	   3.0700000e+02	   1.1400000e+02	   6.0000000e+00	   2.0000000e+00	   1.9600000e+00	   1.6150000e+00	   1.0650000e+00	   3.0000000e+00	   1.0000000e+00	   2.0000000e+00	   3.0000000e+00	   1.0970000e+03	
   2.1400000e+02	   3.0300000e+02	   3.1200000e+02	   1.5000000e+01	   2.0000000e+00	   2.0750000e+00	   1.8150000e+00	   2.4000000e-01	   3.0000000e+00	   1.0000000e+00	   2.0000000e+00	   3.0000000e+00	   8.3100000e+02	
   1.0400000e+02	   1.1100000e+02	   1.1400000e+02	   6.0000000e+00	   2.0000000e+00	   1.7000000e+00	   1.9600000e+00	   1.0650000e+00	   2.0000000e+00	   1.0000000e+00	   3.0000000e+00	   2.0000000e+00	   1.0820000e+03	
   2.0900000e+02	   2.1400000e+02	   1.1600000e+02	   8.0000000e+00	   3.0000000e+00	   2.9050000e+00	   2.0750000e+00	   1.1350000e+00	   3.0000000e+00	   2.0000000e+00	   1.0000000e+00	   2.0000000e+00	   6.6000000e+02	
   2.1300000e+02	   3.1300000e+02	   1.0600000e+02	   4.0000000e+00	   3.0000000e+00	   3.0600000e+00	   2.2700000e+00	   6.0500000e-01	   1.0000000e+00	   2.0000000e+00	   3.0000000e+00	   1.0000000e+00	   8.2100000e+02	
   1.0400000e+02	   1.1300000e+02	   1.0600000e+02	   4.0000000e+00	   1.0000000e+00	   1.7000000e+00	   1.5500000e+00	   6.0500000e-01	   2.0000000e+00	   3.0000000e+00	   1.0000000e+00	   3.0000000e+00	   6.3100000e+02	
   2.0600000e+02	   2.1300000e+02	   2.0500000e+02	   1.0000000e+01	   1.0000000e+00	   3.0200000e+00	   3.0600000e+00	   1.0250000e+00	   3.0000000e+00	   2.0000000e+00	   1.0000000e+00	   3.0000000e+00	   5.8900000e+02	
   2.1300000e+02	   3.1400000e+02	   1.0200000e+02	   1.0000000e+00	   2.0000000e+00	   3.0600000e+00	   2.8300000e+00	   7.3500000e-01	   1.0000000e+00	   2.0000000e+00	   3.0000000e+00	   1.0000000e+00	   1.0040000e+03	
   2.1100000e+02	   3.0300000e+02	   1.0600000e+02	   4.0000000e+00	   1.0000000e+00	   1.9400000e+00	   1.8150000e+00	   6.0500000e-01	   3.0000000e+00	   2.0000000e+00	   1.0000000e+00	   3.0000000e+00	   1.5730000e+03	
   1.0700000e+02	   2.0600000e+02	   1.1500000e+02	   7.0000000e+00	   4.0000000e+00	   1.7700000e+00	   3.0200000e+00	   1.0800000e+00	   1.0000000e+00	   3.0000000e+00	   2.0000000e+00	   3.0000000e+00	   6.0100000e+02	
   1.0400000e+02	   2.1100000e+02	   2.0500000e+02	   1.0000000e+01	   2.0000000e+00	   1.7000000e+00	   1.9400000e+00	   1.0250000e+00	   3.0000000e+00	   1.0000000e+00	   2.0000000e+00	   1.0000000e+00	   1.1110000e+03	
   1.1300000e+02	   2.0200000e+02	   2.1500000e+02	   1.1000000e+01	   5.0000000e+00	   1.5500000e+00	   3.0150000e+00	   5.3500000e-01	   2.0000000e+00	   1.0000000e+00	   3.0000000e+00	   1.0000000e+00	   7.0100000e+02	
   2.0900000e+02	   3.0700000e+02	   3.1200000e+02	   1.5000000e+01	   4.0000000e+00	   2.9050000e+00	   1.6150000e+00	   2.4000000e-01	   3.0000000e+00	   2.0000000e+00	   1.0000000e+00	   3.0000000e+00	   1.0830000e+03	
   2.0200000e+02	   2.1300000e+02	   2.0300000e+02	   9.0000000e+00	   1.0000000e+00	   3.0150000e+00	   3.0600000e+00	   1.0050000e+00	   1.0000000e+00	   3.0000000e+00	   2.0000000e+00	   1.0000000e+00	   5.3300000e+02	
   2.0600000e+02	   3.1300000e+02	   3.0100000e+02	   1.2000000e+01	   3.0000000e+00	   3.0200000e+00	   2.2700000e+00	   0.0000000e+00	   1.0000000e+00	   2.0000000e+00	   3.0000000e+00	   1.0000000e+00	   5.1500000e+02	
   1.0700000e+02	   2.1300000e+02	   1.0600000e+02	   4.0000000e+00	   4.0000000e+00	   1.7700000e+00	   3.0600000e+00	   6.0500000e-01	   2.0000000e+00	   1.0000000e+00	   3.0000000e+00	   1.0000000e+00	   6.5400000e+02	
   1.1100000e+02	   2.0900000e+02	   1.0200000e+02	   1.0000000e+00	   3.0000000e+00	   1.9600000e+00	   2.9050000e+00	   7.3500000e-01	   1.0000000e+00	   3.0000000e+00	   2.0000000e+00	   3.0000000e+00	   6.1700000e+02	
   3.0300000e+02	   3.1300000e+02	   1.1500000e+02	   7.0000000e+00	   2.0000000e+00	   1.8150000e+00	   2.2700000e+00	   1.0800000e+00	   1.0000000e+00	   3.0000000e+00	   2.0000000e+00	   3.0000000e+00	   1.0570000e+03	
   2.1100000e+02	   3.0300000e+02	   2.0500000e+02	   1.0000000e+01	   1.0000000e+00	   1.9400000e+00	   1.8150000e+00	   1.0250000e+00	   3.0000000e+00	   1.0000000e+00	   2.0000000e+00	   3.0000000e+00	   1.5860000e+03	
   2.0200000e+02	   3.0300000e+02	   2.0300000e+02	   9.0000000e+00	   4.0000000e+00	   3.0150000e+00	   1.8150000e+00	   1.0050000e+00	   1.0000000e+00	   3.0000000e+00	   2.0000000e+00	   1.0000000e+00	   6.2800000e+02	
   2.1100000e+02	   2.1400000e+02	   1.1600000e+02	   8.0000000e+00	   1.0000000e+00	   1.9400000e+00	   2.0750000e+00	   1.1350000e+00	   1.0000000e+00	   2.0000000e+00	   3.0000000e+00	   1.0000000e+00	   9.1300000e+02	
   2.0600000e+02	   3.0700000e+02	   1.0600000e+02	   4.0000000e+00	   5.0000000e+00	   3.0200000e+00	   1.6150000e+00	   6.0500000e-01	   1.0000000e+00	   2.0000000e+00	   3.0000000e+00	   1.0000000e+00	   9.6900000e+02	
   2.0600000e+02	   2.0800000e+02	   3.1200000e+02	   1.5000000e+01	   5.0000000e+00	   3.0200000e+00	   4.8600000e+00	   2.4000000e-01	   1.0000000e+00	   3.0000000e+00	   2.0000000e+00	   3.0000000e+00	   6.7400000e+02	
   1.0400000e+02	   2.0600000e+02	   1.1600000e+02	   8.0000000e+00	   4.0000000e+00	   1.7000000e+00	   3.0200000e+00	   1.1350000e+00	   3.0000000e+00	   2.0000000e+00	   1.0000000e+00	   2.0000000e+00	   6.6500000e+02	
   1.0700000e+02	   1.1100000e+02	   3.0600000e+02	   1.4000000e+01	   2.0000000e+00	   1.7700000e+00	   1.9600000e+00	   9.9500000e-01	   2.0000000e+00	   3.0000000e+00	   1.0000000e+00	   3.0000000e+00	   1.5360000e+03	
   2.0600000e+02	   2.1300000e+02	   1.1500000e+02	   7.0000000e+00	   1.0000000e+00	   3.0200000e+00	   3.0600000e+00	   1.0800000e+00	   1.0000000e+00	   3.0000000e+00	   2.0000000e+00	   1.0000000e+00	   6.8000000e+02	
   1.1300000e+02	   2.0900000e+02	   1.0500000e+02	   3.0000000e+00	   4.0000000e+00	   1.5500000e+00	   2.9050000e+00	   9.9500000e-01	   3.0000000e+00	   2.0000000e+00	   1.0000000e+00	   2.0000000e+00	   9.3200000e+02	
   1.0700000e+02	   1.1100000e+02	   2.0300000e+02	   9.0000000e+00	   2.0000000e+00	   1.7700000e+00	   1.9600000e+00	   1.0050000e+00	   3.0000000e+00	   1.0000000e+00	   2.0000000e+00	   1.0000000e+00	   2.2640000e+03	
   3.0300000e+02	   3.0700000e+02	   1.0500000e+02	   3.0000000e+00	   2.0000000e+00	   1.8150000e+00	   1.6150000e+00	   9.9500000e-01	   2.0000000e+00	   3.0000000e+00	   1.0000000e+00	   3.0000000e+00	   1.6880000e+03	
   1.0400000e+02	   3.0700000e+02	   3.1200000e+02	   1.5000000e+01	   1.0000000e+00	   1.7000000e+00	   1.6150000e+00	   2.4000000e-01	   2.0000000e+00	   1.0000000e+00	   3.0000000e+00	   1.0000000e+00	   1.1350000e+03	
   1.1300000e+02	   3.1300000e+02	   1.1600000e+02	   8.0000000e+00	   3.0000000e+00	   1.5500000e+00	   2.2700000e+00	   1.1350000e+00	   3.0000000e+00	   2.0000000e+00	   1.0000000e+00	   2.0000000e+00	   1.2710000e+03	
   2.0800000e+02	   2.0900000e+02	   2.0500000e+02	   1.0000000e+01	   5.0000000e+00	   4.8600000e+00	   2.9050000e+00	   1.0250000e+00	   1.0000000e+00	   3.0000000e+00	   2.0000000e+00	   1.0000000e+00	   5.9500000e+02	
   2.0200000e+02	   2.0800000e+02	   3.1200000e+02	   1.5000000e+01	   5.0000000e+00	   3.0150000e+00	   4.8600000e+00	   2.4000000e-01	   1.0000000e+00	   2.0000000e+00	   3.0000000e+00	   2.0000000e+00	   5.9900000e+02	
   2.0600000e+02	   2.1300000e+02	   3.0100000e+02	   1.2000000e+01	   1.0000000e+00	   3.0200000e+00	   3.0600000e+00	   0.0000000e+00	   2.0000000e+00	   3.0000000e+00	   1.0000000e+00	   3.0000000e+00	   1.1620000e+03	
   2.0900000e+02	   2.1300000e+02	   3.0200000e+02	   1.3000000e+01	   1.0000000e+00	   2.9050000e+00	   3.0600000e+00	   7.8000000e-01	   1.0000000e+00	   3.0000000e+00	   2.0000000e+00	   3.0000000e+00	   8.8600000e+02	
   1.1300000e+02	   2.0900000e+02	   1.1400000e+02	   6.0000000e+00	   4.0000000e+00	   1.5500000e+00	   2.9050000e+00	   1.0650000e+00	   1.0000000e+00	   3.0000000e+00	   2.0000000e+00	   3.0000000e+00	   7.7400000e+02	
   1.1100000e+02	   2.0200000e+02	   3.0600000e+02	   1.4000000e+01	   3.0000000e+00	   1.9600000e+00	   3.0150000e+00	   9.9500000e-01	   2.0000000e+00	   1.0000000e+00	   3.0000000e+00	   1.0000000e+00	   7.4900000e+02	
   2.0200000e+02	   2.0600000e+02	   3.1200000e+02	   1.5000000e+01	   1.0000000e+00	   3.0150000e+00	   3.0200000e+00	   2.4000000e-01	   3.0000000e+00	   2.0000000e+00	   1.0000000e+00	   3.0000000e+00	   1.1390000e+03	
   2.1100000e+02	   3.1400000e+02	   3.0600000e+02	   1.4000000e+01	   3.0000000e+00	   1.9400000e+00	   2.8300000e+00	   9.9500000e-01	   1.0000000e+00	   3.0000000e+00	   2.0000000e+00	   1.0000000e+00	   1.1230000e+03	
   2.1100000e+02	   3.1300000e+02	   1.1600000e+02	   8.0000000e+00	   2.0000000e+00	   1.9400000e+00	   2.2700000e+00	   1.1350000e+00	   3.0000000e+00	   2.0000000e+00	   1.0000000e+00	   3.0000000e+00	   7.0400000e+02	
   1.1300000e+02	   3.0700000e+02	   1.0200000e+02	   1.0000000e+00	   1.0000000e+00	   1.5500000e+00	   1.6150000e+00	   7.3500000e-01	   2.0000000e+00	   3.0000000e+00	   1.0000000e+00	   3.0000000e+00	   1.4250000e+03	
   1.1100000e+02	   1.1300000e+02	   1.1500000e+02	   7.0000000e+00	   2.0000000e+00	   1.9600000e+00	   1.5500000e+00	   1.0800000e+00	   1.0000000e+00	   3.0000000e+00	   2.0000000e+00	   3.0000000e+00	   2.1810000e+03	
   3.0700000e+02	   3.1300000e+02	   2.1500000e+02	   1.1000000e+01	   3.0000000e+00	   1.6150000e+00	   2.2700000e+00	   5.3500000e-01	   3.0000000e+00	   1.0000000e+00	   2.0000000e+00	   3.0000000e+00	   6.7500000e+02	
   2.0200000e+02	   2.0900000e+02	   1.1600000e+02	   8.0000000e+00	   1.0000000e+00	   3.0150000e+00	   2.9050000e+00	   1.1350000e+00	   3.0000000e+00	   2.0000000e+00	   1.0000000e+00	   3.0000000e+00	   1.0080000e+03	
   2.0200000e+02	   2.0800000e+02	   2.0300000e+02	   9.0000000e+00	   5.0000000e+00	   3.0150000e+00	   4.8600000e+00	   1.0050000e+00	   2.0000000e+00	   1.0000000e+00	   3.0000000e+00	   1.0000000e+00	   7.3000000e+02	
   3.0700000e+02	   3.1400000e+02	   1.0300000e+02	   2.0000000e+00	   4.0000000e+00	   1.6150000e+00	   2.8300000e+00	   1.0400000e+00	   3.0000000e+00	   1.0000000e+00	   2.0000000e+00	   3.0000000e+00	   2.1960000e+03	
   3.1300000e+02	   3.1400000e+02	   1.1500000e+02	   7.0000000e+00	   3.0000000e+00	   2.2700000e+00	   2.8300000e+00	   1.0800000e+00	   1.0000000e+00	   3.0000000e+00	   2.0000000e+00	   3.0000000e+00	   8.8700000e+02	
   2.0200000e+02	   2.0800000e+02	   1.0200000e+02	   1.0000000e+00	   5.0000000e+00	   3.0150000e+00	   4.8600000e+00	   7.3500000e-01	   1.0000000e+00	   2.0000000e+00	   3.0000000e+00	   2.0000000e+00	   6.6700000e+02	
   2.0200000e+02	   2.1100000e+02	   3.0600000e+02	   1.4000000e+01	   4.0000000e+00	   3.0150000e+00	   1.9400000e+00	   9.9500000e-01	   2.0000000e+00	   3.0000000e+00	   1.0000000e+00	   2.0000000e+00	   6.0000000e+02	
   2.0800000e+02	   2.1100000e+02	   1.0800000e+02	   5.0000000e+00	   5.0000000e+00	   4.8600000e+00	   1.9400000e+00	   6.6500000e-01	   3.0000000e+00	   2.0000000e+00	   1.0000000e+00	   3.0000000e+00	   6.8500000e+02	
   2.1100000e+02	   3.1300000e+02	   2.1500000e+02	   1.1000000e+01	   2.0000000e+00	   1.9400000e+00	   2.2700000e+00	   5.3500000e-01	   3.0000000e+00	   2.0000000e+00	   1.0000000e+00	   3.0000000e+00	   7.6900000e+02	
   1.1300000e+02	   2.1300000e+02	   3.0600000e+02	   1.4000000e+01	   5.0000000e+00	   1.5500000e+00	   3.0600000e+00	   9.9500000e-01	   1.0000000e+00	   3.0000000e+00	   2.0000000e+00	   3.0000000e+00	   7.6400000e+02	
   2.0200000e+02	   3.1400000e+02	   1.0500000e+02	   3.0000000e+00	   1.0000000e+00	   3.0150000e+00	   2.8300000e+00	   9.9500000e-01	   2.0000000e+00	   1.0000000e+00	   3.0000000e+00	   2.0000000e+00	   1.1980000e+03	
   1.0400000e+02	   1.1300000e+02	   1.1400000e+02	   6.0000000e+00	   1.0000000e+00	   1.7000000e+00	   1.5500000e+00	   1.0650000e+00	   1.0000000e+00	   2.0000000e+00	   3.0000000e+00	   1.0000000e+00	   4.5840000e+03	
   1.1300000e+02	   2.1300000e+02	   2.1500000e+02	   1.1000000e+01	   5.0000000e+00	   1.5500000e+00	   3.0600000e+00	   5.3500000e-01	   2.0000000e+00	   3.0000000e+00	   1.0000000e+00	   3.0000000e+00	   5.8500000e+02	
   1.1100000e+02	   2.0200000e+02	   1.0200000e+02	   1.0000000e+00	   3.0000000e+00	   1.9600000e+00	   3.0150000e+00	   7.3500000e-01	   3.0000000e+00	   1.0000000e+00	   2.0000000e+00	   1.0000000e+00	   6.9200000e+02	
   1.0400000e+02	   2.1100000e+02	   1.1400000e+02	   6.0000000e+00	   2.0000000e+00	   1.7000000e+00	   1.9400000e+00	   1.0650000e+00	   3.0000000e+00	   1.0000000e+00	   2.0000000e+00	   1.0000000e+00	   9.8200000e+02	
   2.0900000e+02	   3.1300000e+02	   3.1200000e+02	   1.5000000e+01	   3.0000000e+00	   2.9050000e+00	   2.2700000e+00	   2.4000000e-01	   1.0000000e+00	   2.0000000e+00	   3.0000000e+00	   1.0000000e+00	   9.9800000e+02	
   2.0800000e+02	   2.1400000e+02	   1.0300000e+02	   2.0000000e+00	   5.0000000e+00	   4.8600000e+00	   2.0750000e+00	   1.0400000e+00	   3.0000000e+00	   1.0000000e+00	   2.0000000e+00	   3.0000000e+00	   5.1600000e+02	
   2.0800000e+02	   3.0700000e+02	   3.0100000e+02	   1.2000000e+01	   5.0000000e+00	   4.8600000e+00	   1.6150000e+00	   0.0000000e+00	   3.0000000e+00	   1.0000000e+00	   2.0000000e+00	   3.0000000e+00	   5.1200000e+02	
   3.0300000e+02	   3.1300000e+02	   3.0600000e+02	   1.4000000e+01	   2.0000000e+00	   1.8150000e+00	   2.2700000e+00	   9.9500000e-01	   2.0000000e+00	   1.0000000e+00	   3.0000000e+00	   1.0000000e+00	   1.3650000e+03	
   2.0800000e+02	   3.1400000e+02	   1.0300000e+02	   2.0000000e+00	   5.0000000e+00	   4.8600000e+00	   2.8300000e+00	   1.0400000e+00	   2.0000000e+00	   1.0000000e+00	   3.0000000e+00	   2.0000000e+00	   5.3400000e+02	
   1.1100000e+02	   2.0900000e+02	   1.0500000e+02	   3.0000000e+00	   3.0000000e+00	   1.9600000e+00	   2.9050000e+00	   9.9500000e-01	   2.0000000e+00	   1.0000000e+00	   3.0000000e+00	   1.0000000e+00	   7.9000000e+02	
   1.1300000e+02	   3.1400000e+02	   1.0300000e+02	   2.0000000e+00	   4.0000000e+00	   1.5500000e+00	   2.8300000e+00	   1.0400000e+00	   1.0000000e+00	   3.0000000e+00	   2.0000000e+00	   3.0000000e+00	   5.1500000e+02	
   2.0900000e+02	   2.1100000e+02	   3.0200000e+02	   1.3000000e+01	   3.0000000e+00	   2.9050000e+00	   1.9400000e+00	   7.8000000e-01	   1.0000000e+00	   3.0000000e+00	   2.0000000e+00	   1.0000000e+00	   1.4390000e+03	
   2.0200000e+02	   2.1300000e+02	   1.0800000e+02	   5.0000000e+00	   1.0000000e+00	   3.0150000e+00	   3.0600000e+00	   6.6500000e-01	   3.0000000e+00	   2.0000000e+00	   1.0000000e+00	   3.0000000e+00	   1.1550000e+03	
   2.0800000e+02	   3.0300000e+02	   3.0200000e+02	   1.3000000e+01	   5.0000000e+00	   4.8600000e+00	   1.8150000e+00	   7.8000000e-01	   3.0000000e+00	   2.0000000e+00	   1.0000000e+00	   3.0000000e+00	   6.7000000e+02	
   2.0600000e+02	   3.1300000e+02	   1.1600000e+02	   8.0000000e+00	   3.0000000e+00	   3.0200000e+00	   2.2700000e+00	   1.1350000e+00	   1.0000000e+00	   2.0000000e+00	   3.0000000e+00	   1.0000000e+00	   7.8400000e+02	
   2.1400000e+02	   3.0700000e+02	   2.0300000e+02	   9.0000000e+00	   2.0000000e+00	   2.0750000e+00	   1.6150000e+00	   1.0050000e+00	   3.0000000e+00	   2.0000000e+00	   1.0000000e+00	   3.0000000e+00	   1.4900000e+03	
   1.1300000e+02	   2.1300000e+02	   2.0500000e+02	   1.0000000e+01	   5.0000000e+00	   1.5500000e+00	   3.0600000e+00	   1.0250000e+00	   1.0000000e+00	   3.0000000e+00	   2.0000000e+00	   3.0000000e+00	   6.8000000e+02	
   1.0700000e+02	   1.1300000e+02	   2.0500000e+02	   1.0000000e+01	   2.0000000e+00	   1.7700000e+00	   1.5500000e+00	   1.0250000e+00	   3.0000000e+00	   1.0000000e+00	   2.0000000e+00	   1.0000000e+00	   1.5220000e+03	
   2.0600000e+02	   2.1300000e+02	   3.0600000e+02	   1.4000000e+01	   1.0000000e+00	   3.0200000e+00	   3.0600000e+00	   9.9500000e-01	   1.0000000e+00	   2.0000000e+00	   3.0000000e+00	   1.0000000e+00	   7.2500000e+02	
   2.1300000e+02	   3.0700000e+02	   3.0200000e+02	   1.3000000e+01	   5.0000000e+00	   3.0600000e+00	   1.6150000e+00	   7.8000000e-01	   3.0000000e+00	   1.0000000e+00	   2.0000000e+00	   3.0000000e+00	   7.9000000e+02	
   2.0200000e+02	   3.1300000e+02	   1.0300000e+02	   2.0000000e+00	   3.0000000e+00	   3.0150000e+00	   2.2700000e+00	   1.0400000e+00	   3.0000000e+00	   2.0000000e+00	   1.0000000e+00	   3.0000000e+00	   6.8100000e+02	
   2.0800000e+02	   2.0900000e+02	   1.0600000e+02	   4.0000000e+00	   5.0000000e+00	   4.8600000e+00	   2.9050000e+00	   6.0500000e-01	   3.0000000e+00	   1.0000000e+00	   2.0000000e+00	   3.0000000e+00	   5.5600000e+02	
   2.1300000e+02	   2.1400000e+02	   1.0800000e+02	   5.0000000e+00	   3.0000000e+00	   3.0600000e+00	   2.0750000e+00	   6.6500000e-01	   1.0000000e+00	   3.0000000e+00	   2.0000000e+00	   1.0000000e+00	   9.2000000e+02	
   1.0700000e+02	   3.1300000e+02	   1.1600000e+02	   8.0000000e+00	   2.0000000e+00	   1.7700000e+00	   2.2700000e+00	   1.1350000e+00	   2.0000000e+00	   1.0000000e+00	   3.0000000e+00	   3.0000000e+00	   2.5280000e+03	
   3.1300000e+02	   3.1400000e+02	   2.0300000e+02	   9.0000000e+00	   3.0000000e+00	   2.2700000e+00	   2.8300000e+00	   1.0050000e+00	   2.0000000e+00	   1.0000000e+00	   3.0000000e+00	   1.0000000e+00	   1.4750000e+03	
   1.1300000e+02	   2.0200000e+02	   1.0600000e+02	   4.0000000e+00	   5.0000000e+00	   1.5500000e+00	   3.0150000e+00	   6.0500000e-01	   3.0000000e+00	   2.0000000e+00	   1.0000000e+00	   3.0000000e+00	   7.2500000e+02	
   2.0900000e+02	   3.1400000e+02	   1.0300000e+02	   2.0000000e+00	   1.0000000e+00	   2.9050000e+00	   2.8300000e+00	   1.0400000e+00	   2.0000000e+00	   3.0000000e+00	   1.0000000e+00	   2.0000000e+00	   1.0260000e+03	
   2.0200000e+02	   3.0700000e+02	   3.0100000e+02	   1.2000000e+01	   5.0000000e+00	   3.0150000e+00	   1.6150000e+00	   0.0000000e+00	   1.0000000e+00	   3.0000000e+00	   2.0000000e+00	   1.0000000e+00	   1.2250000e+03	
   2.0800000e+02	   2.1300000e+02	   1.1400000e+02	   6.0000000e+00	   5.0000000e+00	   4.8600000e+00	   3.0600000e+00	   1.0650000e+00	   2.0000000e+00	   1.0000000e+00	   3.0000000e+00	   2.0000000e+00	   6.5200000e+02	
   2.0900000e+02	   3.0700000e+02	   2.0500000e+02	   1.0000000e+01	   4.0000000e+00	   2.9050000e+00	   1.6150000e+00	   1.0250000e+00	   2.0000000e+00	   3.0000000e+00	   1.0000000e+00	   2.0000000e+00	   1.0920000e+03	
   2.1400000e+02	   3.1400000e+02	   1.0800000e+02	   5.0000000e+00	   3.0000000e+00	   2.0750000e+00	   2.8300000e+00	   6.6500000e-01	   2.0000000e+00	   3.0000000e+00	   1.0000000e+00	   2.0000000e+00	   1.3890000e+03	
   2.1100000e+02	   2.1300000e+02	   1.1400000e+02	   6.0000000e+00	   4.0000000e+00	   1.9400000e+00	   3.0600000e+00	   1.0650000e+00	   3.0000000e+00	   2.0000000e+00	   1.0000000e+00	   2.0000000e+00	   1.1800000e+03	
   1.1100000e+02	   2.0900000e+02	   2.1500000e+02	   1.1000000e+01	   3.0000000e+00	   1.9600000e+00	   2.9050000e+00	   5.3500000e-01	   1.0000000e+00	   3.0000000e+00	   2.0000000e+00	   3.0000000e+00	   7.7000000e+02	
   1.0400000e+02	   2.1400000e+02	   3.0600000e+02	   1.4000000e+01	   2.0000000e+00	   1.7000000e+00	   2.0750000e+00	   9.9500000e-01	   2.0000000e+00	   3.0000000e+00	   1.0000000e+00	   3.0000000e+00	   2.5010000e+03	
   1.0400000e+02	   3.1400000e+02	   3.0100000e+02	   1.2000000e+01	   4.0000000e+00	   1.7000000e+00	   2.8300000e+00	   0.0000000e+00	   3.0000000e+00	   1.0000000e+00	   2.0000000e+00	   3.0000000e+00	   1.6020000e+03	
   1.0400000e+02	   2.0600000e+02	   3.0200000e+02	   1.3000000e+01	   4.0000000e+00	   1.7000000e+00	   3.0200000e+00	   7.8000000e-01	   3.0000000e+00	   2.0000000e+00	   1.0000000e+00	   2.0000000e+00	   7.6700000e+02	
   2.0900000e+02	   3.1400000e+02	   3.1200000e+02	   1.5000000e+01	   1.0000000e+00	   2.9050000e+00	   2.8300000e+00	   2.4000000e-01	   2.0000000e+00	   3.0000000e+00	   1.0000000e+00	   2.0000000e+00	   1.1230000e+03	
   2.1100000e+02	   2.1300000e+02	   1.0500000e+02	   3.0000000e+00	   4.0000000e+00	   1.9400000e+00	   3.0600000e+00	   9.9500000e-01	   2.0000000e+00	   3.0000000e+00	   1.0000000e+00	   3.0000000e+00	   7.2500000e+02	
   1.0400000e+02	   3.1400000e+02	   1.0800000e+02	   5.0000000e+00	   4.0000000e+00	   1.7000000e+00	   2.8300000e+00	   6.6500000e-01	   3.0000000e+00	   1.0000000e+00	   2.0000000e+00	   1.0000000e+00	   8.0400000e+02	
   2.1300000e+02	   3.1300000e+02	   1.0300000e+02	   2.0000000e+00	   3.0000000e+00	   3.0600000e+00	   2.2700000e+00	   1.0400000e+00	   1.0000000e+00	   3.0000000e+00	   2.0000000e+00	   1.0000000e+00	   6.4200000e+02	
   1.1300000e+02	   3.1300000e+02	   1.0600000e+02	   4.0000000e+00	   3.0000000e+00	   1.5500000e+00	   2.2700000e+00	   6.0500000e-01	   1.0000000e+00	   2.0000000e+00	   3.0000000e+00	   1.0000000e+00	   1.4100000e+03	
   2.0200000e+02	   2.0600000e+02	   1.0800000e+02	   5.0000000e+00	   1.0000000e+00	   3.0150000e+00	   3.0200000e+00	   6.6500000e-01	   1.0000000e+00	   3.0000000e+00	   2.0000000e+00	   3.0000000e+00	   6.5000000e+02	
   2.1100000e+02	   3.0300000e+02	   1.0200000e+02	   1.0000000e+00	   1.0000000e+00	   1.9400000e+00	   1.8150000e+00	   7.3500000e-01	   1.0000000e+00	   2.0000000e+00	   3.0000000e+00	   1.0000000e+00	   9.0500000e+02	
   2.1400000e+02	   3.1400000e+02	   1.1400000e+02	   6.0000000e+00	   3.0000000e+00	   2.0750000e+00	   2.8300000e+00	   1.0650000e+00	   1.0000000e+00	   2.0000000e+00	   3.0000000e+00	   1.0000000e+00	   8.7700000e+02	
   1.1300000e+02	   3.0300000e+02	   1.0300000e+02	   2.0000000e+00	   2.0000000e+00	   1.5500000e+00	   1.8150000e+00	   1.0400000e+00	   3.0000000e+00	   1.0000000e+00	   2.0000000e+00	   1.0000000e+00	   1.0104000e+04	
   1.0400000e+02	   2.0600000e+02	   2.0300000e+02	   9.0000000e+00	   4.0000000e+00	   1.7000000e+00	   3.0200000e+00	   1.0050000e+00	   2.0000000e+00	   1.0000000e+00	   3.0000000e+00	   1.0000000e+00	   6.5400000e+02	
   1.1100000e+02	   2.0800000e+02	   1.0500000e+02	   3.0000000e+00	   5.0000000e+00	   1.9600000e+00	   4.8600000e+00	   9.9500000e-01	   3.0000000e+00	   1.0000000e+00	   2.0000000e+00	   1.0000000e+00	   5.7700000e+02	
   2.1400000e+02	   3.1300000e+02	   1.0500000e+02	   3.0000000e+00	   2.0000000e+00	   2.0750000e+00	   2.2700000e+00	   9.9500000e-01	   1.0000000e+00	   3.0000000e+00	   2.0000000e+00	   1.0000000e+00	   7.6700000e+02	
   2.1100000e+02	   3.1400000e+02	   3.0200000e+02	   1.3000000e+01	   3.0000000e+00	   1.9400000e+00	   2.8300000e+00	   7.8000000e-01	   1.0000000e+00	   3.0000000e+00	   2.0000000e+00	   3.0000000e+00	   1.5330000e+03	
   2.0200000e+02	   2.1300000e+02	   3.0600000e+02	   1.4000000e+01	   1.0000000e+00	   3.0150000e+00	   3.0600000e+00	   9.9500000e-01	   2.0000000e+00	   1.0000000e+00	   3.0000000e+00	   2.0000000e+00	   9.3700000e+02	
   2.0200000e+02	   3.0300000e+02	   3.0200000e+02	   1.3000000e+01	   4.0000000e+00	   3.0150000e+00	   1.8150000e+00	   7.8000000e-01	   1.0000000e+00	   2.0000000e+00	   3.0000000e+00	   1.0000000e+00	   6.6200000e+02	
   1.1100000e+02	   3.1300000e+02	   1.0200000e+02	   1.0000000e+00	   2.0000000e+00	   1.9600000e+00	   2.2700000e+00	   7.3500000e-01	   2.0000000e+00	   1.0000000e+00	   3.0000000e+00	   1.0000000e+00	   1.3100000e+03	
   2.0600000e+02	   3.0300000e+02	   3.0600000e+02	   1.4000000e+01	   4.0000000e+00	   3.0200000e+00	   1.8150000e+00	   9.9500000e-01	   3.0000000e+00	   2.0000000e+00	   1.0000000e+00	   3.0000000e+00	   5.8500000e+02	
   1.0400000e+02	   3.0700000e+02	   3.0200000e+02	   1.3000000e+01	   1.0000000e+00	   1.7000000e+00	   1.6150000e+00	   7.8000000e-01	   3.0000000e+00	   1.0000000e+00	   2.0000000e+00	   3.0000000e+00	   1.7170000e+03	
   3.1300000e+02	   3.1400000e+02	   3.0100000e+02	   1.2000000e+01	   3.0000000e+00	   2.2700000e+00	   2.8300000e+00	   0.0000000e+00	   3.0000000e+00	   1.0000000e+00	   2.0000000e+00	   1.0000000e+00	   1.1250000e+03	
   3.0300000e+02	   3.1300000e+02	   1.0500000e+02	   3.0000000e+00	   2.0000000e+00	   1.8150000e+00	   2.2700000e+00	   9.9500000e-01	   1.0000000e+00	   2.0000000e+00	   3.0000000e+00	   1.0000000e+00	   9.1400000e+02	
