   1.0000000e+00	   2.0400000e+02	   2.0000000e+00	   1.0700000e+00	   2.6970000e+03	   1.0200000e+00	   3.3650000e+03	
   2.0000000e+00	   2.1400000e+02	   2.0000000e+00	   2.0800000e+00	   2.2340000e+03	   2.1000000e+00	   8.5970000e+03	
   3.0000000e+00	   1.0200000e+02	   1.0000000e+00	   4.0200000e+00	   2.7370000e+03	   2.1000000e+00	   2.3980000e+03	
   4.0000000e+00	   3.0700000e+02	   3.0000000e+00	   1.9800000e+00	   2.7390000e+03	   2.0100000e+00	   1.9000000e+03	
   5.0000000e+00	   3.0600000e+02	   3.0000000e+00	   1.1200000e+00	   1.9040000e+03	   2.2800000e+00	   4.1320000e+03	
   6.0000000e+00	   2.0200000e+02	   2.0000000e+00	   3.0200000e+00	   2.4030000e+03	   2.9600000e+00	   7.1990000e+03	
   7.0000000e+00	   3.0800000e+02	   3.0000000e+00	   2.1000000e+00	   2.9710000e+03	   2.8700000e+00	   1.2660000e+03	
   8.0000000e+00	   1.0700000e+02	   1.0000000e+00	   1.9600000e+00	   4.7220000e+03	   3.0300000e+00	   2.8320000e+03	
   9.0000000e+00	   3.0200000e+02	   3.0000000e+00	   2.0900000e+00	   3.5040000e+03	   2.0500000e+00	   2.5990000e+03	
   1.0000000e+01	   1.1100000e+02	   1.0000000e+00	   3.0600000e+00	   2.6900000e+03	   3.0600000e+00	   9.6600000e+02	
   1.1000000e+01	   2.1300000e+02	   2.0000000e+00	   3.0400000e+00	   2.4560000e+03	   3.1300000e+00	   1.3000000e+03	
   1.2000000e+01	   1.1300000e+02	   1.0000000e+00	   3.1100000e+00	   1.8890000e+03	   3.1200000e+00	   3.3320000e+03	
   1.3000000e+01	   2.0900000e+02	   2.0000000e+00	   3.2400000e+00	   1.6560000e+03	   2.7000000e+00	   1.3320000e+03	
   1.4000000e+01	   1.0600000e+02	   1.0000000e+00	   1.4900000e+00	   2.1570000e+03	   2.0100000e+00	   1.3990000e+03	
   1.5000000e+01	   2.1000000e+02	   2.0000000e+00	   3.9300000e+00	   1.5050000e+03	   2.2100000e+00	   1.2330000e+03	
   1.6000000e+01	   3.1300000e+02	   3.0000000e+00	   3.7000000e+00	   1.6230000e+03	   3.5400000e+00	   1.0330000e+03	
   1.7000000e+01	   1.1400000e+02	   1.0000000e+00	   2.6800000e+00	   1.0890000e+03	   2.9200000e+00	   1.2000000e+03	
   1.8000000e+01	   1.1200000e+02	   1.0000000e+00	   3.6800000e+00	   2.3900000e+03	   3.5500000e+00	   1.7660000e+03	
   1.9000000e+01	   1.1500000e+02	   1.0000000e+00	   3.1200000e+00	   1.7230000e+03	   3.1100000e+00	   1.9320000e+03	
   2.0000000e+01	   3.0400000e+02	   3.0000000e+00	   3.0900000e+00	   1.2230000e+03	   2.5000000e+00	   1.0000000e+03	
   2.1000000e+01	   1.0500000e+02	   1.0000000e+00	   1.5500000e+00	   2.0890000e+03	   1.4100000e+00	   1.1990000e+03	
   2.2000000e+01	   2.1200000e+02	   2.0000000e+00	   2.3400000e+00	   1.4230000e+03	   2.0600000e+00	   1.0990000e+03	
   2.3000000e+01	   3.1200000e+02	   3.0000000e+00	   3.0900000e+00	   2.5370000e+03	   2.2100000e+00	   1.1660000e+03	
   2.4000000e+01	   3.0100000e+02	   3.0000000e+00	   2.0300000e+00	   2.6710000e+03	   2.5000000e+00	   7.6700000e+02	
   2.5000000e+01	   3.1400000e+02	   3.0000000e+00	   2.0200000e+00	   2.4890000e+03	   2.1600000e+00	   1.5660000e+03	
   2.6000000e+01	   1.0100000e+02	   1.0000000e+00	   2.0800000e+00	   1.8230000e+03	   2.0500000e+00	   1.6330000e+03	
   2.7000000e+01	   3.1000000e+02	   3.0000000e+00	   1.9200000e+00	   2.6880000e+03	   1.5300000e+00	   1.2330000e+03	
   2.8000000e+01	   1.0800000e+02	   1.0000000e+00	   2.0600000e+00	   1.9210000e+03	   2.0800000e+00	   1.4330000e+03	
   2.9000000e+01	   2.0600000e+02	   2.0000000e+00	   1.9400000e+00	   2.8220000e+03	   1.9700000e+00	   2.0990000e+03	
   3.0000000e+01	   3.0900000e+02	   3.0000000e+00	   1.9600000e+00	   1.2560000e+03	   1.7800000e+00	   2.5990000e+03	
   3.1000000e+01	   3.0500000e+02	   3.0000000e+00	   1.0700000e+00	   1.4040000e+03	   1.4900000e+00	   1.0670000e+03	
   3.2000000e+01	   1.0400000e+02	   1.0000000e+00	   2.1100000e+00	   1.7740000e+03	   2.2700000e+00	   1.0000000e+03	
   3.3000000e+01	   3.1100000e+02	   3.0000000e+00	   8.5000000e-01	   3.0880000e+03	   9.6000000e-01	   1.7000000e+03	
   3.4000000e+01	   3.0300000e+02	   3.0000000e+00	   3.9600000e+00	   3.3550000e+03	   2.7500000e+00	   1.2660000e+03	
   3.5000000e+01	   2.0300000e+02	   2.0000000e+00	   3.5000000e-01	   2.6230000e+03	   5.8000000e-01	   1.4990000e+03	
   3.6000000e+01	   1.1000000e+02	   1.0000000e+00	   1.0200000e+00	   9.7200000e+02	   1.0800000e+00	   1.3330000e+03	
   3.7000000e+01	   2.1500000e+02	   2.0000000e+00	   1.0500000e+00	   1.5050000e+03	   1.0800000e+00	   2.0320000e+03	
   3.8000000e+01	   2.0800000e+02	   2.0000000e+00	   4.2900000e+00	   2.3220000e+03	   3.9200000e+00	   1.2660000e+03	
   3.9000000e+01	   2.0100000e+02	   2.0000000e+00	   9.8000000e-01	   1.3570000e+03	   1.1200000e+00	   1.6650000e+03	
   4.0000000e+01	   1.0300000e+02	   1.0000000e+00	   1.0300000e+00	   3.8890000e+03	   1.3600000e+00	   1.0320000e+03	
   4.1000000e+01	   1.1600000e+02	   1.0000000e+00	   1.2500000e+00	   1.1900000e+03	   1.2500000e+00	   1.7330000e+03	
   4.2000000e+01	   2.1100000e+02	   2.0000000e+00	   1.1500000e+00	   9.5700000e+02	   1.2400000e+00	   1.3000000e+03	
   4.3000000e+01	   2.0500000e+02	   2.0000000e+00	   1.2800000e+00	   1.1220000e+03	   1.3800000e+00	   1.5650000e+03	
   4.4000000e+01	   2.0700000e+02	   2.0000000e+00	   1.3100000e+00	   2.1890000e+03	   1.1600000e+00	   2.0990000e+03	
   4.5000000e+01	   1.0900000e+02	   1.0000000e+00	   2.1500000e+00	   1.3720000e+03	   2.2900000e+00	   5.3300000e+02	
