   1.0000000e+00	   1.0000000e+00	   3.0100000e+02	   2.0100000e+00	   4.6170000e+03	
   1.0000000e+00	   2.0000000e+00	   2.1300000e+02	   3.9900000e+00	   4.6910000e+03	
   1.0000000e+00	   3.0000000e+00	   2.0500000e+02	   4.1700000e+00	   2.8230000e+03	
   1.0000000e+00	   4.0000000e+00	   2.1400000e+02	   2.3900000e+00	   3.6250000e+03	
   1.0000000e+00	   5.0000000e+00	   3.0400000e+02	   9.3000000e-01	   2.0120000e+03	
   1.0000000e+00	   6.0000000e+00	   3.1400000e+02	   3.3000000e-01	   2.3270000e+03	
   1.0000000e+00	   7.0000000e+00	   1.1200000e+02	   4.3900000e+00	   3.8270000e+03	
   1.0000000e+00	   8.0000000e+00	   3.0600000e+02	   3.5200000e+00	   2.8270000e+03	
   1.0000000e+00	   9.0000000e+00	   1.1000000e+02	   1.6100000e+00	   3.5940000e+03	
   1.0000000e+00	   1.0000000e+01	   2.0100000e+02	   5.0000000e+00	   1.8770000e+03	
   1.0000000e+00	   1.1000000e+01	   2.0800000e+02	   3.6200000e+00	   2.6590000e+03	
   1.0000000e+00	   1.2000000e+01	   2.0300000e+02	   1.2200000e+00	   3.4290000e+03	
   1.0000000e+00	   1.3000000e+01	   1.0400000e+02	   4.3700000e+00	   3.8930000e+03	
   1.0000000e+00	   1.4000000e+01	   3.1100000e+02	   0.0000000e+00	   1.6950000e+03	
   1.0000000e+00	   1.5000000e+01	   1.0200000e+02	   3.7400000e+00	   2.6930000e+03	
   1.0000000e+00	   1.6000000e+01	   1.1500000e+02	   2.9800000e+00	   4.1940000e+03	
   1.0000000e+00	   1.7000000e+01	   3.0300000e+02	   3.0200000e+00	   3.2590000e+03	
   1.0000000e+00	   1.8000000e+01	   2.1100000e+02	   1.2600000e+00	   1.4940000e+03	
   1.0000000e+00	   1.9000000e+01	   3.1300000e+02	   3.2500000e+00	   2.0600000e+03	
   1.0000000e+00	   2.0000000e+01	   1.0800000e+02	   1.8500000e+00	   1.2950000e+03	
   1.0000000e+00	   2.1000000e+01	   2.1200000e+02	   2.5100000e+00	   2.6940000e+03	
   1.0000000e+00	   2.2000000e+01	   1.0700000e+02	   3.9900000e+00	   4.2590000e+03	
   1.0000000e+00	   2.3000000e+01	   3.1000000e+02	   0.0000000e+00	   1.6280000e+03	
   1.0000000e+00	   2.4000000e+01	   1.0600000e+02	   2.0200000e+00	   1.9950000e+03	
   1.0000000e+00	   2.5000000e+01	   1.0100000e+02	   4.3600000e+00	   3.7280000e+03	
   1.0000000e+00	   2.6000000e+01	   1.1400000e+02	   2.5000000e+00	   3.0590000e+03	
   1.0000000e+00	   2.7000000e+01	   3.0200000e+02	   4.1500000e+00	   2.8600000e+03	
   1.0000000e+00	   2.8000000e+01	   3.1200000e+02	   4.1600000e+00	   3.8260000e+03	
   1.0000000e+00	   2.9000000e+01	   2.0600000e+02	   1.0300000e+00	   3.2270000e+03	
   1.0000000e+00	   3.0000000e+01	   1.1300000e+02	   4.5200000e+00	   3.6930000e+03	
   1.0000000e+00	   3.1000000e+01	   1.0900000e+02	   4.0400000e+00	   3.4250000e+03	
   1.0000000e+00	   3.2000000e+01	   1.1600000e+02	   3.0300000e+00	   2.1290000e+03	
   1.0000000e+00	   3.3000000e+01	   2.1500000e+02	   1.4600000e+00	   1.8260000e+03	
   1.0000000e+00	   3.4000000e+01	   2.0700000e+02	   4.7100000e+00	   2.4600000e+03	
   1.0000000e+00	   3.5000000e+01	   1.0300000e+02	   2.7500000e+00	   3.7590000e+03	
   1.0000000e+00	   3.6000000e+01	   3.0900000e+02	   4.4800000e+00	   4.7270000e+03	
   1.0000000e+00	   3.7000000e+01	   1.0500000e+02	   3.7700000e+00	   3.1930000e+03	
   1.0000000e+00	   3.8000000e+01	   2.0900000e+02	   3.0200000e+00	   2.9600000e+03	
   1.0000000e+00	   3.9000000e+01	   3.0800000e+02	   8.4000000e-01	   2.9260000e+03	
   1.0000000e+00	   4.0000000e+01	   2.0200000e+02	   1.1000000e-01	   1.3950000e+03	
   1.0000000e+00	   4.1000000e+01	   3.0500000e+02	   4.1600000e+00	   6.1250000e+03	
   1.0000000e+00	   4.2000000e+01	   1.1100000e+02	   4.0300000e+00	   4.8930000e+03	
   1.0000000e+00	   4.3000000e+01	   3.0700000e+02	   3.0300000e+00	   2.7270000e+03	
   1.0000000e+00	   4.4000000e+01	   2.0400000e+02	   5.0000000e+00	   3.8930000e+03	
   1.0000000e+00	   4.5000000e+01	   2.1000000e+02	   1.9600000e+00	   3.1600000e+03	
   2.0000000e+00	   1.0000000e+00	   2.1200000e+02	   2.5200000e+00	   4.2170000e+03	
   2.0000000e+00	   2.0000000e+00	   3.1100000e+02	   0.0000000e+00	   1.4270000e+03	
   2.0000000e+00	   3.0000000e+00	   2.0200000e+02	   0.0000000e+00	   2.1610000e+03	
   2.0000000e+00	   4.0000000e+00	   1.0200000e+02	   3.5000000e+00	   1.6950000e+03	
   2.0000000e+00	   5.0000000e+00	   1.0100000e+02	   3.4600000e+00	   1.6620000e+03	
   2.0000000e+00	   6.0000000e+00	   3.1000000e+02	   5.5000000e-01	   1.1620000e+03	
   2.0000000e+00	   7.0000000e+00	   2.0400000e+02	   5.0000000e+00	   1.2280000e+03	
   2.0000000e+00	   8.0000000e+00	   3.0700000e+02	   2.9900000e+00	   3.7940000e+03	
   2.0000000e+00	   9.0000000e+00	   1.0600000e+02	   2.0300000e+00	   1.3940000e+03	
   2.0000000e+00	   1.0000000e+01	   2.1000000e+02	   1.9400000e+00	   1.4280000e+03	
   2.0000000e+00	   1.1000000e+01	   3.1300000e+02	   3.5000000e+00	   1.4960000e+03	
   2.0000000e+00	   1.2000000e+01	   2.1400000e+02	   1.9400000e+00	   1.6280000e+03	
   2.0000000e+00	   1.3000000e+01	   3.1200000e+02	   5.0000000e+00	   1.3624000e+04	
   2.0000000e+00	   1.4000000e+01	   2.1500000e+02	   1.8500000e+00	   9.6200000e+02	
   2.0000000e+00	   1.5000000e+01	   1.1400000e+02	   2.5000000e+00	   2.5600000e+03	
   2.0000000e+00	   1.6000000e+01	   1.1500000e+02	   3.3000000e+00	   1.8280000e+03	
   2.0000000e+00	   1.7000000e+01	   2.0300000e+02	   1.9600000e+00	   3.6280000e+03	
   2.0000000e+00	   1.8000000e+01	   1.0400000e+02	   3.7400000e+00	   2.0610000e+03	
   2.0000000e+00	   1.9000000e+01	   1.1300000e+02	   4.0200000e+00	   5.0600000e+03	
   2.0000000e+00	   2.0000000e+01	   2.1100000e+02	   1.2900000e+00	   1.2280000e+03	
   2.0000000e+00	   2.1000000e+01	   1.1200000e+02	   3.4600000e+00	   1.3280000e+03	
   2.0000000e+00	   2.2000000e+01	   2.0500000e+02	   3.5900000e+00	   4.1280000e+03	
   2.0000000e+00	   2.3000000e+01	   3.0400000e+02	   9.8000000e-01	   2.6270000e+03	
   2.0000000e+00	   2.4000000e+01	   2.0600000e+02	   9.7000000e-01	   2.5940000e+03	
   2.0000000e+00	   2.5000000e+01	   2.0100000e+02	   5.0000000e+00	   1.6950000e+03	
   2.0000000e+00	   2.6000000e+01	   1.1600000e+02	   2.9700000e+00	   3.5290000e+03	
   2.0000000e+00	   2.7000000e+01	   1.0900000e+02	   3.7300000e+00	   1.8270000e+03	
   2.0000000e+00	   2.8000000e+01	   1.0300000e+02	   3.7000000e+00	   1.4950000e+03	
   2.0000000e+00	   2.9000000e+01	   1.1100000e+02	   3.8800000e+00	   4.2930000e+03	
   2.0000000e+00	   3.0000000e+01	   3.1400000e+02	   1.0600000e+00	   1.2630000e+03	
   2.0000000e+00	   3.1000000e+01	   2.1300000e+02	   3.2400000e+00	   1.4610000e+03	
   2.0000000e+00	   3.2000000e+01	   2.0700000e+02	   2.7300000e+00	   1.1950000e+03	
   2.0000000e+00	   3.3000000e+01	   2.0900000e+02	   1.3900000e+00	   1.5610000e+03	
   2.0000000e+00	   3.4000000e+01	   3.0800000e+02	   1.9800000e+00	   1.9270000e+03	
   2.0000000e+00	   3.5000000e+01	   1.0800000e+02	   1.0200000e+00	   1.9620000e+03	
   2.0000000e+00	   3.6000000e+01	   3.0500000e+02	   4.0200000e+00	   5.3610000e+03	
   2.0000000e+00	   3.7000000e+01	   1.1000000e+02	   2.0200000e+00	   2.5270000e+03	
   2.0000000e+00	   3.8000000e+01	   3.0300000e+02	   2.5700000e+00	   1.2620000e+03	
   2.0000000e+00	   3.9000000e+01	   1.0700000e+02	   3.4500000e+00	   1.4610000e+03	
   2.0000000e+00	   4.0000000e+01	   1.0500000e+02	   3.3300000e+00	   4.4280000e+03	
   2.0000000e+00	   4.1000000e+01	   3.0900000e+02	   3.7000000e+00	   1.4280000e+03	
   2.0000000e+00	   4.2000000e+01	   3.0200000e+02	   4.5100000e+00	   6.3590000e+03	
   2.0000000e+00	   4.3000000e+01	   2.0800000e+02	   2.9700000e+00	   3.2950000e+03	
   2.0000000e+00	   4.4000000e+01	   3.0600000e+02	   3.7400000e+00	   1.3280000e+03	
   2.0000000e+00	   4.5000000e+01	   3.0100000e+02	   1.0400000e+00	   3.0620000e+03	
