   1.1300000e+02	   3.0500000e+02	   2.1100000e+02	   1.1000000e+01	   2.0000000e+00	   4.2700000e+00	   4.0900000e+00	   1.2750000e+00	   1.0000000e+00	   2.0000000e+00	   3.0000000e+00	   1.0000000e+00	   1.5570000e+03	
   2.0700000e+02	   3.0500000e+02	   3.1100000e+02	   1.5000000e+01	   3.0000000e+00	   3.7200000e+00	   4.0900000e+00	   0.0000000e+00	   3.0000000e+00	   1.0000000e+00	   2.0000000e+00	   1.0000000e+00	   1.9920000e+03	
   1.0700000e+02	   2.0500000e+02	   1.1000000e+02	   5.0000000e+00	   1.0000000e+00	   3.7200000e+00	   3.8800000e+00	   1.8150000e+00	   3.0000000e+00	   2.0000000e+00	   1.0000000e+00	   2.0000000e+00	   2.1420000e+03	
   1.1300000e+02	   3.1200000e+02	   1.0800000e+02	   4.0000000e+00	   3.0000000e+00	   4.2700000e+00	   4.5800000e+00	   1.4350000e+00	   2.0000000e+00	   3.0000000e+00	   1.0000000e+00	   2.0000000e+00	   1.4800000e+03	
   3.0200000e+02	   3.0500000e+02	   2.1200000e+02	   1.2000000e+01	   3.0000000e+00	   4.3300000e+00	   4.0900000e+00	   2.5150000e+00	   3.0000000e+00	   2.0000000e+00	   1.0000000e+00	   2.0000000e+00	   1.8840000e+03	
   2.0100000e+02	   3.0500000e+02	   2.1100000e+02	   1.1000000e+01	   5.0000000e+00	   5.0000000e+00	   4.0900000e+00	   1.2750000e+00	   3.0000000e+00	   2.0000000e+00	   1.0000000e+00	   3.0000000e+00	   1.3940000e+03	
   1.1300000e+02	   2.0400000e+02	   3.1000000e+02	   1.4000000e+01	   4.0000000e+00	   4.2700000e+00	   5.0000000e+00	   2.7500000e-01	   2.0000000e+00	   3.0000000e+00	   1.0000000e+00	   3.0000000e+00	   1.2130000e+03	
   2.0400000e+02	   3.0200000e+02	   1.0600000e+02	   3.0000000e+00	   4.0000000e+00	   5.0000000e+00	   4.3300000e+00	   2.0250000e+00	   1.0000000e+00	   3.0000000e+00	   2.0000000e+00	   1.0000000e+00	   1.1430000e+03	
   1.0400000e+02	   1.0900000e+02	   2.1200000e+02	   1.2000000e+01	   2.0000000e+00	   4.0550000e+00	   3.8850000e+00	   2.5150000e+00	   1.0000000e+00	   3.0000000e+00	   2.0000000e+00	   1.0000000e+00	   4.9120000e+03	
   1.0100000e+02	   3.0200000e+02	   2.0900000e+02	   1.0000000e+01	   3.0000000e+00	   3.9100000e+00	   4.3300000e+00	   2.2050000e+00	   1.0000000e+00	   2.0000000e+00	   3.0000000e+00	   1.0000000e+00	   1.6480000e+03	
   1.1300000e+02	   2.0700000e+02	   1.0200000e+02	   1.0000000e+00	   4.0000000e+00	   4.2700000e+00	   3.7200000e+00	   3.6200000e+00	   1.0000000e+00	   2.0000000e+00	   3.0000000e+00	   1.0000000e+00	   1.6130000e+03	
   1.1200000e+02	   2.0400000e+02	   1.1000000e+02	   5.0000000e+00	   5.0000000e+00	   3.9250000e+00	   5.0000000e+00	   1.8150000e+00	   2.0000000e+00	   1.0000000e+00	   3.0000000e+00	   1.0000000e+00	   1.6660000e+03	
   1.0900000e+02	   3.0900000e+02	   2.0900000e+02	   1.0000000e+01	   2.0000000e+00	   3.8850000e+00	   4.0900000e+00	   2.2050000e+00	   1.0000000e+00	   2.0000000e+00	   3.0000000e+00	   2.0000000e+00	   1.5200000e+03	
   2.0400000e+02	   3.0900000e+02	   1.1600000e+02	   7.0000000e+00	   5.0000000e+00	   5.0000000e+00	   4.0900000e+00	   3.0000000e+00	   2.0000000e+00	   1.0000000e+00	   3.0000000e+00	   2.0000000e+00	   1.3860000e+03	
   1.0700000e+02	   1.1200000e+02	   3.1000000e+02	   1.4000000e+01	   2.0000000e+00	   3.7200000e+00	   3.9250000e+00	   2.7500000e-01	   2.0000000e+00	   1.0000000e+00	   3.0000000e+00	   1.0000000e+00	   1.9350000e+03	
   1.0700000e+02	   3.0500000e+02	   3.1000000e+02	   1.4000000e+01	   3.0000000e+00	   3.7200000e+00	   4.0900000e+00	   2.7500000e-01	   3.0000000e+00	   1.0000000e+00	   2.0000000e+00	   1.0000000e+00	   1.5610000e+03	
   1.0400000e+02	   1.1300000e+02	   3.1000000e+02	   1.4000000e+01	   2.0000000e+00	   4.0550000e+00	   4.2700000e+00	   2.7500000e-01	   3.0000000e+00	   2.0000000e+00	   1.0000000e+00	   2.0000000e+00	   1.6680000e+03	
   2.0700000e+02	   3.0900000e+02	   2.0900000e+02	   1.0000000e+01	   3.0000000e+00	   3.7200000e+00	   4.0900000e+00	   2.2050000e+00	   2.0000000e+00	   3.0000000e+00	   1.0000000e+00	   2.0000000e+00	   2.7280000e+03	
   1.0400000e+02	   3.1200000e+02	   2.1100000e+02	   1.1000000e+01	   4.0000000e+00	   4.0550000e+00	   4.5800000e+00	   1.2750000e+00	   3.0000000e+00	   1.0000000e+00	   2.0000000e+00	   1.0000000e+00	   1.3630000e+03	
   1.0400000e+02	   3.0900000e+02	   2.0900000e+02	   1.0000000e+01	   1.0000000e+00	   4.0550000e+00	   4.0900000e+00	   2.2050000e+00	   2.0000000e+00	   3.0000000e+00	   1.0000000e+00	   3.0000000e+00	   1.3250000e+03	
   1.1200000e+02	   2.0700000e+02	   1.0500000e+02	   2.0000000e+00	   2.0000000e+00	   3.9250000e+00	   3.7200000e+00	   3.5500000e+00	   1.0000000e+00	   3.0000000e+00	   2.0000000e+00	   3.0000000e+00	   1.6810000e+03	
   1.0400000e+02	   3.0500000e+02	   3.1100000e+02	   1.5000000e+01	   1.0000000e+00	   4.0550000e+00	   4.0900000e+00	   0.0000000e+00	   1.0000000e+00	   2.0000000e+00	   3.0000000e+00	   2.0000000e+00	   1.3420000e+03	
   1.1100000e+02	   2.0400000e+02	   2.0300000e+02	   8.0000000e+00	   5.0000000e+00	   3.9550000e+00	   5.0000000e+00	   1.5900000e+00	   2.0000000e+00	   1.0000000e+00	   3.0000000e+00	   1.0000000e+00	   1.3650000e+03	
   2.0500000e+02	   3.0500000e+02	   3.1000000e+02	   1.4000000e+01	   2.0000000e+00	   3.8800000e+00	   4.0900000e+00	   2.7500000e-01	   3.0000000e+00	   2.0000000e+00	   1.0000000e+00	   2.0000000e+00	   1.4810000e+03	
   1.1300000e+02	   3.0500000e+02	   3.1100000e+02	   1.5000000e+01	   2.0000000e+00	   4.2700000e+00	   4.0900000e+00	   0.0000000e+00	   2.0000000e+00	   1.0000000e+00	   3.0000000e+00	   2.0000000e+00	   2.3080000e+03	
   1.0100000e+02	   2.0500000e+02	   2.0800000e+02	   9.0000000e+00	   1.0000000e+00	   3.9100000e+00	   3.8800000e+00	   3.2950000e+00	   3.0000000e+00	   2.0000000e+00	   1.0000000e+00	   3.0000000e+00	   1.5030000e+03	
   1.0900000e+02	   2.0500000e+02	   1.0600000e+02	   3.0000000e+00	   1.0000000e+00	   3.8850000e+00	   3.8800000e+00	   2.0250000e+00	   2.0000000e+00	   1.0000000e+00	   3.0000000e+00	   1.0000000e+00	   1.9600000e+03	
   1.1300000e+02	   3.0900000e+02	   1.0500000e+02	   2.0000000e+00	   2.0000000e+00	   4.2700000e+00	   4.0900000e+00	   3.5500000e+00	   3.0000000e+00	   1.0000000e+00	   2.0000000e+00	   3.0000000e+00	   1.5010000e+03	
   2.0400000e+02	   2.0700000e+02	   2.0900000e+02	   1.0000000e+01	   5.0000000e+00	   5.0000000e+00	   3.7200000e+00	   2.2050000e+00	   2.0000000e+00	   3.0000000e+00	   1.0000000e+00	   2.0000000e+00	   1.0270000e+03	
   1.0900000e+02	   3.0900000e+02	   1.1600000e+02	   7.0000000e+00	   2.0000000e+00	   3.8850000e+00	   4.0900000e+00	   3.0000000e+00	   2.0000000e+00	   1.0000000e+00	   3.0000000e+00	   1.0000000e+00	   1.6320000e+03	
   1.0400000e+02	   2.0700000e+02	   1.0200000e+02	   1.0000000e+00	   3.0000000e+00	   4.0550000e+00	   3.7200000e+00	   3.6200000e+00	   2.0000000e+00	   1.0000000e+00	   3.0000000e+00	   1.0000000e+00	   1.2340000e+03	
   1.1300000e+02	   2.0100000e+02	   1.1600000e+02	   7.0000000e+00	   4.0000000e+00	   4.2700000e+00	   5.0000000e+00	   3.0000000e+00	   2.0000000e+00	   1.0000000e+00	   3.0000000e+00	   1.0000000e+00	   1.1890000e+03	
   1.0900000e+02	   2.0400000e+02	   1.1000000e+02	   5.0000000e+00	   5.0000000e+00	   3.8850000e+00	   5.0000000e+00	   1.8150000e+00	   2.0000000e+00	   1.0000000e+00	   3.0000000e+00	   1.0000000e+00	   1.2250000e+03	
   1.0900000e+02	   3.1200000e+02	   2.1200000e+02	   1.2000000e+01	   4.0000000e+00	   3.8850000e+00	   4.5800000e+00	   2.5150000e+00	   2.0000000e+00	   3.0000000e+00	   1.0000000e+00	   3.0000000e+00	   1.5450000e+03	
   1.0400000e+02	   1.1200000e+02	   2.0300000e+02	   8.0000000e+00	   1.0000000e+00	   4.0550000e+00	   3.9250000e+00	   1.5900000e+00	   1.0000000e+00	   2.0000000e+00	   3.0000000e+00	   2.0000000e+00	   1.4440000e+03	
   1.0100000e+02	   1.1300000e+02	   2.1200000e+02	   1.2000000e+01	   3.0000000e+00	   3.9100000e+00	   4.2700000e+00	   2.5150000e+00	   1.0000000e+00	   3.0000000e+00	   2.0000000e+00	   3.0000000e+00	   1.5590000e+03	
   1.0900000e+02	   2.0700000e+02	   1.0600000e+02	   3.0000000e+00	   2.0000000e+00	   3.8850000e+00	   3.7200000e+00	   2.0250000e+00	   1.0000000e+00	   2.0000000e+00	   3.0000000e+00	   2.0000000e+00	   1.4340000e+03	
   1.0100000e+02	   3.0900000e+02	   1.0200000e+02	   1.0000000e+00	   2.0000000e+00	   3.9100000e+00	   4.0900000e+00	   3.6200000e+00	   1.0000000e+00	   2.0000000e+00	   3.0000000e+00	   1.0000000e+00	   1.9650000e+03	
   1.0100000e+02	   1.0700000e+02	   2.1200000e+02	   1.2000000e+01	   2.0000000e+00	   3.9100000e+00	   3.7200000e+00	   2.5150000e+00	   2.0000000e+00	   1.0000000e+00	   3.0000000e+00	   2.0000000e+00	   1.3820000e+03	
   1.1200000e+02	   1.1300000e+02	   1.0800000e+02	   4.0000000e+00	   3.0000000e+00	   3.9250000e+00	   4.2700000e+00	   1.4350000e+00	   2.0000000e+00	   1.0000000e+00	   3.0000000e+00	   1.0000000e+00	   1.7710000e+03	
   1.0100000e+02	   3.0900000e+02	   3.0400000e+02	   1.3000000e+01	   2.0000000e+00	   3.9100000e+00	   4.0900000e+00	   9.5500000e-01	   2.0000000e+00	   1.0000000e+00	   3.0000000e+00	   2.0000000e+00	   1.3670000e+03	
   1.1300000e+02	   2.0100000e+02	   2.0900000e+02	   1.0000000e+01	   4.0000000e+00	   4.2700000e+00	   5.0000000e+00	   2.2050000e+00	   1.0000000e+00	   2.0000000e+00	   3.0000000e+00	   2.0000000e+00	   1.1250000e+03	
   1.0400000e+02	   3.0900000e+02	   2.1100000e+02	   1.1000000e+01	   1.0000000e+00	   4.0550000e+00	   4.0900000e+00	   1.2750000e+00	   3.0000000e+00	   1.0000000e+00	   2.0000000e+00	   1.0000000e+00	   2.1680000e+03	
   2.0400000e+02	   2.0700000e+02	   1.1500000e+02	   6.0000000e+00	   5.0000000e+00	   5.0000000e+00	   3.7200000e+00	   3.1400000e+00	   1.0000000e+00	   2.0000000e+00	   3.0000000e+00	   1.0000000e+00	   1.8350000e+03	
   1.0100000e+02	   1.0400000e+02	   3.1000000e+02	   1.4000000e+01	   1.0000000e+00	   3.9100000e+00	   4.0550000e+00	   2.7500000e-01	   2.0000000e+00	   3.0000000e+00	   1.0000000e+00	   2.0000000e+00	   1.5160000e+03	
   1.1100000e+02	   2.0500000e+02	   1.0200000e+02	   1.0000000e+00	   1.0000000e+00	   3.9550000e+00	   3.8800000e+00	   3.6200000e+00	   1.0000000e+00	   2.0000000e+00	   3.0000000e+00	   1.0000000e+00	   1.3230000e+03	
   1.0100000e+02	   1.0900000e+02	   1.1500000e+02	   6.0000000e+00	   1.0000000e+00	   3.9100000e+00	   3.8850000e+00	   3.1400000e+00	   1.0000000e+00	   2.0000000e+00	   3.0000000e+00	   1.0000000e+00	   1.5570000e+03	
   1.0100000e+02	   1.1200000e+02	   3.1100000e+02	   1.5000000e+01	   1.0000000e+00	   3.9100000e+00	   3.9250000e+00	   0.0000000e+00	   3.0000000e+00	   2.0000000e+00	   1.0000000e+00	   3.0000000e+00	   2.2510000e+03	
   1.1300000e+02	   3.1200000e+02	   3.1100000e+02	   1.5000000e+01	   3.0000000e+00	   4.2700000e+00	   4.5800000e+00	   0.0000000e+00	   1.0000000e+00	   3.0000000e+00	   2.0000000e+00	   3.0000000e+00	   1.2410000e+03	
   1.0400000e+02	   3.0200000e+02	   1.0600000e+02	   3.0000000e+00	   3.0000000e+00	   4.0550000e+00	   4.3300000e+00	   2.0250000e+00	   1.0000000e+00	   2.0000000e+00	   3.0000000e+00	   2.0000000e+00	   2.2720000e+03	
   1.0900000e+02	   3.0200000e+02	   2.0300000e+02	   8.0000000e+00	   4.0000000e+00	   3.8850000e+00	   4.3300000e+00	   1.5900000e+00	   2.0000000e+00	   3.0000000e+00	   1.0000000e+00	   3.0000000e+00	   1.6330000e+03	
   1.1200000e+02	   3.1200000e+02	   1.1600000e+02	   7.0000000e+00	   4.0000000e+00	   3.9250000e+00	   4.5800000e+00	   3.0000000e+00	   3.0000000e+00	   1.0000000e+00	   2.0000000e+00	   1.0000000e+00	   1.4560000e+03	
   1.0700000e+02	   2.0700000e+02	   2.1100000e+02	   1.1000000e+01	   1.0000000e+00	   3.7200000e+00	   3.7200000e+00	   1.2750000e+00	   3.0000000e+00	   1.0000000e+00	   2.0000000e+00	   1.0000000e+00	   1.4160000e+03	
   1.0100000e+02	   2.0700000e+02	   3.0400000e+02	   1.3000000e+01	   2.0000000e+00	   3.9100000e+00	   3.7200000e+00	   9.5500000e-01	   3.0000000e+00	   2.0000000e+00	   1.0000000e+00	   2.0000000e+00	   2.1000000e+03	
   3.0200000e+02	   3.1200000e+02	   2.0800000e+02	   9.0000000e+00	   3.0000000e+00	   4.3300000e+00	   4.5800000e+00	   3.2950000e+00	   1.0000000e+00	   3.0000000e+00	   2.0000000e+00	   3.0000000e+00	   1.1700000e+03	
   1.0100000e+02	   2.0500000e+02	   3.0400000e+02	   1.3000000e+01	   1.0000000e+00	   3.9100000e+00	   3.8800000e+00	   9.5500000e-01	   1.0000000e+00	   2.0000000e+00	   3.0000000e+00	   1.0000000e+00	   1.3990000e+03	
   1.0900000e+02	   3.1200000e+02	   1.0800000e+02	   4.0000000e+00	   4.0000000e+00	   3.8850000e+00	   4.5800000e+00	   1.4350000e+00	   3.0000000e+00	   1.0000000e+00	   2.0000000e+00	   1.0000000e+00	   1.0620000e+03	
   1.1300000e+02	   3.0900000e+02	   1.1500000e+02	   6.0000000e+00	   2.0000000e+00	   4.2700000e+00	   4.0900000e+00	   3.1400000e+00	   3.0000000e+00	   1.0000000e+00	   2.0000000e+00	   3.0000000e+00	   1.5870000e+03	
   1.0400000e+02	   3.0500000e+02	   2.1100000e+02	   1.1000000e+01	   1.0000000e+00	   4.0550000e+00	   4.0900000e+00	   1.2750000e+00	   1.0000000e+00	   2.0000000e+00	   3.0000000e+00	   2.0000000e+00	   1.2930000e+03	
   2.0700000e+02	   3.0900000e+02	   2.0800000e+02	   9.0000000e+00	   3.0000000e+00	   3.7200000e+00	   4.0900000e+00	   3.2950000e+00	   2.0000000e+00	   1.0000000e+00	   3.0000000e+00	   2.0000000e+00	   1.2030000e+03	
   2.0100000e+02	   2.0500000e+02	   1.0800000e+02	   4.0000000e+00	   5.0000000e+00	   5.0000000e+00	   3.8800000e+00	   1.4350000e+00	   1.0000000e+00	   2.0000000e+00	   3.0000000e+00	   1.0000000e+00	   1.3220000e+03	
   1.0900000e+02	   3.0900000e+02	   2.0300000e+02	   8.0000000e+00	   2.0000000e+00	   3.8850000e+00	   4.0900000e+00	   1.5900000e+00	   1.0000000e+00	   3.0000000e+00	   2.0000000e+00	   3.0000000e+00	   1.5450000e+03	
   2.0100000e+02	   2.0500000e+02	   1.1600000e+02	   7.0000000e+00	   5.0000000e+00	   5.0000000e+00	   3.8800000e+00	   3.0000000e+00	   2.0000000e+00	   1.0000000e+00	   3.0000000e+00	   2.0000000e+00	   1.4630000e+03	
   1.0400000e+02	   3.0500000e+02	   1.0800000e+02	   4.0000000e+00	   1.0000000e+00	   4.0550000e+00	   4.0900000e+00	   1.4350000e+00	   1.0000000e+00	   3.0000000e+00	   2.0000000e+00	   3.0000000e+00	   1.1410000e+03	
   1.1200000e+02	   3.1200000e+02	   2.0800000e+02	   9.0000000e+00	   4.0000000e+00	   3.9250000e+00	   4.5800000e+00	   3.2950000e+00	   1.0000000e+00	   3.0000000e+00	   2.0000000e+00	   3.0000000e+00	   1.2510000e+03	
   2.0100000e+02	   3.0500000e+02	   1.1500000e+02	   6.0000000e+00	   5.0000000e+00	   5.0000000e+00	   4.0900000e+00	   3.1400000e+00	   2.0000000e+00	   3.0000000e+00	   1.0000000e+00	   2.0000000e+00	   1.5890000e+03	
   1.1200000e+02	   2.0500000e+02	   2.1200000e+02	   1.2000000e+01	   1.0000000e+00	   3.9250000e+00	   3.8800000e+00	   2.5150000e+00	   3.0000000e+00	   2.0000000e+00	   1.0000000e+00	   3.0000000e+00	   1.6660000e+03	
   1.0700000e+02	   2.0100000e+02	   1.0600000e+02	   3.0000000e+00	   5.0000000e+00	   3.7200000e+00	   5.0000000e+00	   2.0250000e+00	   2.0000000e+00	   3.0000000e+00	   1.0000000e+00	   3.0000000e+00	   1.3010000e+03	
   2.0100000e+02	   2.0500000e+02	   1.0200000e+02	   1.0000000e+00	   5.0000000e+00	   5.0000000e+00	   3.8800000e+00	   3.6200000e+00	   1.0000000e+00	   2.0000000e+00	   3.0000000e+00	   1.0000000e+00	   8.2600000e+02	
   1.0700000e+02	   3.0200000e+02	   1.1600000e+02	   7.0000000e+00	   4.0000000e+00	   3.7200000e+00	   4.3300000e+00	   3.0000000e+00	   2.0000000e+00	   3.0000000e+00	   1.0000000e+00	   3.0000000e+00	   1.8380000e+03	
   1.0400000e+02	   2.0700000e+02	   3.1000000e+02	   1.4000000e+01	   3.0000000e+00	   4.0550000e+00	   3.7200000e+00	   2.7500000e-01	   1.0000000e+00	   2.0000000e+00	   3.0000000e+00	   2.0000000e+00	   1.4530000e+03	
   1.1200000e+02	   2.0100000e+02	   1.0500000e+02	   2.0000000e+00	   5.0000000e+00	   3.9250000e+00	   5.0000000e+00	   3.5500000e+00	   3.0000000e+00	   2.0000000e+00	   1.0000000e+00	   2.0000000e+00	   1.6790000e+03	
   1.1300000e+02	   2.0700000e+02	   2.1200000e+02	   1.2000000e+01	   4.0000000e+00	   4.2700000e+00	   3.7200000e+00	   2.5150000e+00	   1.0000000e+00	   2.0000000e+00	   3.0000000e+00	   2.0000000e+00	   2.1630000e+03	
   1.0100000e+02	   3.0500000e+02	   2.0800000e+02	   9.0000000e+00	   2.0000000e+00	   3.9100000e+00	   4.0900000e+00	   3.2950000e+00	   3.0000000e+00	   2.0000000e+00	   1.0000000e+00	   2.0000000e+00	   1.5420000e+03	
   1.1100000e+02	   1.1300000e+02	   1.1000000e+02	   5.0000000e+00	   3.0000000e+00	   3.9550000e+00	   4.2700000e+00	   1.8150000e+00	   3.0000000e+00	   2.0000000e+00	   1.0000000e+00	   2.0000000e+00	   1.6470000e+03	
   1.1300000e+02	   3.0200000e+02	   3.1000000e+02	   1.4000000e+01	   1.0000000e+00	   4.2700000e+00	   4.3300000e+00	   2.7500000e-01	   2.0000000e+00	   1.0000000e+00	   3.0000000e+00	   2.0000000e+00	   1.4180000e+03	
   2.0700000e+02	   3.0500000e+02	   1.0800000e+02	   4.0000000e+00	   3.0000000e+00	   3.7200000e+00	   4.0900000e+00	   1.4350000e+00	   2.0000000e+00	   1.0000000e+00	   3.0000000e+00	   2.0000000e+00	   1.8360000e+03	
   2.0100000e+02	   3.0500000e+02	   1.0500000e+02	   2.0000000e+00	   5.0000000e+00	   5.0000000e+00	   4.0900000e+00	   3.5500000e+00	   3.0000000e+00	   1.0000000e+00	   2.0000000e+00	   3.0000000e+00	   1.3800000e+03	
   1.0400000e+02	   1.1100000e+02	   1.1600000e+02	   7.0000000e+00	   1.0000000e+00	   4.0550000e+00	   3.9550000e+00	   3.0000000e+00	   3.0000000e+00	   1.0000000e+00	   2.0000000e+00	   1.0000000e+00	   1.4380000e+03	
   1.0400000e+02	   3.0200000e+02	   1.1500000e+02	   6.0000000e+00	   3.0000000e+00	   4.0550000e+00	   4.3300000e+00	   3.1400000e+00	   3.0000000e+00	   1.0000000e+00	   2.0000000e+00	   1.0000000e+00	   1.8800000e+03	
   1.1100000e+02	   3.0900000e+02	   2.1200000e+02	   1.2000000e+01	   1.0000000e+00	   3.9550000e+00	   4.0900000e+00	   2.5150000e+00	   1.0000000e+00	   2.0000000e+00	   3.0000000e+00	   2.0000000e+00	   1.5690000e+03	
   2.0400000e+02	   2.0700000e+02	   3.0400000e+02	   1.3000000e+01	   5.0000000e+00	   5.0000000e+00	   3.7200000e+00	   9.5500000e-01	   1.0000000e+00	   2.0000000e+00	   3.0000000e+00	   1.0000000e+00	   1.2890000e+03	
   1.0900000e+02	   2.0100000e+02	   1.1600000e+02	   7.0000000e+00	   5.0000000e+00	   3.8850000e+00	   5.0000000e+00	   3.0000000e+00	   2.0000000e+00	   3.0000000e+00	   1.0000000e+00	   3.0000000e+00	   9.2400000e+02	
   1.0100000e+02	   2.0500000e+02	   1.0500000e+02	   2.0000000e+00	   1.0000000e+00	   3.9100000e+00	   3.8800000e+00	   3.5500000e+00	   1.0000000e+00	   2.0000000e+00	   3.0000000e+00	   1.0000000e+00	   1.5320000e+03	
   1.0400000e+02	   1.0900000e+02	   1.1000000e+02	   5.0000000e+00	   2.0000000e+00	   4.0550000e+00	   3.8850000e+00	   1.8150000e+00	   1.0000000e+00	   2.0000000e+00	   3.0000000e+00	   2.0000000e+00	   3.3420000e+03	
   1.1100000e+02	   2.0700000e+02	   2.0800000e+02	   9.0000000e+00	   2.0000000e+00	   3.9550000e+00	   3.7200000e+00	   3.2950000e+00	   1.0000000e+00	   2.0000000e+00	   3.0000000e+00	   2.0000000e+00	   1.8120000e+03	
   3.0900000e+02	   3.1200000e+02	   2.1100000e+02	   1.1000000e+01	   4.0000000e+00	   4.0900000e+00	   4.5800000e+00	   1.2750000e+00	   3.0000000e+00	   2.0000000e+00	   1.0000000e+00	   2.0000000e+00	   1.0820000e+03	
   1.1300000e+02	   2.0500000e+02	   1.0800000e+02	   4.0000000e+00	   3.0000000e+00	   4.2700000e+00	   3.8800000e+00	   1.4350000e+00	   1.0000000e+00	   2.0000000e+00	   3.0000000e+00	   1.0000000e+00	   1.7390000e+03	
   1.0700000e+02	   3.0900000e+02	   3.0400000e+02	   1.3000000e+01	   3.0000000e+00	   3.7200000e+00	   4.0900000e+00	   9.5500000e-01	   3.0000000e+00	   2.0000000e+00	   1.0000000e+00	   2.0000000e+00	   1.6410000e+03	
   1.1200000e+02	   3.1200000e+02	   1.0500000e+02	   2.0000000e+00	   4.0000000e+00	   3.9250000e+00	   4.5800000e+00	   3.5500000e+00	   3.0000000e+00	   1.0000000e+00	   2.0000000e+00	   1.0000000e+00	   1.0110000e+03	
   2.0400000e+02	   3.0200000e+02	   3.1000000e+02	   1.4000000e+01	   4.0000000e+00	   5.0000000e+00	   4.3300000e+00	   2.7500000e-01	   2.0000000e+00	   3.0000000e+00	   1.0000000e+00	   2.0000000e+00	   1.2930000e+03	
   1.1300000e+02	   3.0500000e+02	   2.0800000e+02	   9.0000000e+00	   2.0000000e+00	   4.2700000e+00	   4.0900000e+00	   3.2950000e+00	   3.0000000e+00	   1.0000000e+00	   2.0000000e+00	   1.0000000e+00	   1.7980000e+03	
   2.0500000e+02	   2.0700000e+02	   1.0800000e+02	   4.0000000e+00	   1.0000000e+00	   3.8800000e+00	   3.7200000e+00	   1.4350000e+00	   2.0000000e+00	   3.0000000e+00	   1.0000000e+00	   3.0000000e+00	   1.3400000e+03	
   1.0400000e+02	   3.0200000e+02	   1.0500000e+02	   2.0000000e+00	   3.0000000e+00	   4.0550000e+00	   4.3300000e+00	   3.5500000e+00	   3.0000000e+00	   2.0000000e+00	   1.0000000e+00	   2.0000000e+00	   1.7980000e+03	
   1.0100000e+02	   1.1300000e+02	   1.1500000e+02	   6.0000000e+00	   3.0000000e+00	   3.9100000e+00	   4.2700000e+00	   3.1400000e+00	   2.0000000e+00	   3.0000000e+00	   1.0000000e+00	   3.0000000e+00	   2.0350000e+03	
   2.0100000e+02	   2.0700000e+02	   2.0900000e+02	   1.0000000e+01	   5.0000000e+00	   5.0000000e+00	   3.7200000e+00	   2.2050000e+00	   2.0000000e+00	   3.0000000e+00	   1.0000000e+00	   3.0000000e+00	   1.2650000e+03	
   1.0100000e+02	   2.0100000e+02	   2.1100000e+02	   1.1000000e+01	   5.0000000e+00	   3.9100000e+00	   5.0000000e+00	   1.2750000e+00	   3.0000000e+00	   1.0000000e+00	   2.0000000e+00	   1.0000000e+00	   1.0420000e+03	
   1.0900000e+02	   2.0100000e+02	   2.0900000e+02	   1.0000000e+01	   5.0000000e+00	   3.8850000e+00	   5.0000000e+00	   2.2050000e+00	   2.0000000e+00	   3.0000000e+00	   1.0000000e+00	   3.0000000e+00	   9.4800000e+02	
   1.0700000e+02	   1.1300000e+02	   1.0600000e+02	   3.0000000e+00	   4.0000000e+00	   3.7200000e+00	   4.2700000e+00	   2.0250000e+00	   2.0000000e+00	   1.0000000e+00	   3.0000000e+00	   1.0000000e+00	   1.4770000e+03	
   2.0500000e+02	   2.0700000e+02	   3.1100000e+02	   1.5000000e+01	   1.0000000e+00	   3.8800000e+00	   3.7200000e+00	   0.0000000e+00	   1.0000000e+00	   3.0000000e+00	   2.0000000e+00	   3.0000000e+00	   1.4910000e+03	
   1.0700000e+02	   2.0100000e+02	   2.1200000e+02	   1.2000000e+01	   5.0000000e+00	   3.7200000e+00	   5.0000000e+00	   2.5150000e+00	   3.0000000e+00	   1.0000000e+00	   2.0000000e+00	   1.0000000e+00	   1.1090000e+03	
   1.0100000e+02	   1.1100000e+02	   1.1600000e+02	   7.0000000e+00	   1.0000000e+00	   3.9100000e+00	   3.9550000e+00	   3.0000000e+00	   3.0000000e+00	   1.0000000e+00	   2.0000000e+00	   3.0000000e+00	   1.3780000e+03	
   1.1300000e+02	   3.0900000e+02	   3.0400000e+02	   1.3000000e+01	   2.0000000e+00	   4.2700000e+00	   4.0900000e+00	   9.5500000e-01	   3.0000000e+00	   2.0000000e+00	   1.0000000e+00	   3.0000000e+00	   1.5340000e+03	
   1.0700000e+02	   1.1100000e+02	   1.0800000e+02	   4.0000000e+00	   2.0000000e+00	   3.7200000e+00	   3.9550000e+00	   1.4350000e+00	   2.0000000e+00	   1.0000000e+00	   3.0000000e+00	   1.0000000e+00	   1.3610000e+03	
   1.0900000e+02	   3.0500000e+02	   1.1600000e+02	   7.0000000e+00	   2.0000000e+00	   3.8850000e+00	   4.0900000e+00	   3.0000000e+00	   3.0000000e+00	   1.0000000e+00	   2.0000000e+00	   1.0000000e+00	   1.3800000e+03	
   1.0700000e+02	   1.1300000e+02	   2.1100000e+02	   1.1000000e+01	   4.0000000e+00	   3.7200000e+00	   4.2700000e+00	   1.2750000e+00	   3.0000000e+00	   1.0000000e+00	   2.0000000e+00	   1.0000000e+00	   1.3880000e+03	
   2.0400000e+02	   2.0500000e+02	   3.1100000e+02	   1.5000000e+01	   5.0000000e+00	   5.0000000e+00	   3.8800000e+00	   0.0000000e+00	   1.0000000e+00	   3.0000000e+00	   2.0000000e+00	   1.0000000e+00	   1.1400000e+03	
   1.1300000e+02	   3.0900000e+02	   2.0900000e+02	   1.0000000e+01	   2.0000000e+00	   4.2700000e+00	   4.0900000e+00	   2.2050000e+00	   3.0000000e+00	   2.0000000e+00	   1.0000000e+00	   3.0000000e+00	   1.1800000e+03	
   1.1200000e+02	   3.0500000e+02	   2.1200000e+02	   1.2000000e+01	   2.0000000e+00	   3.9250000e+00	   4.0900000e+00	   2.5150000e+00	   3.0000000e+00	   1.0000000e+00	   2.0000000e+00	   1.0000000e+00	   1.3820000e+03	
   2.0400000e+02	   3.0500000e+02	   3.1000000e+02	   1.4000000e+01	   5.0000000e+00	   5.0000000e+00	   4.0900000e+00	   2.7500000e-01	   3.0000000e+00	   1.0000000e+00	   2.0000000e+00	   3.0000000e+00	   9.2200000e+02	
   1.1300000e+02	   3.0200000e+02	   1.1500000e+02	   6.0000000e+00	   1.0000000e+00	   4.2700000e+00	   4.3300000e+00	   3.1400000e+00	   2.0000000e+00	   3.0000000e+00	   1.0000000e+00	   2.0000000e+00	   1.5680000e+03	
   2.0100000e+02	   3.0500000e+02	   1.0600000e+02	   3.0000000e+00	   5.0000000e+00	   5.0000000e+00	   4.0900000e+00	   2.0250000e+00	   2.0000000e+00	   1.0000000e+00	   3.0000000e+00	   2.0000000e+00	   1.1270000e+03	
   1.0100000e+02	   3.0500000e+02	   1.0500000e+02	   2.0000000e+00	   2.0000000e+00	   3.9100000e+00	   4.0900000e+00	   3.5500000e+00	   3.0000000e+00	   1.0000000e+00	   2.0000000e+00	   1.0000000e+00	   1.5430000e+03	
   1.0100000e+02	   2.0700000e+02	   2.0800000e+02	   9.0000000e+00	   2.0000000e+00	   3.9100000e+00	   3.7200000e+00	   3.2950000e+00	   2.0000000e+00	   1.0000000e+00	   3.0000000e+00	   1.0000000e+00	   1.3840000e+03	
   1.0700000e+02	   3.0200000e+02	   1.1500000e+02	   6.0000000e+00	   4.0000000e+00	   3.7200000e+00	   4.3300000e+00	   3.1400000e+00	   1.0000000e+00	   3.0000000e+00	   2.0000000e+00	   3.0000000e+00	   1.3050000e+03	
   1.0100000e+02	   1.1200000e+02	   1.0600000e+02	   3.0000000e+00	   1.0000000e+00	   3.9100000e+00	   3.9250000e+00	   2.0250000e+00	   1.0000000e+00	   3.0000000e+00	   2.0000000e+00	   1.0000000e+00	   1.5270000e+03	
   1.1100000e+02	   2.0700000e+02	   1.0200000e+02	   1.0000000e+00	   2.0000000e+00	   3.9550000e+00	   3.7200000e+00	   3.6200000e+00	   2.0000000e+00	   1.0000000e+00	   3.0000000e+00	   1.0000000e+00	   1.2840000e+03	
   1.0700000e+02	   3.0500000e+02	   2.0300000e+02	   8.0000000e+00	   3.0000000e+00	   3.7200000e+00	   4.0900000e+00	   1.5900000e+00	   3.0000000e+00	   1.0000000e+00	   2.0000000e+00	   1.0000000e+00	   1.0610000e+03	
   1.1300000e+02	   2.0400000e+02	   1.1000000e+02	   5.0000000e+00	   4.0000000e+00	   4.2700000e+00	   5.0000000e+00	   1.8150000e+00	   2.0000000e+00	   3.0000000e+00	   1.0000000e+00	   3.0000000e+00	   1.2740000e+03	
   1.0400000e+02	   2.0400000e+02	   3.1000000e+02	   1.4000000e+01	   5.0000000e+00	   4.0550000e+00	   5.0000000e+00	   2.7500000e-01	   3.0000000e+00	   2.0000000e+00	   1.0000000e+00	   2.0000000e+00	   1.2060000e+03	
   2.0100000e+02	   3.0900000e+02	   1.0800000e+02	   4.0000000e+00	   5.0000000e+00	   5.0000000e+00	   4.0900000e+00	   1.4350000e+00	   3.0000000e+00	   1.0000000e+00	   2.0000000e+00	   3.0000000e+00	   1.1360000e+03	
   1.0900000e+02	   2.0400000e+02	   1.1600000e+02	   7.0000000e+00	   5.0000000e+00	   3.8850000e+00	   5.0000000e+00	   3.0000000e+00	   3.0000000e+00	   2.0000000e+00	   1.0000000e+00	   2.0000000e+00	   1.2910000e+03	
   1.0900000e+02	   2.0700000e+02	   2.0900000e+02	   1.0000000e+01	   2.0000000e+00	   3.8850000e+00	   3.7200000e+00	   2.2050000e+00	   1.0000000e+00	   2.0000000e+00	   3.0000000e+00	   2.0000000e+00	   1.4640000e+03	
   1.0900000e+02	   2.0500000e+02	   3.1000000e+02	   1.4000000e+01	   1.0000000e+00	   3.8850000e+00	   3.8800000e+00	   2.7500000e-01	   1.0000000e+00	   2.0000000e+00	   3.0000000e+00	   2.0000000e+00	   2.2230000e+03	
   1.0100000e+02	   1.0700000e+02	   1.0800000e+02	   4.0000000e+00	   2.0000000e+00	   3.9100000e+00	   3.7200000e+00	   1.4350000e+00	   1.0000000e+00	   2.0000000e+00	   3.0000000e+00	   1.0000000e+00	   9.7600000e+02	
   1.0400000e+02	   3.1200000e+02	   1.1500000e+02	   6.0000000e+00	   4.0000000e+00	   4.0550000e+00	   4.5800000e+00	   3.1400000e+00	   1.0000000e+00	   2.0000000e+00	   3.0000000e+00	   2.0000000e+00	   9.3800000e+02	
   3.0200000e+02	   3.1200000e+02	   1.1000000e+02	   5.0000000e+00	   3.0000000e+00	   4.3300000e+00	   4.5800000e+00	   1.8150000e+00	   1.0000000e+00	   3.0000000e+00	   2.0000000e+00	   3.0000000e+00	   1.4100000e+03	
   1.1300000e+02	   2.0100000e+02	   1.0200000e+02	   1.0000000e+00	   4.0000000e+00	   4.2700000e+00	   5.0000000e+00	   3.6200000e+00	   2.0000000e+00	   3.0000000e+00	   1.0000000e+00	   3.0000000e+00	   1.2230000e+03	
   2.0400000e+02	   2.0700000e+02	   3.1100000e+02	   1.5000000e+01	   5.0000000e+00	   5.0000000e+00	   3.7200000e+00	   0.0000000e+00	   1.0000000e+00	   3.0000000e+00	   2.0000000e+00	   1.0000000e+00	   1.2150000e+03	
   1.0700000e+02	   1.0900000e+02	   1.0600000e+02	   3.0000000e+00	   2.0000000e+00	   3.7200000e+00	   3.8850000e+00	   2.0250000e+00	   2.0000000e+00	   3.0000000e+00	   1.0000000e+00	   3.0000000e+00	   2.9270000e+03	
   1.0900000e+02	   2.0500000e+02	   2.0800000e+02	   9.0000000e+00	   1.0000000e+00	   3.8850000e+00	   3.8800000e+00	   3.2950000e+00	   2.0000000e+00	   3.0000000e+00	   1.0000000e+00	   3.0000000e+00	   1.3560000e+03	
   1.0700000e+02	   3.0500000e+02	   2.1100000e+02	   1.1000000e+01	   3.0000000e+00	   3.7200000e+00	   4.0900000e+00	   1.2750000e+00	   3.0000000e+00	   2.0000000e+00	   1.0000000e+00	   2.0000000e+00	   1.2550000e+03	
   1.0900000e+02	   3.1200000e+02	   2.0800000e+02	   9.0000000e+00	   4.0000000e+00	   3.8850000e+00	   4.5800000e+00	   3.2950000e+00	   2.0000000e+00	   3.0000000e+00	   1.0000000e+00	   3.0000000e+00	   1.0070000e+03	
   1.0700000e+02	   3.0200000e+02	   1.1000000e+02	   5.0000000e+00	   4.0000000e+00	   3.7200000e+00	   4.3300000e+00	   1.8150000e+00	   3.0000000e+00	   2.0000000e+00	   1.0000000e+00	   2.0000000e+00	   1.7960000e+03	
   3.0500000e+02	   3.1200000e+02	   3.1100000e+02	   1.5000000e+01	   4.0000000e+00	   4.0900000e+00	   4.5800000e+00	   0.0000000e+00	   1.0000000e+00	   2.0000000e+00	   3.0000000e+00	   2.0000000e+00	   1.4080000e+03	
   1.0400000e+02	   1.0700000e+02	   3.0400000e+02	   1.3000000e+01	   3.0000000e+00	   4.0550000e+00	   3.7200000e+00	   9.5500000e-01	   2.0000000e+00	   3.0000000e+00	   1.0000000e+00	   2.0000000e+00	   2.7220000e+03	
   1.0700000e+02	   1.1300000e+02	   1.0200000e+02	   1.0000000e+00	   4.0000000e+00	   3.7200000e+00	   4.2700000e+00	   3.6200000e+00	   2.0000000e+00	   3.0000000e+00	   1.0000000e+00	   3.0000000e+00	   1.3960000e+03	
   1.0900000e+02	   1.1200000e+02	   2.0900000e+02	   1.0000000e+01	   1.0000000e+00	   3.8850000e+00	   3.9250000e+00	   2.2050000e+00	   3.0000000e+00	   1.0000000e+00	   2.0000000e+00	   1.0000000e+00	   1.7760000e+03	
   2.0400000e+02	   2.0700000e+02	   3.1000000e+02	   1.4000000e+01	   5.0000000e+00	   5.0000000e+00	   3.7200000e+00	   2.7500000e-01	   3.0000000e+00	   2.0000000e+00	   1.0000000e+00	   3.0000000e+00	   1.0370000e+03	
   1.1200000e+02	   3.0900000e+02	   3.1100000e+02	   1.5000000e+01	   2.0000000e+00	   3.9250000e+00	   4.0900000e+00	   0.0000000e+00	   1.0000000e+00	   2.0000000e+00	   3.0000000e+00	   2.0000000e+00	   1.4230000e+03	
   1.0400000e+02	   3.0900000e+02	   1.1600000e+02	   7.0000000e+00	   1.0000000e+00	   4.0550000e+00	   4.0900000e+00	   3.0000000e+00	   3.0000000e+00	   2.0000000e+00	   1.0000000e+00	   3.0000000e+00	   1.7870000e+03	
   2.0100000e+02	   3.0200000e+02	   3.1100000e+02	   1.5000000e+01	   4.0000000e+00	   5.0000000e+00	   4.3300000e+00	   0.0000000e+00	   3.0000000e+00	   2.0000000e+00	   1.0000000e+00	   3.0000000e+00	   9.5400000e+02	
   1.0400000e+02	   2.0500000e+02	   1.1000000e+02	   5.0000000e+00	   2.0000000e+00	   4.0550000e+00	   3.8800000e+00	   1.8150000e+00	   2.0000000e+00	   3.0000000e+00	   1.0000000e+00	   3.0000000e+00	   1.4280000e+03	
   1.0700000e+02	   1.0900000e+02	   3.0400000e+02	   1.3000000e+01	   2.0000000e+00	   3.7200000e+00	   3.8850000e+00	   9.5500000e-01	   1.0000000e+00	   2.0000000e+00	   3.0000000e+00	   2.0000000e+00	   1.5550000e+03	
   1.0700000e+02	   3.0900000e+02	   2.1100000e+02	   1.1000000e+01	   3.0000000e+00	   3.7200000e+00	   4.0900000e+00	   1.2750000e+00	   1.0000000e+00	   3.0000000e+00	   2.0000000e+00	   3.0000000e+00	   1.2020000e+03	
   3.0200000e+02	   3.0900000e+02	   2.0300000e+02	   8.0000000e+00	   3.0000000e+00	   4.3300000e+00	   4.0900000e+00	   1.5900000e+00	   2.0000000e+00	   3.0000000e+00	   1.0000000e+00	   3.0000000e+00	   1.3920000e+03	
   1.1300000e+02	   2.0700000e+02	   1.1500000e+02	   6.0000000e+00	   4.0000000e+00	   4.2700000e+00	   3.7200000e+00	   3.1400000e+00	   3.0000000e+00	   1.0000000e+00	   2.0000000e+00	   1.0000000e+00	   1.3990000e+03	
   1.0400000e+02	   1.0700000e+02	   2.1100000e+02	   1.1000000e+01	   3.0000000e+00	   4.0550000e+00	   3.7200000e+00	   1.2750000e+00	   3.0000000e+00	   2.0000000e+00	   1.0000000e+00	   3.0000000e+00	   1.8340000e+03	
   1.1100000e+02	   3.0500000e+02	   1.0800000e+02	   4.0000000e+00	   1.0000000e+00	   3.9550000e+00	   4.0900000e+00	   1.4350000e+00	   2.0000000e+00	   1.0000000e+00	   3.0000000e+00	   1.0000000e+00	   1.5260000e+03	
   1.0900000e+02	   2.0100000e+02	   3.1100000e+02	   1.5000000e+01	   5.0000000e+00	   3.8850000e+00	   5.0000000e+00	   0.0000000e+00	   1.0000000e+00	   2.0000000e+00	   3.0000000e+00	   2.0000000e+00	   1.0980000e+03	
   1.0400000e+02	   1.1300000e+02	   2.1100000e+02	   1.1000000e+01	   2.0000000e+00	   4.0550000e+00	   4.2700000e+00	   1.2750000e+00	   3.0000000e+00	   2.0000000e+00	   1.0000000e+00	   2.0000000e+00	   1.3150000e+03	
   1.1300000e+02	   2.0100000e+02	   1.0600000e+02	   3.0000000e+00	   4.0000000e+00	   4.2700000e+00	   5.0000000e+00	   2.0250000e+00	   3.0000000e+00	   2.0000000e+00	   1.0000000e+00	   2.0000000e+00	   8.8100000e+02	
   1.0900000e+02	   2.0100000e+02	   1.0800000e+02	   4.0000000e+00	   5.0000000e+00	   3.8850000e+00	   5.0000000e+00	   1.4350000e+00	   3.0000000e+00	   1.0000000e+00	   2.0000000e+00	   1.0000000e+00	   6.7400000e+02	
   3.0200000e+02	   3.1200000e+02	   3.1000000e+02	   1.4000000e+01	   3.0000000e+00	   4.3300000e+00	   4.5800000e+00	   2.7500000e-01	   2.0000000e+00	   1.0000000e+00	   3.0000000e+00	   1.0000000e+00	   1.1240000e+03	
   1.1200000e+02	   1.1300000e+02	   1.1000000e+02	   5.0000000e+00	   3.0000000e+00	   3.9250000e+00	   4.2700000e+00	   1.8150000e+00	   3.0000000e+00	   2.0000000e+00	   1.0000000e+00	   2.0000000e+00	   1.3560000e+03	
   1.1100000e+02	   3.0500000e+02	   1.1500000e+02	   6.0000000e+00	   1.0000000e+00	   3.9550000e+00	   4.0900000e+00	   3.1400000e+00	   1.0000000e+00	   3.0000000e+00	   2.0000000e+00	   3.0000000e+00	   1.0830000e+03	
   1.0900000e+02	   3.0200000e+02	   2.0900000e+02	   1.0000000e+01	   4.0000000e+00	   3.8850000e+00	   4.3300000e+00	   2.2050000e+00	   3.0000000e+00	   1.0000000e+00	   2.0000000e+00	   3.0000000e+00	   1.2720000e+03	
   1.0100000e+02	   3.0200000e+02	   1.0600000e+02	   3.0000000e+00	   3.0000000e+00	   3.9100000e+00	   4.3300000e+00	   2.0250000e+00	   2.0000000e+00	   3.0000000e+00	   1.0000000e+00	   2.0000000e+00	   1.4460000e+03	
   1.0700000e+02	   1.1300000e+02	   1.0500000e+02	   2.0000000e+00	   4.0000000e+00	   3.7200000e+00	   4.2700000e+00	   3.5500000e+00	   1.0000000e+00	   3.0000000e+00	   2.0000000e+00	   3.0000000e+00	   1.0470000e+03	
   1.1100000e+02	   1.1200000e+02	   3.0400000e+02	   1.3000000e+01	   1.0000000e+00	   3.9550000e+00	   3.9250000e+00	   9.5500000e-01	   2.0000000e+00	   3.0000000e+00	   1.0000000e+00	   2.0000000e+00	   3.6780000e+03	
   2.0500000e+02	   3.0900000e+02	   1.0500000e+02	   2.0000000e+00	   2.0000000e+00	   3.8800000e+00	   4.0900000e+00	   3.5500000e+00	   2.0000000e+00	   1.0000000e+00	   3.0000000e+00	   2.0000000e+00	   1.4790000e+03	
   1.1100000e+02	   3.0200000e+02	   1.1500000e+02	   6.0000000e+00	   3.0000000e+00	   3.9550000e+00	   4.3300000e+00	   3.1400000e+00	   3.0000000e+00	   2.0000000e+00	   1.0000000e+00	   3.0000000e+00	   1.7470000e+03	
   1.1200000e+02	   1.1300000e+02	   3.0400000e+02	   1.3000000e+01	   3.0000000e+00	   3.9250000e+00	   4.2700000e+00	   9.5500000e-01	   3.0000000e+00	   1.0000000e+00	   2.0000000e+00	   1.0000000e+00	   1.3700000e+03	
   1.1300000e+02	   2.0500000e+02	   2.1200000e+02	   1.2000000e+01	   3.0000000e+00	   4.2700000e+00	   3.8800000e+00	   2.5150000e+00	   3.0000000e+00	   1.0000000e+00	   2.0000000e+00	   3.0000000e+00	   1.1350000e+03	
   2.0700000e+02	   3.0200000e+02	   2.1100000e+02	   1.1000000e+01	   4.0000000e+00	   3.7200000e+00	   4.3300000e+00	   1.2750000e+00	   3.0000000e+00	   2.0000000e+00	   1.0000000e+00	   3.0000000e+00	   1.3150000e+03	
   1.1300000e+02	   3.0200000e+02	   1.0800000e+02	   4.0000000e+00	   1.0000000e+00	   4.2700000e+00	   4.3300000e+00	   1.4350000e+00	   3.0000000e+00	   2.0000000e+00	   1.0000000e+00	   3.0000000e+00	   9.1000000e+02	
   1.1200000e+02	   3.0900000e+02	   1.1500000e+02	   6.0000000e+00	   2.0000000e+00	   3.9250000e+00	   4.0900000e+00	   3.1400000e+00	   3.0000000e+00	   2.0000000e+00	   1.0000000e+00	   2.0000000e+00	   1.8460000e+03	
   1.0700000e+02	   2.0400000e+02	   1.0200000e+02	   1.0000000e+00	   5.0000000e+00	   3.7200000e+00	   5.0000000e+00	   3.6200000e+00	   1.0000000e+00	   2.0000000e+00	   3.0000000e+00	   2.0000000e+00	   1.2350000e+03	
   1.1200000e+02	   2.0500000e+02	   1.0500000e+02	   2.0000000e+00	   1.0000000e+00	   3.9250000e+00	   3.8800000e+00	   3.5500000e+00	   1.0000000e+00	   3.0000000e+00	   2.0000000e+00	   1.0000000e+00	   1.7990000e+03	
   1.0100000e+02	   1.1200000e+02	   2.0300000e+02	   8.0000000e+00	   1.0000000e+00	   3.9100000e+00	   3.9250000e+00	   1.5900000e+00	   2.0000000e+00	   1.0000000e+00	   3.0000000e+00	   1.0000000e+00	   1.4640000e+03	
   1.0900000e+02	   2.0100000e+02	   2.1200000e+02	   1.2000000e+01	   5.0000000e+00	   3.8850000e+00	   5.0000000e+00	   2.5150000e+00	   3.0000000e+00	   2.0000000e+00	   1.0000000e+00	   2.0000000e+00	   1.4340000e+03	
   1.0400000e+02	   1.0700000e+02	   1.1600000e+02	   7.0000000e+00	   3.0000000e+00	   4.0550000e+00	   3.7200000e+00	   3.0000000e+00	   3.0000000e+00	   2.0000000e+00	   1.0000000e+00	   3.0000000e+00	   1.6740000e+03	
   1.0400000e+02	   2.0100000e+02	   2.0800000e+02	   9.0000000e+00	   5.0000000e+00	   4.0550000e+00	   5.0000000e+00	   3.2950000e+00	   3.0000000e+00	   1.0000000e+00	   2.0000000e+00	   1.0000000e+00	   8.9400000e+02	
   1.0400000e+02	   3.0900000e+02	   3.0400000e+02	   1.3000000e+01	   1.0000000e+00	   4.0550000e+00	   4.0900000e+00	   9.5500000e-01	   3.0000000e+00	   2.0000000e+00	   1.0000000e+00	   3.0000000e+00	   1.7620000e+03	
   1.0900000e+02	   2.0500000e+02	   2.1200000e+02	   1.2000000e+01	   1.0000000e+00	   3.8850000e+00	   3.8800000e+00	   2.5150000e+00	   3.0000000e+00	   1.0000000e+00	   2.0000000e+00	   3.0000000e+00	   2.6070000e+03	
   2.0100000e+02	   3.0200000e+02	   2.1200000e+02	   1.2000000e+01	   4.0000000e+00	   5.0000000e+00	   4.3300000e+00	   2.5150000e+00	   3.0000000e+00	   1.0000000e+00	   2.0000000e+00	   3.0000000e+00	   9.5700000e+02	
   1.1300000e+02	   3.0900000e+02	   2.1100000e+02	   1.1000000e+01	   2.0000000e+00	   4.2700000e+00	   4.0900000e+00	   1.2750000e+00	   3.0000000e+00	   1.0000000e+00	   2.0000000e+00	   3.0000000e+00	   1.0740000e+03	
   3.0200000e+02	   3.0500000e+02	   2.0800000e+02	   9.0000000e+00	   3.0000000e+00	   4.3300000e+00	   4.0900000e+00	   3.2950000e+00	   2.0000000e+00	   1.0000000e+00	   3.0000000e+00	   1.0000000e+00	   1.5570000e+03	
   1.0100000e+02	   2.0500000e+02	   1.1500000e+02	   6.0000000e+00	   1.0000000e+00	   3.9100000e+00	   3.8800000e+00	   3.1400000e+00	   2.0000000e+00	   1.0000000e+00	   3.0000000e+00	   2.0000000e+00	   1.2620000e+03	
   1.0100000e+02	   1.0700000e+02	   3.1000000e+02	   1.4000000e+01	   2.0000000e+00	   3.9100000e+00	   3.7200000e+00	   2.7500000e-01	   3.0000000e+00	   1.0000000e+00	   2.0000000e+00	   3.0000000e+00	   9.7400000e+02	
   1.0400000e+02	   1.0700000e+02	   1.0600000e+02	   3.0000000e+00	   3.0000000e+00	   4.0550000e+00	   3.7200000e+00	   2.0250000e+00	   3.0000000e+00	   2.0000000e+00	   1.0000000e+00	   3.0000000e+00	   1.2350000e+03	
   1.1100000e+02	   3.1200000e+02	   1.1000000e+02	   5.0000000e+00	   4.0000000e+00	   3.9550000e+00	   4.5800000e+00	   1.8150000e+00	   1.0000000e+00	   2.0000000e+00	   3.0000000e+00	   2.0000000e+00	   9.0700000e+02	
   1.1300000e+02	   2.0100000e+02	   3.1100000e+02	   1.5000000e+01	   4.0000000e+00	   4.2700000e+00	   5.0000000e+00	   0.0000000e+00	   3.0000000e+00	   1.0000000e+00	   2.0000000e+00	   1.0000000e+00	   1.1740000e+03	
   1.0900000e+02	   1.1100000e+02	   1.0500000e+02	   2.0000000e+00	   1.0000000e+00	   3.8850000e+00	   3.9550000e+00	   3.5500000e+00	   3.0000000e+00	   2.0000000e+00	   1.0000000e+00	   2.0000000e+00	   1.9130000e+03	
   1.1100000e+02	   1.1200000e+02	   2.1100000e+02	   1.1000000e+01	   1.0000000e+00	   3.9550000e+00	   3.9250000e+00	   1.2750000e+00	   1.0000000e+00	   2.0000000e+00	   3.0000000e+00	   2.0000000e+00	   1.8560000e+03	
   2.0500000e+02	   3.0200000e+02	   1.0800000e+02	   4.0000000e+00	   4.0000000e+00	   3.8800000e+00	   4.3300000e+00	   1.4350000e+00	   2.0000000e+00	   1.0000000e+00	   3.0000000e+00	   1.0000000e+00	   2.1240000e+03	
   2.0700000e+02	   3.0900000e+02	   1.0200000e+02	   1.0000000e+00	   3.0000000e+00	   3.7200000e+00	   4.0900000e+00	   3.6200000e+00	   2.0000000e+00	   1.0000000e+00	   3.0000000e+00	   2.0000000e+00	   1.5410000e+03	
   1.0100000e+02	   2.0400000e+02	   3.1100000e+02	   1.5000000e+01	   5.0000000e+00	   3.9100000e+00	   5.0000000e+00	   0.0000000e+00	   3.0000000e+00	   2.0000000e+00	   1.0000000e+00	   2.0000000e+00	   1.0320000e+03	
   1.0700000e+02	   3.0900000e+02	   1.1500000e+02	   6.0000000e+00	   3.0000000e+00	   3.7200000e+00	   4.0900000e+00	   3.1400000e+00	   1.0000000e+00	   2.0000000e+00	   3.0000000e+00	   2.0000000e+00	   1.2120000e+03	
   1.0400000e+02	   1.1300000e+02	   1.1500000e+02	   6.0000000e+00	   2.0000000e+00	   4.0550000e+00	   4.2700000e+00	   3.1400000e+00	   2.0000000e+00	   3.0000000e+00	   1.0000000e+00	   3.0000000e+00	   1.1900000e+03	
   1.0700000e+02	   2.0100000e+02	   1.1500000e+02	   6.0000000e+00	   5.0000000e+00	   3.7200000e+00	   5.0000000e+00	   3.1400000e+00	   3.0000000e+00	   1.0000000e+00	   2.0000000e+00	   1.0000000e+00	   1.1220000e+03	
   1.0100000e+02	   1.0400000e+02	   1.0600000e+02	   3.0000000e+00	   1.0000000e+00	   3.9100000e+00	   4.0550000e+00	   2.0250000e+00	   1.0000000e+00	   3.0000000e+00	   2.0000000e+00	   1.0000000e+00	   1.0500000e+03	
   1.1200000e+02	   2.0100000e+02	   1.1000000e+02	   5.0000000e+00	   5.0000000e+00	   3.9250000e+00	   5.0000000e+00	   1.8150000e+00	   1.0000000e+00	   2.0000000e+00	   3.0000000e+00	   2.0000000e+00	   9.9000000e+02	
   2.0100000e+02	   2.0500000e+02	   1.0500000e+02	   2.0000000e+00	   5.0000000e+00	   5.0000000e+00	   3.8800000e+00	   3.5500000e+00	   3.0000000e+00	   2.0000000e+00	   1.0000000e+00	   3.0000000e+00	   9.3500000e+02	
   1.0100000e+02	   1.1300000e+02	   1.0500000e+02	   2.0000000e+00	   3.0000000e+00	   3.9100000e+00	   4.2700000e+00	   3.5500000e+00	   3.0000000e+00	   1.0000000e+00	   2.0000000e+00	   1.0000000e+00	   1.1350000e+03	
   2.0100000e+02	   3.0500000e+02	   1.0800000e+02	   4.0000000e+00	   5.0000000e+00	   5.0000000e+00	   4.0900000e+00	   1.4350000e+00	   3.0000000e+00	   1.0000000e+00	   2.0000000e+00	   3.0000000e+00	   8.6900000e+02	
   1.0900000e+02	   3.1200000e+02	   3.0400000e+02	   1.3000000e+01	   4.0000000e+00	   3.8850000e+00	   4.5800000e+00	   9.5500000e-01	   2.0000000e+00	   1.0000000e+00	   3.0000000e+00	   1.0000000e+00	   9.5700000e+02	
   1.0400000e+02	   2.0700000e+02	   2.0300000e+02	   8.0000000e+00	   3.0000000e+00	   4.0550000e+00	   3.7200000e+00	   1.5900000e+00	   1.0000000e+00	   2.0000000e+00	   3.0000000e+00	   2.0000000e+00	   1.1780000e+03	
   2.0700000e+02	   3.0200000e+02	   2.0800000e+02	   9.0000000e+00	   4.0000000e+00	   3.7200000e+00	   4.3300000e+00	   3.2950000e+00	   1.0000000e+00	   3.0000000e+00	   2.0000000e+00	   1.0000000e+00	   9.6100000e+02	
   1.0100000e+02	   2.0100000e+02	   3.0400000e+02	   1.3000000e+01	   5.0000000e+00	   3.9100000e+00	   5.0000000e+00	   9.5500000e-01	   1.0000000e+00	   2.0000000e+00	   3.0000000e+00	   2.0000000e+00	   9.9700000e+02	
   2.0100000e+02	   3.0200000e+02	   1.0500000e+02	   2.0000000e+00	   4.0000000e+00	   5.0000000e+00	   4.3300000e+00	   3.5500000e+00	   3.0000000e+00	   1.0000000e+00	   2.0000000e+00	   3.0000000e+00	   9.3100000e+02	
   1.1300000e+02	   2.0500000e+02	   1.1000000e+02	   5.0000000e+00	   3.0000000e+00	   4.2700000e+00	   3.8800000e+00	   1.8150000e+00	   2.0000000e+00	   3.0000000e+00	   1.0000000e+00	   2.0000000e+00	   1.2690000e+03	
   1.0700000e+02	   1.1300000e+02	   1.0800000e+02	   4.0000000e+00	   4.0000000e+00	   3.7200000e+00	   4.2700000e+00	   1.4350000e+00	   3.0000000e+00	   1.0000000e+00	   2.0000000e+00	   1.0000000e+00	   1.3130000e+03	
   1.0400000e+02	   1.1100000e+02	   3.0400000e+02	   1.3000000e+01	   1.0000000e+00	   4.0550000e+00	   3.9550000e+00	   9.5500000e-01	   3.0000000e+00	   1.0000000e+00	   2.0000000e+00	   1.0000000e+00	   1.4770000e+03	
   2.0100000e+02	   2.0500000e+02	   2.0300000e+02	   8.0000000e+00	   5.0000000e+00	   5.0000000e+00	   3.8800000e+00	   1.5900000e+00	   3.0000000e+00	   1.0000000e+00	   2.0000000e+00	   3.0000000e+00	   8.0400000e+02	
   2.0100000e+02	   3.1200000e+02	   2.0900000e+02	   1.0000000e+01	   3.0000000e+00	   5.0000000e+00	   4.5800000e+00	   2.2050000e+00	   2.0000000e+00	   1.0000000e+00	   3.0000000e+00	   2.0000000e+00	   7.1400000e+02	
   1.0400000e+02	   3.0900000e+02	   2.0300000e+02	   8.0000000e+00	   1.0000000e+00	   4.0550000e+00	   4.0900000e+00	   1.5900000e+00	   2.0000000e+00	   3.0000000e+00	   1.0000000e+00	   3.0000000e+00	   1.9990000e+03	
   1.1100000e+02	   1.1300000e+02	   3.1100000e+02	   1.5000000e+01	   3.0000000e+00	   3.9550000e+00	   4.2700000e+00	   0.0000000e+00	   1.0000000e+00	   3.0000000e+00	   2.0000000e+00	   3.0000000e+00	   1.5210000e+03	
   1.0700000e+02	   3.0500000e+02	   1.0200000e+02	   1.0000000e+00	   3.0000000e+00	   3.7200000e+00	   4.0900000e+00	   3.6200000e+00	   2.0000000e+00	   3.0000000e+00	   1.0000000e+00	   3.0000000e+00	   1.6150000e+03	
   1.1100000e+02	   3.1200000e+02	   2.0300000e+02	   8.0000000e+00	   4.0000000e+00	   3.9550000e+00	   4.5800000e+00	   1.5900000e+00	   3.0000000e+00	   2.0000000e+00	   1.0000000e+00	   2.0000000e+00	   1.3170000e+03	
   1.0700000e+02	   3.1200000e+02	   1.0200000e+02	   1.0000000e+00	   4.0000000e+00	   3.7200000e+00	   4.5800000e+00	   3.6200000e+00	   2.0000000e+00	   1.0000000e+00	   3.0000000e+00	   1.0000000e+00	   7.5800000e+02	
   1.0900000e+02	   2.0500000e+02	   1.1000000e+02	   5.0000000e+00	   1.0000000e+00	   3.8850000e+00	   3.8800000e+00	   1.8150000e+00	   2.0000000e+00	   3.0000000e+00	   1.0000000e+00	   2.0000000e+00	   1.5900000e+03	
   1.1300000e+02	   2.0100000e+02	   1.1000000e+02	   5.0000000e+00	   4.0000000e+00	   4.2700000e+00	   5.0000000e+00	   1.8150000e+00	   3.0000000e+00	   1.0000000e+00	   2.0000000e+00	   1.0000000e+00	   7.1600000e+02	
   1.0100000e+02	   1.1100000e+02	   2.0900000e+02	   1.0000000e+01	   1.0000000e+00	   3.9100000e+00	   3.9550000e+00	   2.2050000e+00	   3.0000000e+00	   2.0000000e+00	   1.0000000e+00	   3.0000000e+00	   1.3960000e+03	
   2.0400000e+02	   3.0500000e+02	   1.0500000e+02	   2.0000000e+00	   5.0000000e+00	   5.0000000e+00	   4.0900000e+00	   3.5500000e+00	   2.0000000e+00	   1.0000000e+00	   3.0000000e+00	   2.0000000e+00	   8.4200000e+02	
   1.1200000e+02	   2.0500000e+02	   1.0200000e+02	   1.0000000e+00	   1.0000000e+00	   3.9250000e+00	   3.8800000e+00	   3.6200000e+00	   2.0000000e+00	   3.0000000e+00	   1.0000000e+00	   2.0000000e+00	   1.2410000e+03	
   2.0100000e+02	   3.0900000e+02	   1.0600000e+02	   3.0000000e+00	   5.0000000e+00	   5.0000000e+00	   4.0900000e+00	   2.0250000e+00	   1.0000000e+00	   3.0000000e+00	   2.0000000e+00	   1.0000000e+00	   7.0500000e+02	
   3.0200000e+02	   3.1200000e+02	   1.0600000e+02	   3.0000000e+00	   3.0000000e+00	   4.3300000e+00	   4.5800000e+00	   2.0250000e+00	   2.0000000e+00	   3.0000000e+00	   1.0000000e+00	   3.0000000e+00	   9.2500000e+02	
   1.1300000e+02	   3.0900000e+02	   1.0800000e+02	   4.0000000e+00	   2.0000000e+00	   4.2700000e+00	   4.0900000e+00	   1.4350000e+00	   2.0000000e+00	   1.0000000e+00	   3.0000000e+00	   2.0000000e+00	   9.7000000e+02	
   1.1200000e+02	   2.0100000e+02	   2.1100000e+02	   1.1000000e+01	   5.0000000e+00	   3.9250000e+00	   5.0000000e+00	   1.2750000e+00	   3.0000000e+00	   1.0000000e+00	   2.0000000e+00	   1.0000000e+00	   7.9700000e+02	
   2.0700000e+02	   3.0500000e+02	   1.0500000e+02	   2.0000000e+00	   3.0000000e+00	   3.7200000e+00	   4.0900000e+00	   3.5500000e+00	   2.0000000e+00	   3.0000000e+00	   1.0000000e+00	   2.0000000e+00	   1.5820000e+03	
   1.1200000e+02	   2.0500000e+02	   1.1000000e+02	   5.0000000e+00	   1.0000000e+00	   3.9250000e+00	   3.8800000e+00	   1.8150000e+00	   2.0000000e+00	   3.0000000e+00	   1.0000000e+00	   2.0000000e+00	   1.2140000e+03	
   1.0400000e+02	   3.1200000e+02	   2.0300000e+02	   8.0000000e+00	   4.0000000e+00	   4.0550000e+00	   4.5800000e+00	   1.5900000e+00	   2.0000000e+00	   1.0000000e+00	   3.0000000e+00	   1.0000000e+00	   1.2990000e+03	
   1.0700000e+02	   1.0900000e+02	   1.1600000e+02	   7.0000000e+00	   2.0000000e+00	   3.7200000e+00	   3.8850000e+00	   3.0000000e+00	   1.0000000e+00	   3.0000000e+00	   2.0000000e+00	   3.0000000e+00	   1.3360000e+03	
   1.1100000e+02	   2.0500000e+02	   2.0800000e+02	   9.0000000e+00	   1.0000000e+00	   3.9550000e+00	   3.8800000e+00	   3.2950000e+00	   3.0000000e+00	   2.0000000e+00	   1.0000000e+00	   3.0000000e+00	   1.6200000e+03	
   1.1200000e+02	   3.0200000e+02	   2.0900000e+02	   1.0000000e+01	   3.0000000e+00	   3.9250000e+00	   4.3300000e+00	   2.2050000e+00	   2.0000000e+00	   1.0000000e+00	   3.0000000e+00	   1.0000000e+00	   1.3110000e+03	
   1.0400000e+02	   3.1200000e+02	   3.1100000e+02	   1.5000000e+01	   4.0000000e+00	   4.0550000e+00	   4.5800000e+00	   0.0000000e+00	   2.0000000e+00	   1.0000000e+00	   3.0000000e+00	   1.0000000e+00	   8.9500000e+02	
   1.0100000e+02	   2.0400000e+02	   3.0400000e+02	   1.3000000e+01	   5.0000000e+00	   3.9100000e+00	   5.0000000e+00	   9.5500000e-01	   1.0000000e+00	   3.0000000e+00	   2.0000000e+00	   3.0000000e+00	   9.8000000e+02	
   1.0700000e+02	   2.0400000e+02	   1.0600000e+02	   3.0000000e+00	   5.0000000e+00	   3.7200000e+00	   5.0000000e+00	   2.0250000e+00	   1.0000000e+00	   2.0000000e+00	   3.0000000e+00	   2.0000000e+00	   1.1030000e+03	
   1.0100000e+02	   1.0400000e+02	   2.1200000e+02	   1.2000000e+01	   1.0000000e+00	   3.9100000e+00	   4.0550000e+00	   2.5150000e+00	   3.0000000e+00	   2.0000000e+00	   1.0000000e+00	   3.0000000e+00	   1.1870000e+03	
   1.0100000e+02	   3.0500000e+02	   1.1500000e+02	   6.0000000e+00	   2.0000000e+00	   3.9100000e+00	   4.0900000e+00	   3.1400000e+00	   1.0000000e+00	   2.0000000e+00	   3.0000000e+00	   2.0000000e+00	   1.0830000e+03	
   3.0900000e+02	   3.1200000e+02	   3.1000000e+02	   1.4000000e+01	   4.0000000e+00	   4.0900000e+00	   4.5800000e+00	   2.7500000e-01	   1.0000000e+00	   3.0000000e+00	   2.0000000e+00	   3.0000000e+00	   1.2130000e+03	
   1.0700000e+02	   3.0500000e+02	   1.0500000e+02	   2.0000000e+00	   3.0000000e+00	   3.7200000e+00	   4.0900000e+00	   3.5500000e+00	   3.0000000e+00	   2.0000000e+00	   1.0000000e+00	   2.0000000e+00	   1.0160000e+03	
   2.0400000e+02	   2.0700000e+02	   2.0800000e+02	   9.0000000e+00	   5.0000000e+00	   5.0000000e+00	   3.7200000e+00	   3.2950000e+00	   1.0000000e+00	   3.0000000e+00	   2.0000000e+00	   1.0000000e+00	   1.1050000e+03	
   1.1100000e+02	   3.1200000e+02	   3.0400000e+02	   1.3000000e+01	   4.0000000e+00	   3.9550000e+00	   4.5800000e+00	   9.5500000e-01	   1.0000000e+00	   3.0000000e+00	   2.0000000e+00	   3.0000000e+00	   1.1080000e+03	
   2.0100000e+02	   3.0500000e+02	   1.1000000e+02	   5.0000000e+00	   5.0000000e+00	   5.0000000e+00	   4.0900000e+00	   1.8150000e+00	   1.0000000e+00	   3.0000000e+00	   2.0000000e+00	   1.0000000e+00	   9.9500000e+02	
   1.1200000e+02	   3.0200000e+02	   1.1600000e+02	   7.0000000e+00	   3.0000000e+00	   3.9250000e+00	   4.3300000e+00	   3.0000000e+00	   1.0000000e+00	   3.0000000e+00	   2.0000000e+00	   3.0000000e+00	   2.2500000e+03	
   1.1100000e+02	   2.0500000e+02	   2.0300000e+02	   8.0000000e+00	   1.0000000e+00	   3.9550000e+00	   3.8800000e+00	   1.5900000e+00	   2.0000000e+00	   3.0000000e+00	   1.0000000e+00	   2.0000000e+00	   1.1560000e+03	
   1.0900000e+02	   3.0500000e+02	   1.0200000e+02	   1.0000000e+00	   2.0000000e+00	   3.8850000e+00	   4.0900000e+00	   3.6200000e+00	   3.0000000e+00	   1.0000000e+00	   2.0000000e+00	   1.0000000e+00	   1.3420000e+03	
   1.0700000e+02	   2.0100000e+02	   3.0400000e+02	   1.3000000e+01	   5.0000000e+00	   3.7200000e+00	   5.0000000e+00	   9.5500000e-01	   3.0000000e+00	   2.0000000e+00	   1.0000000e+00	   2.0000000e+00	   1.1560000e+03	
   3.0200000e+02	   3.0900000e+02	   3.1000000e+02	   1.4000000e+01	   3.0000000e+00	   4.3300000e+00	   4.0900000e+00	   2.7500000e-01	   1.0000000e+00	   3.0000000e+00	   2.0000000e+00	   3.0000000e+00	   1.2730000e+03	
   1.1100000e+02	   2.0700000e+02	   3.1100000e+02	   1.5000000e+01	   2.0000000e+00	   3.9550000e+00	   3.7200000e+00	   0.0000000e+00	   1.0000000e+00	   3.0000000e+00	   2.0000000e+00	   3.0000000e+00	   9.4500000e+02	
   1.1200000e+02	   3.0900000e+02	   2.1200000e+02	   1.2000000e+01	   2.0000000e+00	   3.9250000e+00	   4.0900000e+00	   2.5150000e+00	   1.0000000e+00	   3.0000000e+00	   2.0000000e+00	   1.0000000e+00	   1.5920000e+03	
   1.0900000e+02	   2.0100000e+02	   1.0200000e+02	   1.0000000e+00	   5.0000000e+00	   3.8850000e+00	   5.0000000e+00	   3.6200000e+00	   3.0000000e+00	   2.0000000e+00	   1.0000000e+00	   2.0000000e+00	   1.4310000e+03	
   1.0400000e+02	   1.1200000e+02	   1.1000000e+02	   5.0000000e+00	   1.0000000e+00	   4.0550000e+00	   3.9250000e+00	   1.8150000e+00	   3.0000000e+00	   2.0000000e+00	   1.0000000e+00	   2.0000000e+00	   1.7350000e+03	
   1.1100000e+02	   2.0400000e+02	   3.1000000e+02	   1.4000000e+01	   5.0000000e+00	   3.9550000e+00	   5.0000000e+00	   2.7500000e-01	   2.0000000e+00	   1.0000000e+00	   3.0000000e+00	   1.0000000e+00	   1.1670000e+03	
   1.1300000e+02	   2.0400000e+02	   3.0400000e+02	   1.3000000e+01	   4.0000000e+00	   4.2700000e+00	   5.0000000e+00	   9.5500000e-01	   3.0000000e+00	   2.0000000e+00	   1.0000000e+00	   2.0000000e+00	   1.2950000e+03	
   1.0100000e+02	   1.1100000e+02	   3.1100000e+02	   1.5000000e+01	   1.0000000e+00	   3.9100000e+00	   3.9550000e+00	   0.0000000e+00	   3.0000000e+00	   1.0000000e+00	   2.0000000e+00	   3.0000000e+00	   1.4110000e+03	
   1.0100000e+02	   3.0900000e+02	   2.0900000e+02	   1.0000000e+01	   2.0000000e+00	   3.9100000e+00	   4.0900000e+00	   2.2050000e+00	   2.0000000e+00	   1.0000000e+00	   3.0000000e+00	   2.0000000e+00	   1.1620000e+03	
   2.0700000e+02	   3.0500000e+02	   2.0300000e+02	   8.0000000e+00	   3.0000000e+00	   3.7200000e+00	   4.0900000e+00	   1.5900000e+00	   1.0000000e+00	   2.0000000e+00	   3.0000000e+00	   1.0000000e+00	   1.3050000e+03	
   1.0100000e+02	   2.0500000e+02	   1.0200000e+02	   1.0000000e+00	   1.0000000e+00	   3.9100000e+00	   3.8800000e+00	   3.6200000e+00	   3.0000000e+00	   1.0000000e+00	   2.0000000e+00	   3.0000000e+00	   1.2500000e+03	
   2.0100000e+02	   2.0500000e+02	   2.1200000e+02	   1.2000000e+01	   5.0000000e+00	   5.0000000e+00	   3.8800000e+00	   2.5150000e+00	   1.0000000e+00	   3.0000000e+00	   2.0000000e+00	   1.0000000e+00	   9.0400000e+02	
   1.1300000e+02	   2.0500000e+02	   2.0800000e+02	   9.0000000e+00	   3.0000000e+00	   4.2700000e+00	   3.8800000e+00	   3.2950000e+00	   1.0000000e+00	   3.0000000e+00	   2.0000000e+00	   1.0000000e+00	   1.6290000e+03	
   1.0100000e+02	   3.1200000e+02	   2.0300000e+02	   8.0000000e+00	   4.0000000e+00	   3.9100000e+00	   4.5800000e+00	   1.5900000e+00	   2.0000000e+00	   1.0000000e+00	   3.0000000e+00	   1.0000000e+00	   9.2100000e+02	
   1.0400000e+02	   1.0700000e+02	   2.1200000e+02	   1.2000000e+01	   3.0000000e+00	   4.0550000e+00	   3.7200000e+00	   2.5150000e+00	   3.0000000e+00	   1.0000000e+00	   2.0000000e+00	   3.0000000e+00	   1.6890000e+03	
   1.1300000e+02	   3.0500000e+02	   2.0300000e+02	   8.0000000e+00	   2.0000000e+00	   4.2700000e+00	   4.0900000e+00	   1.5900000e+00	   1.0000000e+00	   3.0000000e+00	   2.0000000e+00	   3.0000000e+00	   1.7140000e+03	
   1.0700000e+02	   1.1200000e+02	   3.1100000e+02	   1.5000000e+01	   2.0000000e+00	   3.7200000e+00	   3.9250000e+00	   0.0000000e+00	   2.0000000e+00	   1.0000000e+00	   3.0000000e+00	   1.0000000e+00	   1.1210000e+03	
   2.0100000e+02	   3.0200000e+02	   1.1600000e+02	   7.0000000e+00	   4.0000000e+00	   5.0000000e+00	   4.3300000e+00	   3.0000000e+00	   3.0000000e+00	   2.0000000e+00	   1.0000000e+00	   3.0000000e+00	   9.2500000e+02	
   2.0500000e+02	   3.1200000e+02	   2.1200000e+02	   1.2000000e+01	   4.0000000e+00	   3.8800000e+00	   4.5800000e+00	   2.5150000e+00	   1.0000000e+00	   3.0000000e+00	   2.0000000e+00	   3.0000000e+00	   9.6700000e+02	
   1.0400000e+02	   3.0900000e+02	   1.0500000e+02	   2.0000000e+00	   1.0000000e+00	   4.0550000e+00	   4.0900000e+00	   3.5500000e+00	   1.0000000e+00	   2.0000000e+00	   3.0000000e+00	   2.0000000e+00	   1.5330000e+03	
   2.0500000e+02	   3.0200000e+02	   2.0900000e+02	   1.0000000e+01	   4.0000000e+00	   3.8800000e+00	   4.3300000e+00	   2.2050000e+00	   1.0000000e+00	   2.0000000e+00	   3.0000000e+00	   2.0000000e+00	   1.4400000e+03	
   1.1200000e+02	   2.0100000e+02	   2.0800000e+02	   9.0000000e+00	   5.0000000e+00	   3.9250000e+00	   5.0000000e+00	   3.2950000e+00	   2.0000000e+00	   1.0000000e+00	   3.0000000e+00	   1.0000000e+00	   9.3500000e+02	
   1.0700000e+02	   3.1200000e+02	   2.0800000e+02	   9.0000000e+00	   4.0000000e+00	   3.7200000e+00	   4.5800000e+00	   3.2950000e+00	   2.0000000e+00	   3.0000000e+00	   1.0000000e+00	   3.0000000e+00	   1.0220000e+03	
   1.1100000e+02	   1.1300000e+02	   1.1600000e+02	   7.0000000e+00	   3.0000000e+00	   3.9550000e+00	   4.2700000e+00	   3.0000000e+00	   3.0000000e+00	   2.0000000e+00	   1.0000000e+00	   2.0000000e+00	   1.2500000e+03	
   1.1100000e+02	   2.0700000e+02	   1.0600000e+02	   3.0000000e+00	   2.0000000e+00	   3.9550000e+00	   3.7200000e+00	   2.0250000e+00	   2.0000000e+00	   3.0000000e+00	   1.0000000e+00	   3.0000000e+00	   8.9100000e+02	
   1.0100000e+02	   1.1300000e+02	   1.1600000e+02	   7.0000000e+00	   3.0000000e+00	   3.9100000e+00	   4.2700000e+00	   3.0000000e+00	   1.0000000e+00	   2.0000000e+00	   3.0000000e+00	   2.0000000e+00	   1.1450000e+03	
   1.0700000e+02	   1.1200000e+02	   1.0600000e+02	   3.0000000e+00	   2.0000000e+00	   3.7200000e+00	   3.9250000e+00	   2.0250000e+00	   3.0000000e+00	   2.0000000e+00	   1.0000000e+00	   2.0000000e+00	   8.7000000e+02	
   1.1100000e+02	   2.0100000e+02	   2.1200000e+02	   1.2000000e+01	   5.0000000e+00	   3.9550000e+00	   5.0000000e+00	   2.5150000e+00	   1.0000000e+00	   3.0000000e+00	   2.0000000e+00	   3.0000000e+00	   8.6200000e+02	
   1.1300000e+02	   3.0200000e+02	   1.0600000e+02	   3.0000000e+00	   1.0000000e+00	   4.2700000e+00	   4.3300000e+00	   2.0250000e+00	   2.0000000e+00	   1.0000000e+00	   3.0000000e+00	   2.0000000e+00	   1.1770000e+03	
   1.1200000e+02	   3.0500000e+02	   1.0200000e+02	   1.0000000e+00	   2.0000000e+00	   3.9250000e+00	   4.0900000e+00	   3.6200000e+00	   1.0000000e+00	   3.0000000e+00	   2.0000000e+00	   3.0000000e+00	   9.1200000e+02	
   1.1200000e+02	   2.0500000e+02	   1.1600000e+02	   7.0000000e+00	   1.0000000e+00	   3.9250000e+00	   3.8800000e+00	   3.0000000e+00	   2.0000000e+00	   1.0000000e+00	   3.0000000e+00	   2.0000000e+00	   1.0770000e+03	
   2.0100000e+02	   3.0200000e+02	   3.1000000e+02	   1.4000000e+01	   4.0000000e+00	   5.0000000e+00	   4.3300000e+00	   2.7500000e-01	   1.0000000e+00	   3.0000000e+00	   2.0000000e+00	   1.0000000e+00	   8.5400000e+02	
   2.0100000e+02	   2.0700000e+02	   2.0300000e+02	   8.0000000e+00	   5.0000000e+00	   5.0000000e+00	   3.7200000e+00	   1.5900000e+00	   3.0000000e+00	   1.0000000e+00	   2.0000000e+00	   3.0000000e+00	   1.0840000e+03	
   2.0500000e+02	   3.0500000e+02	   1.1600000e+02	   7.0000000e+00	   2.0000000e+00	   3.8800000e+00	   4.0900000e+00	   3.0000000e+00	   2.0000000e+00	   3.0000000e+00	   1.0000000e+00	   3.0000000e+00	   1.2500000e+03	
   1.0700000e+02	   1.1100000e+02	   2.1100000e+02	   1.1000000e+01	   2.0000000e+00	   3.7200000e+00	   3.9550000e+00	   1.2750000e+00	   1.0000000e+00	   3.0000000e+00	   2.0000000e+00	   3.0000000e+00	   1.4150000e+03	
   2.0400000e+02	   3.0900000e+02	   1.1500000e+02	   6.0000000e+00	   5.0000000e+00	   5.0000000e+00	   4.0900000e+00	   3.1400000e+00	   2.0000000e+00	   1.0000000e+00	   3.0000000e+00	   2.0000000e+00	   7.9700000e+02	
   1.0400000e+02	   3.0200000e+02	   1.0200000e+02	   1.0000000e+00	   3.0000000e+00	   4.0550000e+00	   4.3300000e+00	   3.6200000e+00	   1.0000000e+00	   3.0000000e+00	   2.0000000e+00	   1.0000000e+00	   1.8620000e+03	
   1.0400000e+02	   2.0400000e+02	   2.1100000e+02	   1.1000000e+01	   5.0000000e+00	   4.0550000e+00	   5.0000000e+00	   1.2750000e+00	   3.0000000e+00	   1.0000000e+00	   2.0000000e+00	   1.0000000e+00	   8.0600000e+02	
   1.1100000e+02	   3.0200000e+02	   2.1100000e+02	   1.1000000e+01	   3.0000000e+00	   3.9550000e+00	   4.3300000e+00	   1.2750000e+00	   3.0000000e+00	   1.0000000e+00	   2.0000000e+00	   3.0000000e+00	   1.3430000e+03	
   1.1200000e+02	   2.0100000e+02	   1.0200000e+02	   1.0000000e+00	   5.0000000e+00	   3.9250000e+00	   5.0000000e+00	   3.6200000e+00	   3.0000000e+00	   2.0000000e+00	   1.0000000e+00	   2.0000000e+00	   1.0110000e+03	
   1.1300000e+02	   3.0500000e+02	   1.1000000e+02	   5.0000000e+00	   2.0000000e+00	   4.2700000e+00	   4.0900000e+00	   1.8150000e+00	   1.0000000e+00	   3.0000000e+00	   2.0000000e+00	   1.0000000e+00	   1.6050000e+03	
   1.0100000e+02	   3.0200000e+02	   3.0400000e+02	   1.3000000e+01	   3.0000000e+00	   3.9100000e+00	   4.3300000e+00	   9.5500000e-01	   1.0000000e+00	   3.0000000e+00	   2.0000000e+00	   1.0000000e+00	   1.3050000e+03	
   1.1100000e+02	   3.1200000e+02	   1.0800000e+02	   4.0000000e+00	   4.0000000e+00	   3.9550000e+00	   4.5800000e+00	   1.4350000e+00	   1.0000000e+00	   3.0000000e+00	   2.0000000e+00	   3.0000000e+00	   8.0200000e+02	
   1.1100000e+02	   3.1200000e+02	   1.0500000e+02	   2.0000000e+00	   4.0000000e+00	   3.9550000e+00	   4.5800000e+00	   3.5500000e+00	   3.0000000e+00	   2.0000000e+00	   1.0000000e+00	   2.0000000e+00	   9.4800000e+02	
   1.0100000e+02	   2.0100000e+02	   2.0300000e+02	   8.0000000e+00	   5.0000000e+00	   3.9100000e+00	   5.0000000e+00	   1.5900000e+00	   3.0000000e+00	   2.0000000e+00	   1.0000000e+00	   2.0000000e+00	   9.1900000e+02	
   1.0900000e+02	   3.0900000e+02	   1.1000000e+02	   5.0000000e+00	   2.0000000e+00	   3.8850000e+00	   4.0900000e+00	   1.8150000e+00	   2.0000000e+00	   3.0000000e+00	   1.0000000e+00	   3.0000000e+00	   1.5910000e+03	
   1.1100000e+02	   3.0900000e+02	   1.0200000e+02	   1.0000000e+00	   1.0000000e+00	   3.9550000e+00	   4.0900000e+00	   3.6200000e+00	   1.0000000e+00	   3.0000000e+00	   2.0000000e+00	   3.0000000e+00	   1.3780000e+03	
   1.1300000e+02	   2.0700000e+02	   3.0400000e+02	   1.3000000e+01	   4.0000000e+00	   4.2700000e+00	   3.7200000e+00	   9.5500000e-01	   2.0000000e+00	   3.0000000e+00	   1.0000000e+00	   3.0000000e+00	   1.5170000e+03	
   1.0400000e+02	   1.1200000e+02	   3.1000000e+02	   1.4000000e+01	   1.0000000e+00	   4.0550000e+00	   3.9250000e+00	   2.7500000e-01	   2.0000000e+00	   1.0000000e+00	   3.0000000e+00	   1.0000000e+00	   1.1250000e+03	
   2.0700000e+02	   3.0900000e+02	   3.1100000e+02	   1.5000000e+01	   3.0000000e+00	   3.7200000e+00	   4.0900000e+00	   0.0000000e+00	   1.0000000e+00	   2.0000000e+00	   3.0000000e+00	   1.0000000e+00	   1.2770000e+03	
   1.0400000e+02	   1.1300000e+02	   2.0300000e+02	   8.0000000e+00	   2.0000000e+00	   4.0550000e+00	   4.2700000e+00	   1.5900000e+00	   3.0000000e+00	   1.0000000e+00	   2.0000000e+00	   1.0000000e+00	   1.2700000e+03	
   1.1100000e+02	   2.0700000e+02	   1.0800000e+02	   4.0000000e+00	   2.0000000e+00	   3.9550000e+00	   3.7200000e+00	   1.4350000e+00	   3.0000000e+00	   2.0000000e+00	   1.0000000e+00	   2.0000000e+00	   1.2020000e+03	
   2.0400000e+02	   3.0900000e+02	   2.0800000e+02	   9.0000000e+00	   5.0000000e+00	   5.0000000e+00	   4.0900000e+00	   3.2950000e+00	   1.0000000e+00	   3.0000000e+00	   2.0000000e+00	   1.0000000e+00	   8.8100000e+02	
   1.0700000e+02	   1.1300000e+02	   2.0900000e+02	   1.0000000e+01	   4.0000000e+00	   3.7200000e+00	   4.2700000e+00	   2.2050000e+00	   3.0000000e+00	   1.0000000e+00	   2.0000000e+00	   1.0000000e+00	   1.0640000e+03	
   1.0900000e+02	   1.1100000e+02	   2.0900000e+02	   1.0000000e+01	   1.0000000e+00	   3.8850000e+00	   3.9550000e+00	   2.2050000e+00	   1.0000000e+00	   2.0000000e+00	   3.0000000e+00	   2.0000000e+00	   1.8090000e+03	
   1.0700000e+02	   2.0400000e+02	   2.0900000e+02	   1.0000000e+01	   5.0000000e+00	   3.7200000e+00	   5.0000000e+00	   2.2050000e+00	   1.0000000e+00	   3.0000000e+00	   2.0000000e+00	   3.0000000e+00	   9.1000000e+02	
   1.0700000e+02	   3.0200000e+02	   1.0600000e+02	   3.0000000e+00	   4.0000000e+00	   3.7200000e+00	   4.3300000e+00	   2.0250000e+00	   3.0000000e+00	   2.0000000e+00	   1.0000000e+00	   2.0000000e+00	   1.7870000e+03	
   1.1200000e+02	   2.0700000e+02	   2.0300000e+02	   8.0000000e+00	   2.0000000e+00	   3.9250000e+00	   3.7200000e+00	   1.5900000e+00	   1.0000000e+00	   3.0000000e+00	   2.0000000e+00	   3.0000000e+00	   1.1420000e+03	
   3.0500000e+02	   3.1200000e+02	   1.1500000e+02	   6.0000000e+00	   4.0000000e+00	   4.0900000e+00	   4.5800000e+00	   3.1400000e+00	   3.0000000e+00	   1.0000000e+00	   2.0000000e+00	   1.0000000e+00	   1.4240000e+03	
   1.0400000e+02	   1.1100000e+02	   2.0800000e+02	   9.0000000e+00	   1.0000000e+00	   4.0550000e+00	   3.9550000e+00	   3.2950000e+00	   1.0000000e+00	   2.0000000e+00	   3.0000000e+00	   2.0000000e+00	   1.6480000e+03	
