   1.0000000e+00	   3.0900000e+02	   3.0000000e+00	   5.0000000e+00	   3.9920000e+03	   4.5700000e+00	   3.4320000e+03	
   2.0000000e+00	   2.1200000e+02	   2.0000000e+00	   0.0000000e+00	   2.7710000e+03	   1.5500000e+00	   1.9660000e+03	
   3.0000000e+00	   1.0700000e+02	   1.0000000e+00	   1.4800000e+00	   3.6210000e+03	   3.1300000e+00	   2.5330000e+03	
   4.0000000e+00	   3.0400000e+02	   3.0000000e+00	   5.0000000e+00	   1.5550000e+03	   4.0600000e+00	   1.4330000e+03	
   5.0000000e+00	   1.1200000e+02	   1.0000000e+00	   5.0000000e+00	   1.5900000e+03	   3.5200000e+00	   3.1320000e+03	
   6.0000000e+00	   2.1300000e+02	   2.0000000e+00	   2.9800000e+00	   3.8550000e+03	   2.9600000e+00	   1.2330000e+03	
   7.0000000e+00	   3.1200000e+02	   3.0000000e+00	   4.0400000e+00	   3.7220000e+03	   2.9600000e+00	   1.3990000e+03	
   8.0000000e+00	   1.0300000e+02	   1.0000000e+00	   1.0600000e+00	   2.7220000e+03	   1.9800000e+00	   2.9990000e+03	
   9.0000000e+00	   1.0400000e+02	   1.0000000e+00	   0.0000000e+00	   3.3550000e+03	   1.6100000e+00	   1.6330000e+03	
   1.0000000e+01	   1.1300000e+02	   1.0000000e+00	   5.0000000e+00	   1.7900000e+03	   3.3000000e+00	   1.1660000e+03	
   1.1000000e+01	   2.0900000e+02	   2.0000000e+00	   1.0100000e+00	   3.5220000e+03	   1.8600000e+00	   1.7990000e+03	
   1.2000000e+01	   1.0600000e+02	   1.0000000e+00	   3.8900000e+00	   2.7890000e+03	   2.6500000e+00	   1.4330000e+03	
   1.3000000e+01	   3.0600000e+02	   3.0000000e+00	   5.0000000e+00	   2.2900000e+03	   4.0700000e+00	   2.1650000e+03	
   1.4000000e+01	   3.1100000e+02	   3.0000000e+00	   3.9900000e+00	   3.1560000e+03	   4.2800000e+00	   1.6990000e+03	
   1.5000000e+01	   1.0500000e+02	   1.0000000e+00	   1.3000000e+00	   3.1550000e+03	   8.5000000e-01	   9.9900000e+02	
   1.6000000e+01	   2.0200000e+02	   2.0000000e+00	   0.0000000e+00	   2.0570000e+03	   3.2700000e+00	   2.2980000e+03	
   1.7000000e+01	   2.0600000e+02	   2.0000000e+00	   3.9400000e+00	   2.6560000e+03	   3.2300000e+00	   1.2000000e+03	
   1.8000000e+01	   2.0800000e+02	   2.0000000e+00	   5.0000000e+00	   3.1220000e+03	   3.9700000e+00	   1.9000000e+03	
   1.9000000e+01	   2.1500000e+02	   2.0000000e+00	   2.0300000e+00	   3.8560000e+03	   1.2900000e+00	   1.4320000e+03	
   2.0000000e+01	   3.0100000e+02	   3.0000000e+00	   5.0000000e+00	   2.3570000e+03	   1.6100000e+00	   8.6500000e+02	
   2.1000000e+01	   3.1000000e+02	   3.0000000e+00	   5.0000000e+00	   1.3900000e+03	   3.0200000e+00	   3.1660000e+03	
   2.2000000e+01	   1.0900000e+02	   1.0000000e+00	   5.0000000e+00	   2.0900000e+03	   3.9900000e+00	   1.8330000e+03	
   2.3000000e+01	   1.1400000e+02	   1.0000000e+00	   0.0000000e+00	   1.7560000e+03	   2.0400000e+00	   2.2000000e+03	
   2.4000000e+01	   2.0300000e+02	   2.0000000e+00	   0.0000000e+00	   1.5560000e+03	   0.0000000e+00	   8.6700000e+02	
   2.5000000e+01	   2.1100000e+02	   2.0000000e+00	   1.6700000e+00	   2.0570000e+03	   1.2400000e+00	   1.3660000e+03	
   2.6000000e+01	   3.1400000e+02	   3.0000000e+00	   0.0000000e+00	   1.5560000e+03	   1.3900000e+00	   1.8660000e+03	
   2.7000000e+01	   2.0400000e+02	   2.0000000e+00	   4.0200000e+00	   3.8550000e+03	   1.5700000e+00	   2.6670000e+03	
   2.8000000e+01	   3.0700000e+02	   3.0000000e+00	   5.0000000e+00	   1.8560000e+03	   3.0400000e+00	   1.5650000e+03	
   2.9000000e+01	   1.1100000e+02	   1.0000000e+00	   4.0500000e+00	   4.2230000e+03	   1.7000000e+00	   6.3300000e+02	
   3.0000000e+01	   1.0100000e+02	   1.0000000e+00	   4.9600000e+00	   2.3560000e+03	   4.8100000e+00	   1.0660000e+03	
   3.1000000e+01	   1.0800000e+02	   1.0000000e+00	   5.0000000e+00	   1.9900000e+03	   0.0000000e+00	   6.9900000e+02	
   3.2000000e+01	   1.0200000e+02	   1.0000000e+00	   5.0000000e+00	   1.8560000e+03	   2.6300000e+00	   2.0320000e+03	
   3.3000000e+01	   1.1600000e+02	   1.0000000e+00	   5.0000000e+00	   1.8220000e+03	   3.2500000e+00	   1.1000000e+03	
   3.4000000e+01	   2.0700000e+02	   2.0000000e+00	   5.0000000e+00	   1.4230000e+03	   2.7300000e+00	   2.7330000e+03	
   3.5000000e+01	   3.0800000e+02	   3.0000000e+00	   0.0000000e+00	   1.8900000e+03	   3.5800000e+00	   2.2000000e+03	
   3.6000000e+01	   2.0100000e+02	   2.0000000e+00	   5.0000000e+00	   1.3720000e+03	   1.6100000e+00	   1.5330000e+03	
   3.7000000e+01	   2.1400000e+02	   2.0000000e+00	   1.0000000e-02	   1.5560000e+03	   1.9700000e+00	   1.9660000e+03	
   3.8000000e+01	   3.0500000e+02	   3.0000000e+00	   1.0100000e+00	   2.2560000e+03	   4.1000000e+00	   1.7660000e+03	
   3.9000000e+01	   1.1000000e+02	   1.0000000e+00	   0.0000000e+00	   3.2710000e+03	   0.0000000e+00	   1.7660000e+03	
   4.0000000e+01	   3.0300000e+02	   3.0000000e+00	   5.0000000e+00	   1.1900000e+03	   2.9700000e+00	   1.2330000e+03	
   4.1000000e+01	   3.1300000e+02	   3.0000000e+00	   5.0000000e+00	   2.3900000e+03	   2.0400000e+00	   1.1670000e+03	
   4.2000000e+01	   1.1500000e+02	   1.0000000e+00	   0.0000000e+00	   1.7550000e+03	   1.0200000e+00	   9.6600000e+02	
   4.3000000e+01	   2.0500000e+02	   2.0000000e+00	   3.3900000e+00	   2.9880000e+03	   1.5600000e+00	   1.0670000e+03	
   4.4000000e+01	   3.0200000e+02	   3.0000000e+00	   5.0000000e+00	   1.3720000e+03	   4.0300000e+00	   1.6660000e+03	
   4.5000000e+01	   2.1000000e+02	   2.0000000e+00	   5.0000000e+00	   1.7900000e+03	   3.9600000e+00	   1.4330000e+03	
