   1.0000000e+00	   1.0000000e+00	   1.1600000e+02	   8.6000000e-01	   2.8610000e+03	
   1.0000000e+00	   2.0000000e+00	   2.1500000e+02	   2.7900000e+00	   4.3910000e+03	
   1.0000000e+00	   3.0000000e+00	   2.0900000e+02	   1.6200000e+00	   3.7220000e+03	
   1.0000000e+00	   4.0000000e+00	   3.0200000e+02	   2.2000000e-01	   3.4910000e+03	
   1.0000000e+00	   5.0000000e+00	   3.0500000e+02	   4.8100000e+00	   4.5090000e+03	
   1.0000000e+00	   6.0000000e+00	   1.0100000e+02	   5.0000000e-02	   3.1600000e+03	
   1.0000000e+00	   7.0000000e+00	   2.0500000e+02	   4.8300000e+00	   2.6940000e+03	
   1.0000000e+00	   8.0000000e+00	   3.0700000e+02	   3.0300000e+00	   6.1260000e+03	
   1.0000000e+00	   9.0000000e+00	   1.0900000e+02	   2.4600000e+00	   6.9400000e+02	
   1.0000000e+00	   1.0000000e+01	   1.0600000e+02	   4.0400000e+00	   2.7630000e+03	
   1.0000000e+00	   1.1000000e+01	   3.1400000e+02	   2.1000000e+00	   3.4940000e+03	
   1.0000000e+00	   1.2000000e+01	   2.0800000e+02	   1.5600000e+00	   2.1260000e+03	
   1.0000000e+00	   1.3000000e+01	   2.0200000e+02	   2.1900000e+00	   2.5270000e+03	
   1.0000000e+00	   1.4000000e+01	   1.0500000e+02	   4.8400000e+00	   3.8600000e+03	
   1.0000000e+00	   1.5000000e+01	   1.0300000e+02	   4.8500000e+00	   3.7590000e+03	
   1.0000000e+00	   1.6000000e+01	   3.0600000e+02	   2.7000000e-01	   1.8270000e+03	
   1.0000000e+00	   1.7000000e+01	   1.0700000e+02	   4.1700000e+00	   2.3260000e+03	
   1.0000000e+00	   1.8000000e+01	   1.1500000e+02	   4.3900000e+00	   6.4600000e+03	
   1.0000000e+00	   1.9000000e+01	   2.0100000e+02	   4.9600000e+00	   2.8260000e+03	
   1.0000000e+00	   2.0000000e+01	   3.0400000e+02	   2.5600000e+00	   5.0260000e+03	
   1.0000000e+00	   2.1000000e+01	   3.0900000e+02	   1.7400000e+00	   4.6930000e+03	
   1.0000000e+00	   2.2000000e+01	   1.0200000e+02	   1.6500000e+00	   2.8590000e+03	
   1.0000000e+00	   2.3000000e+01	   2.1400000e+02	   3.2400000e+00	   2.7280000e+03	
   1.0000000e+00	   2.4000000e+01	   1.1200000e+02	   4.5000000e-01	   2.2930000e+03	
   1.0000000e+00	   2.5000000e+01	   1.1000000e+02	   2.3200000e+00	   3.9270000e+03	
   1.0000000e+00	   2.6000000e+01	   3.1200000e+02	   9.0000000e-02	   2.6940000e+03	
   1.0000000e+00	   2.7000000e+01	   1.1100000e+02	   3.6200000e+00	   5.2580000e+03	
   1.0000000e+00	   2.8000000e+01	   1.0800000e+02	   1.4000000e-01	   1.6950000e+03	
   1.0000000e+00	   2.9000000e+01	   3.1100000e+02	   1.7800000e+00	   2.4940000e+03	
   1.0000000e+00	   3.0000000e+01	   1.0400000e+02	   4.3200000e+00	   4.1930000e+03	
   1.0000000e+00	   3.1000000e+01	   2.1200000e+02	   3.5200000e+00	   2.8260000e+03	
   1.0000000e+00	   3.2000000e+01	   2.0400000e+02	   4.5400000e+00	   2.1950000e+03	
   1.0000000e+00	   3.3000000e+01	   2.0300000e+02	   2.7900000e+00	   5.2760000e+03	
   1.0000000e+00	   3.4000000e+01	   3.0100000e+02	   1.2000000e-01	   2.5600000e+03	
   1.0000000e+00	   3.5000000e+01	   3.1000000e+02	   1.8700000e+00	   3.1600000e+03	
   1.0000000e+00	   3.6000000e+01	   2.0700000e+02	   5.0000000e+00	   1.5950000e+03	
   1.0000000e+00	   3.7000000e+01	   3.1300000e+02	   1.2000000e-01	   1.4940000e+03	
   1.0000000e+00	   3.8000000e+01	   2.0600000e+02	   2.1000000e+00	   3.3590000e+03	
   1.0000000e+00	   3.9000000e+01	   3.0300000e+02	   3.1900000e+00	   5.7260000e+03	
   1.0000000e+00	   4.0000000e+01	   2.1000000e+02	   2.4300000e+00	   2.3610000e+03	
   1.0000000e+00	   4.1000000e+01	   2.1300000e+02	   1.8100000e+00	   2.5930000e+03	
   1.0000000e+00	   4.2000000e+01	   2.1100000e+02	   3.0900000e+00	   1.4600000e+03	
   1.0000000e+00	   4.3000000e+01	   1.1300000e+02	   3.6100000e+00	   2.6930000e+03	
   1.0000000e+00	   4.4000000e+01	   1.1400000e+02	   4.9000000e+00	   2.1270000e+03	
   1.0000000e+00	   4.5000000e+01	   3.0800000e+02	   6.9000000e-01	   2.9260000e+03	
   2.0000000e+00	   1.0000000e+00	   3.1300000e+02	   3.2000000e-01	   1.7550000e+03	
   2.0000000e+00	   2.0000000e+00	   3.0700000e+02	   1.2500000e+00	   1.9950000e+03	
   2.0000000e+00	   3.0000000e+00	   1.0700000e+02	   4.9500000e+00	   4.2280000e+03	
   2.0000000e+00	   4.0000000e+00	   1.1400000e+02	   4.9200000e+00	   1.5610000e+03	
   2.0000000e+00	   5.0000000e+00	   1.0800000e+02	   4.0000000e-02	   1.5280000e+03	
   2.0000000e+00	   6.0000000e+00	   1.1300000e+02	   3.3700000e+00	   1.5280000e+03	
   2.0000000e+00	   7.0000000e+00	   1.0600000e+02	   4.2700000e+00	   1.1610000e+03	
   2.0000000e+00	   8.0000000e+00	   2.1000000e+02	   2.3900000e+00	   3.2620000e+03	
   2.0000000e+00	   9.0000000e+00	   2.1500000e+02	   3.2600000e+00	   2.8270000e+03	
   2.0000000e+00	   1.0000000e+01	   2.1300000e+02	   2.4400000e+00	   2.0610000e+03	
   2.0000000e+00	   1.1000000e+01	   2.0100000e+02	   4.9700000e+00	   2.0950000e+03	
   2.0000000e+00	   1.2000000e+01	   3.0300000e+02	   3.0800000e+00	   1.9780000e+03	
   2.0000000e+00	   1.3000000e+01	   2.1100000e+02	   3.1700000e+00	   1.8280000e+03	
   2.0000000e+00	   1.4000000e+01	   1.0500000e+02	   4.7200000e+00	   1.8280000e+03	
   2.0000000e+00	   1.5000000e+01	   2.0700000e+02	   5.0000000e+00	   1.5610000e+03	
   2.0000000e+00	   1.6000000e+01	   3.0900000e+02	   1.9900000e+00	   4.4610000e+03	
   2.0000000e+00	   1.7000000e+01	   3.1200000e+02	   2.4000000e-01	   1.8950000e+03	
   2.0000000e+00	   1.8000000e+01	   1.0400000e+02	   4.2500000e+00	   2.3280000e+03	
   2.0000000e+00	   1.9000000e+01	   3.1100000e+02	   2.7900000e+00	   2.7270000e+03	
   2.0000000e+00	   2.0000000e+01	   1.1100000e+02	   3.8100000e+00	   2.0610000e+03	
   2.0000000e+00	   2.1000000e+01	   2.1200000e+02	   3.3400000e+00	   1.9290000e+03	
   2.0000000e+00	   2.2000000e+01	   1.0900000e+02	   3.3300000e+00	   1.5950000e+03	
   2.0000000e+00	   2.3000000e+01	   1.0200000e+02	   1.5400000e+00	   3.3930000e+03	
   2.0000000e+00	   2.4000000e+01	   1.1200000e+02	   1.3000000e-01	   1.3280000e+03	
   2.0000000e+00	   2.5000000e+01	   2.0800000e+02	   2.1300000e+00	   1.3280000e+03	
   2.0000000e+00	   2.6000000e+01	   1.0100000e+02	   1.5000000e-01	   1.5960000e+03	
   2.0000000e+00	   2.7000000e+01	   1.0300000e+02	   4.8700000e+00	   1.8280000e+03	
   2.0000000e+00	   2.8000000e+01	   3.0400000e+02	   2.8300000e+00	   1.7950000e+03	
   2.0000000e+00	   2.9000000e+01	   2.0900000e+02	   2.4900000e+00	   1.7940000e+03	
   2.0000000e+00	   3.0000000e+01	   1.1600000e+02	   1.2000000e-01	   1.4280000e+03	
   2.0000000e+00	   3.1000000e+01	   2.0300000e+02	   2.9700000e+00	   1.9610000e+03	
   2.0000000e+00	   3.2000000e+01	   1.1500000e+02	   4.9500000e+00	   1.8950000e+03	
   2.0000000e+00	   3.3000000e+01	   3.1400000e+02	   2.7300000e+00	   1.9280000e+03	
   2.0000000e+00	   3.4000000e+01	   3.0200000e+02	   4.1000000e-01	   1.5950000e+03	
   2.0000000e+00	   3.5000000e+01	   2.0400000e+02	   3.9200000e+00	   1.4610000e+03	
   2.0000000e+00	   3.6000000e+01	   3.1000000e+02	   2.0200000e+00	   2.7110000e+03	
   2.0000000e+00	   3.7000000e+01	   3.0800000e+02	   1.8000000e-01	   1.4950000e+03	
   2.0000000e+00	   3.8000000e+01	   1.1000000e+02	   3.1500000e+00	   2.1950000e+03	
   2.0000000e+00	   3.9000000e+01	   2.1400000e+02	   3.0900000e+00	   1.3940000e+03	
   2.0000000e+00	   4.0000000e+01	   2.0200000e+02	   3.1700000e+00	   1.5280000e+03	
   2.0000000e+00	   4.1000000e+01	   2.0500000e+02	   4.9800000e+00	   1.8950000e+03	
   2.0000000e+00	   4.2000000e+01	   3.0500000e+02	   5.0000000e+00	   1.6280000e+03	
   2.0000000e+00	   4.3000000e+01	   3.0600000e+02	   9.0000000e-02	   1.9950000e+03	
   2.0000000e+00	   4.4000000e+01	   2.0600000e+02	   2.5000000e+00	   4.6940000e+03	
   2.0000000e+00	   4.5000000e+01	   3.0100000e+02	   0.0000000e+00	   1.7610000e+03	
