   2.0700000e+02	   3.0500000e+02	   3.0400000e+02	   1.0000000e+01	   1.0000000e+00	   5.0000000e+00	   4.9050000e+00	   2.6950000e+00	   2.0000000e+00	   3.0000000e+00	   1.0000000e+00	   3.0000000e+00	   2.4570000e+03	
   1.0300000e+02	   2.1200000e+02	   2.0900000e+02	   6.0000000e+00	   5.0000000e+00	   4.8600000e+00	   3.4300000e+00	   2.0550000e+00	   2.0000000e+00	   1.0000000e+00	   3.0000000e+00	   2.0000000e+00	   1.9860000e+03	
   1.0400000e+02	   2.0400000e+02	   1.0200000e+02	   2.0000000e+00	   1.0000000e+00	   4.2850000e+00	   4.2300000e+00	   1.5950000e+00	   1.0000000e+00	   2.0000000e+00	   3.0000000e+00	   1.0000000e+00	   3.9060000e+03	
   1.0300000e+02	   2.1200000e+02	   2.0600000e+02	   5.0000000e+00	   5.0000000e+00	   4.8600000e+00	   3.4300000e+00	   2.3000000e+00	   3.0000000e+00	   1.0000000e+00	   2.0000000e+00	   3.0000000e+00	   2.6300000e+03	
   2.0100000e+02	   3.0500000e+02	   3.0700000e+02	   1.2000000e+01	   1.0000000e+00	   4.9650000e+00	   4.9050000e+00	   2.1400000e+00	   3.0000000e+00	   1.0000000e+00	   2.0000000e+00	   3.0000000e+00	   2.5700000e+03	
   1.1100000e+02	   2.0100000e+02	   1.1200000e+02	   3.0000000e+00	   5.0000000e+00	   3.7150000e+00	   4.9650000e+00	   2.9000000e-01	   1.0000000e+00	   3.0000000e+00	   2.0000000e+00	   3.0000000e+00	   1.9990000e+03	
   1.0700000e+02	   1.1400000e+02	   1.1200000e+02	   3.0000000e+00	   2.0000000e+00	   4.5600000e+00	   4.9100000e+00	   2.9000000e-01	   2.0000000e+00	   3.0000000e+00	   1.0000000e+00	   3.0000000e+00	   1.8900000e+03	
   2.0100000e+02	   3.0500000e+02	   3.0100000e+02	   8.0000000e+00	   1.0000000e+00	   4.9650000e+00	   4.9050000e+00	   6.0000000e-02	   2.0000000e+00	   3.0000000e+00	   1.0000000e+00	   2.0000000e+00	   2.0860000e+03	
   1.0400000e+02	   1.1400000e+02	   2.0600000e+02	   5.0000000e+00	   3.0000000e+00	   4.2850000e+00	   4.9100000e+00	   2.3000000e+00	   1.0000000e+00	   3.0000000e+00	   2.0000000e+00	   3.0000000e+00	   2.1130000e+03	
   1.0400000e+02	   2.1200000e+02	   2.0300000e+02	   4.0000000e+00	   4.0000000e+00	   4.2850000e+00	   3.4300000e+00	   2.8800000e+00	   2.0000000e+00	   3.0000000e+00	   1.0000000e+00	   2.0000000e+00	   2.7530000e+03	
   1.0500000e+02	   1.0600000e+02	   1.0100000e+02	   1.0000000e+00	   3.0000000e+00	   4.7800000e+00	   4.1550000e+00	   1.0000000e-01	   3.0000000e+00	   2.0000000e+00	   1.0000000e+00	   2.0000000e+00	   2.5890000e+03	
   1.0500000e+02	   1.1500000e+02	   3.0900000e+02	   1.4000000e+01	   1.0000000e+00	   4.7800000e+00	   4.6700000e+00	   1.8650000e+00	   3.0000000e+00	   2.0000000e+00	   1.0000000e+00	   3.0000000e+00	   2.2410000e+03	
   1.1400000e+02	   1.1500000e+02	   3.1400000e+02	   1.5000000e+01	   2.0000000e+00	   4.9100000e+00	   4.6700000e+00	   2.4150000e+00	   1.0000000e+00	   3.0000000e+00	   2.0000000e+00	   3.0000000e+00	   1.9140000e+03	
   1.0300000e+02	   2.0500000e+02	   3.0800000e+02	   1.3000000e+01	   1.0000000e+00	   4.8600000e+00	   4.9050000e+00	   4.3500000e-01	   3.0000000e+00	   1.0000000e+00	   2.0000000e+00	   1.0000000e+00	   1.9650000e+03	
   1.1100000e+02	   1.1500000e+02	   3.0900000e+02	   1.4000000e+01	   4.0000000e+00	   3.7150000e+00	   4.6700000e+00	   1.8650000e+00	   3.0000000e+00	   2.0000000e+00	   1.0000000e+00	   2.0000000e+00	   1.2900000e+03	
   1.0500000e+02	   1.0700000e+02	   3.0400000e+02	   1.0000000e+01	   2.0000000e+00	   4.7800000e+00	   4.5600000e+00	   2.6950000e+00	   2.0000000e+00	   1.0000000e+00	   3.0000000e+00	   2.0000000e+00	   2.2800000e+03	
   1.0600000e+02	   1.1300000e+02	   2.0900000e+02	   6.0000000e+00	   3.0000000e+00	   4.1550000e+00	   3.4900000e+00	   2.0550000e+00	   3.0000000e+00	   1.0000000e+00	   2.0000000e+00	   3.0000000e+00	   1.3920000e+03	
   1.1100000e+02	   2.1200000e+02	   3.0700000e+02	   1.2000000e+01	   2.0000000e+00	   3.7150000e+00	   3.4300000e+00	   2.1400000e+00	   2.0000000e+00	   3.0000000e+00	   1.0000000e+00	   2.0000000e+00	   2.3230000e+03	
   1.0400000e+02	   2.0700000e+02	   3.0700000e+02	   1.2000000e+01	   4.0000000e+00	   4.2850000e+00	   5.0000000e+00	   2.1400000e+00	   1.0000000e+00	   3.0000000e+00	   2.0000000e+00	   3.0000000e+00	   1.6700000e+03	
   1.0600000e+02	   1.1400000e+02	   1.1200000e+02	   3.0000000e+00	   4.0000000e+00	   4.1550000e+00	   4.9100000e+00	   2.9000000e-01	   2.0000000e+00	   3.0000000e+00	   1.0000000e+00	   2.0000000e+00	   1.2160000e+03	
   1.1100000e+02	   1.1300000e+02	   3.1400000e+02	   1.5000000e+01	   2.0000000e+00	   3.7150000e+00	   3.4900000e+00	   2.4150000e+00	   3.0000000e+00	   1.0000000e+00	   2.0000000e+00	   3.0000000e+00	   2.9050000e+03	
   2.0400000e+02	   2.1200000e+02	   2.0900000e+02	   6.0000000e+00	   4.0000000e+00	   4.2300000e+00	   3.4300000e+00	   2.0550000e+00	   3.0000000e+00	   2.0000000e+00	   1.0000000e+00	   3.0000000e+00	   1.4730000e+03	
   1.0300000e+02	   1.0500000e+02	   1.1200000e+02	   3.0000000e+00	   1.0000000e+00	   4.8600000e+00	   4.7800000e+00	   2.9000000e-01	   1.0000000e+00	   3.0000000e+00	   2.0000000e+00	   1.0000000e+00	   2.3220000e+03	
   1.1300000e+02	   1.1400000e+02	   1.0200000e+02	   2.0000000e+00	   5.0000000e+00	   3.4900000e+00	   4.9100000e+00	   1.5950000e+00	   2.0000000e+00	   3.0000000e+00	   1.0000000e+00	   3.0000000e+00	   1.0630000e+03	
   1.0300000e+02	   2.0700000e+02	   3.0900000e+02	   1.4000000e+01	   2.0000000e+00	   4.8600000e+00	   5.0000000e+00	   1.8650000e+00	   3.0000000e+00	   1.0000000e+00	   2.0000000e+00	   1.0000000e+00	   1.7600000e+03	
   1.0400000e+02	   1.0600000e+02	   3.0300000e+02	   9.0000000e+00	   2.0000000e+00	   4.2850000e+00	   4.1550000e+00	   3.1350000e+00	   1.0000000e+00	   2.0000000e+00	   3.0000000e+00	   2.0000000e+00	   1.4530000e+03	
   1.1100000e+02	   2.0400000e+02	   2.0900000e+02	   6.0000000e+00	   3.0000000e+00	   3.7150000e+00	   4.2300000e+00	   2.0550000e+00	   3.0000000e+00	   2.0000000e+00	   1.0000000e+00	   3.0000000e+00	   3.0530000e+03	
   1.1500000e+02	   2.0500000e+02	   3.1400000e+02	   1.5000000e+01	   2.0000000e+00	   4.6700000e+00	   4.9050000e+00	   2.4150000e+00	   2.0000000e+00	   3.0000000e+00	   1.0000000e+00	   3.0000000e+00	   1.4400000e+03	
   1.0500000e+02	   3.0500000e+02	   3.0400000e+02	   1.0000000e+01	   1.0000000e+00	   4.7800000e+00	   4.9050000e+00	   2.6950000e+00	   3.0000000e+00	   2.0000000e+00	   1.0000000e+00	   2.0000000e+00	   1.5720000e+03	
   1.0400000e+02	   1.0700000e+02	   2.0600000e+02	   5.0000000e+00	   2.0000000e+00	   4.2850000e+00	   4.5600000e+00	   2.3000000e+00	   1.0000000e+00	   3.0000000e+00	   2.0000000e+00	   3.0000000e+00	   2.2560000e+03	
   1.0300000e+02	   2.0100000e+02	   3.0800000e+02	   1.3000000e+01	   1.0000000e+00	   4.8600000e+00	   4.9650000e+00	   4.3500000e-01	   1.0000000e+00	   3.0000000e+00	   2.0000000e+00	   3.0000000e+00	   2.4150000e+03	
   2.0400000e+02	   3.0500000e+02	   3.0300000e+02	   9.0000000e+00	   3.0000000e+00	   4.2300000e+00	   4.9050000e+00	   3.1350000e+00	   3.0000000e+00	   2.0000000e+00	   1.0000000e+00	   2.0000000e+00	   1.2740000e+03	
   1.0400000e+02	   2.1200000e+02	   2.0600000e+02	   5.0000000e+00	   4.0000000e+00	   4.2850000e+00	   3.4300000e+00	   2.3000000e+00	   1.0000000e+00	   3.0000000e+00	   2.0000000e+00	   1.0000000e+00	   1.8470000e+03	
   1.0700000e+02	   2.0500000e+02	   3.0900000e+02	   1.4000000e+01	   2.0000000e+00	   4.5600000e+00	   4.9050000e+00	   1.8650000e+00	   2.0000000e+00	   1.0000000e+00	   3.0000000e+00	   1.0000000e+00	   1.2370000e+03	
   1.0600000e+02	   2.0400000e+02	   2.1500000e+02	   7.0000000e+00	   1.0000000e+00	   4.1550000e+00	   4.2300000e+00	   3.0250000e+00	   2.0000000e+00	   3.0000000e+00	   1.0000000e+00	   2.0000000e+00	   1.4950000e+03	
   1.1300000e+02	   1.1500000e+02	   3.0100000e+02	   8.0000000e+00	   5.0000000e+00	   3.4900000e+00	   4.6700000e+00	   6.0000000e-02	   1.0000000e+00	   3.0000000e+00	   2.0000000e+00	   3.0000000e+00	   1.3350000e+03	
   1.0700000e+02	   3.0500000e+02	   3.0300000e+02	   9.0000000e+00	   2.0000000e+00	   4.5600000e+00	   4.9050000e+00	   3.1350000e+00	   2.0000000e+00	   1.0000000e+00	   3.0000000e+00	   1.0000000e+00	   1.3450000e+03	
   1.0300000e+02	   1.1500000e+02	   3.0400000e+02	   1.0000000e+01	   2.0000000e+00	   4.8600000e+00	   4.6700000e+00	   2.6950000e+00	   1.0000000e+00	   3.0000000e+00	   2.0000000e+00	   1.0000000e+00	   9.4100000e+02	
   1.1400000e+02	   2.0400000e+02	   1.0100000e+02	   1.0000000e+00	   4.0000000e+00	   4.9100000e+00	   4.2300000e+00	   1.0000000e-01	   3.0000000e+00	   2.0000000e+00	   1.0000000e+00	   3.0000000e+00	   1.2210000e+03	
   2.0100000e+02	   2.0400000e+02	   2.1500000e+02	   7.0000000e+00	   4.0000000e+00	   4.9650000e+00	   4.2300000e+00	   3.0250000e+00	   3.0000000e+00	   2.0000000e+00	   1.0000000e+00	   3.0000000e+00	   1.2960000e+03	
   2.0400000e+02	   2.1200000e+02	   3.1400000e+02	   1.5000000e+01	   4.0000000e+00	   4.2300000e+00	   3.4300000e+00	   2.4150000e+00	   3.0000000e+00	   2.0000000e+00	   1.0000000e+00	   1.0000000e+00	   2.4710000e+03	
   2.0400000e+02	   2.1200000e+02	   3.0800000e+02	   1.3000000e+01	   4.0000000e+00	   4.2300000e+00	   3.4300000e+00	   4.3500000e-01	   3.0000000e+00	   2.0000000e+00	   1.0000000e+00	   3.0000000e+00	   2.9210000e+03	
   1.0400000e+02	   1.0600000e+02	   3.0600000e+02	   1.1000000e+01	   2.0000000e+00	   4.2850000e+00	   4.1550000e+00	   1.8000000e-01	   2.0000000e+00	   3.0000000e+00	   1.0000000e+00	   3.0000000e+00	   1.6200000e+03	
   1.1100000e+02	   2.0700000e+02	   2.0900000e+02	   6.0000000e+00	   5.0000000e+00	   3.7150000e+00	   5.0000000e+00	   2.0550000e+00	   1.0000000e+00	   2.0000000e+00	   3.0000000e+00	   2.0000000e+00	   1.2430000e+03	
   2.0400000e+02	   2.0500000e+02	   3.0700000e+02	   1.2000000e+01	   3.0000000e+00	   4.2300000e+00	   4.9050000e+00	   2.1400000e+00	   2.0000000e+00	   3.0000000e+00	   1.0000000e+00	   3.0000000e+00	   1.2070000e+03	
   1.0300000e+02	   1.1500000e+02	   1.0100000e+02	   1.0000000e+00	   2.0000000e+00	   4.8600000e+00	   4.6700000e+00	   1.0000000e-01	   3.0000000e+00	   1.0000000e+00	   2.0000000e+00	   3.0000000e+00	   2.0350000e+03	
   1.0300000e+02	   2.0700000e+02	   2.0600000e+02	   5.0000000e+00	   2.0000000e+00	   4.8600000e+00	   5.0000000e+00	   2.3000000e+00	   3.0000000e+00	   2.0000000e+00	   1.0000000e+00	   2.0000000e+00	   9.2200000e+02	
   2.0400000e+02	   3.0500000e+02	   2.0300000e+02	   4.0000000e+00	   3.0000000e+00	   4.2300000e+00	   4.9050000e+00	   2.8800000e+00	   1.0000000e+00	   2.0000000e+00	   3.0000000e+00	   2.0000000e+00	   1.0400000e+03	
   2.0400000e+02	   2.0700000e+02	   3.0400000e+02	   1.0000000e+01	   4.0000000e+00	   4.2300000e+00	   5.0000000e+00	   2.6950000e+00	   2.0000000e+00	   1.0000000e+00	   3.0000000e+00	   1.0000000e+00	   1.0220000e+03	
   1.1100000e+02	   2.0100000e+02	   3.0300000e+02	   9.0000000e+00	   5.0000000e+00	   3.7150000e+00	   4.9650000e+00	   3.1350000e+00	   1.0000000e+00	   3.0000000e+00	   2.0000000e+00	   3.0000000e+00	   8.9800000e+02	
   1.0400000e+02	   1.1300000e+02	   2.0900000e+02	   6.0000000e+00	   4.0000000e+00	   4.2850000e+00	   3.4900000e+00	   2.0550000e+00	   1.0000000e+00	   3.0000000e+00	   2.0000000e+00	   1.0000000e+00	   1.3180000e+03	
   1.1300000e+02	   2.0700000e+02	   3.0700000e+02	   1.2000000e+01	   5.0000000e+00	   3.4900000e+00	   5.0000000e+00	   2.1400000e+00	   2.0000000e+00	   3.0000000e+00	   1.0000000e+00	   3.0000000e+00	   1.2490000e+03	
   1.0400000e+02	   1.1500000e+02	   3.0800000e+02	   1.3000000e+01	   3.0000000e+00	   4.2850000e+00	   4.6700000e+00	   4.3500000e-01	   2.0000000e+00	   3.0000000e+00	   1.0000000e+00	   3.0000000e+00	   1.4700000e+03	
   1.0500000e+02	   2.0500000e+02	   2.1500000e+02	   7.0000000e+00	   2.0000000e+00	   4.7800000e+00	   4.9050000e+00	   3.0250000e+00	   1.0000000e+00	   3.0000000e+00	   2.0000000e+00	   3.0000000e+00	   1.7740000e+03	
   1.0600000e+02	   1.1100000e+02	   1.1200000e+02	   3.0000000e+00	   3.0000000e+00	   4.1550000e+00	   3.7150000e+00	   2.9000000e-01	   2.0000000e+00	   1.0000000e+00	   3.0000000e+00	   2.0000000e+00	   1.1210000e+03	
   1.0500000e+02	   1.1100000e+02	   1.0200000e+02	   2.0000000e+00	   4.0000000e+00	   4.7800000e+00	   3.7150000e+00	   1.5950000e+00	   3.0000000e+00	   2.0000000e+00	   1.0000000e+00	   3.0000000e+00	   1.1980000e+03	
   1.1400000e+02	   3.0500000e+02	   3.0600000e+02	   1.1000000e+01	   1.0000000e+00	   4.9100000e+00	   4.9050000e+00	   1.8000000e-01	   3.0000000e+00	   1.0000000e+00	   2.0000000e+00	   1.0000000e+00	   1.4410000e+03	
   1.0500000e+02	   1.1500000e+02	   1.0100000e+02	   1.0000000e+00	   1.0000000e+00	   4.7800000e+00	   4.6700000e+00	   1.0000000e-01	   3.0000000e+00	   1.0000000e+00	   2.0000000e+00	   3.0000000e+00	   1.7480000e+03	
   1.1300000e+02	   1.1500000e+02	   3.0300000e+02	   9.0000000e+00	   5.0000000e+00	   3.4900000e+00	   4.6700000e+00	   3.1350000e+00	   1.0000000e+00	   3.0000000e+00	   2.0000000e+00	   3.0000000e+00	   1.7690000e+03	
   1.0700000e+02	   1.1100000e+02	   1.0100000e+02	   1.0000000e+00	   4.0000000e+00	   4.5600000e+00	   3.7150000e+00	   1.0000000e-01	   3.0000000e+00	   1.0000000e+00	   2.0000000e+00	   3.0000000e+00	   1.1650000e+03	
   1.0500000e+02	   1.1300000e+02	   3.1400000e+02	   1.5000000e+01	   5.0000000e+00	   4.7800000e+00	   3.4900000e+00	   2.4150000e+00	   3.0000000e+00	   1.0000000e+00	   2.0000000e+00	   3.0000000e+00	   1.1960000e+03	
   1.0600000e+02	   2.0400000e+02	   3.0400000e+02	   1.0000000e+01	   1.0000000e+00	   4.1550000e+00	   4.2300000e+00	   2.6950000e+00	   3.0000000e+00	   1.0000000e+00	   2.0000000e+00	   3.0000000e+00	   1.1190000e+03	
   1.1100000e+02	   2.0700000e+02	   2.0600000e+02	   5.0000000e+00	   5.0000000e+00	   3.7150000e+00	   5.0000000e+00	   2.3000000e+00	   2.0000000e+00	   3.0000000e+00	   1.0000000e+00	   3.0000000e+00	   1.1330000e+03	
   1.0500000e+02	   1.0600000e+02	   2.0600000e+02	   5.0000000e+00	   3.0000000e+00	   4.7800000e+00	   4.1550000e+00	   2.3000000e+00	   1.0000000e+00	   3.0000000e+00	   2.0000000e+00	   3.0000000e+00	   9.4500000e+02	
   2.0100000e+02	   2.1200000e+02	   3.0300000e+02	   9.0000000e+00	   5.0000000e+00	   4.9650000e+00	   3.4300000e+00	   3.1350000e+00	   1.0000000e+00	   3.0000000e+00	   2.0000000e+00	   1.0000000e+00	   1.2890000e+03	
   1.0700000e+02	   2.0400000e+02	   3.0700000e+02	   1.2000000e+01	   2.0000000e+00	   4.5600000e+00	   4.2300000e+00	   2.1400000e+00	   1.0000000e+00	   2.0000000e+00	   3.0000000e+00	   1.0000000e+00	   9.9600000e+02	
   1.0300000e+02	   1.1100000e+02	   3.0900000e+02	   1.4000000e+01	   4.0000000e+00	   4.8600000e+00	   3.7150000e+00	   1.8650000e+00	   3.0000000e+00	   1.0000000e+00	   2.0000000e+00	   3.0000000e+00	   1.1740000e+03	
   1.1100000e+02	   2.0100000e+02	   3.0100000e+02	   8.0000000e+00	   5.0000000e+00	   3.7150000e+00	   4.9650000e+00	   6.0000000e-02	   1.0000000e+00	   2.0000000e+00	   3.0000000e+00	   2.0000000e+00	   1.2890000e+03	
   1.0500000e+02	   1.1100000e+02	   2.0900000e+02	   6.0000000e+00	   4.0000000e+00	   4.7800000e+00	   3.7150000e+00	   2.0550000e+00	   1.0000000e+00	   3.0000000e+00	   2.0000000e+00	   1.0000000e+00	   1.2560000e+03	
   2.0400000e+02	   2.0500000e+02	   3.1400000e+02	   1.5000000e+01	   3.0000000e+00	   4.2300000e+00	   4.9050000e+00	   2.4150000e+00	   2.0000000e+00	   3.0000000e+00	   1.0000000e+00	   3.0000000e+00	   1.1520000e+03	
   1.1100000e+02	   1.1500000e+02	   3.0100000e+02	   8.0000000e+00	   4.0000000e+00	   3.7150000e+00	   4.6700000e+00	   6.0000000e-02	   2.0000000e+00	   1.0000000e+00	   3.0000000e+00	   1.0000000e+00	   9.6100000e+02	
   1.1400000e+02	   2.0100000e+02	   1.1200000e+02	   3.0000000e+00	   1.0000000e+00	   4.9100000e+00	   4.9650000e+00	   2.9000000e-01	   1.0000000e+00	   2.0000000e+00	   3.0000000e+00	   2.0000000e+00	   8.3400000e+02	
   1.0500000e+02	   1.1300000e+02	   3.0700000e+02	   1.2000000e+01	   5.0000000e+00	   4.7800000e+00	   3.4900000e+00	   2.1400000e+00	   3.0000000e+00	   2.0000000e+00	   1.0000000e+00	   3.0000000e+00	   9.6900000e+02	
   1.0500000e+02	   2.0400000e+02	   3.0400000e+02	   1.0000000e+01	   3.0000000e+00	   4.7800000e+00	   4.2300000e+00	   2.6950000e+00	   1.0000000e+00	   3.0000000e+00	   2.0000000e+00	   1.0000000e+00	   9.0300000e+02	
   1.1400000e+02	   3.0500000e+02	   3.1400000e+02	   1.5000000e+01	   1.0000000e+00	   4.9100000e+00	   4.9050000e+00	   2.4150000e+00	   2.0000000e+00	   3.0000000e+00	   1.0000000e+00	   2.0000000e+00	   9.4200000e+02	
   1.0300000e+02	   1.0600000e+02	   2.1500000e+02	   7.0000000e+00	   4.0000000e+00	   4.8600000e+00	   4.1550000e+00	   3.0250000e+00	   3.0000000e+00	   2.0000000e+00	   1.0000000e+00	   2.0000000e+00	   2.2140000e+03	
   1.1500000e+02	   3.0500000e+02	   3.0700000e+02	   1.2000000e+01	   2.0000000e+00	   4.6700000e+00	   4.9050000e+00	   2.1400000e+00	   1.0000000e+00	   2.0000000e+00	   3.0000000e+00	   2.0000000e+00	   1.1790000e+03	
   1.0700000e+02	   2.0400000e+02	   2.0900000e+02	   6.0000000e+00	   2.0000000e+00	   4.5600000e+00	   4.2300000e+00	   2.0550000e+00	   3.0000000e+00	   1.0000000e+00	   2.0000000e+00	   3.0000000e+00	   1.1670000e+03	
   2.0400000e+02	   2.0500000e+02	   3.0800000e+02	   1.3000000e+01	   3.0000000e+00	   4.2300000e+00	   4.9050000e+00	   4.3500000e-01	   2.0000000e+00	   1.0000000e+00	   3.0000000e+00	   1.0000000e+00	   9.4800000e+02	
   1.0400000e+02	   2.0400000e+02	   2.0900000e+02	   6.0000000e+00	   1.0000000e+00	   4.2850000e+00	   4.2300000e+00	   2.0550000e+00	   1.0000000e+00	   2.0000000e+00	   3.0000000e+00	   1.0000000e+00	   1.4880000e+03	
   1.0700000e+02	   1.1400000e+02	   3.0400000e+02	   1.0000000e+01	   2.0000000e+00	   4.5600000e+00	   4.9100000e+00	   2.6950000e+00	   2.0000000e+00	   1.0000000e+00	   3.0000000e+00	   1.0000000e+00	   3.0570000e+03	
   2.0500000e+02	   2.1200000e+02	   3.0800000e+02	   1.3000000e+01	   5.0000000e+00	   4.9050000e+00	   3.4300000e+00	   4.3500000e-01	   2.0000000e+00	   1.0000000e+00	   3.0000000e+00	   2.0000000e+00	   9.1600000e+02	
   1.1100000e+02	   2.0100000e+02	   3.1400000e+02	   1.5000000e+01	   5.0000000e+00	   3.7150000e+00	   4.9650000e+00	   2.4150000e+00	   1.0000000e+00	   2.0000000e+00	   3.0000000e+00	   2.0000000e+00	   9.7900000e+02	
   1.0700000e+02	   2.0400000e+02	   3.0600000e+02	   1.1000000e+01	   2.0000000e+00	   4.5600000e+00	   4.2300000e+00	   1.8000000e-01	   3.0000000e+00	   2.0000000e+00	   1.0000000e+00	   3.0000000e+00	   1.1470000e+03	
   2.0700000e+02	   2.1200000e+02	   3.0600000e+02	   1.1000000e+01	   5.0000000e+00	   5.0000000e+00	   3.4300000e+00	   1.8000000e-01	   2.0000000e+00	   3.0000000e+00	   1.0000000e+00	   2.0000000e+00	   9.5100000e+02	
   1.0400000e+02	   2.0100000e+02	   1.1200000e+02	   3.0000000e+00	   3.0000000e+00	   4.2850000e+00	   4.9650000e+00	   2.9000000e-01	   3.0000000e+00	   2.0000000e+00	   1.0000000e+00	   2.0000000e+00	   1.0610000e+03	
   1.0500000e+02	   2.0400000e+02	   3.0300000e+02	   9.0000000e+00	   3.0000000e+00	   4.7800000e+00	   4.2300000e+00	   3.1350000e+00	   1.0000000e+00	   2.0000000e+00	   3.0000000e+00	   1.0000000e+00	   1.1340000e+03	
   1.0300000e+02	   2.1200000e+02	   3.1400000e+02	   1.5000000e+01	   5.0000000e+00	   4.8600000e+00	   3.4300000e+00	   2.4150000e+00	   1.0000000e+00	   2.0000000e+00	   3.0000000e+00	   1.0000000e+00	   1.1310000e+03	
   1.1100000e+02	   1.1500000e+02	   3.0600000e+02	   1.1000000e+01	   4.0000000e+00	   3.7150000e+00	   4.6700000e+00	   1.8000000e-01	   2.0000000e+00	   1.0000000e+00	   3.0000000e+00	   1.0000000e+00	   1.0530000e+03	
   1.0500000e+02	   1.0700000e+02	   1.0200000e+02	   2.0000000e+00	   2.0000000e+00	   4.7800000e+00	   4.5600000e+00	   1.5950000e+00	   2.0000000e+00	   3.0000000e+00	   1.0000000e+00	   2.0000000e+00	   9.6600000e+02	
   1.0300000e+02	   2.0100000e+02	   2.0900000e+02	   6.0000000e+00	   1.0000000e+00	   4.8600000e+00	   4.9650000e+00	   2.0550000e+00	   3.0000000e+00	   1.0000000e+00	   2.0000000e+00	   1.0000000e+00	   2.0090000e+03	
   1.1400000e+02	   2.1200000e+02	   1.0200000e+02	   2.0000000e+00	   5.0000000e+00	   4.9100000e+00	   3.4300000e+00	   1.5950000e+00	   2.0000000e+00	   1.0000000e+00	   3.0000000e+00	   2.0000000e+00	   1.2480000e+03	
   1.0300000e+02	   1.0400000e+02	   3.0900000e+02	   1.4000000e+01	   3.0000000e+00	   4.8600000e+00	   4.2850000e+00	   1.8650000e+00	   3.0000000e+00	   2.0000000e+00	   1.0000000e+00	   3.0000000e+00	   1.1180000e+03	
   1.1100000e+02	   2.0400000e+02	   2.1500000e+02	   7.0000000e+00	   3.0000000e+00	   3.7150000e+00	   4.2300000e+00	   3.0250000e+00	   1.0000000e+00	   2.0000000e+00	   3.0000000e+00	   2.0000000e+00	   4.6340000e+03	
   1.1100000e+02	   2.1200000e+02	   2.0300000e+02	   4.0000000e+00	   2.0000000e+00	   3.7150000e+00	   3.4300000e+00	   2.8800000e+00	   3.0000000e+00	   1.0000000e+00	   2.0000000e+00	   3.0000000e+00	   3.0810000e+03	
   1.0400000e+02	   1.0600000e+02	   2.0900000e+02	   6.0000000e+00	   2.0000000e+00	   4.2850000e+00	   4.1550000e+00	   2.0550000e+00	   1.0000000e+00	   2.0000000e+00	   3.0000000e+00	   2.0000000e+00	   8.8400000e+02	
   1.0600000e+02	   1.1500000e+02	   3.0900000e+02	   1.4000000e+01	   3.0000000e+00	   4.1550000e+00	   4.6700000e+00	   1.8650000e+00	   1.0000000e+00	   3.0000000e+00	   2.0000000e+00	   1.0000000e+00	   8.8000000e+02	
   1.1400000e+02	   3.0500000e+02	   1.0100000e+02	   1.0000000e+00	   1.0000000e+00	   4.9100000e+00	   4.9050000e+00	   1.0000000e-01	   2.0000000e+00	   3.0000000e+00	   1.0000000e+00	   2.0000000e+00	   8.3100000e+02	
   1.1400000e+02	   2.0700000e+02	   1.0200000e+02	   2.0000000e+00	   1.0000000e+00	   4.9100000e+00	   5.0000000e+00	   1.5950000e+00	   1.0000000e+00	   3.0000000e+00	   2.0000000e+00	   3.0000000e+00	   1.3730000e+03	
   1.0600000e+02	   1.1500000e+02	   3.0600000e+02	   1.1000000e+01	   3.0000000e+00	   4.1550000e+00	   4.6700000e+00	   1.8000000e-01	   1.0000000e+00	   3.0000000e+00	   2.0000000e+00	   1.0000000e+00	   1.5600000e+03	
   1.1300000e+02	   1.1500000e+02	   3.0400000e+02	   1.0000000e+01	   5.0000000e+00	   3.4900000e+00	   4.6700000e+00	   2.6950000e+00	   2.0000000e+00	   1.0000000e+00	   3.0000000e+00	   1.0000000e+00	   1.1310000e+03	
   1.1300000e+02	   1.1400000e+02	   3.0900000e+02	   1.4000000e+01	   5.0000000e+00	   3.4900000e+00	   4.9100000e+00	   1.8650000e+00	   2.0000000e+00	   1.0000000e+00	   3.0000000e+00	   1.0000000e+00	   1.0380000e+03	
   2.0100000e+02	   2.0700000e+02	   2.1500000e+02	   7.0000000e+00	   1.0000000e+00	   4.9650000e+00	   5.0000000e+00	   3.0250000e+00	   1.0000000e+00	   2.0000000e+00	   3.0000000e+00	   2.0000000e+00	   1.5420000e+03	
   1.1400000e+02	   2.0400000e+02	   3.1400000e+02	   1.5000000e+01	   4.0000000e+00	   4.9100000e+00	   4.2300000e+00	   2.4150000e+00	   1.0000000e+00	   3.0000000e+00	   2.0000000e+00	   1.0000000e+00	   9.8500000e+02	
   1.1300000e+02	   2.0100000e+02	   3.0900000e+02	   1.4000000e+01	   5.0000000e+00	   3.4900000e+00	   4.9650000e+00	   1.8650000e+00	   2.0000000e+00	   1.0000000e+00	   3.0000000e+00	   1.0000000e+00	   1.2370000e+03	
   1.0500000e+02	   1.0700000e+02	   3.0100000e+02	   8.0000000e+00	   2.0000000e+00	   4.7800000e+00	   4.5600000e+00	   6.0000000e-02	   1.0000000e+00	   2.0000000e+00	   3.0000000e+00	   1.0000000e+00	   1.9170000e+03	
   1.0300000e+02	   2.0700000e+02	   3.0300000e+02	   9.0000000e+00	   2.0000000e+00	   4.8600000e+00	   5.0000000e+00	   3.1350000e+00	   2.0000000e+00	   3.0000000e+00	   1.0000000e+00	   2.0000000e+00	   9.3500000e+02	
   2.0100000e+02	   2.0400000e+02	   3.0100000e+02	   8.0000000e+00	   4.0000000e+00	   4.9650000e+00	   4.2300000e+00	   6.0000000e-02	   3.0000000e+00	   2.0000000e+00	   1.0000000e+00	   3.0000000e+00	   1.0410000e+03	
   1.0600000e+02	   1.1100000e+02	   3.0700000e+02	   1.2000000e+01	   3.0000000e+00	   4.1550000e+00	   3.7150000e+00	   2.1400000e+00	   1.0000000e+00	   2.0000000e+00	   3.0000000e+00	   1.0000000e+00	   9.6200000e+02	
   1.0300000e+02	   3.0500000e+02	   3.1400000e+02	   1.5000000e+01	   1.0000000e+00	   4.8600000e+00	   4.9050000e+00	   2.4150000e+00	   1.0000000e+00	   2.0000000e+00	   3.0000000e+00	   2.0000000e+00	   9.4000000e+02	
   1.0700000e+02	   1.1500000e+02	   3.0600000e+02	   1.1000000e+01	   1.0000000e+00	   4.5600000e+00	   4.6700000e+00	   1.8000000e-01	   3.0000000e+00	   2.0000000e+00	   1.0000000e+00	   2.0000000e+00	   9.4500000e+02	
   1.0300000e+02	   2.0500000e+02	   3.0300000e+02	   9.0000000e+00	   1.0000000e+00	   4.8600000e+00	   4.9050000e+00	   3.1350000e+00	   1.0000000e+00	   3.0000000e+00	   2.0000000e+00	   3.0000000e+00	   1.5000000e+03	
   2.0100000e+02	   2.0500000e+02	   3.0800000e+02	   1.3000000e+01	   1.0000000e+00	   4.9650000e+00	   4.9050000e+00	   4.3500000e-01	   3.0000000e+00	   2.0000000e+00	   1.0000000e+00	   2.0000000e+00	   9.6700000e+02	
   1.0300000e+02	   1.1400000e+02	   2.0900000e+02	   6.0000000e+00	   1.0000000e+00	   4.8600000e+00	   4.9100000e+00	   2.0550000e+00	   2.0000000e+00	   1.0000000e+00	   3.0000000e+00	   2.0000000e+00	   1.5450000e+03	
   1.0500000e+02	   3.0500000e+02	   3.0900000e+02	   1.4000000e+01	   1.0000000e+00	   4.7800000e+00	   4.9050000e+00	   1.8650000e+00	   3.0000000e+00	   2.0000000e+00	   1.0000000e+00	   2.0000000e+00	   7.1600000e+02	
   1.1100000e+02	   1.1500000e+02	   2.0900000e+02	   6.0000000e+00	   4.0000000e+00	   3.7150000e+00	   4.6700000e+00	   2.0550000e+00	   2.0000000e+00	   3.0000000e+00	   1.0000000e+00	   3.0000000e+00	   1.1200000e+03	
   1.0400000e+02	   2.0400000e+02	   2.1500000e+02	   7.0000000e+00	   1.0000000e+00	   4.2850000e+00	   4.2300000e+00	   3.0250000e+00	   3.0000000e+00	   1.0000000e+00	   2.0000000e+00	   3.0000000e+00	   1.4550000e+03	
   1.1400000e+02	   1.1500000e+02	   3.0100000e+02	   8.0000000e+00	   2.0000000e+00	   4.9100000e+00	   4.6700000e+00	   6.0000000e-02	   2.0000000e+00	   1.0000000e+00	   3.0000000e+00	   1.0000000e+00	   1.1550000e+03	
   2.0100000e+02	   2.0700000e+02	   3.0800000e+02	   1.3000000e+01	   1.0000000e+00	   4.9650000e+00	   5.0000000e+00	   4.3500000e-01	   1.0000000e+00	   2.0000000e+00	   3.0000000e+00	   2.0000000e+00	   1.3800000e+03	
   2.0100000e+02	   2.1200000e+02	   1.0100000e+02	   1.0000000e+00	   5.0000000e+00	   4.9650000e+00	   3.4300000e+00	   1.0000000e-01	   1.0000000e+00	   3.0000000e+00	   2.0000000e+00	   1.0000000e+00	   1.0120000e+03	
   2.0500000e+02	   2.1200000e+02	   3.0100000e+02	   8.0000000e+00	   5.0000000e+00	   4.9050000e+00	   3.4300000e+00	   6.0000000e-02	   3.0000000e+00	   1.0000000e+00	   2.0000000e+00	   3.0000000e+00	   1.2360000e+03	
   1.1100000e+02	   1.1500000e+02	   3.0800000e+02	   1.3000000e+01	   4.0000000e+00	   3.7150000e+00	   4.6700000e+00	   4.3500000e-01	   2.0000000e+00	   3.0000000e+00	   1.0000000e+00	   3.0000000e+00	   1.2960000e+03	
   1.0600000e+02	   2.0700000e+02	   1.1200000e+02	   3.0000000e+00	   4.0000000e+00	   4.1550000e+00	   5.0000000e+00	   2.9000000e-01	   3.0000000e+00	   2.0000000e+00	   1.0000000e+00	   2.0000000e+00	   1.0170000e+03	
   1.0600000e+02	   1.1500000e+02	   3.0800000e+02	   1.3000000e+01	   3.0000000e+00	   4.1550000e+00	   4.6700000e+00	   4.3500000e-01	   2.0000000e+00	   1.0000000e+00	   3.0000000e+00	   1.0000000e+00	   1.2930000e+03	
   1.0400000e+02	   3.0500000e+02	   3.0100000e+02	   8.0000000e+00	   3.0000000e+00	   4.2850000e+00	   4.9050000e+00	   6.0000000e-02	   1.0000000e+00	   2.0000000e+00	   3.0000000e+00	   2.0000000e+00	   9.2600000e+02	
   1.0500000e+02	   1.1100000e+02	   3.0600000e+02	   1.1000000e+01	   4.0000000e+00	   4.7800000e+00	   3.7150000e+00	   1.8000000e-01	   3.0000000e+00	   2.0000000e+00	   1.0000000e+00	   3.0000000e+00	   1.0390000e+03	
   1.1500000e+02	   2.0400000e+02	   1.0200000e+02	   2.0000000e+00	   3.0000000e+00	   4.6700000e+00	   4.2300000e+00	   1.5950000e+00	   3.0000000e+00	   1.0000000e+00	   2.0000000e+00	   3.0000000e+00	   1.0700000e+03	
   1.0300000e+02	   1.1500000e+02	   3.0800000e+02	   1.3000000e+01	   2.0000000e+00	   4.8600000e+00	   4.6700000e+00	   4.3500000e-01	   1.0000000e+00	   3.0000000e+00	   2.0000000e+00	   1.0000000e+00	   2.2640000e+03	
   1.0300000e+02	   3.0500000e+02	   1.1200000e+02	   3.0000000e+00	   1.0000000e+00	   4.8600000e+00	   4.9050000e+00	   2.9000000e-01	   1.0000000e+00	   2.0000000e+00	   3.0000000e+00	   2.0000000e+00	   8.1300000e+02	
   2.0100000e+02	   2.0700000e+02	   3.0700000e+02	   1.2000000e+01	   1.0000000e+00	   4.9650000e+00	   5.0000000e+00	   2.1400000e+00	   1.0000000e+00	   2.0000000e+00	   3.0000000e+00	   2.0000000e+00	   1.0200000e+03	
   1.1500000e+02	   2.1200000e+02	   2.0900000e+02	   6.0000000e+00	   5.0000000e+00	   4.6700000e+00	   3.4300000e+00	   2.0550000e+00	   3.0000000e+00	   2.0000000e+00	   1.0000000e+00	   3.0000000e+00	   1.1430000e+03	
   1.1400000e+02	   2.0500000e+02	   2.0300000e+02	   4.0000000e+00	   1.0000000e+00	   4.9100000e+00	   4.9050000e+00	   2.8800000e+00	   2.0000000e+00	   3.0000000e+00	   1.0000000e+00	   3.0000000e+00	   1.4470000e+03	
   1.0600000e+02	   1.1100000e+02	   2.1500000e+02	   7.0000000e+00	   3.0000000e+00	   4.1550000e+00	   3.7150000e+00	   3.0250000e+00	   3.0000000e+00	   2.0000000e+00	   1.0000000e+00	   3.0000000e+00	   1.1120000e+03	
   1.1500000e+02	   3.0500000e+02	   2.0600000e+02	   5.0000000e+00	   2.0000000e+00	   4.6700000e+00	   4.9050000e+00	   2.3000000e+00	   1.0000000e+00	   2.0000000e+00	   3.0000000e+00	   2.0000000e+00	   6.9500000e+02	
   2.0500000e+02	   2.0700000e+02	   3.0100000e+02	   8.0000000e+00	   1.0000000e+00	   4.9050000e+00	   5.0000000e+00	   6.0000000e-02	   1.0000000e+00	   3.0000000e+00	   2.0000000e+00	   1.0000000e+00	   8.3600000e+02	
   1.0300000e+02	   1.1100000e+02	   3.0800000e+02	   1.3000000e+01	   4.0000000e+00	   4.8600000e+00	   3.7150000e+00	   4.3500000e-01	   3.0000000e+00	   1.0000000e+00	   2.0000000e+00	   3.0000000e+00	   1.3610000e+03	
   1.0700000e+02	   1.1400000e+02	   2.0300000e+02	   4.0000000e+00	   2.0000000e+00	   4.5600000e+00	   4.9100000e+00	   2.8800000e+00	   1.0000000e+00	   2.0000000e+00	   3.0000000e+00	   1.0000000e+00	   1.3210000e+03	
   1.1500000e+02	   2.0100000e+02	   3.0300000e+02	   9.0000000e+00	   2.0000000e+00	   4.6700000e+00	   4.9650000e+00	   3.1350000e+00	   1.0000000e+00	   2.0000000e+00	   3.0000000e+00	   2.0000000e+00	   1.2200000e+03	
   1.1300000e+02	   2.0500000e+02	   2.0600000e+02	   5.0000000e+00	   5.0000000e+00	   3.4900000e+00	   4.9050000e+00	   2.3000000e+00	   3.0000000e+00	   1.0000000e+00	   2.0000000e+00	   1.0000000e+00	   9.1800000e+02	
   1.0400000e+02	   3.0500000e+02	   2.0900000e+02	   6.0000000e+00	   3.0000000e+00	   4.2850000e+00	   4.9050000e+00	   2.0550000e+00	   1.0000000e+00	   3.0000000e+00	   2.0000000e+00	   3.0000000e+00	   1.0880000e+03	
   1.0500000e+02	   2.0700000e+02	   3.0800000e+02	   1.3000000e+01	   2.0000000e+00	   4.7800000e+00	   5.0000000e+00	   4.3500000e-01	   2.0000000e+00	   1.0000000e+00	   3.0000000e+00	   1.0000000e+00	   1.0480000e+03	
   1.0600000e+02	   1.1500000e+02	   2.0600000e+02	   5.0000000e+00	   3.0000000e+00	   4.1550000e+00	   4.6700000e+00	   2.3000000e+00	   2.0000000e+00	   1.0000000e+00	   3.0000000e+00	   2.0000000e+00	   1.1750000e+03	
   2.0400000e+02	   2.0700000e+02	   2.0300000e+02	   4.0000000e+00	   4.0000000e+00	   4.2300000e+00	   5.0000000e+00	   2.8800000e+00	   3.0000000e+00	   1.0000000e+00	   2.0000000e+00	   1.0000000e+00	   6.9100000e+02	
   1.0700000e+02	   2.0400000e+02	   1.0100000e+02	   1.0000000e+00	   2.0000000e+00	   4.5600000e+00	   4.2300000e+00	   1.0000000e-01	   2.0000000e+00	   1.0000000e+00	   3.0000000e+00	   2.0000000e+00	   7.9600000e+02	
   1.0700000e+02	   1.1400000e+02	   2.1500000e+02	   7.0000000e+00	   2.0000000e+00	   4.5600000e+00	   4.9100000e+00	   3.0250000e+00	   2.0000000e+00	   1.0000000e+00	   3.0000000e+00	   2.0000000e+00	   1.0260000e+03	
   1.1500000e+02	   2.0700000e+02	   1.0100000e+02	   1.0000000e+00	   2.0000000e+00	   4.6700000e+00	   5.0000000e+00	   1.0000000e-01	   3.0000000e+00	   1.0000000e+00	   2.0000000e+00	   1.0000000e+00	   7.3100000e+02	
   1.0300000e+02	   3.0500000e+02	   3.0700000e+02	   1.2000000e+01	   1.0000000e+00	   4.8600000e+00	   4.9050000e+00	   2.1400000e+00	   3.0000000e+00	   1.0000000e+00	   2.0000000e+00	   1.0000000e+00	   8.9300000e+02	
   2.1200000e+02	   3.0500000e+02	   3.0100000e+02	   8.0000000e+00	   5.0000000e+00	   3.4300000e+00	   4.9050000e+00	   6.0000000e-02	   3.0000000e+00	   1.0000000e+00	   2.0000000e+00	   1.0000000e+00	   9.2400000e+02	
   1.0300000e+02	   3.0500000e+02	   2.0600000e+02	   5.0000000e+00	   1.0000000e+00	   4.8600000e+00	   4.9050000e+00	   2.3000000e+00	   3.0000000e+00	   1.0000000e+00	   2.0000000e+00	   1.0000000e+00	   8.4900000e+02	
   1.0700000e+02	   2.1200000e+02	   3.0700000e+02	   1.2000000e+01	   4.0000000e+00	   4.5600000e+00	   3.4300000e+00	   2.1400000e+00	   2.0000000e+00	   3.0000000e+00	   1.0000000e+00	   2.0000000e+00	   1.0410000e+03	
   1.1100000e+02	   2.0400000e+02	   3.0300000e+02	   9.0000000e+00	   3.0000000e+00	   3.7150000e+00	   4.2300000e+00	   3.1350000e+00	   1.0000000e+00	   2.0000000e+00	   3.0000000e+00	   2.0000000e+00	   1.2760000e+03	
   1.0400000e+02	   3.0500000e+02	   3.0400000e+02	   1.0000000e+01	   3.0000000e+00	   4.2850000e+00	   4.9050000e+00	   2.6950000e+00	   1.0000000e+00	   2.0000000e+00	   3.0000000e+00	   2.0000000e+00	   9.4200000e+02	
   2.0500000e+02	   3.0500000e+02	   3.0100000e+02	   8.0000000e+00	   1.0000000e+00	   4.9050000e+00	   4.9050000e+00	   6.0000000e-02	   3.0000000e+00	   1.0000000e+00	   2.0000000e+00	   1.0000000e+00	   7.0100000e+02	
   2.0700000e+02	   3.0500000e+02	   3.0900000e+02	   1.4000000e+01	   1.0000000e+00	   5.0000000e+00	   4.9050000e+00	   1.8650000e+00	   2.0000000e+00	   3.0000000e+00	   1.0000000e+00	   2.0000000e+00	   6.9100000e+02	
   1.0600000e+02	   2.1200000e+02	   3.0400000e+02	   1.0000000e+01	   4.0000000e+00	   4.1550000e+00	   3.4300000e+00	   2.6950000e+00	   3.0000000e+00	   2.0000000e+00	   1.0000000e+00	   3.0000000e+00	   1.0770000e+03	
   1.1100000e+02	   3.0500000e+02	   2.1500000e+02	   7.0000000e+00	   5.0000000e+00	   3.7150000e+00	   4.9050000e+00	   3.0250000e+00	   1.0000000e+00	   2.0000000e+00	   3.0000000e+00	   2.0000000e+00	   6.4700000e+02	
   1.0300000e+02	   1.0600000e+02	   1.0100000e+02	   1.0000000e+00	   4.0000000e+00	   4.8600000e+00	   4.1550000e+00	   1.0000000e-01	   3.0000000e+00	   2.0000000e+00	   1.0000000e+00	   2.0000000e+00	   9.2900000e+02	
   1.0700000e+02	   3.0500000e+02	   3.1400000e+02	   1.5000000e+01	   2.0000000e+00	   4.5600000e+00	   4.9050000e+00	   2.4150000e+00	   3.0000000e+00	   2.0000000e+00	   1.0000000e+00	   2.0000000e+00	   6.1800000e+02	
   1.0700000e+02	   1.1300000e+02	   3.0900000e+02	   1.4000000e+01	   4.0000000e+00	   4.5600000e+00	   3.4900000e+00	   1.8650000e+00	   2.0000000e+00	   1.0000000e+00	   3.0000000e+00	   2.0000000e+00	   9.0600000e+02	
   1.1300000e+02	   2.0400000e+02	   3.0300000e+02	   9.0000000e+00	   4.0000000e+00	   3.4900000e+00	   4.2300000e+00	   3.1350000e+00	   2.0000000e+00	   3.0000000e+00	   1.0000000e+00	   1.0000000e+00	   2.6250000e+03	
   1.0500000e+02	   2.0100000e+02	   2.1500000e+02	   7.0000000e+00	   2.0000000e+00	   4.7800000e+00	   4.9650000e+00	   3.0250000e+00	   1.0000000e+00	   3.0000000e+00	   2.0000000e+00	   3.0000000e+00	   1.8290000e+03	
   1.0500000e+02	   1.0600000e+02	   2.0900000e+02	   6.0000000e+00	   3.0000000e+00	   4.7800000e+00	   4.1550000e+00	   2.0550000e+00	   2.0000000e+00	   3.0000000e+00	   1.0000000e+00	   2.0000000e+00	   1.6160000e+03	
   1.0300000e+02	   1.0500000e+02	   1.0200000e+02	   2.0000000e+00	   1.0000000e+00	   4.8600000e+00	   4.7800000e+00	   1.5950000e+00	   1.0000000e+00	   3.0000000e+00	   2.0000000e+00	   3.0000000e+00	   8.0400000e+02	
   2.0100000e+02	   2.0400000e+02	   3.0300000e+02	   9.0000000e+00	   4.0000000e+00	   4.9650000e+00	   4.2300000e+00	   3.1350000e+00	   1.0000000e+00	   3.0000000e+00	   2.0000000e+00	   1.0000000e+00	   1.2090000e+03	
   1.0500000e+02	   2.0500000e+02	   3.0900000e+02	   1.4000000e+01	   2.0000000e+00	   4.7800000e+00	   4.9050000e+00	   1.8650000e+00	   1.0000000e+00	   3.0000000e+00	   2.0000000e+00	   3.0000000e+00	   1.2870000e+03	
   1.1100000e+02	   1.1400000e+02	   3.0800000e+02	   1.3000000e+01	   5.0000000e+00	   3.7150000e+00	   4.9100000e+00	   4.3500000e-01	   1.0000000e+00	   2.0000000e+00	   3.0000000e+00	   2.0000000e+00	   1.4490000e+03	
   1.0700000e+02	   1.1100000e+02	   2.1500000e+02	   7.0000000e+00	   4.0000000e+00	   4.5600000e+00	   3.7150000e+00	   3.0250000e+00	   3.0000000e+00	   1.0000000e+00	   2.0000000e+00	   3.0000000e+00	   1.0290000e+03	
   1.0500000e+02	   2.0400000e+02	   3.0800000e+02	   1.3000000e+01	   3.0000000e+00	   4.7800000e+00	   4.2300000e+00	   4.3500000e-01	   3.0000000e+00	   1.0000000e+00	   2.0000000e+00	   3.0000000e+00	   8.6500000e+02	
   1.0600000e+02	   1.0700000e+02	   3.1400000e+02	   1.5000000e+01	   3.0000000e+00	   4.1550000e+00	   4.5600000e+00	   2.4150000e+00	   3.0000000e+00	   1.0000000e+00	   2.0000000e+00	   3.0000000e+00	   1.3690000e+03	
   1.1400000e+02	   2.1200000e+02	   2.1500000e+02	   7.0000000e+00	   5.0000000e+00	   4.9100000e+00	   3.4300000e+00	   3.0250000e+00	   3.0000000e+00	   1.0000000e+00	   2.0000000e+00	   3.0000000e+00	   1.1660000e+03	
   1.0600000e+02	   1.0700000e+02	   1.1200000e+02	   3.0000000e+00	   3.0000000e+00	   4.1550000e+00	   4.5600000e+00	   2.9000000e-01	   3.0000000e+00	   1.0000000e+00	   2.0000000e+00	   1.0000000e+00	   1.0660000e+03	
   1.1300000e+02	   2.0100000e+02	   3.0600000e+02	   1.1000000e+01	   5.0000000e+00	   3.4900000e+00	   4.9650000e+00	   1.8000000e-01	   3.0000000e+00	   2.0000000e+00	   1.0000000e+00	   2.0000000e+00	   1.2050000e+03	
   1.0300000e+02	   1.0600000e+02	   3.0100000e+02	   8.0000000e+00	   4.0000000e+00	   4.8600000e+00	   4.1550000e+00	   6.0000000e-02	   1.0000000e+00	   3.0000000e+00	   2.0000000e+00	   1.0000000e+00	   1.5400000e+03	
   1.0500000e+02	   2.0400000e+02	   3.0700000e+02	   1.2000000e+01	   3.0000000e+00	   4.7800000e+00	   4.2300000e+00	   2.1400000e+00	   1.0000000e+00	   2.0000000e+00	   3.0000000e+00	   1.0000000e+00	   8.3400000e+02	
   1.0400000e+02	   3.0500000e+02	   2.1500000e+02	   7.0000000e+00	   3.0000000e+00	   4.2850000e+00	   4.9050000e+00	   3.0250000e+00	   3.0000000e+00	   1.0000000e+00	   2.0000000e+00	   1.0000000e+00	   1.1400000e+03	
   1.1500000e+02	   2.0500000e+02	   3.0700000e+02	   1.2000000e+01	   2.0000000e+00	   4.6700000e+00	   4.9050000e+00	   2.1400000e+00	   2.0000000e+00	   3.0000000e+00	   1.0000000e+00	   3.0000000e+00	   1.6870000e+03	
   1.0300000e+02	   2.0500000e+02	   1.1200000e+02	   3.0000000e+00	   1.0000000e+00	   4.8600000e+00	   4.9050000e+00	   2.9000000e-01	   2.0000000e+00	   1.0000000e+00	   3.0000000e+00	   1.0000000e+00	   1.2300000e+03	
   1.0700000e+02	   2.0500000e+02	   2.0900000e+02	   6.0000000e+00	   2.0000000e+00	   4.5600000e+00	   4.9050000e+00	   2.0550000e+00	   2.0000000e+00	   1.0000000e+00	   3.0000000e+00	   1.0000000e+00	   8.6900000e+02	
   1.0700000e+02	   1.1500000e+02	   1.0200000e+02	   2.0000000e+00	   1.0000000e+00	   4.5600000e+00	   4.6700000e+00	   1.5950000e+00	   1.0000000e+00	   2.0000000e+00	   3.0000000e+00	   1.0000000e+00	   1.6570000e+03	
   1.1100000e+02	   1.1400000e+02	   3.0300000e+02	   9.0000000e+00	   5.0000000e+00	   3.7150000e+00	   4.9100000e+00	   3.1350000e+00	   3.0000000e+00	   2.0000000e+00	   1.0000000e+00	   2.0000000e+00	   1.2450000e+03	
   2.0400000e+02	   2.1200000e+02	   3.0900000e+02	   1.4000000e+01	   4.0000000e+00	   4.2300000e+00	   3.4300000e+00	   1.8650000e+00	   1.0000000e+00	   3.0000000e+00	   2.0000000e+00	   1.0000000e+00	   1.8440000e+03	
   1.0400000e+02	   1.0500000e+02	   3.0900000e+02	   1.4000000e+01	   3.0000000e+00	   4.2850000e+00	   4.7800000e+00	   1.8650000e+00	   2.0000000e+00	   1.0000000e+00	   3.0000000e+00	   1.0000000e+00	   1.2040000e+03	
   2.0100000e+02	   2.0700000e+02	   2.0600000e+02	   5.0000000e+00	   1.0000000e+00	   4.9650000e+00	   5.0000000e+00	   2.3000000e+00	   2.0000000e+00	   3.0000000e+00	   1.0000000e+00	   3.0000000e+00	   1.2640000e+03	
   1.0300000e+02	   3.0500000e+02	   3.0300000e+02	   9.0000000e+00	   1.0000000e+00	   4.8600000e+00	   4.9050000e+00	   3.1350000e+00	   1.0000000e+00	   3.0000000e+00	   2.0000000e+00	   1.0000000e+00	   1.2670000e+03	
   1.1100000e+02	   1.1300000e+02	   3.0400000e+02	   1.0000000e+01	   2.0000000e+00	   3.7150000e+00	   3.4900000e+00	   2.6950000e+00	   1.0000000e+00	   2.0000000e+00	   3.0000000e+00	   3.0000000e+00	   1.9060000e+03	
   1.0400000e+02	   1.1100000e+02	   3.0100000e+02	   8.0000000e+00	   3.0000000e+00	   4.2850000e+00	   3.7150000e+00	   6.0000000e-02	   3.0000000e+00	   1.0000000e+00	   2.0000000e+00	   3.0000000e+00	   2.7170000e+03	
   1.0600000e+02	   2.0100000e+02	   2.0600000e+02	   5.0000000e+00	   4.0000000e+00	   4.1550000e+00	   4.9650000e+00	   2.3000000e+00	   2.0000000e+00	   1.0000000e+00	   3.0000000e+00	   1.0000000e+00	   1.0470000e+03	
   2.0500000e+02	   2.0700000e+02	   2.0300000e+02	   4.0000000e+00	   1.0000000e+00	   4.9050000e+00	   5.0000000e+00	   2.8800000e+00	   3.0000000e+00	   1.0000000e+00	   2.0000000e+00	   1.0000000e+00	   9.4700000e+02	
   1.0400000e+02	   2.0700000e+02	   3.0100000e+02	   8.0000000e+00	   4.0000000e+00	   4.2850000e+00	   5.0000000e+00	   6.0000000e-02	   1.0000000e+00	   2.0000000e+00	   3.0000000e+00	   2.0000000e+00	   7.9200000e+02	
   1.1300000e+02	   1.1500000e+02	   2.0900000e+02	   6.0000000e+00	   5.0000000e+00	   3.4900000e+00	   4.6700000e+00	   2.0550000e+00	   3.0000000e+00	   1.0000000e+00	   2.0000000e+00	   1.0000000e+00	   1.0460000e+03	
   2.0100000e+02	   2.0500000e+02	   2.1500000e+02	   7.0000000e+00	   1.0000000e+00	   4.9650000e+00	   4.9050000e+00	   3.0250000e+00	   2.0000000e+00	   1.0000000e+00	   3.0000000e+00	   2.0000000e+00	   2.8470000e+03	
   1.1400000e+02	   2.0700000e+02	   2.0900000e+02	   6.0000000e+00	   1.0000000e+00	   4.9100000e+00	   5.0000000e+00	   2.0550000e+00	   3.0000000e+00	   2.0000000e+00	   1.0000000e+00	   2.0000000e+00	   9.3000000e+02	
   1.0600000e+02	   2.0500000e+02	   2.0600000e+02	   5.0000000e+00	   4.0000000e+00	   4.1550000e+00	   4.9050000e+00	   2.3000000e+00	   2.0000000e+00	   1.0000000e+00	   3.0000000e+00	   1.0000000e+00	   2.6030000e+03	
   1.0600000e+02	   1.1400000e+02	   1.0100000e+02	   1.0000000e+00	   4.0000000e+00	   4.1550000e+00	   4.9100000e+00	   1.0000000e-01	   2.0000000e+00	   3.0000000e+00	   1.0000000e+00	   2.0000000e+00	   7.9300000e+02	
   1.0400000e+02	   1.1400000e+02	   1.0100000e+02	   1.0000000e+00	   3.0000000e+00	   4.2850000e+00	   4.9100000e+00	   1.0000000e-01	   3.0000000e+00	   2.0000000e+00	   1.0000000e+00	   3.0000000e+00	   1.3770000e+03	
   1.0700000e+02	   3.0500000e+02	   2.0600000e+02	   5.0000000e+00	   2.0000000e+00	   4.5600000e+00	   4.9050000e+00	   2.3000000e+00	   1.0000000e+00	   3.0000000e+00	   2.0000000e+00	   1.0000000e+00	   7.6400000e+02	
   2.0100000e+02	   2.0700000e+02	   3.0100000e+02	   8.0000000e+00	   1.0000000e+00	   4.9650000e+00	   5.0000000e+00	   6.0000000e-02	   1.0000000e+00	   2.0000000e+00	   3.0000000e+00	   2.0000000e+00	   7.0000000e+02	
   1.0400000e+02	   1.1400000e+02	   3.1400000e+02	   1.5000000e+01	   3.0000000e+00	   4.2850000e+00	   4.9100000e+00	   2.4150000e+00	   3.0000000e+00	   2.0000000e+00	   1.0000000e+00	   2.0000000e+00	   1.3680000e+03	
   1.0600000e+02	   3.0500000e+02	   3.0400000e+02	   1.0000000e+01	   4.0000000e+00	   4.1550000e+00	   4.9050000e+00	   2.6950000e+00	   1.0000000e+00	   3.0000000e+00	   2.0000000e+00	   3.0000000e+00	   1.0520000e+03	
   2.0100000e+02	   2.0400000e+02	   1.1200000e+02	   3.0000000e+00	   4.0000000e+00	   4.9650000e+00	   4.2300000e+00	   2.9000000e-01	   3.0000000e+00	   1.0000000e+00	   2.0000000e+00	   3.0000000e+00	   9.9700000e+02	
   1.1100000e+02	   2.0100000e+02	   3.0900000e+02	   1.4000000e+01	   5.0000000e+00	   3.7150000e+00	   4.9650000e+00	   1.8650000e+00	   3.0000000e+00	   1.0000000e+00	   2.0000000e+00	   1.0000000e+00	   6.9300000e+02	
   1.0300000e+02	   2.1200000e+02	   3.0400000e+02	   1.0000000e+01	   5.0000000e+00	   4.8600000e+00	   3.4300000e+00	   2.6950000e+00	   1.0000000e+00	   2.0000000e+00	   3.0000000e+00	   1.0000000e+00	   8.2000000e+02	
   1.0400000e+02	   2.1200000e+02	   3.1400000e+02	   1.5000000e+01	   4.0000000e+00	   4.2850000e+00	   3.4300000e+00	   2.4150000e+00	   3.0000000e+00	   2.0000000e+00	   1.0000000e+00	   3.0000000e+00	   1.0970000e+03	
   1.1300000e+02	   2.0400000e+02	   3.1400000e+02	   1.5000000e+01	   4.0000000e+00	   3.4900000e+00	   4.2300000e+00	   2.4150000e+00	   1.0000000e+00	   2.0000000e+00	   3.0000000e+00	   2.0000000e+00	   1.1590000e+03	
   1.1100000e+02	   2.0500000e+02	   1.1200000e+02	   3.0000000e+00	   5.0000000e+00	   3.7150000e+00	   4.9050000e+00	   2.9000000e-01	   1.0000000e+00	   3.0000000e+00	   2.0000000e+00	   3.0000000e+00	   7.1000000e+02	
   1.1300000e+02	   2.0100000e+02	   3.0400000e+02	   1.0000000e+01	   5.0000000e+00	   3.4900000e+00	   4.9650000e+00	   2.6950000e+00	   1.0000000e+00	   3.0000000e+00	   2.0000000e+00	   3.0000000e+00	   1.1250000e+03	
   1.0600000e+02	   3.0500000e+02	   3.0600000e+02	   1.1000000e+01	   4.0000000e+00	   4.1550000e+00	   4.9050000e+00	   1.8000000e-01	   1.0000000e+00	   3.0000000e+00	   2.0000000e+00	   3.0000000e+00	   1.2790000e+03	
   1.1400000e+02	   2.0400000e+02	   2.0300000e+02	   4.0000000e+00	   4.0000000e+00	   4.9100000e+00	   4.2300000e+00	   2.8800000e+00	   3.0000000e+00	   2.0000000e+00	   1.0000000e+00	   3.0000000e+00	   1.1020000e+03	
   1.0500000e+02	   2.1200000e+02	   1.0200000e+02	   2.0000000e+00	   5.0000000e+00	   4.7800000e+00	   3.4300000e+00	   1.5950000e+00	   2.0000000e+00	   3.0000000e+00	   1.0000000e+00	   2.0000000e+00	   8.7100000e+02	
   2.0400000e+02	   2.1200000e+02	   1.1200000e+02	   3.0000000e+00	   4.0000000e+00	   4.2300000e+00	   3.4300000e+00	   2.9000000e-01	   2.0000000e+00	   3.0000000e+00	   1.0000000e+00	   2.0000000e+00	   1.1100000e+03	
   1.0600000e+02	   1.1100000e+02	   3.0600000e+02	   1.1000000e+01	   3.0000000e+00	   4.1550000e+00	   3.7150000e+00	   1.8000000e-01	   1.0000000e+00	   3.0000000e+00	   2.0000000e+00	   1.0000000e+00	   9.6900000e+02	
   2.0400000e+02	   2.0500000e+02	   3.0600000e+02	   1.1000000e+01	   3.0000000e+00	   4.2300000e+00	   4.9050000e+00	   1.8000000e-01	   2.0000000e+00	   3.0000000e+00	   1.0000000e+00	   3.0000000e+00	   6.6000000e+02	
   1.0700000e+02	   1.1400000e+02	   1.0200000e+02	   2.0000000e+00	   2.0000000e+00	   4.5600000e+00	   4.9100000e+00	   1.5950000e+00	   2.0000000e+00	   3.0000000e+00	   1.0000000e+00	   3.0000000e+00	   6.4400000e+02	
   1.0300000e+02	   2.0100000e+02	   3.1400000e+02	   1.5000000e+01	   1.0000000e+00	   4.8600000e+00	   4.9650000e+00	   2.4150000e+00	   3.0000000e+00	   2.0000000e+00	   1.0000000e+00	   2.0000000e+00	   9.1900000e+02	
   1.0300000e+02	   2.0500000e+02	   3.0700000e+02	   1.2000000e+01	   1.0000000e+00	   4.8600000e+00	   4.9050000e+00	   2.1400000e+00	   3.0000000e+00	   1.0000000e+00	   2.0000000e+00	   1.0000000e+00	   1.1180000e+03	
   1.0500000e+02	   2.0500000e+02	   3.0800000e+02	   1.3000000e+01	   2.0000000e+00	   4.7800000e+00	   4.9050000e+00	   4.3500000e-01	   1.0000000e+00	   2.0000000e+00	   3.0000000e+00	   2.0000000e+00	   8.9500000e+02	
   1.1400000e+02	   2.1200000e+02	   3.0700000e+02	   1.2000000e+01	   5.0000000e+00	   4.9100000e+00	   3.4300000e+00	   2.1400000e+00	   2.0000000e+00	   1.0000000e+00	   3.0000000e+00	   2.0000000e+00	   9.7100000e+02	
   1.0600000e+02	   3.0500000e+02	   1.0200000e+02	   2.0000000e+00	   4.0000000e+00	   4.1550000e+00	   4.9050000e+00	   1.5950000e+00	   2.0000000e+00	   3.0000000e+00	   1.0000000e+00	   2.0000000e+00	   8.1900000e+02	
   2.0700000e+02	   2.1200000e+02	   3.0900000e+02	   1.4000000e+01	   5.0000000e+00	   5.0000000e+00	   3.4300000e+00	   1.8650000e+00	   1.0000000e+00	   3.0000000e+00	   2.0000000e+00	   1.0000000e+00	   9.4100000e+02	
   1.0500000e+02	   2.0500000e+02	   3.0100000e+02	   8.0000000e+00	   2.0000000e+00	   4.7800000e+00	   4.9050000e+00	   6.0000000e-02	   1.0000000e+00	   3.0000000e+00	   2.0000000e+00	   1.0000000e+00	   1.5210000e+03	
   2.0400000e+02	   2.1200000e+02	   3.0700000e+02	   1.2000000e+01	   4.0000000e+00	   4.2300000e+00	   3.4300000e+00	   2.1400000e+00	   2.0000000e+00	   1.0000000e+00	   3.0000000e+00	   2.0000000e+00	   1.4000000e+03	
   1.0500000e+02	   2.1200000e+02	   3.0600000e+02	   1.1000000e+01	   5.0000000e+00	   4.7800000e+00	   3.4300000e+00	   1.8000000e-01	   1.0000000e+00	   2.0000000e+00	   3.0000000e+00	   1.0000000e+00	   1.0210000e+03	
   1.1300000e+02	   2.0400000e+02	   3.0600000e+02	   1.1000000e+01	   4.0000000e+00	   3.4900000e+00	   4.2300000e+00	   1.8000000e-01	   1.0000000e+00	   2.0000000e+00	   3.0000000e+00	   2.0000000e+00	   1.0690000e+03	
   1.1400000e+02	   2.0100000e+02	   3.0400000e+02	   1.0000000e+01	   1.0000000e+00	   4.9100000e+00	   4.9650000e+00	   2.6950000e+00	   3.0000000e+00	   1.0000000e+00	   2.0000000e+00	   1.0000000e+00	   1.1630000e+03	
   1.1500000e+02	   2.0700000e+02	   3.0900000e+02	   1.4000000e+01	   2.0000000e+00	   4.6700000e+00	   5.0000000e+00	   1.8650000e+00	   1.0000000e+00	   2.0000000e+00	   3.0000000e+00	   2.0000000e+00	   7.3800000e+02	
   1.1500000e+02	   2.0400000e+02	   1.0100000e+02	   1.0000000e+00	   3.0000000e+00	   4.6700000e+00	   4.2300000e+00	   1.0000000e-01	   2.0000000e+00	   3.0000000e+00	   1.0000000e+00	   2.0000000e+00	   9.1100000e+02	
   1.1500000e+02	   2.0500000e+02	   3.0100000e+02	   8.0000000e+00	   2.0000000e+00	   4.6700000e+00	   4.9050000e+00	   6.0000000e-02	   1.0000000e+00	   3.0000000e+00	   2.0000000e+00	   3.0000000e+00	   1.0820000e+03	
   1.0300000e+02	   1.1300000e+02	   3.0700000e+02	   1.2000000e+01	   5.0000000e+00	   4.8600000e+00	   3.4900000e+00	   2.1400000e+00	   2.0000000e+00	   3.0000000e+00	   1.0000000e+00	   2.0000000e+00	   9.0200000e+02	
   1.0300000e+02	   3.0500000e+02	   3.0600000e+02	   1.1000000e+01	   1.0000000e+00	   4.8600000e+00	   4.9050000e+00	   1.8000000e-01	   3.0000000e+00	   2.0000000e+00	   1.0000000e+00	   2.0000000e+00	   8.0800000e+02	
   1.0500000e+02	   1.1300000e+02	   2.0300000e+02	   4.0000000e+00	   5.0000000e+00	   4.7800000e+00	   3.4900000e+00	   2.8800000e+00	   2.0000000e+00	   3.0000000e+00	   1.0000000e+00	   2.0000000e+00	   8.9800000e+02	
   1.1100000e+02	   2.1200000e+02	   1.1200000e+02	   3.0000000e+00	   2.0000000e+00	   3.7150000e+00	   3.4300000e+00	   2.9000000e-01	   2.0000000e+00	   3.0000000e+00	   1.0000000e+00	   2.0000000e+00	   1.4120000e+03	
   1.0300000e+02	   1.0400000e+02	   3.1400000e+02	   1.5000000e+01	   3.0000000e+00	   4.8600000e+00	   4.2850000e+00	   2.4150000e+00	   2.0000000e+00	   3.0000000e+00	   1.0000000e+00	   2.0000000e+00	   6.8200000e+02	
   1.0500000e+02	   2.0700000e+02	   1.1200000e+02	   3.0000000e+00	   2.0000000e+00	   4.7800000e+00	   5.0000000e+00	   2.9000000e-01	   2.0000000e+00	   3.0000000e+00	   1.0000000e+00	   2.0000000e+00	   8.3500000e+02	
   1.1500000e+02	   2.1200000e+02	   1.0100000e+02	   1.0000000e+00	   5.0000000e+00	   4.6700000e+00	   3.4300000e+00	   1.0000000e-01	   1.0000000e+00	   2.0000000e+00	   3.0000000e+00	   1.0000000e+00	   1.0110000e+03	
   1.1100000e+02	   1.1400000e+02	   2.1500000e+02	   7.0000000e+00	   5.0000000e+00	   3.7150000e+00	   4.9100000e+00	   3.0250000e+00	   3.0000000e+00	   2.0000000e+00	   1.0000000e+00	   2.0000000e+00	   7.5100000e+02	
   1.1300000e+02	   2.0500000e+02	   1.1200000e+02	   3.0000000e+00	   5.0000000e+00	   3.4900000e+00	   4.9050000e+00	   2.9000000e-01	   1.0000000e+00	   2.0000000e+00	   3.0000000e+00	   2.0000000e+00	   9.7100000e+02	
   2.0100000e+02	   2.0700000e+02	   3.0300000e+02	   9.0000000e+00	   1.0000000e+00	   4.9650000e+00	   5.0000000e+00	   3.1350000e+00	   1.0000000e+00	   3.0000000e+00	   2.0000000e+00	   3.0000000e+00	   7.4100000e+02	
   1.0400000e+02	   2.0100000e+02	   2.0300000e+02	   4.0000000e+00	   3.0000000e+00	   4.2850000e+00	   4.9650000e+00	   2.8800000e+00	   1.0000000e+00	   2.0000000e+00	   3.0000000e+00	   2.0000000e+00	   1.0340000e+03	
   1.1100000e+02	   3.0500000e+02	   2.0300000e+02	   4.0000000e+00	   5.0000000e+00	   3.7150000e+00	   4.9050000e+00	   2.8800000e+00	   3.0000000e+00	   1.0000000e+00	   2.0000000e+00	   1.0000000e+00	   8.7100000e+02	
   1.0500000e+02	   2.0400000e+02	   2.1500000e+02	   7.0000000e+00	   3.0000000e+00	   4.7800000e+00	   4.2300000e+00	   3.0250000e+00	   2.0000000e+00	   1.0000000e+00	   3.0000000e+00	   2.0000000e+00	   9.5200000e+02	
   1.0500000e+02	   3.0500000e+02	   2.0600000e+02	   5.0000000e+00	   1.0000000e+00	   4.7800000e+00	   4.9050000e+00	   2.3000000e+00	   2.0000000e+00	   1.0000000e+00	   3.0000000e+00	   1.0000000e+00	   9.1400000e+02	
   1.0600000e+02	   1.1100000e+02	   3.0400000e+02	   1.0000000e+01	   3.0000000e+00	   4.1550000e+00	   3.7150000e+00	   2.6950000e+00	   1.0000000e+00	   3.0000000e+00	   2.0000000e+00	   1.0000000e+00	   8.7200000e+02	
   1.0300000e+02	   2.0500000e+02	   1.0100000e+02	   1.0000000e+00	   1.0000000e+00	   4.8600000e+00	   4.9050000e+00	   1.0000000e-01	   3.0000000e+00	   2.0000000e+00	   1.0000000e+00	   2.0000000e+00	   8.1500000e+02	
   1.1500000e+02	   2.0400000e+02	   3.0900000e+02	   1.4000000e+01	   3.0000000e+00	   4.6700000e+00	   4.2300000e+00	   1.8650000e+00	   2.0000000e+00	   1.0000000e+00	   3.0000000e+00	   2.0000000e+00	   8.2500000e+02	
   1.0400000e+02	   1.1400000e+02	   1.0200000e+02	   2.0000000e+00	   3.0000000e+00	   4.2850000e+00	   4.9100000e+00	   1.5950000e+00	   1.0000000e+00	   2.0000000e+00	   3.0000000e+00	   2.0000000e+00	   8.2700000e+02	
   1.0300000e+02	   1.0700000e+02	   2.0300000e+02	   4.0000000e+00	   2.0000000e+00	   4.8600000e+00	   4.5600000e+00	   2.8800000e+00	   2.0000000e+00	   1.0000000e+00	   3.0000000e+00	   2.0000000e+00	   1.2780000e+03	
   1.0300000e+02	   1.1500000e+02	   2.1500000e+02	   7.0000000e+00	   2.0000000e+00	   4.8600000e+00	   4.6700000e+00	   3.0250000e+00	   1.0000000e+00	   2.0000000e+00	   3.0000000e+00	   2.0000000e+00	   1.8540000e+03	
   1.0600000e+02	   1.1400000e+02	   1.0200000e+02	   2.0000000e+00	   4.0000000e+00	   4.1550000e+00	   4.9100000e+00	   1.5950000e+00	   2.0000000e+00	   1.0000000e+00	   3.0000000e+00	   2.0000000e+00	   1.1140000e+03	
   1.0700000e+02	   2.0700000e+02	   2.0300000e+02	   4.0000000e+00	   3.0000000e+00	   4.5600000e+00	   5.0000000e+00	   2.8800000e+00	   1.0000000e+00	   3.0000000e+00	   2.0000000e+00	   3.0000000e+00	   8.0800000e+02	
   1.0500000e+02	   2.0500000e+02	   1.0100000e+02	   1.0000000e+00	   2.0000000e+00	   4.7800000e+00	   4.9050000e+00	   1.0000000e-01	   3.0000000e+00	   1.0000000e+00	   2.0000000e+00	   1.0000000e+00	   7.4900000e+02	
   1.0500000e+02	   2.0400000e+02	   3.0600000e+02	   1.1000000e+01	   3.0000000e+00	   4.7800000e+00	   4.2300000e+00	   1.8000000e-01	   3.0000000e+00	   1.0000000e+00	   2.0000000e+00	   3.0000000e+00	   7.1000000e+02	
   2.0100000e+02	   2.1200000e+02	   1.0200000e+02	   2.0000000e+00	   5.0000000e+00	   4.9650000e+00	   3.4300000e+00	   1.5950000e+00	   2.0000000e+00	   1.0000000e+00	   3.0000000e+00	   2.0000000e+00	   9.9100000e+02	
   1.0600000e+02	   3.0500000e+02	   3.0700000e+02	   1.2000000e+01	   4.0000000e+00	   4.1550000e+00	   4.9050000e+00	   2.1400000e+00	   3.0000000e+00	   2.0000000e+00	   1.0000000e+00	   2.0000000e+00	   1.1140000e+03	
   1.1500000e+02	   2.1200000e+02	   2.1500000e+02	   7.0000000e+00	   5.0000000e+00	   4.6700000e+00	   3.4300000e+00	   3.0250000e+00	   2.0000000e+00	   3.0000000e+00	   1.0000000e+00	   2.0000000e+00	   7.7800000e+02	
   1.0300000e+02	   2.1200000e+02	   1.0100000e+02	   1.0000000e+00	   5.0000000e+00	   4.8600000e+00	   3.4300000e+00	   1.0000000e-01	   1.0000000e+00	   3.0000000e+00	   2.0000000e+00	   1.0000000e+00	   1.5660000e+03	
   1.1300000e+02	   1.1500000e+02	   3.0800000e+02	   1.3000000e+01	   5.0000000e+00	   3.4900000e+00	   4.6700000e+00	   4.3500000e-01	   2.0000000e+00	   3.0000000e+00	   1.0000000e+00	   3.0000000e+00	   1.0180000e+03	
   2.0400000e+02	   3.0500000e+02	   1.0200000e+02	   2.0000000e+00	   3.0000000e+00	   4.2300000e+00	   4.9050000e+00	   1.5950000e+00	   2.0000000e+00	   1.0000000e+00	   3.0000000e+00	   1.0000000e+00	   8.0600000e+02	
   1.1500000e+02	   2.1200000e+02	   3.0600000e+02	   1.1000000e+01	   5.0000000e+00	   4.6700000e+00	   3.4300000e+00	   1.8000000e-01	   1.0000000e+00	   2.0000000e+00	   3.0000000e+00	   1.0000000e+00	   9.3000000e+02	
   2.0400000e+02	   3.0500000e+02	   3.0100000e+02	   8.0000000e+00	   3.0000000e+00	   4.2300000e+00	   4.9050000e+00	   6.0000000e-02	   1.0000000e+00	   3.0000000e+00	   2.0000000e+00	   3.0000000e+00	   7.2800000e+02	
   1.0700000e+02	   1.1100000e+02	   1.0200000e+02	   2.0000000e+00	   4.0000000e+00	   4.5600000e+00	   3.7150000e+00	   1.5950000e+00	   2.0000000e+00	   1.0000000e+00	   3.0000000e+00	   2.0000000e+00	   8.6400000e+02	
   1.1400000e+02	   1.1500000e+02	   3.0800000e+02	   1.3000000e+01	   2.0000000e+00	   4.9100000e+00	   4.6700000e+00	   4.3500000e-01	   3.0000000e+00	   1.0000000e+00	   2.0000000e+00	   1.0000000e+00	   1.6530000e+03	
   1.1100000e+02	   2.0700000e+02	   1.0100000e+02	   1.0000000e+00	   5.0000000e+00	   3.7150000e+00	   5.0000000e+00	   1.0000000e-01	   3.0000000e+00	   1.0000000e+00	   2.0000000e+00	   1.0000000e+00	   7.9400000e+02	
   1.0300000e+02	   1.0400000e+02	   3.0300000e+02	   9.0000000e+00	   3.0000000e+00	   4.8600000e+00	   4.2850000e+00	   3.1350000e+00	   2.0000000e+00	   1.0000000e+00	   3.0000000e+00	   2.0000000e+00	   9.7400000e+02	
   1.0500000e+02	   2.0700000e+02	   3.0600000e+02	   1.1000000e+01	   2.0000000e+00	   4.7800000e+00	   5.0000000e+00	   1.8000000e-01	   2.0000000e+00	   3.0000000e+00	   1.0000000e+00	   3.0000000e+00	   8.6900000e+02	
   1.0300000e+02	   2.1200000e+02	   3.0800000e+02	   1.3000000e+01	   5.0000000e+00	   4.8600000e+00	   3.4300000e+00	   4.3500000e-01	   2.0000000e+00	   1.0000000e+00	   3.0000000e+00	   2.0000000e+00	   8.9200000e+02	
   2.0400000e+02	   2.0500000e+02	   1.0100000e+02	   1.0000000e+00	   3.0000000e+00	   4.2300000e+00	   4.9050000e+00	   1.0000000e-01	   2.0000000e+00	   1.0000000e+00	   3.0000000e+00	   1.0000000e+00	   8.1300000e+02	
   1.0300000e+02	   2.0100000e+02	   3.0300000e+02	   9.0000000e+00	   1.0000000e+00	   4.8600000e+00	   4.9650000e+00	   3.1350000e+00	   2.0000000e+00	   1.0000000e+00	   3.0000000e+00	   2.0000000e+00	   7.7200000e+02	
   1.0400000e+02	   1.0500000e+02	   2.0600000e+02	   5.0000000e+00	   3.0000000e+00	   4.2850000e+00	   4.7800000e+00	   2.3000000e+00	   3.0000000e+00	   1.0000000e+00	   2.0000000e+00	   1.0000000e+00	   9.5300000e+02	
   1.0300000e+02	   2.0700000e+02	   1.0200000e+02	   2.0000000e+00	   2.0000000e+00	   4.8600000e+00	   5.0000000e+00	   1.5950000e+00	   1.0000000e+00	   3.0000000e+00	   2.0000000e+00	   3.0000000e+00	   8.8300000e+02	
   1.1400000e+02	   2.0500000e+02	   3.0900000e+02	   1.4000000e+01	   1.0000000e+00	   4.9100000e+00	   4.9050000e+00	   1.8650000e+00	   3.0000000e+00	   1.0000000e+00	   2.0000000e+00	   1.0000000e+00	   7.0500000e+02	
   1.1400000e+02	   2.0400000e+02	   3.0300000e+02	   9.0000000e+00	   4.0000000e+00	   4.9100000e+00	   4.2300000e+00	   3.1350000e+00	   2.0000000e+00	   1.0000000e+00	   3.0000000e+00	   2.0000000e+00	   8.1800000e+02	
   1.0600000e+02	   1.1300000e+02	   3.0700000e+02	   1.2000000e+01	   3.0000000e+00	   4.1550000e+00	   3.4900000e+00	   2.1400000e+00	   3.0000000e+00	   1.0000000e+00	   2.0000000e+00	   3.0000000e+00	   6.6300000e+02	
   1.0300000e+02	   2.1200000e+02	   1.1200000e+02	   3.0000000e+00	   5.0000000e+00	   4.8600000e+00	   3.4300000e+00	   2.9000000e-01	   3.0000000e+00	   2.0000000e+00	   1.0000000e+00	   3.0000000e+00	   1.0390000e+03	
   1.0400000e+02	   2.0500000e+02	   1.0200000e+02	   2.0000000e+00	   3.0000000e+00	   4.2850000e+00	   4.9050000e+00	   1.5950000e+00	   3.0000000e+00	   2.0000000e+00	   1.0000000e+00	   2.0000000e+00	   9.2900000e+02	
   2.0100000e+02	   2.0700000e+02	   1.0100000e+02	   1.0000000e+00	   1.0000000e+00	   4.9650000e+00	   5.0000000e+00	   1.0000000e-01	   3.0000000e+00	   1.0000000e+00	   2.0000000e+00	   1.0000000e+00	   1.3010000e+03	
   1.0400000e+02	   1.1300000e+02	   3.0300000e+02	   9.0000000e+00	   4.0000000e+00	   4.2850000e+00	   3.4900000e+00	   3.1350000e+00	   2.0000000e+00	   3.0000000e+00	   1.0000000e+00	   2.0000000e+00	   1.6600000e+03	
   2.0500000e+02	   2.1200000e+02	   2.0300000e+02	   4.0000000e+00	   5.0000000e+00	   4.9050000e+00	   3.4300000e+00	   2.8800000e+00	   1.0000000e+00	   2.0000000e+00	   3.0000000e+00	   1.0000000e+00	   1.4100000e+03	
   1.0600000e+02	   1.1300000e+02	   1.1200000e+02	   3.0000000e+00	   3.0000000e+00	   4.1550000e+00	   3.4900000e+00	   2.9000000e-01	   2.0000000e+00	   3.0000000e+00	   1.0000000e+00	   2.0000000e+00	   8.1400000e+02	
   1.0500000e+02	   1.0700000e+02	   2.0900000e+02	   6.0000000e+00	   2.0000000e+00	   4.7800000e+00	   4.5600000e+00	   2.0550000e+00	   3.0000000e+00	   1.0000000e+00	   2.0000000e+00	   3.0000000e+00	   7.2700000e+02	
   1.0600000e+02	   1.1400000e+02	   3.0800000e+02	   1.3000000e+01	   4.0000000e+00	   4.1550000e+00	   4.9100000e+00	   4.3500000e-01	   3.0000000e+00	   1.0000000e+00	   2.0000000e+00	   3.0000000e+00	   8.8900000e+02	
   1.0600000e+02	   1.1300000e+02	   3.0400000e+02	   1.0000000e+01	   3.0000000e+00	   4.1550000e+00	   3.4900000e+00	   2.6950000e+00	   3.0000000e+00	   1.0000000e+00	   2.0000000e+00	   3.0000000e+00	   6.7300000e+02	
   2.0100000e+02	   2.1200000e+02	   2.0300000e+02	   4.0000000e+00	   5.0000000e+00	   4.9650000e+00	   3.4300000e+00	   2.8800000e+00	   1.0000000e+00	   2.0000000e+00	   3.0000000e+00	   1.0000000e+00	   1.3210000e+03	
   1.0400000e+02	   1.0600000e+02	   1.0200000e+02	   2.0000000e+00	   2.0000000e+00	   4.2850000e+00	   4.1550000e+00	   1.5950000e+00	   3.0000000e+00	   2.0000000e+00	   1.0000000e+00	   2.0000000e+00	   6.3900000e+02	
   1.0300000e+02	   1.1400000e+02	   2.0600000e+02	   5.0000000e+00	   1.0000000e+00	   4.8600000e+00	   4.9100000e+00	   2.3000000e+00	   1.0000000e+00	   2.0000000e+00	   3.0000000e+00	   1.0000000e+00	   8.7800000e+02	
   1.0300000e+02	   1.0600000e+02	   3.0400000e+02	   1.0000000e+01	   4.0000000e+00	   4.8600000e+00	   4.1550000e+00	   2.6950000e+00	   1.0000000e+00	   2.0000000e+00	   3.0000000e+00	   1.0000000e+00	   1.1530000e+03	
   1.0600000e+02	   2.0400000e+02	   2.0300000e+02	   4.0000000e+00	   1.0000000e+00	   4.1550000e+00	   4.2300000e+00	   2.8800000e+00	   1.0000000e+00	   2.0000000e+00	   3.0000000e+00	   1.0000000e+00	   1.1440000e+03	
   1.0400000e+02	   2.1200000e+02	   2.1500000e+02	   7.0000000e+00	   4.0000000e+00	   4.2850000e+00	   3.4300000e+00	   3.0250000e+00	   2.0000000e+00	   1.0000000e+00	   3.0000000e+00	   2.0000000e+00	   1.6410000e+03	
   1.0500000e+02	   3.0500000e+02	   2.0300000e+02	   4.0000000e+00	   1.0000000e+00	   4.7800000e+00	   4.9050000e+00	   2.8800000e+00	   1.0000000e+00	   2.0000000e+00	   3.0000000e+00	   2.0000000e+00	   1.3400000e+03	
   1.1300000e+02	   2.0400000e+02	   2.0300000e+02	   4.0000000e+00	   4.0000000e+00	   3.4900000e+00	   4.2300000e+00	   2.8800000e+00	   1.0000000e+00	   2.0000000e+00	   3.0000000e+00	   3.0000000e+00	   2.4300000e+03	
   1.0700000e+02	   2.0400000e+02	   2.0300000e+02	   4.0000000e+00	   2.0000000e+00	   4.5600000e+00	   4.2300000e+00	   2.8800000e+00	   2.0000000e+00	   3.0000000e+00	   1.0000000e+00	   2.0000000e+00	   9.5100000e+02	
   1.0500000e+02	   1.1500000e+02	   3.1400000e+02	   1.5000000e+01	   1.0000000e+00	   4.7800000e+00	   4.6700000e+00	   2.4150000e+00	   3.0000000e+00	   1.0000000e+00	   2.0000000e+00	   3.0000000e+00	   9.1200000e+02	
   1.0300000e+02	   1.1100000e+02	   2.0600000e+02	   5.0000000e+00	   4.0000000e+00	   4.8600000e+00	   3.7150000e+00	   2.3000000e+00	   2.0000000e+00	   3.0000000e+00	   1.0000000e+00	   2.0000000e+00	   8.8900000e+02	
   1.0500000e+02	   2.0100000e+02	   1.1200000e+02	   3.0000000e+00	   2.0000000e+00	   4.7800000e+00	   4.9650000e+00	   2.9000000e-01	   3.0000000e+00	   1.0000000e+00	   2.0000000e+00	   1.0000000e+00	   1.5160000e+03	
   1.0600000e+02	   1.1300000e+02	   2.0300000e+02	   4.0000000e+00	   3.0000000e+00	   4.1550000e+00	   3.4900000e+00	   2.8800000e+00	   2.0000000e+00	   1.0000000e+00	   3.0000000e+00	   2.0000000e+00	   8.2300000e+02	
   1.1400000e+02	   2.1200000e+02	   2.0600000e+02	   5.0000000e+00	   5.0000000e+00	   4.9100000e+00	   3.4300000e+00	   2.3000000e+00	   3.0000000e+00	   1.0000000e+00	   2.0000000e+00	   3.0000000e+00	   8.7500000e+02	
   2.0500000e+02	   3.0500000e+02	   3.0600000e+02	   1.1000000e+01	   1.0000000e+00	   4.9050000e+00	   4.9050000e+00	   1.8000000e-01	   2.0000000e+00	   3.0000000e+00	   1.0000000e+00	   3.0000000e+00	   1.4340000e+03	
   2.0500000e+02	   2.1200000e+02	   3.0400000e+02	   1.0000000e+01	   5.0000000e+00	   4.9050000e+00	   3.4300000e+00	   2.6950000e+00	   1.0000000e+00	   3.0000000e+00	   2.0000000e+00	   1.0000000e+00	   1.1150000e+03	
   1.1500000e+02	   2.0400000e+02	   3.0100000e+02	   8.0000000e+00	   3.0000000e+00	   4.6700000e+00	   4.2300000e+00	   6.0000000e-02	   3.0000000e+00	   2.0000000e+00	   1.0000000e+00	   3.0000000e+00	   9.9800000e+02	
   1.1100000e+02	   2.1200000e+02	   3.0600000e+02	   1.1000000e+01	   2.0000000e+00	   3.7150000e+00	   3.4300000e+00	   1.8000000e-01	   2.0000000e+00	   3.0000000e+00	   1.0000000e+00	   2.0000000e+00	   2.0410000e+03	
   1.1300000e+02	   2.0700000e+02	   3.1400000e+02	   1.5000000e+01	   5.0000000e+00	   3.4900000e+00	   5.0000000e+00	   2.4150000e+00	   3.0000000e+00	   2.0000000e+00	   1.0000000e+00	   2.0000000e+00	   7.8800000e+02	
