   1.0000000e+00	   1.0000000e+00	   2.0600000e+02	   5.0000000e+00	   4.9920000e+03	
   1.0000000e+00	   2.0000000e+00	   1.1400000e+02	   1.0100000e+00	   9.5240000e+03	
   1.0000000e+00	   3.0000000e+00	   3.1400000e+02	   3.9900000e+00	   3.1940000e+03	
   1.0000000e+00	   4.0000000e+00	   1.1000000e+02	   0.0000000e+00	   2.1920000e+03	
   1.0000000e+00	   5.0000000e+00	   3.0600000e+02	   0.0000000e+00	   1.0958000e+04	
   1.0000000e+00	   6.0000000e+00	   1.0700000e+02	   3.9900000e+00	   6.3250000e+03	
   1.0000000e+00	   7.0000000e+00	   1.0400000e+02	   0.0000000e+00	   1.5630000e+03	
   1.0000000e+00	   8.0000000e+00	   3.0200000e+02	   5.0000000e+00	   1.1824000e+04	
   1.0000000e+00	   9.0000000e+00	   1.1100000e+02	   3.9900000e+00	   3.2620000e+03	
   1.0000000e+00	   1.0000000e+01	   2.0700000e+02	   5.0000000e+00	   4.0590000e+03	
   1.0000000e+00	   1.1000000e+01	   2.0500000e+02	   0.0000000e+00	   1.7600000e+03	
   1.0000000e+00	   1.2000000e+01	   1.1300000e+02	   2.5000000e+00	   3.2270000e+03	
   1.0000000e+00	   1.3000000e+01	   2.0800000e+02	   3.9900000e+00	   4.2950000e+03	
   1.0000000e+00	   1.4000000e+01	   2.0200000e+02	   2.5100000e+00	   7.0580000e+03	
   1.0000000e+00	   1.5000000e+01	   1.0800000e+02	   9.9000000e-01	   5.5950000e+03	
   1.0000000e+00	   1.6000000e+01	   1.0500000e+02	   0.0000000e+00	   1.7610000e+03	
   1.0000000e+00	   1.7000000e+01	   3.0900000e+02	   2.5000000e+00	   2.9590000e+03	
   1.0000000e+00	   1.8000000e+01	   1.1600000e+02	   0.0000000e+00	   1.6620000e+03	
   1.0000000e+00	   1.9000000e+01	   2.1000000e+02	   0.0000000e+00	   3.1600000e+03	
   1.0000000e+00	   2.0000000e+01	   2.1400000e+02	   2.5000000e+00	   6.2600000e+03	
   1.0000000e+00	   2.1000000e+01	   1.0300000e+02	   0.0000000e+00	   1.9940000e+03	
   1.0000000e+00	   2.2000000e+01	   3.0500000e+02	   0.0000000e+00	   2.0620000e+03	
   1.0000000e+00	   2.3000000e+01	   3.0100000e+02	   1.0200000e+00	   4.1940000e+03	
   1.0000000e+00	   2.4000000e+01	   3.1200000e+02	   0.0000000e+00	   1.7280000e+03	
   1.0000000e+00	   2.5000000e+01	   1.0200000e+02	   0.0000000e+00	   2.1930000e+03	
   1.0000000e+00	   2.6000000e+01	   2.0300000e+02	   2.5000000e+00	   2.7940000e+03	
   1.0000000e+00	   2.7000000e+01	   2.1200000e+02	   0.0000000e+00	   2.0950000e+03	
   1.0000000e+00	   2.8000000e+01	   1.0600000e+02	   2.5000000e+00	   2.6610000e+03	
   1.0000000e+00	   2.9000000e+01	   3.0700000e+02	   0.0000000e+00	   1.3600000e+03	
   1.0000000e+00	   3.0000000e+01	   3.1000000e+02	   2.5000000e+00	   2.8610000e+03	
   1.0000000e+00	   3.1000000e+01	   2.1500000e+02	   0.0000000e+00	   1.8270000e+03	
   1.0000000e+00	   3.2000000e+01	   3.0800000e+02	   0.0000000e+00	   1.2620000e+03	
   1.0000000e+00	   3.3000000e+01	   2.1100000e+02	   2.5000000e+00	   5.0260000e+03	
   1.0000000e+00	   3.4000000e+01	   1.0900000e+02	   0.0000000e+00	   3.0590000e+03	
   1.0000000e+00	   3.5000000e+01	   3.1300000e+02	   1.0000000e+00	   3.2930000e+03	
   1.0000000e+00	   3.6000000e+01	   3.0400000e+02	   3.9900000e+00	   4.1260000e+03	
   1.0000000e+00	   3.7000000e+01	   2.0100000e+02	   0.0000000e+00	   1.7940000e+03	
   1.0000000e+00	   3.8000000e+01	   1.0100000e+02	   0.0000000e+00	   1.1600000e+03	
   1.0000000e+00	   3.9000000e+01	   1.1500000e+02	   0.0000000e+00	   2.0270000e+03	
   1.0000000e+00	   4.0000000e+01	   2.0400000e+02	   0.0000000e+00	   1.2930000e+03	
   1.0000000e+00	   4.1000000e+01	   3.0300000e+02	   2.5100000e+00	   4.5250000e+03	
   1.0000000e+00	   4.2000000e+01	   2.1300000e+02	   0.0000000e+00	   1.9940000e+03	
   1.0000000e+00	   4.3000000e+01	   1.1200000e+02	   0.0000000e+00	   1.4600000e+03	
   1.0000000e+00	   4.4000000e+01	   2.0900000e+02	   4.0100000e+00	   2.7940000e+03	
   1.0000000e+00	   4.5000000e+01	   3.1100000e+02	   2.5200000e+00	   5.2590000e+03	
   2.0000000e+00	   1.0000000e+00	   1.0600000e+02	   3.0100000e+00	   9.0250000e+03	
   2.0000000e+00	   2.0000000e+00	   2.1400000e+02	   1.0400000e+00	   5.9930000e+03	
   2.0000000e+00	   3.0000000e+00	   2.0100000e+02	   0.0000000e+00	   1.2950000e+03	
   2.0000000e+00	   4.0000000e+00	   2.1200000e+02	   0.0000000e+00	   1.1620000e+03	
   2.0000000e+00	   5.0000000e+00	   1.1500000e+02	   0.0000000e+00	   1.1940000e+03	
   2.0000000e+00	   6.0000000e+00	   3.0300000e+02	   2.5100000e+00	   3.1610000e+03	
   2.0000000e+00	   7.0000000e+00	   3.1400000e+02	   3.9900000e+00	   1.9620000e+03	
   2.0000000e+00	   8.0000000e+00	   3.0100000e+02	   0.0000000e+00	   7.3930000e+03	
   2.0000000e+00	   9.0000000e+00	   3.0400000e+02	   4.0100000e+00	   3.4270000e+03	
   2.0000000e+00	   1.0000000e+01	   2.0200000e+02	   2.5000000e+00	   2.3610000e+03	
   2.0000000e+00	   1.1000000e+01	   1.0100000e+02	   0.0000000e+00	   1.1950000e+03	
   2.0000000e+00	   1.2000000e+01	   1.1000000e+02	   0.0000000e+00	   1.3290000e+03	
   2.0000000e+00	   1.3000000e+01	   2.0900000e+02	   3.9900000e+00	   3.5270000e+03	
   2.0000000e+00	   1.4000000e+01	   2.0600000e+02	   5.0000000e+00	   1.2620000e+03	
   2.0000000e+00	   1.5000000e+01	   2.0700000e+02	   5.0000000e+00	   1.5280000e+03	
   2.0000000e+00	   1.6000000e+01	   1.1400000e+02	   0.0000000e+00	   2.0600000e+03	
   2.0000000e+00	   1.7000000e+01	   1.0700000e+02	   3.9900000e+00	   4.0620000e+03	
   2.0000000e+00	   1.8000000e+01	   2.1500000e+02	   0.0000000e+00	   1.1940000e+03	
   2.0000000e+00	   1.9000000e+01	   3.0600000e+02	   0.0000000e+00	   1.5280000e+03	
   2.0000000e+00	   2.0000000e+01	   2.1100000e+02	   2.4900000e+00	   5.3940000e+03	
   2.0000000e+00	   2.1000000e+01	   3.1200000e+02	   0.0000000e+00	   1.1620000e+03	
   2.0000000e+00	   2.2000000e+01	   3.1000000e+02	   2.5200000e+00	   2.0280000e+03	
   2.0000000e+00	   2.3000000e+01	   2.0300000e+02	   2.5000000e+00	   2.0940000e+03	
   2.0000000e+00	   2.4000000e+01	   1.0400000e+02	   0.0000000e+00	   1.3280000e+03	
   2.0000000e+00	   2.5000000e+01	   3.0700000e+02	   0.0000000e+00	   1.3950000e+03	
   2.0000000e+00	   2.6000000e+01	   1.0900000e+02	   0.0000000e+00	   1.2950000e+03	
   2.0000000e+00	   2.7000000e+01	   2.1000000e+02	   0.0000000e+00	   1.3950000e+03	
   2.0000000e+00	   2.8000000e+01	   1.1100000e+02	   4.0200000e+00	   5.1280000e+03	
   2.0000000e+00	   2.9000000e+01	   3.1300000e+02	   0.0000000e+00	   2.5270000e+03	
   2.0000000e+00	   3.0000000e+01	   2.0400000e+02	   0.0000000e+00	   1.1620000e+03	
   2.0000000e+00	   3.1000000e+01	   1.0500000e+02	   0.0000000e+00	   1.1950000e+03	
   2.0000000e+00	   3.2000000e+01	   1.0200000e+02	   0.0000000e+00	   1.1600000e+03	
   2.0000000e+00	   3.3000000e+01	   1.1200000e+02	   0.0000000e+00	   1.2620000e+03	
   2.0000000e+00	   3.4000000e+01	   3.0200000e+02	   3.9900000e+00	   3.9940000e+03	
   2.0000000e+00	   3.5000000e+01	   1.0300000e+02	   0.0000000e+00	   1.4780000e+03	
   2.0000000e+00	   3.6000000e+01	   2.1300000e+02	   0.0000000e+00	   1.5290000e+03	
   2.0000000e+00	   3.7000000e+01	   3.0500000e+02	   0.0000000e+00	   1.0950000e+03	
   2.0000000e+00	   3.8000000e+01	   3.0800000e+02	   0.0000000e+00	   1.0940000e+03	
   2.0000000e+00	   3.9000000e+01	   1.1300000e+02	   2.5000000e+00	   1.3280000e+03	
   2.0000000e+00	   4.0000000e+01	   2.0800000e+02	   3.9900000e+00	   4.9600000e+03	
   2.0000000e+00	   4.1000000e+01	   1.1600000e+02	   0.0000000e+00	   1.0620000e+03	
   2.0000000e+00	   4.2000000e+01	   3.0900000e+02	   2.5000000e+00	   1.2290000e+03	
   2.0000000e+00	   4.3000000e+01	   2.0500000e+02	   0.0000000e+00	   1.1280000e+03	
   2.0000000e+00	   4.4000000e+01	   1.0800000e+02	   0.0000000e+00	   1.1610000e+03	
   2.0000000e+00	   4.5000000e+01	   3.1100000e+02	   2.5000000e+00	   1.3950000e+03	
