   3.0400000e+02	   3.0900000e+02	   1.1000000e+02	   5.0000000e+00	   5.0000000e+00	   4.0000000e+00	   2.5000000e+00	   0.0000000e+00	   2.0000000e+00	   1.0000000e+00	   3.0000000e+00	   2.0000000e+00	   1.7520000e+03	
   2.0800000e+02	   3.0900000e+02	   1.0500000e+02	   3.0000000e+00	   4.0000000e+00	   3.9900000e+00	   2.5000000e+00	   0.0000000e+00	   1.0000000e+00	   3.0000000e+00	   2.0000000e+00	   1.0000000e+00	   1.8910000e+03	
   1.0600000e+02	   2.0600000e+02	   1.1500000e+02	   8.0000000e+00	   5.0000000e+00	   2.7550000e+00	   5.0000000e+00	   0.0000000e+00	   3.0000000e+00	   1.0000000e+00	   2.0000000e+00	   1.0000000e+00	   9.9100000e+02	
   2.0600000e+02	   3.0300000e+02	   2.0500000e+02	   1.0000000e+01	   5.0000000e+00	   5.0000000e+00	   2.5100000e+00	   0.0000000e+00	   1.0000000e+00	   3.0000000e+00	   2.0000000e+00	   1.0000000e+00	   1.0120000e+03	
   2.0700000e+02	   3.1400000e+02	   2.1400000e+02	   1.2000000e+01	   3.0000000e+00	   5.0000000e+00	   3.9900000e+00	   1.7700000e+00	   3.0000000e+00	   1.0000000e+00	   2.0000000e+00	   3.0000000e+00	   1.5320000e+03	
   1.0700000e+02	   2.0700000e+02	   1.0800000e+02	   4.0000000e+00	   2.0000000e+00	   3.9900000e+00	   5.0000000e+00	   4.9500000e-01	   2.0000000e+00	   1.0000000e+00	   3.0000000e+00	   1.0000000e+00	   1.4790000e+03	
   1.1100000e+02	   2.0900000e+02	   1.1500000e+02	   8.0000000e+00	   1.0000000e+00	   4.0050000e+00	   4.0000000e+00	   0.0000000e+00	   1.0000000e+00	   2.0000000e+00	   3.0000000e+00	   2.0000000e+00	   1.5010000e+03	
   3.0200000e+02	   3.0300000e+02	   2.0500000e+02	   1.0000000e+01	   5.0000000e+00	   4.4950000e+00	   2.5100000e+00	   0.0000000e+00	   1.0000000e+00	   2.0000000e+00	   3.0000000e+00	   2.0000000e+00	   2.7160000e+03	
   3.0900000e+02	   3.1400000e+02	   2.1200000e+02	   1.1000000e+01	   4.0000000e+00	   2.5000000e+00	   3.9900000e+00	   0.0000000e+00	   3.0000000e+00	   1.0000000e+00	   2.0000000e+00	   1.0000000e+00	   3.7150000e+03	
   3.0200000e+02	   3.0900000e+02	   1.0500000e+02	   3.0000000e+00	   5.0000000e+00	   4.4950000e+00	   2.5000000e+00	   0.0000000e+00	   3.0000000e+00	   1.0000000e+00	   2.0000000e+00	   1.0000000e+00	   1.9990000e+03	
   1.0600000e+02	   2.0800000e+02	   2.0500000e+02	   1.0000000e+01	   3.0000000e+00	   2.7550000e+00	   3.9900000e+00	   0.0000000e+00	   1.0000000e+00	   2.0000000e+00	   3.0000000e+00	   2.0000000e+00	   1.4140000e+03	
   3.0300000e+02	   3.0400000e+02	   2.1200000e+02	   1.1000000e+01	   4.0000000e+00	   2.5100000e+00	   4.0000000e+00	   0.0000000e+00	   2.0000000e+00	   3.0000000e+00	   1.0000000e+00	   3.0000000e+00	   1.6780000e+03	
   1.1100000e+02	   3.0400000e+02	   2.0500000e+02	   1.0000000e+01	   1.0000000e+00	   4.0050000e+00	   4.0000000e+00	   0.0000000e+00	   2.0000000e+00	   1.0000000e+00	   3.0000000e+00	   1.0000000e+00	   2.5250000e+03	
   1.0600000e+02	   2.0600000e+02	   1.0500000e+02	   3.0000000e+00	   5.0000000e+00	   2.7550000e+00	   5.0000000e+00	   0.0000000e+00	   3.0000000e+00	   2.0000000e+00	   1.0000000e+00	   2.0000000e+00	   1.2840000e+03	
   1.1100000e+02	   3.0900000e+02	   1.1500000e+02	   8.0000000e+00	   5.0000000e+00	   4.0050000e+00	   2.5000000e+00	   0.0000000e+00	   2.0000000e+00	   1.0000000e+00	   3.0000000e+00	   2.0000000e+00	   2.6140000e+03	
   2.0200000e+02	   3.0300000e+02	   2.1500000e+02	   1.3000000e+01	   1.0000000e+00	   2.5050000e+00	   2.5100000e+00	   0.0000000e+00	   3.0000000e+00	   2.0000000e+00	   1.0000000e+00	   2.0000000e+00	   1.9430000e+03	
   3.0300000e+02	   3.0400000e+02	   1.1300000e+02	   6.0000000e+00	   4.0000000e+00	   2.5100000e+00	   4.0000000e+00	   2.5000000e+00	   1.0000000e+00	   3.0000000e+00	   2.0000000e+00	   3.0000000e+00	   2.2480000e+03	
   2.0900000e+02	   3.0200000e+02	   1.1300000e+02	   6.0000000e+00	   2.0000000e+00	   4.0000000e+00	   4.4950000e+00	   2.5000000e+00	   1.0000000e+00	   3.0000000e+00	   2.0000000e+00	   1.0000000e+00	   2.4540000e+03	
   2.0800000e+02	   3.0400000e+02	   1.1400000e+02	   7.0000000e+00	   1.0000000e+00	   3.9900000e+00	   4.0000000e+00	   5.0500000e-01	   3.0000000e+00	   2.0000000e+00	   1.0000000e+00	   3.0000000e+00	   2.2250000e+03	
   2.0200000e+02	   2.0800000e+02	   1.1300000e+02	   6.0000000e+00	   4.0000000e+00	   2.5050000e+00	   3.9900000e+00	   2.5000000e+00	   1.0000000e+00	   2.0000000e+00	   3.0000000e+00	   2.0000000e+00	   1.0960000e+03	
   2.0200000e+02	   3.1000000e+02	   2.1500000e+02	   1.3000000e+01	   1.0000000e+00	   2.5050000e+00	   2.5100000e+00	   0.0000000e+00	   2.0000000e+00	   1.0000000e+00	   3.0000000e+00	   2.0000000e+00	   5.5360000e+03	
   3.0900000e+02	   3.1100000e+02	   2.0500000e+02	   1.0000000e+01	   1.0000000e+00	   2.5000000e+00	   2.5100000e+00	   0.0000000e+00	   1.0000000e+00	   2.0000000e+00	   3.0000000e+00	   1.0000000e+00	   2.6760000e+03	
   1.0600000e+02	   3.1000000e+02	   1.1000000e+02	   5.0000000e+00	   1.0000000e+00	   2.7550000e+00	   2.5100000e+00	   0.0000000e+00	   1.0000000e+00	   2.0000000e+00	   3.0000000e+00	   2.0000000e+00	   2.5620000e+03	
   1.1100000e+02	   3.1100000e+02	   2.1500000e+02	   1.3000000e+01	   4.0000000e+00	   4.0050000e+00	   2.5100000e+00	   0.0000000e+00	   1.0000000e+00	   2.0000000e+00	   3.0000000e+00	   1.0000000e+00	   1.6770000e+03	
   1.0700000e+02	   3.0200000e+02	   2.1400000e+02	   1.2000000e+01	   2.0000000e+00	   3.9900000e+00	   4.4950000e+00	   1.7700000e+00	   2.0000000e+00	   3.0000000e+00	   1.0000000e+00	   1.0000000e+00	   1.9970000e+03	
   1.0600000e+02	   2.0800000e+02	   1.1300000e+02	   6.0000000e+00	   3.0000000e+00	   2.7550000e+00	   3.9900000e+00	   2.5000000e+00	   1.0000000e+00	   3.0000000e+00	   2.0000000e+00	   3.0000000e+00	   1.3700000e+03	
   1.1100000e+02	   3.0400000e+02	   2.0100000e+02	   9.0000000e+00	   1.0000000e+00	   4.0050000e+00	   4.0000000e+00	   0.0000000e+00	   2.0000000e+00	   3.0000000e+00	   1.0000000e+00	   2.0000000e+00	   2.2470000e+03	
   2.0700000e+02	   3.1400000e+02	   2.1500000e+02	   1.3000000e+01	   3.0000000e+00	   5.0000000e+00	   3.9900000e+00	   0.0000000e+00	   2.0000000e+00	   3.0000000e+00	   1.0000000e+00	   2.0000000e+00	   9.9100000e+02	
   2.0700000e+02	   3.1400000e+02	   1.1400000e+02	   7.0000000e+00	   3.0000000e+00	   5.0000000e+00	   3.9900000e+00	   5.0500000e-01	   3.0000000e+00	   2.0000000e+00	   1.0000000e+00	   3.0000000e+00	   1.2900000e+03	
   2.0700000e+02	   3.0400000e+02	   2.1500000e+02	   1.3000000e+01	   2.0000000e+00	   5.0000000e+00	   4.0000000e+00	   0.0000000e+00	   3.0000000e+00	   2.0000000e+00	   1.0000000e+00	   3.0000000e+00	   1.0670000e+03	
   3.0200000e+02	   3.1400000e+02	   2.1200000e+02	   1.1000000e+01	   2.0000000e+00	   4.4950000e+00	   3.9900000e+00	   0.0000000e+00	   3.0000000e+00	   1.0000000e+00	   2.0000000e+00	   1.0000000e+00	   1.4540000e+03	
   2.0700000e+02	   3.0300000e+02	   1.0800000e+02	   4.0000000e+00	   5.0000000e+00	   5.0000000e+00	   2.5100000e+00	   4.9500000e-01	   3.0000000e+00	   2.0000000e+00	   1.0000000e+00	   3.0000000e+00	   1.0170000e+03	
   1.0700000e+02	   3.0900000e+02	   1.1500000e+02	   8.0000000e+00	   4.0000000e+00	   3.9900000e+00	   2.5000000e+00	   0.0000000e+00	   2.0000000e+00	   3.0000000e+00	   1.0000000e+00	   3.0000000e+00	   1.3860000e+03	
   3.0300000e+02	   3.0400000e+02	   1.0800000e+02	   4.0000000e+00	   4.0000000e+00	   2.5100000e+00	   4.0000000e+00	   4.9500000e-01	   1.0000000e+00	   3.0000000e+00	   2.0000000e+00	   3.0000000e+00	   1.4590000e+03	
   2.0200000e+02	   2.0700000e+02	   1.1400000e+02	   7.0000000e+00	   5.0000000e+00	   2.5050000e+00	   5.0000000e+00	   5.0500000e-01	   2.0000000e+00	   3.0000000e+00	   1.0000000e+00	   3.0000000e+00	   1.4280000e+03	
   1.1100000e+02	   3.0400000e+02	   1.1000000e+02	   5.0000000e+00	   1.0000000e+00	   4.0050000e+00	   4.0000000e+00	   0.0000000e+00	   2.0000000e+00	   3.0000000e+00	   1.0000000e+00	   2.0000000e+00	   1.8190000e+03	
   1.0600000e+02	   3.0900000e+02	   2.1200000e+02	   1.1000000e+01	   2.0000000e+00	   2.7550000e+00	   2.5000000e+00	   0.0000000e+00	   3.0000000e+00	   1.0000000e+00	   2.0000000e+00	   1.0000000e+00	   1.6910000e+03	
   1.1100000e+02	   2.0700000e+02	   3.0800000e+02	   1.5000000e+01	   2.0000000e+00	   4.0050000e+00	   5.0000000e+00	   0.0000000e+00	   2.0000000e+00	   3.0000000e+00	   1.0000000e+00	   3.0000000e+00	   8.4000000e+02	
   3.0900000e+02	   3.1400000e+02	   1.0500000e+02	   3.0000000e+00	   4.0000000e+00	   2.5000000e+00	   3.9900000e+00	   0.0000000e+00	   1.0000000e+00	   3.0000000e+00	   2.0000000e+00	   3.0000000e+00	   1.5260000e+03	
   2.0900000e+02	   3.0200000e+02	   1.0800000e+02	   4.0000000e+00	   2.0000000e+00	   4.0000000e+00	   4.4950000e+00	   4.9500000e-01	   1.0000000e+00	   2.0000000e+00	   3.0000000e+00	   1.0000000e+00	   3.1650000e+03	
   3.1000000e+02	   3.1400000e+02	   1.0800000e+02	   4.0000000e+00	   3.0000000e+00	   2.5100000e+00	   3.9900000e+00	   4.9500000e-01	   1.0000000e+00	   3.0000000e+00	   2.0000000e+00	   3.0000000e+00	   1.9620000e+03	
   2.0600000e+02	   3.0200000e+02	   3.0600000e+02	   1.4000000e+01	   2.0000000e+00	   5.0000000e+00	   4.4950000e+00	   0.0000000e+00	   1.0000000e+00	   2.0000000e+00	   3.0000000e+00	   1.0000000e+00	   1.0700000e+03	
   2.0200000e+02	   2.0800000e+02	   2.0100000e+02	   9.0000000e+00	   4.0000000e+00	   2.5050000e+00	   3.9900000e+00	   0.0000000e+00	   2.0000000e+00	   1.0000000e+00	   3.0000000e+00	   1.0000000e+00	   2.0220000e+03	
   1.1100000e+02	   3.0900000e+02	   1.1300000e+02	   6.0000000e+00	   5.0000000e+00	   4.0050000e+00	   2.5000000e+00	   2.5000000e+00	   3.0000000e+00	   2.0000000e+00	   1.0000000e+00	   3.0000000e+00	   2.2840000e+03	
   2.0600000e+02	   3.0300000e+02	   2.1500000e+02	   1.3000000e+01	   5.0000000e+00	   5.0000000e+00	   2.5100000e+00	   0.0000000e+00	   3.0000000e+00	   2.0000000e+00	   1.0000000e+00	   3.0000000e+00	   9.3200000e+02	
   2.0700000e+02	   3.1000000e+02	   2.1200000e+02	   1.1000000e+01	   5.0000000e+00	   5.0000000e+00	   2.5100000e+00	   0.0000000e+00	   3.0000000e+00	   1.0000000e+00	   2.0000000e+00	   3.0000000e+00	   8.7300000e+02	
   1.0600000e+02	   3.0900000e+02	   1.0500000e+02	   3.0000000e+00	   2.0000000e+00	   2.7550000e+00	   2.5000000e+00	   0.0000000e+00	   1.0000000e+00	   2.0000000e+00	   3.0000000e+00	   2.0000000e+00	   1.6650000e+03	
   2.0200000e+02	   3.0200000e+02	   2.1400000e+02	   1.2000000e+01	   5.0000000e+00	   2.5050000e+00	   4.4950000e+00	   1.7700000e+00	   3.0000000e+00	   1.0000000e+00	   2.0000000e+00	   1.0000000e+00	   4.1500000e+03	
   1.0600000e+02	   1.0700000e+02	   1.0800000e+02	   4.0000000e+00	   3.0000000e+00	   2.7550000e+00	   3.9900000e+00	   4.9500000e-01	   2.0000000e+00	   3.0000000e+00	   1.0000000e+00	   3.0000000e+00	   2.2500000e+03	
   2.0600000e+02	   3.0400000e+02	   2.1500000e+02	   1.3000000e+01	   2.0000000e+00	   5.0000000e+00	   4.0000000e+00	   0.0000000e+00	   3.0000000e+00	   1.0000000e+00	   2.0000000e+00	   3.0000000e+00	   7.9900000e+02	
   1.0700000e+02	   2.0200000e+02	   2.1400000e+02	   1.2000000e+01	   4.0000000e+00	   3.9900000e+00	   2.5050000e+00	   1.7700000e+00	   2.0000000e+00	   3.0000000e+00	   1.0000000e+00	   2.0000000e+00	   2.0210000e+03	
   3.0900000e+02	   3.1100000e+02	   1.1500000e+02	   8.0000000e+00	   1.0000000e+00	   2.5000000e+00	   2.5100000e+00	   0.0000000e+00	   2.0000000e+00	   3.0000000e+00	   1.0000000e+00	   2.0000000e+00	   2.9790000e+03	
   2.0800000e+02	   3.1100000e+02	   2.1500000e+02	   1.3000000e+01	   3.0000000e+00	   3.9900000e+00	   2.5100000e+00	   0.0000000e+00	   2.0000000e+00	   3.0000000e+00	   1.0000000e+00	   2.0000000e+00	   1.5230000e+03	
   2.0600000e+02	   3.0200000e+02	   1.0500000e+02	   3.0000000e+00	   2.0000000e+00	   5.0000000e+00	   4.4950000e+00	   0.0000000e+00	   1.0000000e+00	   2.0000000e+00	   3.0000000e+00	   1.0000000e+00	   9.0600000e+02	
   2.0200000e+02	   3.0900000e+02	   1.1400000e+02	   7.0000000e+00	   1.0000000e+00	   2.5050000e+00	   2.5000000e+00	   5.0500000e-01	   2.0000000e+00	   1.0000000e+00	   3.0000000e+00	   1.0000000e+00	   2.1450000e+03	
   3.0200000e+02	   3.0400000e+02	   3.0600000e+02	   1.4000000e+01	   2.0000000e+00	   4.4950000e+00	   4.0000000e+00	   0.0000000e+00	   3.0000000e+00	   1.0000000e+00	   2.0000000e+00	   1.0000000e+00	   1.6550000e+03	
   2.0800000e+02	   3.0200000e+02	   3.0800000e+02	   1.5000000e+01	   2.0000000e+00	   3.9900000e+00	   4.4950000e+00	   0.0000000e+00	   2.0000000e+00	   3.0000000e+00	   1.0000000e+00	   2.0000000e+00	   8.3100000e+02	
   1.0700000e+02	   3.0400000e+02	   1.1300000e+02	   6.0000000e+00	   1.0000000e+00	   3.9900000e+00	   4.0000000e+00	   2.5000000e+00	   2.0000000e+00	   3.0000000e+00	   1.0000000e+00	   3.0000000e+00	   1.7510000e+03	
   1.0700000e+02	   2.0700000e+02	   3.0800000e+02	   1.5000000e+01	   2.0000000e+00	   3.9900000e+00	   5.0000000e+00	   0.0000000e+00	   2.0000000e+00	   3.0000000e+00	   1.0000000e+00	   3.0000000e+00	   8.6200000e+02	
   1.0700000e+02	   3.0400000e+02	   1.1500000e+02	   8.0000000e+00	   1.0000000e+00	   3.9900000e+00	   4.0000000e+00	   0.0000000e+00	   1.0000000e+00	   3.0000000e+00	   2.0000000e+00	   3.0000000e+00	   2.3440000e+03	
   2.0900000e+02	   3.1100000e+02	   3.0800000e+02	   1.5000000e+01	   4.0000000e+00	   4.0000000e+00	   2.5100000e+00	   0.0000000e+00	   3.0000000e+00	   1.0000000e+00	   2.0000000e+00	   3.0000000e+00	   2.6150000e+03	
   2.0200000e+02	   3.0900000e+02	   1.0500000e+02	   3.0000000e+00	   1.0000000e+00	   2.5050000e+00	   2.5000000e+00	   0.0000000e+00	   1.0000000e+00	   2.0000000e+00	   3.0000000e+00	   2.0000000e+00	   4.0550000e+03	
   2.0200000e+02	   3.0400000e+02	   1.1500000e+02	   8.0000000e+00	   4.0000000e+00	   2.5050000e+00	   4.0000000e+00	   0.0000000e+00	   1.0000000e+00	   2.0000000e+00	   3.0000000e+00	   2.0000000e+00	   2.5170000e+03	
   1.0700000e+02	   2.0200000e+02	   2.1500000e+02	   1.3000000e+01	   4.0000000e+00	   3.9900000e+00	   2.5050000e+00	   0.0000000e+00	   2.0000000e+00	   3.0000000e+00	   1.0000000e+00	   3.0000000e+00	   6.2650000e+03	
   2.0900000e+02	   3.1400000e+02	   2.1500000e+02	   1.3000000e+01	   1.0000000e+00	   4.0000000e+00	   3.9900000e+00	   0.0000000e+00	   2.0000000e+00	   3.0000000e+00	   1.0000000e+00	   2.0000000e+00	   5.1560000e+03	
   1.1100000e+02	   3.0200000e+02	   2.1400000e+02	   1.2000000e+01	   2.0000000e+00	   4.0050000e+00	   4.4950000e+00	   1.7700000e+00	   2.0000000e+00	   3.0000000e+00	   1.0000000e+00	   2.0000000e+00	   2.5450000e+03	
   2.0200000e+02	   2.0700000e+02	   2.0500000e+02	   1.0000000e+01	   5.0000000e+00	   2.5050000e+00	   5.0000000e+00	   0.0000000e+00	   2.0000000e+00	   1.0000000e+00	   3.0000000e+00	   1.0000000e+00	   1.0300000e+03	
   1.0600000e+02	   3.1000000e+02	   2.0100000e+02	   9.0000000e+00	   1.0000000e+00	   2.7550000e+00	   2.5100000e+00	   0.0000000e+00	   1.0000000e+00	   3.0000000e+00	   2.0000000e+00	   3.0000000e+00	   2.1830000e+03	
   1.0600000e+02	   3.1400000e+02	   1.1500000e+02	   8.0000000e+00	   3.0000000e+00	   2.7550000e+00	   3.9900000e+00	   0.0000000e+00	   1.0000000e+00	   3.0000000e+00	   2.0000000e+00	   3.0000000e+00	   2.7140000e+03	
   3.0400000e+02	   3.0900000e+02	   1.0300000e+02	   2.0000000e+00	   5.0000000e+00	   4.0000000e+00	   2.5000000e+00	   0.0000000e+00	   2.0000000e+00	   3.0000000e+00	   1.0000000e+00	   2.0000000e+00	   3.9080000e+03	
   2.0900000e+02	   3.0900000e+02	   1.0300000e+02	   2.0000000e+00	   4.0000000e+00	   4.0000000e+00	   2.5000000e+00	   0.0000000e+00	   2.0000000e+00	   1.0000000e+00	   3.0000000e+00	   2.0000000e+00	   2.7120000e+03	
   1.1100000e+02	   3.0200000e+02	   2.0100000e+02	   9.0000000e+00	   2.0000000e+00	   4.0050000e+00	   4.4950000e+00	   0.0000000e+00	   1.0000000e+00	   3.0000000e+00	   2.0000000e+00	   1.0000000e+00	   1.6170000e+03	
   2.0600000e+02	   3.0300000e+02	   1.0800000e+02	   4.0000000e+00	   5.0000000e+00	   5.0000000e+00	   2.5100000e+00	   4.9500000e-01	   3.0000000e+00	   2.0000000e+00	   1.0000000e+00	   3.0000000e+00	   1.0670000e+03	
   1.0600000e+02	   2.0900000e+02	   3.0600000e+02	   1.4000000e+01	   3.0000000e+00	   2.7550000e+00	   4.0000000e+00	   0.0000000e+00	   1.0000000e+00	   2.0000000e+00	   3.0000000e+00	   2.0000000e+00	   1.6000000e+03	
   2.0800000e+02	   2.0900000e+02	   3.0800000e+02	   1.5000000e+01	   1.0000000e+00	   3.9900000e+00	   4.0000000e+00	   0.0000000e+00	   3.0000000e+00	   1.0000000e+00	   2.0000000e+00	   3.0000000e+00	   1.5100000e+03	
   1.1100000e+02	   3.0400000e+02	   3.0600000e+02	   1.4000000e+01	   1.0000000e+00	   4.0050000e+00	   4.0000000e+00	   0.0000000e+00	   3.0000000e+00	   1.0000000e+00	   2.0000000e+00	   3.0000000e+00	   2.3840000e+03	
   1.0700000e+02	   3.1100000e+02	   2.1200000e+02	   1.1000000e+01	   3.0000000e+00	   3.9900000e+00	   2.5100000e+00	   0.0000000e+00	   1.0000000e+00	   2.0000000e+00	   3.0000000e+00	   1.0000000e+00	   2.1970000e+03	
   1.0600000e+02	   2.0600000e+02	   1.1300000e+02	   6.0000000e+00	   5.0000000e+00	   2.7550000e+00	   5.0000000e+00	   2.5000000e+00	   1.0000000e+00	   3.0000000e+00	   2.0000000e+00	   3.0000000e+00	   6.9400000e+02	
   3.0200000e+02	   3.1400000e+02	   2.1500000e+02	   1.3000000e+01	   2.0000000e+00	   4.4950000e+00	   3.9900000e+00	   0.0000000e+00	   2.0000000e+00	   3.0000000e+00	   1.0000000e+00	   3.0000000e+00	   1.4400000e+03	
   1.0700000e+02	   3.1100000e+02	   3.0800000e+02	   1.5000000e+01	   3.0000000e+00	   3.9900000e+00	   2.5100000e+00	   0.0000000e+00	   2.0000000e+00	   3.0000000e+00	   1.0000000e+00	   2.0000000e+00	   2.4700000e+03	
   1.0700000e+02	   3.0300000e+02	   1.1400000e+02	   7.0000000e+00	   3.0000000e+00	   3.9900000e+00	   2.5100000e+00	   5.0500000e-01	   1.0000000e+00	   3.0000000e+00	   2.0000000e+00	   3.0000000e+00	   2.0790000e+03	
   2.0700000e+02	   3.1400000e+02	   1.0800000e+02	   4.0000000e+00	   3.0000000e+00	   5.0000000e+00	   3.9900000e+00	   4.9500000e-01	   3.0000000e+00	   2.0000000e+00	   1.0000000e+00	   3.0000000e+00	   7.5600000e+02	
   3.0400000e+02	   3.0900000e+02	   2.0100000e+02	   9.0000000e+00	   5.0000000e+00	   4.0000000e+00	   2.5000000e+00	   0.0000000e+00	   1.0000000e+00	   3.0000000e+00	   2.0000000e+00	   1.0000000e+00	   2.3710000e+03	
   2.0700000e+02	   3.1000000e+02	   1.0100000e+02	   1.0000000e+00	   5.0000000e+00	   5.0000000e+00	   2.5100000e+00	   0.0000000e+00	   1.0000000e+00	   2.0000000e+00	   3.0000000e+00	   1.0000000e+00	   9.2900000e+02	
   1.0700000e+02	   2.0700000e+02	   2.0500000e+02	   1.0000000e+01	   2.0000000e+00	   3.9900000e+00	   5.0000000e+00	   0.0000000e+00	   3.0000000e+00	   1.0000000e+00	   2.0000000e+00	   1.0000000e+00	   7.2600000e+02	
   2.0600000e+02	   3.0400000e+02	   2.1200000e+02	   1.1000000e+01	   2.0000000e+00	   5.0000000e+00	   4.0000000e+00	   0.0000000e+00	   1.0000000e+00	   3.0000000e+00	   2.0000000e+00	   1.0000000e+00	   8.8800000e+02	
   3.0200000e+02	   3.0900000e+02	   1.1500000e+02	   8.0000000e+00	   5.0000000e+00	   4.4950000e+00	   2.5000000e+00	   0.0000000e+00	   1.0000000e+00	   3.0000000e+00	   2.0000000e+00	   3.0000000e+00	   3.2990000e+03	
   1.0700000e+02	   1.1100000e+02	   1.1300000e+02	   6.0000000e+00	   1.0000000e+00	   3.9900000e+00	   4.0050000e+00	   2.5000000e+00	   3.0000000e+00	   1.0000000e+00	   2.0000000e+00	   1.0000000e+00	   1.5980000e+03	
   1.0600000e+02	   3.0400000e+02	   1.1500000e+02	   8.0000000e+00	   3.0000000e+00	   2.7550000e+00	   4.0000000e+00	   0.0000000e+00	   2.0000000e+00	   1.0000000e+00	   3.0000000e+00	   1.0000000e+00	   1.8750000e+03	
   2.0700000e+02	   3.1400000e+02	   3.0600000e+02	   1.4000000e+01	   3.0000000e+00	   5.0000000e+00	   3.9900000e+00	   0.0000000e+00	   3.0000000e+00	   1.0000000e+00	   2.0000000e+00	   3.0000000e+00	   6.5700000e+02	
   2.0200000e+02	   3.1100000e+02	   3.0800000e+02	   1.5000000e+01	   1.0000000e+00	   2.5050000e+00	   2.5100000e+00	   0.0000000e+00	   3.0000000e+00	   2.0000000e+00	   1.0000000e+00	   3.0000000e+00	   4.9500000e+03	
   1.1100000e+02	   2.0600000e+02	   1.1400000e+02	   7.0000000e+00	   2.0000000e+00	   4.0050000e+00	   5.0000000e+00	   5.0500000e-01	   2.0000000e+00	   3.0000000e+00	   1.0000000e+00	   3.0000000e+00	   6.5100000e+02	
   3.0200000e+02	   3.1400000e+02	   1.0100000e+02	   1.0000000e+00	   2.0000000e+00	   4.4950000e+00	   3.9900000e+00	   0.0000000e+00	   1.0000000e+00	   3.0000000e+00	   2.0000000e+00	   3.0000000e+00	   1.3240000e+03	
   2.0200000e+02	   2.0800000e+02	   1.1500000e+02	   8.0000000e+00	   4.0000000e+00	   2.5050000e+00	   3.9900000e+00	   0.0000000e+00	   2.0000000e+00	   1.0000000e+00	   3.0000000e+00	   1.0000000e+00	   2.7560000e+03	
   3.0400000e+02	   3.0900000e+02	   1.0500000e+02	   3.0000000e+00	   5.0000000e+00	   4.0000000e+00	   2.5000000e+00	   0.0000000e+00	   3.0000000e+00	   2.0000000e+00	   1.0000000e+00	   3.0000000e+00	   1.0720000e+03	
   1.0700000e+02	   3.0900000e+02	   2.1500000e+02	   1.3000000e+01	   4.0000000e+00	   3.9900000e+00	   2.5000000e+00	   0.0000000e+00	   3.0000000e+00	   1.0000000e+00	   2.0000000e+00	   1.0000000e+00	   2.0980000e+03	
   2.0600000e+02	   3.0400000e+02	   1.0300000e+02	   2.0000000e+00	   2.0000000e+00	   5.0000000e+00	   4.0000000e+00	   0.0000000e+00	   1.0000000e+00	   2.0000000e+00	   3.0000000e+00	   1.0000000e+00	   8.5600000e+02	
   2.0200000e+02	   3.1000000e+02	   1.0800000e+02	   4.0000000e+00	   1.0000000e+00	   2.5050000e+00	   2.5100000e+00	   4.9500000e-01	   2.0000000e+00	   3.0000000e+00	   1.0000000e+00	   2.0000000e+00	   2.5660000e+03	
   2.0700000e+02	   2.0800000e+02	   1.1500000e+02	   8.0000000e+00	   3.0000000e+00	   5.0000000e+00	   3.9900000e+00	   0.0000000e+00	   2.0000000e+00	   3.0000000e+00	   1.0000000e+00	   2.0000000e+00	   1.9350000e+03	
   3.0200000e+02	   3.0900000e+02	   1.0800000e+02	   4.0000000e+00	   5.0000000e+00	   4.4950000e+00	   2.5000000e+00	   4.9500000e-01	   2.0000000e+00	   3.0000000e+00	   1.0000000e+00	   3.0000000e+00	   1.8780000e+03	
   1.0600000e+02	   2.0200000e+02	   1.0800000e+02	   4.0000000e+00	   2.0000000e+00	   2.7550000e+00	   2.5050000e+00	   4.9500000e-01	   1.0000000e+00	   2.0000000e+00	   3.0000000e+00	   2.0000000e+00	   1.2840000e+03	
   3.1000000e+02	   3.1400000e+02	   1.0500000e+02	   3.0000000e+00	   3.0000000e+00	   2.5100000e+00	   3.9900000e+00	   0.0000000e+00	   2.0000000e+00	   1.0000000e+00	   3.0000000e+00	   1.0000000e+00	   1.5040000e+03	
   2.0200000e+02	   2.0700000e+02	   1.1300000e+02	   6.0000000e+00	   5.0000000e+00	   2.5050000e+00	   5.0000000e+00	   2.5000000e+00	   2.0000000e+00	   3.0000000e+00	   1.0000000e+00	   3.0000000e+00	   7.6600000e+02	
   2.0700000e+02	   3.0900000e+02	   2.1200000e+02	   1.1000000e+01	   5.0000000e+00	   5.0000000e+00	   2.5000000e+00	   0.0000000e+00	   1.0000000e+00	   3.0000000e+00	   2.0000000e+00	   1.0000000e+00	   7.0400000e+02	
   1.1100000e+02	   3.1100000e+02	   2.1200000e+02	   1.1000000e+01	   4.0000000e+00	   4.0050000e+00	   2.5100000e+00	   0.0000000e+00	   3.0000000e+00	   1.0000000e+00	   2.0000000e+00	   1.0000000e+00	   1.1990000e+03	
   2.0600000e+02	   3.1400000e+02	   3.0800000e+02	   1.5000000e+01	   3.0000000e+00	   5.0000000e+00	   3.9900000e+00	   0.0000000e+00	   3.0000000e+00	   2.0000000e+00	   1.0000000e+00	   3.0000000e+00	   9.3900000e+02	
   3.0200000e+02	   3.0400000e+02	   2.1400000e+02	   1.2000000e+01	   2.0000000e+00	   4.4950000e+00	   4.0000000e+00	   1.7700000e+00	   2.0000000e+00	   3.0000000e+00	   1.0000000e+00	   3.0000000e+00	   1.7520000e+03	
   1.0700000e+02	   2.0600000e+02	   3.0600000e+02	   1.4000000e+01	   2.0000000e+00	   3.9900000e+00	   5.0000000e+00	   0.0000000e+00	   1.0000000e+00	   2.0000000e+00	   3.0000000e+00	   2.0000000e+00	   7.3600000e+02	
   2.0200000e+02	   3.0200000e+02	   1.1400000e+02	   7.0000000e+00	   5.0000000e+00	   2.5050000e+00	   4.4950000e+00	   5.0500000e-01	   1.0000000e+00	   2.0000000e+00	   3.0000000e+00	   1.0000000e+00	   1.8610000e+03	
   1.0600000e+02	   2.0700000e+02	   2.1500000e+02	   1.3000000e+01	   5.0000000e+00	   2.7550000e+00	   5.0000000e+00	   0.0000000e+00	   2.0000000e+00	   3.0000000e+00	   1.0000000e+00	   3.0000000e+00	   7.1500000e+02	
   1.0700000e+02	   3.0400000e+02	   1.1400000e+02	   7.0000000e+00	   1.0000000e+00	   3.9900000e+00	   4.0000000e+00	   5.0500000e-01	   2.0000000e+00	   1.0000000e+00	   3.0000000e+00	   1.0000000e+00	   1.2430000e+03	
   2.0200000e+02	   3.0300000e+02	   1.1300000e+02	   6.0000000e+00	   1.0000000e+00	   2.5050000e+00	   2.5100000e+00	   2.5000000e+00	   1.0000000e+00	   2.0000000e+00	   3.0000000e+00	   2.0000000e+00	   5.5680000e+03	
   2.0800000e+02	   3.1100000e+02	   2.0500000e+02	   1.0000000e+01	   3.0000000e+00	   3.9900000e+00	   2.5100000e+00	   0.0000000e+00	   3.0000000e+00	   1.0000000e+00	   2.0000000e+00	   3.0000000e+00	   9.7300000e+02	
   2.0700000e+02	   3.0400000e+02	   1.1400000e+02	   7.0000000e+00	   2.0000000e+00	   5.0000000e+00	   4.0000000e+00	   5.0500000e-01	   3.0000000e+00	   1.0000000e+00	   2.0000000e+00	   3.0000000e+00	   1.5670000e+03	
   1.0700000e+02	   3.0400000e+02	   3.0600000e+02	   1.4000000e+01	   1.0000000e+00	   3.9900000e+00	   4.0000000e+00	   0.0000000e+00	   1.0000000e+00	   3.0000000e+00	   2.0000000e+00	   3.0000000e+00	   1.6960000e+03	
   1.0600000e+02	   2.0200000e+02	   3.0600000e+02	   1.4000000e+01	   2.0000000e+00	   2.7550000e+00	   2.5050000e+00	   0.0000000e+00	   2.0000000e+00	   1.0000000e+00	   3.0000000e+00	   1.0000000e+00	   1.5740000e+03	
   1.0600000e+02	   2.0900000e+02	   1.1000000e+02	   5.0000000e+00	   3.0000000e+00	   2.7550000e+00	   4.0000000e+00	   0.0000000e+00	   1.0000000e+00	   3.0000000e+00	   2.0000000e+00	   3.0000000e+00	   1.6680000e+03	
   1.1100000e+02	   3.1400000e+02	   1.0100000e+02	   1.0000000e+00	   1.0000000e+00	   4.0050000e+00	   3.9900000e+00	   0.0000000e+00	   1.0000000e+00	   3.0000000e+00	   2.0000000e+00	   3.0000000e+00	   1.3040000e+03	
   1.0700000e+02	   2.0200000e+02	   1.0800000e+02	   4.0000000e+00	   4.0000000e+00	   3.9900000e+00	   2.5050000e+00	   4.9500000e-01	   3.0000000e+00	   2.0000000e+00	   1.0000000e+00	   2.0000000e+00	   1.7990000e+03	
   2.0700000e+02	   3.1100000e+02	   3.0800000e+02	   1.5000000e+01	   5.0000000e+00	   5.0000000e+00	   2.5100000e+00	   0.0000000e+00	   3.0000000e+00	   2.0000000e+00	   1.0000000e+00	   3.0000000e+00	   9.3500000e+02	
   3.0400000e+02	   3.1000000e+02	   1.1000000e+02	   5.0000000e+00	   4.0000000e+00	   4.0000000e+00	   2.5100000e+00	   0.0000000e+00	   3.0000000e+00	   1.0000000e+00	   2.0000000e+00	   3.0000000e+00	   2.8510000e+03	
   1.0600000e+02	   2.0700000e+02	   3.0600000e+02	   1.4000000e+01	   5.0000000e+00	   2.7550000e+00	   5.0000000e+00	   0.0000000e+00	   3.0000000e+00	   1.0000000e+00	   2.0000000e+00	   1.0000000e+00	   8.4200000e+02	
   1.1100000e+02	   2.0700000e+02	   2.1500000e+02	   1.3000000e+01	   2.0000000e+00	   4.0050000e+00	   5.0000000e+00	   0.0000000e+00	   1.0000000e+00	   3.0000000e+00	   2.0000000e+00	   3.0000000e+00	   6.1600000e+02	
   2.0900000e+02	   3.1100000e+02	   2.1400000e+02	   1.2000000e+01	   4.0000000e+00	   4.0000000e+00	   2.5100000e+00	   1.7700000e+00	   2.0000000e+00	   3.0000000e+00	   1.0000000e+00	   2.0000000e+00	   1.7310000e+03	
   2.0900000e+02	   3.0200000e+02	   1.1000000e+02	   5.0000000e+00	   2.0000000e+00	   4.0000000e+00	   4.4950000e+00	   0.0000000e+00	   3.0000000e+00	   2.0000000e+00	   1.0000000e+00	   3.0000000e+00	   1.3510000e+03	
   2.0800000e+02	   3.1100000e+02	   2.1200000e+02	   1.1000000e+01	   3.0000000e+00	   3.9900000e+00	   2.5100000e+00	   0.0000000e+00	   2.0000000e+00	   3.0000000e+00	   1.0000000e+00	   2.0000000e+00	   1.1980000e+03	
   1.0600000e+02	   2.0800000e+02	   1.0300000e+02	   2.0000000e+00	   3.0000000e+00	   2.7550000e+00	   3.9900000e+00	   0.0000000e+00	   2.0000000e+00	   1.0000000e+00	   3.0000000e+00	   1.0000000e+00	   8.7700000e+02	
   2.0900000e+02	   3.0200000e+02	   1.0100000e+02	   1.0000000e+00	   2.0000000e+00	   4.0000000e+00	   4.4950000e+00	   0.0000000e+00	   2.0000000e+00	   3.0000000e+00	   1.0000000e+00	   2.0000000e+00	   1.1090000e+03	
   2.0800000e+02	   3.0300000e+02	   1.1400000e+02	   7.0000000e+00	   3.0000000e+00	   3.9900000e+00	   2.5100000e+00	   5.0500000e-01	   1.0000000e+00	   3.0000000e+00	   2.0000000e+00	   1.0000000e+00	   1.0280000e+03	
   3.0400000e+02	   3.1400000e+02	   1.1300000e+02	   6.0000000e+00	   1.0000000e+00	   4.0000000e+00	   3.9900000e+00	   2.5000000e+00	   2.0000000e+00	   1.0000000e+00	   3.0000000e+00	   2.0000000e+00	   1.3850000e+03	
   2.0600000e+02	   3.0400000e+02	   1.1500000e+02	   8.0000000e+00	   2.0000000e+00	   5.0000000e+00	   4.0000000e+00	   0.0000000e+00	   1.0000000e+00	   2.0000000e+00	   3.0000000e+00	   1.0000000e+00	   1.2410000e+03	
   2.0800000e+02	   3.0300000e+02	   2.0100000e+02	   9.0000000e+00	   3.0000000e+00	   3.9900000e+00	   2.5100000e+00	   0.0000000e+00	   1.0000000e+00	   2.0000000e+00	   3.0000000e+00	   1.0000000e+00	   1.4910000e+03	
   2.0200000e+02	   2.0800000e+02	   1.1000000e+02	   5.0000000e+00	   4.0000000e+00	   2.5050000e+00	   3.9900000e+00	   0.0000000e+00	   1.0000000e+00	   2.0000000e+00	   3.0000000e+00	   2.0000000e+00	   7.8100000e+02	
   2.0800000e+02	   3.1000000e+02	   1.0300000e+02	   2.0000000e+00	   3.0000000e+00	   3.9900000e+00	   2.5100000e+00	   0.0000000e+00	   3.0000000e+00	   1.0000000e+00	   2.0000000e+00	   3.0000000e+00	   6.7500000e+02	
   2.0200000e+02	   2.0800000e+02	   3.0800000e+02	   1.5000000e+01	   4.0000000e+00	   2.5050000e+00	   3.9900000e+00	   0.0000000e+00	   1.0000000e+00	   2.0000000e+00	   3.0000000e+00	   2.0000000e+00	   1.4780000e+03	
   2.0600000e+02	   3.1100000e+02	   2.1400000e+02	   1.2000000e+01	   5.0000000e+00	   5.0000000e+00	   2.5100000e+00	   1.7700000e+00	   3.0000000e+00	   2.0000000e+00	   1.0000000e+00	   3.0000000e+00	   7.3300000e+02	
   1.0600000e+02	   3.1000000e+02	   1.0100000e+02	   1.0000000e+00	   1.0000000e+00	   2.7550000e+00	   2.5100000e+00	   0.0000000e+00	   2.0000000e+00	   1.0000000e+00	   3.0000000e+00	   1.0000000e+00	   2.4810000e+03	
   1.0600000e+02	   3.1100000e+02	   2.0500000e+02	   1.0000000e+01	   2.0000000e+00	   2.7550000e+00	   2.5100000e+00	   0.0000000e+00	   1.0000000e+00	   2.0000000e+00	   3.0000000e+00	   2.0000000e+00	   6.1250000e+03	
   2.0200000e+02	   3.0400000e+02	   1.1300000e+02	   6.0000000e+00	   4.0000000e+00	   2.5050000e+00	   4.0000000e+00	   2.5000000e+00	   1.0000000e+00	   2.0000000e+00	   3.0000000e+00	   2.0000000e+00	   2.4850000e+03	
   2.0900000e+02	   3.0300000e+02	   2.1500000e+02	   1.3000000e+01	   4.0000000e+00	   4.0000000e+00	   2.5100000e+00	   0.0000000e+00	   1.0000000e+00	   2.0000000e+00	   3.0000000e+00	   1.0000000e+00	   1.7230000e+03	
   2.0700000e+02	   3.1100000e+02	   1.0100000e+02	   1.0000000e+00	   5.0000000e+00	   5.0000000e+00	   2.5100000e+00	   0.0000000e+00	   1.0000000e+00	   3.0000000e+00	   2.0000000e+00	   1.0000000e+00	   8.3900000e+02	
   2.0900000e+02	   3.1400000e+02	   1.0300000e+02	   2.0000000e+00	   1.0000000e+00	   4.0000000e+00	   3.9900000e+00	   0.0000000e+00	   2.0000000e+00	   3.0000000e+00	   1.0000000e+00	   2.0000000e+00	   8.2500000e+02	
   1.0700000e+02	   3.0400000e+02	   1.0800000e+02	   4.0000000e+00	   1.0000000e+00	   3.9900000e+00	   4.0000000e+00	   4.9500000e-01	   1.0000000e+00	   2.0000000e+00	   3.0000000e+00	   2.0000000e+00	   1.4210000e+03	
   1.0600000e+02	   3.0300000e+02	   2.1500000e+02	   1.3000000e+01	   1.0000000e+00	   2.7550000e+00	   2.5100000e+00	   0.0000000e+00	   2.0000000e+00	   1.0000000e+00	   3.0000000e+00	   1.0000000e+00	   1.6630000e+03	
   1.1100000e+02	   3.1000000e+02	   2.1400000e+02	   1.2000000e+01	   4.0000000e+00	   4.0050000e+00	   2.5100000e+00	   1.7700000e+00	   1.0000000e+00	   2.0000000e+00	   3.0000000e+00	   1.0000000e+00	   2.2730000e+03	
   2.0200000e+02	   3.0300000e+02	   1.1000000e+02	   5.0000000e+00	   1.0000000e+00	   2.5050000e+00	   2.5100000e+00	   0.0000000e+00	   2.0000000e+00	   3.0000000e+00	   1.0000000e+00	   3.0000000e+00	   3.3800000e+03	
   1.1100000e+02	   3.1400000e+02	   2.0100000e+02	   9.0000000e+00	   1.0000000e+00	   4.0050000e+00	   3.9900000e+00	   0.0000000e+00	   3.0000000e+00	   2.0000000e+00	   1.0000000e+00	   2.0000000e+00	   1.2990000e+03	
   2.0200000e+02	   3.0200000e+02	   1.0800000e+02	   4.0000000e+00	   5.0000000e+00	   2.5050000e+00	   4.4950000e+00	   4.9500000e-01	   1.0000000e+00	   2.0000000e+00	   3.0000000e+00	   1.0000000e+00	   1.7340000e+03	
   3.0200000e+02	   3.0300000e+02	   2.0100000e+02	   9.0000000e+00	   5.0000000e+00	   4.4950000e+00	   2.5100000e+00	   0.0000000e+00	   3.0000000e+00	   1.0000000e+00	   2.0000000e+00	   1.0000000e+00	   2.2710000e+03	
   1.0700000e+02	   3.0300000e+02	   1.1500000e+02	   8.0000000e+00	   3.0000000e+00	   3.9900000e+00	   2.5100000e+00	   0.0000000e+00	   1.0000000e+00	   2.0000000e+00	   3.0000000e+00	   2.0000000e+00	   3.0540000e+03	
   1.0600000e+02	   3.0200000e+02	   1.0100000e+02	   1.0000000e+00	   5.0000000e+00	   2.7550000e+00	   4.4950000e+00	   0.0000000e+00	   3.0000000e+00	   2.0000000e+00	   1.0000000e+00	   2.0000000e+00	   4.7450000e+03	
   2.0700000e+02	   3.1000000e+02	   3.0800000e+02	   1.5000000e+01	   5.0000000e+00	   5.0000000e+00	   2.5100000e+00	   0.0000000e+00	   3.0000000e+00	   1.0000000e+00	   2.0000000e+00	   3.0000000e+00	   7.1700000e+02	
   1.0700000e+02	   3.0200000e+02	   2.0500000e+02	   1.0000000e+01	   2.0000000e+00	   3.9900000e+00	   4.4950000e+00	   0.0000000e+00	   3.0000000e+00	   2.0000000e+00	   1.0000000e+00	   3.0000000e+00	   3.2390000e+03	
   2.0200000e+02	   3.1100000e+02	   2.1400000e+02	   1.2000000e+01	   1.0000000e+00	   2.5050000e+00	   2.5100000e+00	   1.7700000e+00	   2.0000000e+00	   1.0000000e+00	   3.0000000e+00	   2.0000000e+00	   2.1140000e+03	
   2.0600000e+02	   3.0200000e+02	   2.1200000e+02	   1.1000000e+01	   2.0000000e+00	   5.0000000e+00	   4.4950000e+00	   0.0000000e+00	   3.0000000e+00	   1.0000000e+00	   2.0000000e+00	   3.0000000e+00	   9.8100000e+02	
   1.0600000e+02	   3.1400000e+02	   1.0300000e+02	   2.0000000e+00	   3.0000000e+00	   2.7550000e+00	   3.9900000e+00	   0.0000000e+00	   2.0000000e+00	   3.0000000e+00	   1.0000000e+00	   3.0000000e+00	   1.5240000e+03	
   2.0700000e+02	   2.0900000e+02	   2.0100000e+02	   9.0000000e+00	   2.0000000e+00	   5.0000000e+00	   4.0000000e+00	   0.0000000e+00	   3.0000000e+00	   1.0000000e+00	   2.0000000e+00	   3.0000000e+00	   6.4400000e+02	
   3.0300000e+02	   3.1400000e+02	   2.1400000e+02	   1.2000000e+01	   3.0000000e+00	   2.5100000e+00	   3.9900000e+00	   1.7700000e+00	   3.0000000e+00	   2.0000000e+00	   1.0000000e+00	   2.0000000e+00	   1.6090000e+03	
   1.1100000e+02	   3.1400000e+02	   2.1200000e+02	   1.1000000e+01	   1.0000000e+00	   4.0050000e+00	   3.9900000e+00	   0.0000000e+00	   2.0000000e+00	   3.0000000e+00	   1.0000000e+00	   3.0000000e+00	   2.3420000e+03	
   3.0400000e+02	   3.1000000e+02	   3.0600000e+02	   1.4000000e+01	   4.0000000e+00	   4.0000000e+00	   2.5100000e+00	   0.0000000e+00	   1.0000000e+00	   2.0000000e+00	   3.0000000e+00	   1.0000000e+00	   1.3770000e+03	
   2.0700000e+02	   3.0200000e+02	   1.0300000e+02	   2.0000000e+00	   2.0000000e+00	   5.0000000e+00	   4.4950000e+00	   0.0000000e+00	   3.0000000e+00	   1.0000000e+00	   2.0000000e+00	   3.0000000e+00	   6.5000000e+02	
   1.1100000e+02	   3.0300000e+02	   1.1400000e+02	   7.0000000e+00	   4.0000000e+00	   4.0050000e+00	   2.5100000e+00	   5.0500000e-01	   2.0000000e+00	   1.0000000e+00	   3.0000000e+00	   1.0000000e+00	   1.9610000e+03	
   2.0700000e+02	   3.1100000e+02	   1.0300000e+02	   2.0000000e+00	   5.0000000e+00	   5.0000000e+00	   2.5100000e+00	   0.0000000e+00	   1.0000000e+00	   2.0000000e+00	   3.0000000e+00	   1.0000000e+00	   6.9300000e+02	
   3.0200000e+02	   3.1000000e+02	   2.1200000e+02	   1.1000000e+01	   5.0000000e+00	   4.4950000e+00	   2.5100000e+00	   0.0000000e+00	   2.0000000e+00	   1.0000000e+00	   3.0000000e+00	   1.0000000e+00	   2.9120000e+03	
   2.0900000e+02	   3.0900000e+02	   3.0600000e+02	   1.4000000e+01	   4.0000000e+00	   4.0000000e+00	   2.5000000e+00	   0.0000000e+00	   3.0000000e+00	   2.0000000e+00	   1.0000000e+00	   3.0000000e+00	   9.1900000e+02	
   1.0600000e+02	   1.1100000e+02	   1.0500000e+02	   3.0000000e+00	   3.0000000e+00	   2.7550000e+00	   4.0050000e+00	   0.0000000e+00	   3.0000000e+00	   2.0000000e+00	   1.0000000e+00	   2.0000000e+00	   1.5110000e+03	
   1.1100000e+02	   3.1000000e+02	   1.0300000e+02	   2.0000000e+00	   4.0000000e+00	   4.0050000e+00	   2.5100000e+00	   0.0000000e+00	   1.0000000e+00	   2.0000000e+00	   3.0000000e+00	   1.0000000e+00	   1.9490000e+03	
   2.0600000e+02	   2.0800000e+02	   2.1500000e+02	   1.3000000e+01	   3.0000000e+00	   5.0000000e+00	   3.9900000e+00	   0.0000000e+00	   2.0000000e+00	   1.0000000e+00	   3.0000000e+00	   2.0000000e+00	   8.6300000e+02	
   1.0700000e+02	   3.0300000e+02	   2.0100000e+02	   9.0000000e+00	   3.0000000e+00	   3.9900000e+00	   2.5100000e+00	   0.0000000e+00	   1.0000000e+00	   2.0000000e+00	   3.0000000e+00	   2.0000000e+00	   2.5770000e+03	
   1.0600000e+02	   2.0800000e+02	   1.1000000e+02	   5.0000000e+00	   3.0000000e+00	   2.7550000e+00	   3.9900000e+00	   0.0000000e+00	   2.0000000e+00	   3.0000000e+00	   1.0000000e+00	   3.0000000e+00	   9.2400000e+02	
   2.0900000e+02	   3.1100000e+02	   1.0800000e+02	   4.0000000e+00	   4.0000000e+00	   4.0000000e+00	   2.5100000e+00	   4.9500000e-01	   1.0000000e+00	   2.0000000e+00	   3.0000000e+00	   1.0000000e+00	   1.5450000e+03	
   1.0600000e+02	   2.0800000e+02	   1.0500000e+02	   3.0000000e+00	   3.0000000e+00	   2.7550000e+00	   3.9900000e+00	   0.0000000e+00	   3.0000000e+00	   1.0000000e+00	   2.0000000e+00	   1.0000000e+00	   7.2300000e+02	
   2.0700000e+02	   3.1000000e+02	   2.1500000e+02	   1.3000000e+01	   5.0000000e+00	   5.0000000e+00	   2.5100000e+00	   0.0000000e+00	   2.0000000e+00	   3.0000000e+00	   1.0000000e+00	   2.0000000e+00	   6.2400000e+02	
   1.0700000e+02	   3.1100000e+02	   2.1500000e+02	   1.3000000e+01	   3.0000000e+00	   3.9900000e+00	   2.5100000e+00	   0.0000000e+00	   3.0000000e+00	   2.0000000e+00	   1.0000000e+00	   3.0000000e+00	   1.7200000e+03	
   1.0600000e+02	   2.0900000e+02	   2.0500000e+02	   1.0000000e+01	   3.0000000e+00	   2.7550000e+00	   4.0000000e+00	   0.0000000e+00	   3.0000000e+00	   1.0000000e+00	   2.0000000e+00	   1.0000000e+00	   1.1840000e+03	
   3.0200000e+02	   3.0400000e+02	   1.1000000e+02	   5.0000000e+00	   2.0000000e+00	   4.4950000e+00	   4.0000000e+00	   0.0000000e+00	   1.0000000e+00	   2.0000000e+00	   3.0000000e+00	   2.0000000e+00	   1.2210000e+03	
   2.0800000e+02	   3.0300000e+02	   1.0100000e+02	   1.0000000e+00	   3.0000000e+00	   3.9900000e+00	   2.5100000e+00	   0.0000000e+00	   1.0000000e+00	   2.0000000e+00	   3.0000000e+00	   1.0000000e+00	   1.0440000e+03	
   1.0700000e+02	   1.1100000e+02	   3.0600000e+02	   1.4000000e+01	   1.0000000e+00	   3.9900000e+00	   4.0050000e+00	   0.0000000e+00	   1.0000000e+00	   3.0000000e+00	   2.0000000e+00	   3.0000000e+00	   1.3890000e+03	
   1.0600000e+02	   1.0700000e+02	   2.0100000e+02	   9.0000000e+00	   3.0000000e+00	   2.7550000e+00	   3.9900000e+00	   0.0000000e+00	   2.0000000e+00	   1.0000000e+00	   3.0000000e+00	   1.0000000e+00	   2.3660000e+03	
   2.0200000e+02	   2.0900000e+02	   2.0500000e+02	   1.0000000e+01	   4.0000000e+00	   2.5050000e+00	   4.0000000e+00	   0.0000000e+00	   1.0000000e+00	   3.0000000e+00	   2.0000000e+00	   3.0000000e+00	   7.4000000e+02	
   2.0800000e+02	   3.1100000e+02	   1.1300000e+02	   6.0000000e+00	   3.0000000e+00	   3.9900000e+00	   2.5100000e+00	   2.5000000e+00	   1.0000000e+00	   2.0000000e+00	   3.0000000e+00	   1.0000000e+00	   1.0060000e+03	
   3.0900000e+02	   3.1100000e+02	   1.0500000e+02	   3.0000000e+00	   1.0000000e+00	   2.5000000e+00	   2.5100000e+00	   0.0000000e+00	   2.0000000e+00	   3.0000000e+00	   1.0000000e+00	   2.0000000e+00	   1.8160000e+03	
   1.1100000e+02	   3.1000000e+02	   3.0800000e+02	   1.5000000e+01	   4.0000000e+00	   4.0050000e+00	   2.5100000e+00	   0.0000000e+00	   3.0000000e+00	   2.0000000e+00	   1.0000000e+00	   3.0000000e+00	   7.6400000e+02	
   2.0700000e+02	   3.1000000e+02	   2.0100000e+02	   9.0000000e+00	   5.0000000e+00	   5.0000000e+00	   2.5100000e+00	   0.0000000e+00	   3.0000000e+00	   1.0000000e+00	   2.0000000e+00	   3.0000000e+00	   7.5000000e+02	
   1.0700000e+02	   3.0200000e+02	   1.1300000e+02	   6.0000000e+00	   2.0000000e+00	   3.9900000e+00	   4.4950000e+00	   2.5000000e+00	   3.0000000e+00	   1.0000000e+00	   2.0000000e+00	   3.0000000e+00	   1.6160000e+03	
   1.1100000e+02	   3.0900000e+02	   3.0600000e+02	   1.4000000e+01	   5.0000000e+00	   4.0050000e+00	   2.5000000e+00	   0.0000000e+00	   3.0000000e+00	   2.0000000e+00	   1.0000000e+00	   3.0000000e+00	   1.8940000e+03	
   1.0600000e+02	   2.0200000e+02	   1.1500000e+02	   8.0000000e+00	   2.0000000e+00	   2.7550000e+00	   2.5050000e+00	   0.0000000e+00	   3.0000000e+00	   2.0000000e+00	   1.0000000e+00	   2.0000000e+00	   1.5860000e+03	
   1.0700000e+02	   3.0400000e+02	   3.0800000e+02	   1.5000000e+01	   1.0000000e+00	   3.9900000e+00	   4.0000000e+00	   0.0000000e+00	   1.0000000e+00	   2.0000000e+00	   3.0000000e+00	   2.0000000e+00	   1.7480000e+03	
   1.0600000e+02	   3.1400000e+02	   2.0100000e+02	   9.0000000e+00	   3.0000000e+00	   2.7550000e+00	   3.9900000e+00	   0.0000000e+00	   3.0000000e+00	   1.0000000e+00	   2.0000000e+00	   1.0000000e+00	   1.4390000e+03	
   1.0700000e+02	   2.0900000e+02	   3.0600000e+02	   1.4000000e+01	   1.0000000e+00	   3.9900000e+00	   4.0000000e+00	   0.0000000e+00	   3.0000000e+00	   1.0000000e+00	   2.0000000e+00	   1.0000000e+00	   9.9800000e+02	
   1.0700000e+02	   2.0600000e+02	   1.0500000e+02	   3.0000000e+00	   2.0000000e+00	   3.9900000e+00	   5.0000000e+00	   0.0000000e+00	   1.0000000e+00	   3.0000000e+00	   2.0000000e+00	   3.0000000e+00	   6.8800000e+02	
   3.0900000e+02	   3.1000000e+02	   2.0100000e+02	   9.0000000e+00	   1.0000000e+00	   2.5000000e+00	   2.5100000e+00	   0.0000000e+00	   1.0000000e+00	   3.0000000e+00	   2.0000000e+00	   1.0000000e+00	   1.4840000e+03	
   2.0600000e+02	   3.1400000e+02	   1.0800000e+02	   4.0000000e+00	   3.0000000e+00	   5.0000000e+00	   3.9900000e+00	   4.9500000e-01	   2.0000000e+00	   1.0000000e+00	   3.0000000e+00	   2.0000000e+00	   7.0400000e+02	
   2.0700000e+02	   3.0300000e+02	   2.0100000e+02	   9.0000000e+00	   5.0000000e+00	   5.0000000e+00	   2.5100000e+00	   0.0000000e+00	   1.0000000e+00	   3.0000000e+00	   2.0000000e+00	   1.0000000e+00	   6.8300000e+02	
   2.0200000e+02	   2.0800000e+02	   1.0300000e+02	   2.0000000e+00	   4.0000000e+00	   2.5050000e+00	   3.9900000e+00	   0.0000000e+00	   1.0000000e+00	   2.0000000e+00	   3.0000000e+00	   2.0000000e+00	   7.4700000e+02	
   2.0700000e+02	   3.0900000e+02	   3.0800000e+02	   1.5000000e+01	   5.0000000e+00	   5.0000000e+00	   2.5000000e+00	   0.0000000e+00	   1.0000000e+00	   3.0000000e+00	   2.0000000e+00	   1.0000000e+00	   7.8000000e+02	
   2.0200000e+02	   2.0800000e+02	   1.0100000e+02	   1.0000000e+00	   4.0000000e+00	   2.5050000e+00	   3.9900000e+00	   0.0000000e+00	   1.0000000e+00	   2.0000000e+00	   3.0000000e+00	   2.0000000e+00	   8.5800000e+02	
   1.1100000e+02	   2.0900000e+02	   1.0300000e+02	   2.0000000e+00	   1.0000000e+00	   4.0050000e+00	   4.0000000e+00	   0.0000000e+00	   1.0000000e+00	   3.0000000e+00	   2.0000000e+00	   3.0000000e+00	   7.3100000e+02	
   2.0200000e+02	   3.1400000e+02	   1.0800000e+02	   4.0000000e+00	   4.0000000e+00	   2.5050000e+00	   3.9900000e+00	   4.9500000e-01	   3.0000000e+00	   2.0000000e+00	   1.0000000e+00	   2.0000000e+00	   1.2920000e+03	
   1.1100000e+02	   2.0200000e+02	   2.0500000e+02	   1.0000000e+01	   4.0000000e+00	   4.0050000e+00	   2.5050000e+00	   0.0000000e+00	   3.0000000e+00	   1.0000000e+00	   2.0000000e+00	   3.0000000e+00	   2.1650000e+03	
   1.0700000e+02	   1.1100000e+02	   1.1400000e+02	   7.0000000e+00	   1.0000000e+00	   3.9900000e+00	   4.0050000e+00	   5.0500000e-01	   1.0000000e+00	   2.0000000e+00	   3.0000000e+00	   2.0000000e+00	   1.5410000e+03	
   2.0200000e+02	   3.1400000e+02	   3.0800000e+02	   1.5000000e+01	   4.0000000e+00	   2.5050000e+00	   3.9900000e+00	   0.0000000e+00	   2.0000000e+00	   3.0000000e+00	   1.0000000e+00	   3.0000000e+00	   1.8250000e+03	
   1.1100000e+02	   2.0800000e+02	   2.1400000e+02	   1.2000000e+01	   1.0000000e+00	   4.0050000e+00	   3.9900000e+00	   1.7700000e+00	   1.0000000e+00	   3.0000000e+00	   2.0000000e+00	   3.0000000e+00	   8.2500000e+02	
   2.0700000e+02	   3.0400000e+02	   1.0800000e+02	   4.0000000e+00	   2.0000000e+00	   5.0000000e+00	   4.0000000e+00	   4.9500000e-01	   2.0000000e+00	   3.0000000e+00	   1.0000000e+00	   2.0000000e+00	   9.6700000e+02	
   2.0700000e+02	   3.1000000e+02	   1.0500000e+02	   3.0000000e+00	   5.0000000e+00	   5.0000000e+00	   2.5100000e+00	   0.0000000e+00	   3.0000000e+00	   1.0000000e+00	   2.0000000e+00	   3.0000000e+00	   6.8000000e+02	
   1.0700000e+02	   2.0900000e+02	   2.0500000e+02	   1.0000000e+01	   1.0000000e+00	   3.9900000e+00	   4.0000000e+00	   0.0000000e+00	   1.0000000e+00	   2.0000000e+00	   3.0000000e+00	   2.0000000e+00	   1.6670000e+03	
   2.0600000e+02	   3.0200000e+02	   1.0100000e+02	   1.0000000e+00	   2.0000000e+00	   5.0000000e+00	   4.4950000e+00	   0.0000000e+00	   3.0000000e+00	   2.0000000e+00	   1.0000000e+00	   3.0000000e+00	   7.4000000e+02	
   2.0700000e+02	   3.1100000e+02	   1.1000000e+02	   5.0000000e+00	   5.0000000e+00	   5.0000000e+00	   2.5100000e+00	   0.0000000e+00	   3.0000000e+00	   2.0000000e+00	   1.0000000e+00	   3.0000000e+00	   6.2500000e+02	
   2.0600000e+02	   3.1000000e+02	   3.0600000e+02	   1.4000000e+01	   5.0000000e+00	   5.0000000e+00	   2.5100000e+00	   0.0000000e+00	   3.0000000e+00	   1.0000000e+00	   2.0000000e+00	   3.0000000e+00	   6.9200000e+02	
   1.1100000e+02	   2.0200000e+02	   1.1400000e+02	   7.0000000e+00	   4.0000000e+00	   4.0050000e+00	   2.5050000e+00	   5.0500000e-01	   3.0000000e+00	   1.0000000e+00	   2.0000000e+00	   3.0000000e+00	   1.2920000e+03	
   1.0600000e+02	   2.0900000e+02	   1.0500000e+02	   3.0000000e+00	   3.0000000e+00	   2.7550000e+00	   4.0000000e+00	   0.0000000e+00	   1.0000000e+00	   3.0000000e+00	   2.0000000e+00	   3.0000000e+00	   1.0500000e+03	
   1.0700000e+02	   3.1000000e+02	   3.0800000e+02	   1.5000000e+01	   3.0000000e+00	   3.9900000e+00	   2.5100000e+00	   0.0000000e+00	   3.0000000e+00	   2.0000000e+00	   1.0000000e+00	   3.0000000e+00	   3.6150000e+03	
   3.0300000e+02	   3.0400000e+02	   1.1000000e+02	   5.0000000e+00	   4.0000000e+00	   2.5100000e+00	   4.0000000e+00	   0.0000000e+00	   2.0000000e+00	   1.0000000e+00	   3.0000000e+00	   1.0000000e+00	   1.9340000e+03	
   1.1100000e+02	   3.1100000e+02	   1.0100000e+02	   1.0000000e+00	   4.0000000e+00	   4.0050000e+00	   2.5100000e+00	   0.0000000e+00	   2.0000000e+00	   1.0000000e+00	   3.0000000e+00	   2.0000000e+00	   1.3310000e+03	
   3.0400000e+02	   3.0900000e+02	   3.0800000e+02	   1.5000000e+01	   5.0000000e+00	   4.0000000e+00	   2.5000000e+00	   0.0000000e+00	   1.0000000e+00	   3.0000000e+00	   2.0000000e+00	   1.0000000e+00	   1.7180000e+03	
   1.0600000e+02	   3.0900000e+02	   2.0100000e+02	   9.0000000e+00	   2.0000000e+00	   2.7550000e+00	   2.5000000e+00	   0.0000000e+00	   2.0000000e+00	   1.0000000e+00	   3.0000000e+00	   1.0000000e+00	   1.8870000e+03	
   3.0400000e+02	   3.1400000e+02	   1.1500000e+02	   8.0000000e+00	   1.0000000e+00	   4.0000000e+00	   3.9900000e+00	   0.0000000e+00	   3.0000000e+00	   2.0000000e+00	   1.0000000e+00	   2.0000000e+00	   1.7630000e+03	
   2.0600000e+02	   2.0800000e+02	   3.0600000e+02	   1.4000000e+01	   3.0000000e+00	   5.0000000e+00	   3.9900000e+00	   0.0000000e+00	   3.0000000e+00	   1.0000000e+00	   2.0000000e+00	   3.0000000e+00	   6.3200000e+02	
   1.0600000e+02	   3.0900000e+02	   3.0800000e+02	   1.5000000e+01	   2.0000000e+00	   2.7550000e+00	   2.5000000e+00	   0.0000000e+00	   1.0000000e+00	   3.0000000e+00	   2.0000000e+00	   3.0000000e+00	   1.5890000e+03	
   2.0200000e+02	   3.0400000e+02	   1.0100000e+02	   1.0000000e+00	   4.0000000e+00	   2.5050000e+00	   4.0000000e+00	   0.0000000e+00	   2.0000000e+00	   1.0000000e+00	   3.0000000e+00	   1.0000000e+00	   1.1860000e+03	
   2.0200000e+02	   2.0900000e+02	   2.0100000e+02	   9.0000000e+00	   4.0000000e+00	   2.5050000e+00	   4.0000000e+00	   0.0000000e+00	   3.0000000e+00	   1.0000000e+00	   2.0000000e+00	   1.0000000e+00	   1.7370000e+03	
   1.0600000e+02	   3.0300000e+02	   3.0800000e+02	   1.5000000e+01	   1.0000000e+00	   2.7550000e+00	   2.5100000e+00	   0.0000000e+00	   1.0000000e+00	   2.0000000e+00	   3.0000000e+00	   2.0000000e+00	   1.3580000e+03	
   2.0700000e+02	   3.1400000e+02	   1.0100000e+02	   1.0000000e+00	   3.0000000e+00	   5.0000000e+00	   3.9900000e+00	   0.0000000e+00	   3.0000000e+00	   2.0000000e+00	   1.0000000e+00	   3.0000000e+00	   5.7800000e+02	
   1.1100000e+02	   2.0200000e+02	   1.0500000e+02	   3.0000000e+00	   4.0000000e+00	   4.0050000e+00	   2.5050000e+00	   0.0000000e+00	   2.0000000e+00	   3.0000000e+00	   1.0000000e+00	   2.0000000e+00	   1.2840000e+03	
   3.0400000e+02	   3.0900000e+02	   1.1300000e+02	   6.0000000e+00	   5.0000000e+00	   4.0000000e+00	   2.5000000e+00	   2.5000000e+00	   3.0000000e+00	   2.0000000e+00	   1.0000000e+00	   3.0000000e+00	   1.6530000e+03	
   2.0200000e+02	   3.1000000e+02	   2.1200000e+02	   1.1000000e+01	   1.0000000e+00	   2.5050000e+00	   2.5100000e+00	   0.0000000e+00	   1.0000000e+00	   3.0000000e+00	   2.0000000e+00	   1.0000000e+00	   1.8210000e+03	
   2.0800000e+02	   2.0900000e+02	   2.1400000e+02	   1.2000000e+01	   1.0000000e+00	   3.9900000e+00	   4.0000000e+00	   1.7700000e+00	   2.0000000e+00	   1.0000000e+00	   3.0000000e+00	   2.0000000e+00	   1.4100000e+03	
   2.0200000e+02	   3.1000000e+02	   1.0100000e+02	   1.0000000e+00	   1.0000000e+00	   2.5050000e+00	   2.5100000e+00	   0.0000000e+00	   3.0000000e+00	   2.0000000e+00	   1.0000000e+00	   3.0000000e+00	   4.1770000e+03	
   3.0200000e+02	   3.0300000e+02	   1.1400000e+02	   7.0000000e+00	   5.0000000e+00	   4.4950000e+00	   2.5100000e+00	   5.0500000e-01	   2.0000000e+00	   3.0000000e+00	   1.0000000e+00	   3.0000000e+00	   1.8860000e+03	
   1.0700000e+02	   3.1100000e+02	   2.1400000e+02	   1.2000000e+01	   3.0000000e+00	   3.9900000e+00	   2.5100000e+00	   1.7700000e+00	   1.0000000e+00	   2.0000000e+00	   3.0000000e+00	   1.0000000e+00	   2.7430000e+03	
   1.0600000e+02	   2.0600000e+02	   2.1500000e+02	   1.3000000e+01	   5.0000000e+00	   2.7550000e+00	   5.0000000e+00	   0.0000000e+00	   2.0000000e+00	   1.0000000e+00	   3.0000000e+00	   1.0000000e+00	   6.7900000e+02	
   2.0200000e+02	   3.0300000e+02	   1.0800000e+02	   4.0000000e+00	   1.0000000e+00	   2.5050000e+00	   2.5100000e+00	   4.9500000e-01	   1.0000000e+00	   3.0000000e+00	   2.0000000e+00	   3.0000000e+00	   2.6150000e+03	
   2.0700000e+02	   3.0300000e+02	   2.1200000e+02	   1.1000000e+01	   5.0000000e+00	   5.0000000e+00	   2.5100000e+00	   0.0000000e+00	   2.0000000e+00	   1.0000000e+00	   3.0000000e+00	   2.0000000e+00	   6.7300000e+02	
   2.0900000e+02	   3.0200000e+02	   1.0300000e+02	   2.0000000e+00	   2.0000000e+00	   4.0000000e+00	   4.4950000e+00	   0.0000000e+00	   1.0000000e+00	   3.0000000e+00	   2.0000000e+00	   1.0000000e+00	   1.2460000e+03	
   3.0200000e+02	   3.0400000e+02	   1.0100000e+02	   1.0000000e+00	   2.0000000e+00	   4.4950000e+00	   4.0000000e+00	   0.0000000e+00	   1.0000000e+00	   2.0000000e+00	   3.0000000e+00	   2.0000000e+00	   1.7460000e+03	
   2.0700000e+02	   3.0400000e+02	   1.0500000e+02	   3.0000000e+00	   2.0000000e+00	   5.0000000e+00	   4.0000000e+00	   0.0000000e+00	   3.0000000e+00	   2.0000000e+00	   1.0000000e+00	   3.0000000e+00	   1.0260000e+03	
   3.1000000e+02	   3.1400000e+02	   1.1300000e+02	   6.0000000e+00	   3.0000000e+00	   2.5100000e+00	   3.9900000e+00	   2.5000000e+00	   3.0000000e+00	   1.0000000e+00	   2.0000000e+00	   1.0000000e+00	   1.9030000e+03	
   1.0600000e+02	   2.0600000e+02	   1.1000000e+02	   5.0000000e+00	   5.0000000e+00	   2.7550000e+00	   5.0000000e+00	   0.0000000e+00	   1.0000000e+00	   3.0000000e+00	   2.0000000e+00	   3.0000000e+00	   5.1800000e+02	
   1.0600000e+02	   1.0700000e+02	   2.1200000e+02	   1.1000000e+01	   3.0000000e+00	   2.7550000e+00	   3.9900000e+00	   0.0000000e+00	   1.0000000e+00	   3.0000000e+00	   2.0000000e+00	   3.0000000e+00	   1.3960000e+03	
   2.0900000e+02	   3.1100000e+02	   3.0600000e+02	   1.4000000e+01	   4.0000000e+00	   4.0000000e+00	   2.5100000e+00	   0.0000000e+00	   3.0000000e+00	   1.0000000e+00	   2.0000000e+00	   3.0000000e+00	   7.4600000e+02	
   2.0800000e+02	   2.0900000e+02	   1.0800000e+02	   4.0000000e+00	   1.0000000e+00	   3.9900000e+00	   4.0000000e+00	   4.9500000e-01	   3.0000000e+00	   2.0000000e+00	   1.0000000e+00	   3.0000000e+00	   1.2160000e+03	
   2.0200000e+02	   3.1400000e+02	   1.1000000e+02	   5.0000000e+00	   4.0000000e+00	   2.5050000e+00	   3.9900000e+00	   0.0000000e+00	   3.0000000e+00	   2.0000000e+00	   1.0000000e+00	   2.0000000e+00	   1.1330000e+03	
   2.0200000e+02	   3.0300000e+02	   1.0100000e+02	   1.0000000e+00	   1.0000000e+00	   2.5050000e+00	   2.5100000e+00	   0.0000000e+00	   3.0000000e+00	   2.0000000e+00	   1.0000000e+00	   2.0000000e+00	   3.3060000e+03	
   1.1100000e+02	   3.0400000e+02	   2.1400000e+02	   1.2000000e+01	   1.0000000e+00	   4.0050000e+00	   4.0000000e+00	   1.7700000e+00	   3.0000000e+00	   2.0000000e+00	   1.0000000e+00	   2.0000000e+00	   9.3200000e+02	
   2.0700000e+02	   3.0200000e+02	   1.1400000e+02	   7.0000000e+00	   2.0000000e+00	   5.0000000e+00	   4.4950000e+00	   5.0500000e-01	   1.0000000e+00	   3.0000000e+00	   2.0000000e+00	   1.0000000e+00	   6.9100000e+02	
   3.0400000e+02	   3.0900000e+02	   1.1400000e+02	   7.0000000e+00	   5.0000000e+00	   4.0000000e+00	   2.5000000e+00	   5.0500000e-01	   2.0000000e+00	   1.0000000e+00	   3.0000000e+00	   2.0000000e+00	   1.9140000e+03	
   1.0600000e+02	   2.0200000e+02	   1.1400000e+02	   7.0000000e+00	   2.0000000e+00	   2.7550000e+00	   2.5050000e+00	   5.0500000e-01	   2.0000000e+00	   1.0000000e+00	   3.0000000e+00	   1.0000000e+00	   1.4840000e+03	
   2.0200000e+02	   3.1000000e+02	   1.0500000e+02	   3.0000000e+00	   1.0000000e+00	   2.5050000e+00	   2.5100000e+00	   0.0000000e+00	   2.0000000e+00	   3.0000000e+00	   1.0000000e+00	   2.0000000e+00	   1.5710000e+03	
   3.0200000e+02	   3.0400000e+02	   1.1500000e+02	   8.0000000e+00	   2.0000000e+00	   4.4950000e+00	   4.0000000e+00	   0.0000000e+00	   2.0000000e+00	   3.0000000e+00	   1.0000000e+00	   3.0000000e+00	   1.7950000e+03	
   2.0800000e+02	   2.0900000e+02	   1.1000000e+02	   5.0000000e+00	   1.0000000e+00	   3.9900000e+00	   4.0000000e+00	   0.0000000e+00	   1.0000000e+00	   2.0000000e+00	   3.0000000e+00	   1.0000000e+00	   9.7100000e+02	
   2.0900000e+02	   3.1100000e+02	   2.0500000e+02	   1.0000000e+01	   4.0000000e+00	   4.0000000e+00	   2.5100000e+00	   0.0000000e+00	   2.0000000e+00	   1.0000000e+00	   3.0000000e+00	   2.0000000e+00	   7.8300000e+02	
   1.1100000e+02	   2.0700000e+02	   1.1000000e+02	   5.0000000e+00	   2.0000000e+00	   4.0050000e+00	   5.0000000e+00	   0.0000000e+00	   1.0000000e+00	   2.0000000e+00	   3.0000000e+00	   2.0000000e+00	   6.0100000e+02	
   3.1000000e+02	   3.1400000e+02	   2.1200000e+02	   1.1000000e+01	   3.0000000e+00	   2.5100000e+00	   3.9900000e+00	   0.0000000e+00	   2.0000000e+00	   1.0000000e+00	   3.0000000e+00	   1.0000000e+00	   1.4000000e+03	
   2.0700000e+02	   3.0400000e+02	   1.1300000e+02	   6.0000000e+00	   2.0000000e+00	   5.0000000e+00	   4.0000000e+00	   2.5000000e+00	   3.0000000e+00	   1.0000000e+00	   2.0000000e+00	   3.0000000e+00	   5.4100000e+02	
   2.0800000e+02	   3.0900000e+02	   2.0500000e+02	   1.0000000e+01	   4.0000000e+00	   3.9900000e+00	   2.5000000e+00	   0.0000000e+00	   1.0000000e+00	   2.0000000e+00	   3.0000000e+00	   1.0000000e+00	   9.0000000e+02	
   2.0800000e+02	   3.0400000e+02	   1.0300000e+02	   2.0000000e+00	   1.0000000e+00	   3.9900000e+00	   4.0000000e+00	   0.0000000e+00	   2.0000000e+00	   1.0000000e+00	   3.0000000e+00	   2.0000000e+00	   6.4000000e+02	
   1.0600000e+02	   3.0900000e+02	   1.1500000e+02	   8.0000000e+00	   2.0000000e+00	   2.7550000e+00	   2.5000000e+00	   0.0000000e+00	   1.0000000e+00	   2.0000000e+00	   3.0000000e+00	   2.0000000e+00	   1.3460000e+03	
   2.0600000e+02	   3.0400000e+02	   2.0500000e+02	   1.0000000e+01	   2.0000000e+00	   5.0000000e+00	   4.0000000e+00	   0.0000000e+00	   1.0000000e+00	   2.0000000e+00	   3.0000000e+00	   1.0000000e+00	   8.8400000e+02	
   3.0400000e+02	   3.1100000e+02	   2.0100000e+02	   9.0000000e+00	   4.0000000e+00	   4.0000000e+00	   2.5100000e+00	   0.0000000e+00	   2.0000000e+00	   1.0000000e+00	   3.0000000e+00	   2.0000000e+00	   1.4290000e+03	
   2.0200000e+02	   2.0900000e+02	   1.1300000e+02	   6.0000000e+00	   4.0000000e+00	   2.5050000e+00	   4.0000000e+00	   2.5000000e+00	   1.0000000e+00	   2.0000000e+00	   3.0000000e+00	   2.0000000e+00	   7.3100000e+02	
   2.0600000e+02	   3.0300000e+02	   3.0600000e+02	   1.4000000e+01	   5.0000000e+00	   5.0000000e+00	   2.5100000e+00	   0.0000000e+00	   1.0000000e+00	   3.0000000e+00	   2.0000000e+00	   1.0000000e+00	   6.7500000e+02	
   1.0700000e+02	   3.0300000e+02	   2.0500000e+02	   1.0000000e+01	   3.0000000e+00	   3.9900000e+00	   2.5100000e+00	   0.0000000e+00	   3.0000000e+00	   2.0000000e+00	   1.0000000e+00	   2.0000000e+00	   9.6400000e+02	
   1.0600000e+02	   1.0700000e+02	   1.0100000e+02	   1.0000000e+00	   3.0000000e+00	   2.7550000e+00	   3.9900000e+00	   0.0000000e+00	   1.0000000e+00	   2.0000000e+00	   3.0000000e+00	   2.0000000e+00	   9.2700000e+02	
   3.0200000e+02	   3.1400000e+02	   1.0300000e+02	   2.0000000e+00	   2.0000000e+00	   4.4950000e+00	   3.9900000e+00	   0.0000000e+00	   3.0000000e+00	   2.0000000e+00	   1.0000000e+00	   2.0000000e+00	   7.5600000e+02	
   3.0300000e+02	   3.1400000e+02	   1.0100000e+02	   1.0000000e+00	   3.0000000e+00	   2.5100000e+00	   3.9900000e+00	   0.0000000e+00	   3.0000000e+00	   2.0000000e+00	   1.0000000e+00	   2.0000000e+00	   6.8200000e+02	
   2.0700000e+02	   3.0400000e+02	   1.1000000e+02	   5.0000000e+00	   2.0000000e+00	   5.0000000e+00	   4.0000000e+00	   0.0000000e+00	   1.0000000e+00	   2.0000000e+00	   3.0000000e+00	   1.0000000e+00	   5.8900000e+02	
   2.0900000e+02	   3.0900000e+02	   1.1500000e+02	   8.0000000e+00	   4.0000000e+00	   4.0000000e+00	   2.5000000e+00	   0.0000000e+00	   3.0000000e+00	   2.0000000e+00	   1.0000000e+00	   3.0000000e+00	   6.4000000e+02	
   3.1000000e+02	   3.1400000e+02	   1.1000000e+02	   5.0000000e+00	   3.0000000e+00	   2.5100000e+00	   3.9900000e+00	   0.0000000e+00	   3.0000000e+00	   2.0000000e+00	   1.0000000e+00	   2.0000000e+00	   5.7900000e+02	
   2.0900000e+02	   3.1400000e+02	   2.1200000e+02	   1.1000000e+01	   1.0000000e+00	   4.0000000e+00	   3.9900000e+00	   0.0000000e+00	   1.0000000e+00	   2.0000000e+00	   3.0000000e+00	   1.0000000e+00	   9.5400000e+02	
   2.0800000e+02	   3.0300000e+02	   3.0800000e+02	   1.5000000e+01	   3.0000000e+00	   3.9900000e+00	   2.5100000e+00	   0.0000000e+00	   2.0000000e+00	   1.0000000e+00	   3.0000000e+00	   2.0000000e+00	   6.8200000e+02	
   2.0200000e+02	   3.1100000e+02	   2.0500000e+02	   1.0000000e+01	   1.0000000e+00	   2.5050000e+00	   2.5100000e+00	   0.0000000e+00	   1.0000000e+00	   2.0000000e+00	   3.0000000e+00	   1.0000000e+00	   1.4170000e+03	
   3.0200000e+02	   3.1400000e+02	   2.1400000e+02	   1.2000000e+01	   2.0000000e+00	   4.4950000e+00	   3.9900000e+00	   1.7700000e+00	   1.0000000e+00	   2.0000000e+00	   3.0000000e+00	   2.0000000e+00	   6.8700000e+02	
   1.1100000e+02	   2.0600000e+02	   2.0100000e+02	   9.0000000e+00	   2.0000000e+00	   4.0050000e+00	   5.0000000e+00	   0.0000000e+00	   1.0000000e+00	   2.0000000e+00	   3.0000000e+00	   2.0000000e+00	   6.0600000e+02	
   3.0200000e+02	   3.0300000e+02	   1.0300000e+02	   2.0000000e+00	   5.0000000e+00	   4.4950000e+00	   2.5100000e+00	   0.0000000e+00	   1.0000000e+00	   3.0000000e+00	   2.0000000e+00	   3.0000000e+00	   8.2100000e+02	
   2.0900000e+02	   3.0300000e+02	   1.0500000e+02	   3.0000000e+00	   4.0000000e+00	   4.0000000e+00	   2.5100000e+00	   0.0000000e+00	   1.0000000e+00	   2.0000000e+00	   3.0000000e+00	   1.0000000e+00	   7.4300000e+02	
   1.0700000e+02	   3.1100000e+02	   1.0300000e+02	   2.0000000e+00	   3.0000000e+00	   3.9900000e+00	   2.5100000e+00	   0.0000000e+00	   1.0000000e+00	   2.0000000e+00	   3.0000000e+00	   1.0000000e+00	   1.3590000e+03	
   2.0800000e+02	   3.1000000e+02	   2.1400000e+02	   1.2000000e+01	   3.0000000e+00	   3.9900000e+00	   2.5100000e+00	   1.7700000e+00	   1.0000000e+00	   2.0000000e+00	   3.0000000e+00	   1.0000000e+00	   5.3200000e+02	
   1.0600000e+02	   2.0600000e+02	   2.1400000e+02	   1.2000000e+01	   5.0000000e+00	   2.7550000e+00	   5.0000000e+00	   1.7700000e+00	   1.0000000e+00	   3.0000000e+00	   2.0000000e+00	   3.0000000e+00	   5.7900000e+02	
   2.0700000e+02	   3.1000000e+02	   2.0500000e+02	   1.0000000e+01	   5.0000000e+00	   5.0000000e+00	   2.5100000e+00	   0.0000000e+00	   1.0000000e+00	   3.0000000e+00	   2.0000000e+00	   1.0000000e+00	   5.7100000e+02	
   2.0900000e+02	   3.1400000e+02	   1.0500000e+02	   3.0000000e+00	   1.0000000e+00	   4.0000000e+00	   3.9900000e+00	   0.0000000e+00	   2.0000000e+00	   1.0000000e+00	   3.0000000e+00	   2.0000000e+00	   1.2240000e+03	
   2.0600000e+02	   3.1000000e+02	   2.1400000e+02	   1.2000000e+01	   5.0000000e+00	   5.0000000e+00	   2.5100000e+00	   1.7700000e+00	   3.0000000e+00	   2.0000000e+00	   1.0000000e+00	   3.0000000e+00	   6.5000000e+02	
   1.0600000e+02	   2.0200000e+02	   1.1300000e+02	   6.0000000e+00	   2.0000000e+00	   2.7550000e+00	   2.5050000e+00	   2.5000000e+00	   3.0000000e+00	   2.0000000e+00	   1.0000000e+00	   2.0000000e+00	   1.4130000e+03	
   2.0900000e+02	   3.1100000e+02	   1.1400000e+02	   7.0000000e+00	   4.0000000e+00	   4.0000000e+00	   2.5100000e+00	   5.0500000e-01	   2.0000000e+00	   1.0000000e+00	   3.0000000e+00	   2.0000000e+00	   6.4800000e+02	
   2.0700000e+02	   3.0900000e+02	   1.1000000e+02	   5.0000000e+00	   5.0000000e+00	   5.0000000e+00	   2.5000000e+00	   0.0000000e+00	   1.0000000e+00	   2.0000000e+00	   3.0000000e+00	   1.0000000e+00	   5.9400000e+02	
   1.0600000e+02	   1.0700000e+02	   3.0600000e+02	   1.4000000e+01	   3.0000000e+00	   2.7550000e+00	   3.9900000e+00	   0.0000000e+00	   1.0000000e+00	   2.0000000e+00	   3.0000000e+00	   2.0000000e+00	   1.2530000e+03	
   2.0200000e+02	   3.0400000e+02	   1.0300000e+02	   2.0000000e+00	   4.0000000e+00	   2.5050000e+00	   4.0000000e+00	   0.0000000e+00	   2.0000000e+00	   3.0000000e+00	   1.0000000e+00	   3.0000000e+00	   1.0500000e+03	
   2.0200000e+02	   3.0400000e+02	   1.1400000e+02	   7.0000000e+00	   4.0000000e+00	   2.5050000e+00	   4.0000000e+00	   5.0500000e-01	   2.0000000e+00	   1.0000000e+00	   3.0000000e+00	   1.0000000e+00	   1.2740000e+03	
   2.0200000e+02	   2.0600000e+02	   1.1500000e+02	   8.0000000e+00	   5.0000000e+00	   2.5050000e+00	   5.0000000e+00	   0.0000000e+00	   3.0000000e+00	   2.0000000e+00	   1.0000000e+00	   2.0000000e+00	   7.6100000e+02	
   1.0600000e+02	   1.0700000e+02	   1.1000000e+02	   5.0000000e+00	   3.0000000e+00	   2.7550000e+00	   3.9900000e+00	   0.0000000e+00	   1.0000000e+00	   3.0000000e+00	   2.0000000e+00	   3.0000000e+00	   1.7140000e+03	
   2.0200000e+02	   3.1400000e+02	   1.0100000e+02	   1.0000000e+00	   4.0000000e+00	   2.5050000e+00	   3.9900000e+00	   0.0000000e+00	   1.0000000e+00	   3.0000000e+00	   2.0000000e+00	   3.0000000e+00	   9.6300000e+02	
   1.0600000e+02	   2.0600000e+02	   1.0300000e+02	   2.0000000e+00	   5.0000000e+00	   2.7550000e+00	   5.0000000e+00	   0.0000000e+00	   3.0000000e+00	   2.0000000e+00	   1.0000000e+00	   2.0000000e+00	   6.0300000e+02	
   2.0200000e+02	   3.1100000e+02	   2.1200000e+02	   1.1000000e+01	   1.0000000e+00	   2.5050000e+00	   2.5100000e+00	   0.0000000e+00	   3.0000000e+00	   1.0000000e+00	   2.0000000e+00	   3.0000000e+00	   1.2690000e+03	
   1.0700000e+02	   3.1100000e+02	   1.1400000e+02	   7.0000000e+00	   3.0000000e+00	   3.9900000e+00	   2.5100000e+00	   5.0500000e-01	   2.0000000e+00	   3.0000000e+00	   1.0000000e+00	   2.0000000e+00	   1.2540000e+03	
   2.0200000e+02	   2.0900000e+02	   3.0600000e+02	   1.4000000e+01	   4.0000000e+00	   2.5050000e+00	   4.0000000e+00	   0.0000000e+00	   3.0000000e+00	   1.0000000e+00	   2.0000000e+00	   1.0000000e+00	   7.8700000e+02	
   1.1100000e+02	   3.0300000e+02	   2.1200000e+02	   1.1000000e+01	   4.0000000e+00	   4.0050000e+00	   2.5100000e+00	   0.0000000e+00	   3.0000000e+00	   1.0000000e+00	   2.0000000e+00	   3.0000000e+00	   1.3110000e+03	
   3.0300000e+02	   3.0400000e+02	   2.0100000e+02	   9.0000000e+00	   4.0000000e+00	   2.5100000e+00	   4.0000000e+00	   0.0000000e+00	   1.0000000e+00	   3.0000000e+00	   2.0000000e+00	   3.0000000e+00	   2.3290000e+03	
   2.0200000e+02	   3.1100000e+02	   1.0300000e+02	   2.0000000e+00	   1.0000000e+00	   2.5050000e+00	   2.5100000e+00	   0.0000000e+00	   2.0000000e+00	   3.0000000e+00	   1.0000000e+00	   2.0000000e+00	   1.4970000e+03	
   2.0700000e+02	   2.0800000e+02	   1.1300000e+02	   6.0000000e+00	   3.0000000e+00	   5.0000000e+00	   3.9900000e+00	   2.5000000e+00	   1.0000000e+00	   2.0000000e+00	   3.0000000e+00	   1.0000000e+00	   5.9900000e+02	
   2.0900000e+02	   3.0900000e+02	   2.1400000e+02	   1.2000000e+01	   4.0000000e+00	   4.0000000e+00	   2.5000000e+00	   1.7700000e+00	   3.0000000e+00	   1.0000000e+00	   2.0000000e+00	   3.0000000e+00	   8.2100000e+02	
   1.0600000e+02	   2.0600000e+02	   1.0100000e+02	   1.0000000e+00	   5.0000000e+00	   2.7550000e+00	   5.0000000e+00	   0.0000000e+00	   1.0000000e+00	   2.0000000e+00	   3.0000000e+00	   2.0000000e+00	   5.7800000e+02	
