   1.0000000e+00	   2.0900000e+02	   2.0000000e+00	   3.0200000e+00	   4.3878000e+04	   3.9900000e+00	   5.3660000e+03	
   2.0000000e+00	   1.1000000e+02	   1.0000000e+00	   3.1000000e+00	   6.4340000e+03	   5.5000000e-01	   4.7980000e+03	
   3.0000000e+00	   1.1600000e+02	   1.0000000e+00	   5.0000000e+00	   2.2230000e+03	   4.5100000e+00	   2.9990000e+03	
   4.0000000e+00	   2.0100000e+02	   2.0000000e+00	   2.5200000e+00	   6.4210000e+03	   1.6900000e+00	   2.6320000e+03	
   5.0000000e+00	   1.1300000e+02	   1.0000000e+00	   5.0000000e+00	   2.0240000e+03	   4.5200000e+00	   2.6990000e+03	
   6.0000000e+00	   3.1100000e+02	   3.0000000e+00	   3.0100000e+00	   2.9220000e+03	   4.6500000e+00	   2.1660000e+03	
   7.0000000e+00	   3.1000000e+02	   3.0000000e+00	   4.0100000e+00	   5.1880000e+03	   5.8000000e-01	   1.8670000e+03	
   8.0000000e+00	   2.0800000e+02	   2.0000000e+00	   5.0000000e+00	   1.7890000e+03	   4.3700000e+00	   1.2000000e+03	
   9.0000000e+00	   3.0400000e+02	   3.0000000e+00	   5.0000000e+00	   1.4230000e+03	   4.8500000e+00	   3.6320000e+03	
   1.0000000e+01	   1.0400000e+02	   1.0000000e+00	   1.3800000e+00	   6.5560000e+03	   1.2500000e+00	   1.8990000e+03	
   1.1000000e+01	   1.1200000e+02	   1.0000000e+00	   5.0000000e+00	   1.3570000e+03	   4.8300000e+00	   2.0660000e+03	
   1.2000000e+01	   1.1400000e+02	   1.0000000e+00	   1.4700000e+00	   4.2220000e+03	   3.1600000e+00	   5.0330000e+03	
   1.3000000e+01	   2.1300000e+02	   2.0000000e+00	   1.4100000e+00	   5.6540000e+03	   2.5000000e+00	   1.4330000e+03	
   1.4000000e+01	   3.0700000e+02	   3.0000000e+00	   5.0000000e+00	   1.7890000e+03	   4.0600000e+00	   3.5990000e+03	
   1.5000000e+01	   2.1500000e+02	   2.0000000e+00	   0.0000000e+00	   3.6550000e+03	   1.6700000e+00	   3.1320000e+03	
   1.6000000e+01	   3.0300000e+02	   3.0000000e+00	   5.0000000e+00	   1.9230000e+03	   4.9100000e+00	   3.9650000e+03	
   1.7000000e+01	   1.0500000e+02	   1.0000000e+00	   4.4300000e+00	   3.3560000e+03	   1.1700000e+00	   2.7000000e+03	
   1.8000000e+01	   1.0600000e+02	   1.0000000e+00	   5.0000000e+00	   1.5220000e+03	   3.1400000e+00	   3.3330000e+03	
   1.9000000e+01	   3.1400000e+02	   3.0000000e+00	   5.0000000e+00	   2.0370000e+03	   3.8100000e+00	   1.9670000e+03	
   2.0000000e+01	   2.1200000e+02	   2.0000000e+00	   4.7000000e+00	   3.5550000e+03	   1.4900000e+00	   1.3670000e+03	
   2.1000000e+01	   2.0300000e+02	   2.0000000e+00	   2.0000000e-02	   2.4050000e+03	   1.7800000e+00	   3.8310000e+03	
   2.2000000e+01	   2.1400000e+02	   2.0000000e+00	   3.8200000e+00	   4.3550000e+03	   3.0800000e+00	   3.0990000e+03	
   2.3000000e+01	   3.0800000e+02	   3.0000000e+00	   3.8600000e+00	   2.8880000e+03	   3.8700000e+00	   2.5830000e+03	
   2.4000000e+01	   1.0800000e+02	   1.0000000e+00	   5.0000000e+00	   1.4560000e+03	   5.0000000e+00	   9.6600000e+02	
   2.5000000e+01	   2.1100000e+02	   2.0000000e+00	   4.7200000e+00	   2.1560000e+03	   2.1600000e+00	   3.2320000e+03	
   2.6000000e+01	   2.0500000e+02	   2.0000000e+00	   1.8400000e+00	   3.8550000e+03	   1.9000000e+00	   3.1330000e+03	
   2.7000000e+01	   1.0300000e+02	   1.0000000e+00	   4.1000000e+00	   2.8560000e+03	   1.8300000e+00	   1.1990000e+03	
   2.8000000e+01	   3.1300000e+02	   3.0000000e+00	   5.0000000e+00	   1.6890000e+03	   4.9100000e+00	   2.3990000e+03	
   2.9000000e+01	   2.0400000e+02	   2.0000000e+00	   1.9100000e+00	   6.6880000e+03	   2.1700000e+00	   3.9160000e+03	
   3.0000000e+01	   1.1500000e+02	   1.0000000e+00	   1.9100000e+00	   3.9880000e+03	   2.1300000e+00	   2.0660000e+03	
   3.1000000e+01	   1.0900000e+02	   1.0000000e+00	   5.0000000e+00	   2.6560000e+03	   5.0000000e+00	   2.3670000e+03	
   3.2000000e+01	   1.0100000e+02	   1.0000000e+00	   4.2100000e+00	   4.8710000e+03	   4.3800000e+00	   1.5990000e+03	
   3.3000000e+01	   3.0200000e+02	   3.0000000e+00	   5.0000000e+00	   2.0560000e+03	   4.8400000e+00	   1.3670000e+03	
   3.4000000e+01	   1.0700000e+02	   1.0000000e+00	   4.2600000e+00	   7.0710000e+03	   2.9200000e+00	   2.6660000e+03	
   3.5000000e+01	   3.0900000e+02	   3.0000000e+00	   5.0000000e+00	   1.6720000e+03	   5.0000000e+00	   2.0670000e+03	
   3.6000000e+01	   2.0200000e+02	   2.0000000e+00	   4.3000000e+00	   5.0710000e+03	   4.2800000e+00	   2.3660000e+03	
   3.7000000e+01	   2.0600000e+02	   2.0000000e+00	   5.0000000e+00	   1.1050000e+03	   5.0000000e+00	   7.9900000e+02	
   3.8000000e+01	   3.0500000e+02	   3.0000000e+00	   1.8100000e+00	   4.5540000e+03	   1.9200000e+00	   3.7330000e+03	
   3.9000000e+01	   1.1100000e+02	   1.0000000e+00	   5.0000000e+00	   1.3720000e+03	   5.0000000e+00	   1.0660000e+03	
   4.0000000e+01	   3.0100000e+02	   3.0000000e+00	   4.8800000e+00	   3.7550000e+03	   4.8600000e+00	   2.0330000e+03	
   4.1000000e+01	   2.1000000e+02	   2.0000000e+00	   5.0000000e+00	   1.6380000e+03	   5.0000000e+00	   8.6600000e+02	
   4.2000000e+01	   2.0700000e+02	   2.0000000e+00	   1.8600000e+00	   6.7550000e+03	   2.3200000e+00	   1.4660000e+03	
   4.3000000e+01	   3.0600000e+02	   3.0000000e+00	   5.0000000e+00	   2.1700000e+03	   4.6900000e+00	   1.1670000e+03	
   4.4000000e+01	   1.0200000e+02	   1.0000000e+00	   5.0000000e+00	   1.3380000e+03	   5.0000000e+00	   7.0100000e+02	
   4.5000000e+01	   3.1200000e+02	   3.0000000e+00	   2.9300000e+00	   5.5360000e+03	   4.2300000e+00	   2.4990000e+03	
