   1.0000000e+00	   1.0000000e+00	   1.0300000e+02	   2.9800000e+00	   3.0280000e+03	
   1.0000000e+00	   2.0000000e+00	   1.0400000e+02	   8.4000000e-01	   3.3270000e+03	
   1.0000000e+00	   3.0000000e+00	   1.1100000e+02	   2.5000000e+00	   1.3260000e+03	
   1.0000000e+00	   4.0000000e+00	   2.1200000e+02	   0.0000000e+00	   2.2280000e+03	
   1.0000000e+00	   5.0000000e+00	   2.1500000e+02	   6.9000000e-01	   2.5950000e+03	
   1.0000000e+00	   6.0000000e+00	   2.0200000e+02	   9.0000000e-02	   3.1620000e+03	
   1.0000000e+00	   7.0000000e+00	   3.0700000e+02	   4.1800000e+00	   6.0930000e+03	
   1.0000000e+00	   8.0000000e+00	   1.1400000e+02	   3.0400000e+00	   1.4970000e+03	
   1.0000000e+00	   9.0000000e+00	   2.1400000e+02	   5.0000000e+00	   5.5260000e+03	
   1.0000000e+00	   1.0000000e+01	   3.0300000e+02	   5.0000000e+00	   1.4950000e+03	
   1.0000000e+00	   1.1000000e+01	   2.0400000e+02	   1.7000000e-01	   1.7610000e+03	
   1.0000000e+00	   1.2000000e+01	   2.1300000e+02	   3.6100000e+00	   1.5280000e+03	
   1.0000000e+00	   1.3000000e+01	   3.1400000e+02	   5.0000000e+00	   2.2620000e+03	
   1.0000000e+00	   1.4000000e+01	   2.0500000e+02	   3.1000000e-01	   2.1610000e+03	
   1.0000000e+00	   1.5000000e+01	   3.1100000e+02	   4.2900000e+00	   2.2930000e+03	
   1.0000000e+00	   1.6000000e+01	   1.1500000e+02	   2.0200000e+00	   1.6610000e+03	
   1.0000000e+00	   1.7000000e+01	   2.0900000e+02	   5.0000000e+00	   2.5610000e+03	
   1.0000000e+00	   1.8000000e+01	   1.1300000e+02	   2.9800000e+00	   1.8610000e+03	
   1.0000000e+00	   1.9000000e+01	   2.0100000e+02	   3.3000000e-01	   1.6610000e+03	
   1.0000000e+00	   2.0000000e+01	   2.1100000e+02	   3.1600000e+00	   2.8280000e+03	
   1.0000000e+00	   2.1000000e+01	   1.1000000e+02	   7.2000000e-01	   1.8270000e+03	
   1.0000000e+00	   2.2000000e+01	   3.0400000e+02	   3.9800000e+00	   1.8950000e+03	
   1.0000000e+00	   2.3000000e+01	   1.1600000e+02	   2.8900000e+00	   1.8950000e+03	
   1.0000000e+00	   2.4000000e+01	   1.0100000e+02	   9.9000000e-01	   1.3610000e+03	
   1.0000000e+00	   2.5000000e+01	   1.0600000e+02	   7.1000000e-01	   1.9940000e+03	
   1.0000000e+00	   2.6000000e+01	   1.1200000e+02	   2.2200000e+00	   1.9280000e+03	
   1.0000000e+00	   2.7000000e+01	   3.0100000e+02	   1.2900000e+00	   5.0610000e+03	
   1.0000000e+00	   2.8000000e+01	   2.1000000e+02	   4.5800000e+00	   1.5940000e+03	
   1.0000000e+00	   2.9000000e+01	   2.0700000e+02	   1.5000000e-01	   2.1600000e+03	
   1.0000000e+00	   3.0000000e+01	   1.0500000e+02	   8.9000000e-01	   1.3940000e+03	
   1.0000000e+00	   3.1000000e+01	   3.1300000e+02	   0.0000000e+00	   1.7620000e+03	
   1.0000000e+00	   3.2000000e+01	   3.1200000e+02	   6.9000000e-01	   1.9950000e+03	
   1.0000000e+00	   3.3000000e+01	   1.0800000e+02	   1.2300000e+00	   1.3600000e+03	
   1.0000000e+00	   3.4000000e+01	   1.0900000e+02	   3.7800000e+00	   1.8600000e+03	
   1.0000000e+00	   3.5000000e+01	   1.0700000e+02	   1.4200000e+00	   2.1940000e+03	
   1.0000000e+00	   3.6000000e+01	   3.0900000e+02	   0.0000000e+00	   1.3940000e+03	
   1.0000000e+00	   3.7000000e+01	   3.0800000e+02	   9.0000000e-02	   2.6290000e+03	
   1.0000000e+00	   3.8000000e+01	   3.0200000e+02	   0.0000000e+00	   1.2270000e+03	
   1.0000000e+00	   3.9000000e+01	   2.0800000e+02	   4.8100000e+00	   3.3930000e+03	
   1.0000000e+00	   4.0000000e+01	   3.0500000e+02	   5.1000000e-01	   2.0930000e+03	
   1.0000000e+00	   4.1000000e+01	   3.1000000e+02	   0.0000000e+00	   1.8270000e+03	
   1.0000000e+00	   4.2000000e+01	   3.0600000e+02	   0.0000000e+00	   1.2950000e+03	
   1.0000000e+00	   4.3000000e+01	   2.0600000e+02	   4.6200000e+00	   1.5270000e+03	
   1.0000000e+00	   4.4000000e+01	   1.0200000e+02	   1.0600000e+00	   1.2600000e+03	
   1.0000000e+00	   4.5000000e+01	   2.0300000e+02	   2.8300000e+00	   3.4600000e+03	
   2.0000000e+00	   1.0000000e+00	   3.0800000e+02	   1.5000000e-01	   2.0590000e+03	
   2.0000000e+00	   2.0000000e+00	   1.0500000e+02	   1.0800000e+00	   1.2950000e+03	
   2.0000000e+00	   3.0000000e+00	   1.1500000e+02	   2.2200000e+00	   1.2280000e+03	
   2.0000000e+00	   4.0000000e+00	   2.1100000e+02	   3.1700000e+00	   1.9610000e+03	
   2.0000000e+00	   5.0000000e+00	   2.0300000e+02	   3.5200000e+00	   1.7620000e+03	
   2.0000000e+00	   6.0000000e+00	   3.0200000e+02	   0.0000000e+00	   1.5280000e+03	
   2.0000000e+00	   7.0000000e+00	   2.0700000e+02	   2.8000000e-01	   1.6610000e+03	
   2.0000000e+00	   8.0000000e+00	   1.1300000e+02	   1.6400000e+00	   1.5950000e+03	
   2.0000000e+00	   9.0000000e+00	   2.1200000e+02	   0.0000000e+00	   1.3610000e+03	
   2.0000000e+00	   1.0000000e+01	   1.0100000e+02	   2.5000000e-01	   1.4610000e+03	
   2.0000000e+00	   1.1000000e+01	   2.1400000e+02	   4.2800000e+00	   1.9960000e+03	
   2.0000000e+00	   1.2000000e+01	   3.0300000e+02	   4.8200000e+00	   1.4950000e+03	
   2.0000000e+00	   1.3000000e+01	   3.0100000e+02	   1.3000000e-01	   1.6610000e+03	
   2.0000000e+00	   1.4000000e+01	   3.0700000e+02	   4.3400000e+00	   2.1270000e+03	
   2.0000000e+00	   1.5000000e+01	   3.1300000e+02	   0.0000000e+00	   1.1620000e+03	
   2.0000000e+00	   1.6000000e+01	   2.0500000e+02	   0.0000000e+00	   1.3610000e+03	
   2.0000000e+00	   1.7000000e+01	   3.0900000e+02	   1.0000000e-02	   1.9620000e+03	
   2.0000000e+00	   1.8000000e+01	   3.1200000e+02	   1.2000000e-01	   2.0950000e+03	
   2.0000000e+00	   1.9000000e+01	   1.0700000e+02	   1.3800000e+00	   1.5940000e+03	
   2.0000000e+00	   2.0000000e+01	   3.0600000e+02	   0.0000000e+00	   1.3950000e+03	
   2.0000000e+00	   2.1000000e+01	   2.0800000e+02	   4.5200000e+00	   1.3610000e+03	
   2.0000000e+00	   2.2000000e+01	   1.0900000e+02	   4.9000000e+00	   1.6620000e+03	
   2.0000000e+00	   2.3000000e+01	   2.0100000e+02	   1.3000000e+00	   1.5620000e+03	
   2.0000000e+00	   2.4000000e+01	   2.0900000e+02	   4.9400000e+00	   2.7940000e+03	
   2.0000000e+00	   2.5000000e+01	   1.1200000e+02	   2.9200000e+00	   1.4940000e+03	
   2.0000000e+00	   2.6000000e+01	   3.1100000e+02	   3.7900000e+00	   2.0610000e+03	
   2.0000000e+00	   2.7000000e+01	   1.0300000e+02	   1.9000000e+00	   1.8960000e+03	
   2.0000000e+00	   2.8000000e+01	   1.1600000e+02	   2.5000000e+00	   1.0280000e+03	
   2.0000000e+00	   2.9000000e+01	   1.0200000e+02	   2.5000000e+00	   9.6100000e+02	
   2.0000000e+00	   3.0000000e+01	   2.0200000e+02	   6.0000000e-02	   1.6620000e+03	
   2.0000000e+00	   3.1000000e+01	   1.0800000e+02	   1.3700000e+00	   1.3280000e+03	
   2.0000000e+00	   3.2000000e+01	   1.1000000e+02	   1.1000000e-01	   1.4610000e+03	
   2.0000000e+00	   3.3000000e+01	   2.0600000e+02	   4.9200000e+00	   1.5620000e+03	
   2.0000000e+00	   3.4000000e+01	   2.1500000e+02	   1.3400000e+00	   1.7610000e+03	
   2.0000000e+00	   3.5000000e+01	   3.1400000e+02	   4.3500000e+00	   1.2950000e+03	
   2.0000000e+00	   3.6000000e+01	   1.1100000e+02	   2.2200000e+00	   3.8940000e+03	
   2.0000000e+00	   3.7000000e+01	   1.0600000e+02	   1.4100000e+00	   1.1610000e+03	
   2.0000000e+00	   3.8000000e+01	   1.1400000e+02	   2.2400000e+00	   1.9290000e+03	
   2.0000000e+00	   3.9000000e+01	   3.1000000e+02	   0.0000000e+00	   1.2280000e+03	
   2.0000000e+00	   4.0000000e+01	   3.0400000e+02	   4.7400000e+00	   1.3280000e+03	
   2.0000000e+00	   4.1000000e+01	   2.0400000e+02	   1.5000000e-01	   1.4280000e+03	
   2.0000000e+00	   4.2000000e+01	   2.1000000e+02	   4.1300000e+00	   1.3940000e+03	
   2.0000000e+00	   4.3000000e+01	   1.0400000e+02	   2.8000000e-01	   1.2950000e+03	
   2.0000000e+00	   4.4000000e+01	   2.1300000e+02	   3.3100000e+00	   1.0630000e+03	
   2.0000000e+00	   4.5000000e+01	   3.0500000e+02	   2.6000000e-01	   1.2610000e+03	
