   3.1100000e+02	   3.1400000e+02	   2.1200000e+02	   1.1000000e+01	   3.0000000e+00	   4.0400000e+00	   4.6750000e+00	   0.0000000e+00	   3.0000000e+00	   1.0000000e+00	   2.0000000e+00	   1.0000000e+00	   1.1230000e+03	
   2.0900000e+02	   2.1100000e+02	   2.0200000e+02	   8.0000000e+00	   5.0000000e+00	   4.9700000e+00	   3.1650000e+00	   7.5000000e-02	   3.0000000e+00	   1.0000000e+00	   2.0000000e+00	   3.0000000e+00	   1.2610000e+03	
   2.0300000e+02	   2.1400000e+02	   1.0600000e+02	   3.0000000e+00	   4.0000000e+00	   3.1750000e+00	   4.6400000e+00	   1.0600000e+00	   3.0000000e+00	   1.0000000e+00	   2.0000000e+00	   1.0000000e+00	   1.0700000e+03	
   1.0900000e+02	   2.1000000e+02	   3.1200000e+02	   1.4000000e+01	   1.0000000e+00	   4.3400000e+00	   4.3550000e+00	   4.0500000e-01	   1.0000000e+00	   3.0000000e+00	   2.0000000e+00	   3.0000000e+00	   9.1200000e+02	
   2.0800000e+02	   2.1400000e+02	   1.0600000e+02	   3.0000000e+00	   1.0000000e+00	   4.6650000e+00	   4.6400000e+00	   1.0600000e+00	   3.0000000e+00	   2.0000000e+00	   1.0000000e+00	   3.0000000e+00	   2.1060000e+03	
   1.1600000e+02	   2.1300000e+02	   2.0500000e+02	   9.0000000e+00	   3.0000000e+00	   2.6950000e+00	   3.4600000e+00	   1.5500000e-01	   1.0000000e+00	   3.0000000e+00	   2.0000000e+00	   3.0000000e+00	   1.4320000e+03	
   2.1100000e+02	   2.1400000e+02	   2.0500000e+02	   9.0000000e+00	   4.0000000e+00	   3.1650000e+00	   4.6400000e+00	   1.5500000e-01	   2.0000000e+00	   1.0000000e+00	   3.0000000e+00	   1.0000000e+00	   1.7800000e+03	
   2.0300000e+02	   3.1400000e+02	   3.0600000e+02	   1.3000000e+01	   5.0000000e+00	   3.1750000e+00	   4.6750000e+00	   0.0000000e+00	   2.0000000e+00	   1.0000000e+00	   3.0000000e+00	   1.0000000e+00	   1.8080000e+03	
   2.1300000e+02	   3.0400000e+02	   3.0100000e+02	   1.2000000e+01	   4.0000000e+00	   3.4600000e+00	   4.3600000e+00	   7.1000000e-01	   1.0000000e+00	   3.0000000e+00	   2.0000000e+00	   3.0000000e+00	   2.2470000e+03	
   2.1100000e+02	   3.0400000e+02	   3.1300000e+02	   1.5000000e+01	   4.0000000e+00	   3.1650000e+00	   4.3600000e+00	   0.0000000e+00	   1.0000000e+00	   2.0000000e+00	   3.0000000e+00	   2.0000000e+00	   1.7340000e+03	
   1.1600000e+02	   2.0800000e+02	   1.0500000e+02	   2.0000000e+00	   5.0000000e+00	   2.6950000e+00	   4.6650000e+00	   9.8500000e-01	   3.0000000e+00	   1.0000000e+00	   2.0000000e+00	   1.0000000e+00	   1.2680000e+03	
   2.0600000e+02	   2.1300000e+02	   2.0500000e+02	   9.0000000e+00	   4.0000000e+00	   4.7700000e+00	   3.4600000e+00	   1.5500000e-01	   1.0000000e+00	   3.0000000e+00	   2.0000000e+00	   1.0000000e+00	   1.2810000e+03	
   1.1600000e+02	   2.0800000e+02	   1.0400000e+02	   1.0000000e+00	   5.0000000e+00	   2.6950000e+00	   4.6650000e+00	   5.6000000e-01	   3.0000000e+00	   2.0000000e+00	   1.0000000e+00	   2.0000000e+00	   1.3410000e+03	
   2.1400000e+02	   3.1400000e+02	   1.0600000e+02	   3.0000000e+00	   1.0000000e+00	   4.6400000e+00	   4.6750000e+00	   1.0600000e+00	   2.0000000e+00	   3.0000000e+00	   1.0000000e+00	   3.0000000e+00	   1.1070000e+03	
   2.1100000e+02	   3.0300000e+02	   3.0600000e+02	   1.3000000e+01	   5.0000000e+00	   3.1650000e+00	   4.9100000e+00	   0.0000000e+00	   2.0000000e+00	   3.0000000e+00	   1.0000000e+00	   3.0000000e+00	   1.2040000e+03	
   3.0400000e+02	   3.1100000e+02	   3.0100000e+02	   1.2000000e+01	   2.0000000e+00	   4.3600000e+00	   4.0400000e+00	   7.1000000e-01	   2.0000000e+00	   3.0000000e+00	   1.0000000e+00	   2.0000000e+00	   2.0900000e+03	
   2.0600000e+02	   3.0300000e+02	   3.0600000e+02	   1.3000000e+01	   1.0000000e+00	   4.7700000e+00	   4.9100000e+00	   0.0000000e+00	   1.0000000e+00	   3.0000000e+00	   2.0000000e+00	   1.0000000e+00	   1.1490000e+03	
   2.0300000e+02	   2.1300000e+02	   3.1300000e+02	   1.5000000e+01	   2.0000000e+00	   3.1750000e+00	   3.4600000e+00	   0.0000000e+00	   2.0000000e+00	   1.0000000e+00	   3.0000000e+00	   1.0000000e+00	   1.1010000e+03	
   2.0600000e+02	   2.1100000e+02	   1.1100000e+02	   5.0000000e+00	   5.0000000e+00	   4.7700000e+00	   3.1650000e+00	   2.3600000e+00	   1.0000000e+00	   2.0000000e+00	   3.0000000e+00	   1.0000000e+00	   1.1510000e+03	
   2.1100000e+02	   2.1300000e+02	   1.0500000e+02	   2.0000000e+00	   2.0000000e+00	   3.1650000e+00	   3.4600000e+00	   9.8500000e-01	   2.0000000e+00	   1.0000000e+00	   3.0000000e+00	   1.0000000e+00	   1.3310000e+03	
   3.0300000e+02	   3.0400000e+02	   1.0600000e+02	   3.0000000e+00	   3.0000000e+00	   4.9100000e+00	   4.3600000e+00	   1.0600000e+00	   2.0000000e+00	   1.0000000e+00	   3.0000000e+00	   2.0000000e+00	   2.0680000e+03	
   2.0600000e+02	   2.1300000e+02	   2.1200000e+02	   1.1000000e+01	   4.0000000e+00	   4.7700000e+00	   3.4600000e+00	   0.0000000e+00	   1.0000000e+00	   2.0000000e+00	   3.0000000e+00	   1.0000000e+00	   1.0250000e+03	
   2.1400000e+02	   3.0400000e+02	   2.0500000e+02	   9.0000000e+00	   1.0000000e+00	   4.6400000e+00	   4.3600000e+00	   1.5500000e-01	   2.0000000e+00	   1.0000000e+00	   3.0000000e+00	   1.0000000e+00	   9.1300000e+02	
   3.0300000e+02	   3.1100000e+02	   1.1500000e+02	   7.0000000e+00	   3.0000000e+00	   4.9100000e+00	   4.0400000e+00	   2.1200000e+00	   3.0000000e+00	   2.0000000e+00	   1.0000000e+00	   3.0000000e+00	   1.0100000e+03	
   3.1100000e+02	   3.1400000e+02	   3.1300000e+02	   1.5000000e+01	   3.0000000e+00	   4.0400000e+00	   4.6750000e+00	   0.0000000e+00	   2.0000000e+00	   3.0000000e+00	   1.0000000e+00	   3.0000000e+00	   1.0980000e+03	
   2.1300000e+02	   3.0400000e+02	   2.1200000e+02	   1.1000000e+01	   4.0000000e+00	   3.4600000e+00	   4.3600000e+00	   0.0000000e+00	   2.0000000e+00	   1.0000000e+00	   3.0000000e+00	   2.0000000e+00	   9.4400000e+02	
   1.0900000e+02	   2.0600000e+02	   3.0100000e+02	   1.2000000e+01	   3.0000000e+00	   4.3400000e+00	   4.7700000e+00	   7.1000000e-01	   1.0000000e+00	   3.0000000e+00	   2.0000000e+00	   3.0000000e+00	   1.2410000e+03	
   3.0300000e+02	   3.0400000e+02	   2.0700000e+02	   1.0000000e+01	   3.0000000e+00	   4.9100000e+00	   4.3600000e+00	   2.1500000e-01	   2.0000000e+00	   3.0000000e+00	   1.0000000e+00	   2.0000000e+00	   1.6190000e+03	
   2.0900000e+02	   3.0300000e+02	   2.0500000e+02	   9.0000000e+00	   1.0000000e+00	   4.9700000e+00	   4.9100000e+00	   1.5500000e-01	   3.0000000e+00	   1.0000000e+00	   2.0000000e+00	   1.0000000e+00	   1.0780000e+03	
   1.0900000e+02	   2.0800000e+02	   1.1100000e+02	   5.0000000e+00	   2.0000000e+00	   4.3400000e+00	   4.6650000e+00	   2.3600000e+00	   2.0000000e+00	   1.0000000e+00	   3.0000000e+00	   1.0000000e+00	   1.1800000e+03	
   1.0900000e+02	   3.1400000e+02	   1.1200000e+02	   6.0000000e+00	   2.0000000e+00	   4.3400000e+00	   4.6750000e+00	   2.5700000e+00	   3.0000000e+00	   1.0000000e+00	   2.0000000e+00	   1.0000000e+00	   1.2240000e+03	
   1.1600000e+02	   3.1400000e+02	   2.0200000e+02	   8.0000000e+00	   5.0000000e+00	   2.6950000e+00	   4.6750000e+00	   7.5000000e-02	   2.0000000e+00	   3.0000000e+00	   1.0000000e+00	   3.0000000e+00	   1.2460000e+03	
   2.0800000e+02	   2.1300000e+02	   1.1100000e+02	   5.0000000e+00	   4.0000000e+00	   4.6650000e+00	   3.4600000e+00	   2.3600000e+00	   3.0000000e+00	   2.0000000e+00	   1.0000000e+00	   3.0000000e+00	   1.0100000e+03	
   2.0600000e+02	   3.0300000e+02	   1.0500000e+02	   2.0000000e+00	   1.0000000e+00	   4.7700000e+00	   4.9100000e+00	   9.8500000e-01	   3.0000000e+00	   2.0000000e+00	   1.0000000e+00	   3.0000000e+00	   1.2810000e+03	
   2.0600000e+02	   2.1100000e+02	   1.1200000e+02	   6.0000000e+00	   5.0000000e+00	   4.7700000e+00	   3.1650000e+00	   2.5700000e+00	   2.0000000e+00	   1.0000000e+00	   3.0000000e+00	   2.0000000e+00	   7.7800000e+02	
   1.1600000e+02	   2.0300000e+02	   3.1300000e+02	   1.5000000e+01	   3.0000000e+00	   2.6950000e+00	   3.1750000e+00	   0.0000000e+00	   1.0000000e+00	   2.0000000e+00	   3.0000000e+00	   2.0000000e+00	   9.3500000e+02	
   2.0800000e+02	   2.1100000e+02	   3.0100000e+02	   1.2000000e+01	   5.0000000e+00	   4.6650000e+00	   3.1650000e+00	   7.1000000e-01	   3.0000000e+00	   2.0000000e+00	   1.0000000e+00	   3.0000000e+00	   1.3920000e+03	
   2.0800000e+02	   3.0400000e+02	   2.0700000e+02	   1.0000000e+01	   2.0000000e+00	   4.6650000e+00	   4.3600000e+00	   2.1500000e-01	   2.0000000e+00	   1.0000000e+00	   3.0000000e+00	   2.0000000e+00	   1.4400000e+03	
   2.0300000e+02	   2.0600000e+02	   2.0500000e+02	   9.0000000e+00	   5.0000000e+00	   3.1750000e+00	   4.7700000e+00	   1.5500000e-01	   1.0000000e+00	   2.0000000e+00	   3.0000000e+00	   2.0000000e+00	   7.1000000e+02	
   2.0300000e+02	   2.1400000e+02	   1.0700000e+02	   4.0000000e+00	   4.0000000e+00	   3.1750000e+00	   4.6400000e+00	   1.4000000e+00	   1.0000000e+00	   2.0000000e+00	   3.0000000e+00	   2.0000000e+00	   7.6200000e+02	
   3.0300000e+02	   3.0400000e+02	   3.1300000e+02	   1.5000000e+01	   3.0000000e+00	   4.9100000e+00	   4.3600000e+00	   0.0000000e+00	   1.0000000e+00	   3.0000000e+00	   2.0000000e+00	   3.0000000e+00	   8.8200000e+02	
   1.0900000e+02	   2.1400000e+02	   2.1200000e+02	   1.1000000e+01	   2.0000000e+00	   4.3400000e+00	   4.6400000e+00	   0.0000000e+00	   3.0000000e+00	   1.0000000e+00	   2.0000000e+00	   3.0000000e+00	   7.5000000e+02	
   2.0300000e+02	   3.0400000e+02	   2.1200000e+02	   1.1000000e+01	   4.0000000e+00	   3.1750000e+00	   4.3600000e+00	   0.0000000e+00	   2.0000000e+00	   1.0000000e+00	   3.0000000e+00	   1.0000000e+00	   8.8600000e+02	
   2.1300000e+02	   2.1400000e+02	   1.0400000e+02	   1.0000000e+00	   4.0000000e+00	   3.4600000e+00	   4.6400000e+00	   5.6000000e-01	   1.0000000e+00	   2.0000000e+00	   3.0000000e+00	   2.0000000e+00	   1.4100000e+03	
   3.0700000e+02	   3.1100000e+02	   1.1100000e+02	   5.0000000e+00	   1.0000000e+00	   4.2600000e+00	   4.0400000e+00	   2.3600000e+00	   3.0000000e+00	   1.0000000e+00	   2.0000000e+00	   3.0000000e+00	   2.8540000e+03	
   1.1600000e+02	   3.1400000e+02	   3.0600000e+02	   1.3000000e+01	   5.0000000e+00	   2.6950000e+00	   4.6750000e+00	   0.0000000e+00	   2.0000000e+00	   3.0000000e+00	   1.0000000e+00	   3.0000000e+00	   1.1350000e+03	
   2.1100000e+02	   3.0700000e+02	   1.0700000e+02	   4.0000000e+00	   4.0000000e+00	   3.1650000e+00	   4.2600000e+00	   1.4000000e+00	   1.0000000e+00	   2.0000000e+00	   3.0000000e+00	   2.0000000e+00	   1.6410000e+03	
   2.0900000e+02	   2.1000000e+02	   1.1100000e+02	   5.0000000e+00	   3.0000000e+00	   4.9700000e+00	   4.3550000e+00	   2.3600000e+00	   3.0000000e+00	   2.0000000e+00	   1.0000000e+00	   2.0000000e+00	   9.0600000e+02	
   2.0800000e+02	   3.0400000e+02	   1.1200000e+02	   6.0000000e+00	   2.0000000e+00	   4.6650000e+00	   4.3600000e+00	   2.5700000e+00	   3.0000000e+00	   2.0000000e+00	   1.0000000e+00	   3.0000000e+00	   2.3640000e+03	
   2.0600000e+02	   2.1300000e+02	   1.0700000e+02	   4.0000000e+00	   4.0000000e+00	   4.7700000e+00	   3.4600000e+00	   1.4000000e+00	   3.0000000e+00	   2.0000000e+00	   1.0000000e+00	   3.0000000e+00	   9.0900000e+02	
   1.0900000e+02	   3.0700000e+02	   1.1100000e+02	   5.0000000e+00	   1.0000000e+00	   4.3400000e+00	   4.2600000e+00	   2.3600000e+00	   1.0000000e+00	   3.0000000e+00	   2.0000000e+00	   1.0000000e+00	   8.5700000e+02	
   2.0900000e+02	   2.1400000e+02	   1.0700000e+02	   4.0000000e+00	   2.0000000e+00	   4.9700000e+00	   4.6400000e+00	   1.4000000e+00	   1.0000000e+00	   3.0000000e+00	   2.0000000e+00	   1.0000000e+00	   8.6600000e+02	
   2.1100000e+02	   3.1100000e+02	   2.0500000e+02	   9.0000000e+00	   4.0000000e+00	   3.1650000e+00	   4.0400000e+00	   1.5500000e-01	   2.0000000e+00	   1.0000000e+00	   3.0000000e+00	   1.0000000e+00	   9.2300000e+02	
   2.0600000e+02	   2.1000000e+02	   1.0600000e+02	   3.0000000e+00	   2.0000000e+00	   4.7700000e+00	   4.3550000e+00	   1.0600000e+00	   3.0000000e+00	   1.0000000e+00	   2.0000000e+00	   3.0000000e+00	   6.5000000e+02	
   1.1600000e+02	   2.1400000e+02	   3.1200000e+02	   1.4000000e+01	   5.0000000e+00	   2.6950000e+00	   4.6400000e+00	   4.0500000e-01	   2.0000000e+00	   1.0000000e+00	   3.0000000e+00	   1.0000000e+00	   1.4930000e+03	
   2.1100000e+02	   3.0700000e+02	   1.1500000e+02	   7.0000000e+00	   4.0000000e+00	   3.1650000e+00	   4.2600000e+00	   2.1200000e+00	   1.0000000e+00	   3.0000000e+00	   2.0000000e+00	   1.0000000e+00	   1.8880000e+03	
   1.0900000e+02	   2.0800000e+02	   1.0600000e+02	   3.0000000e+00	   2.0000000e+00	   4.3400000e+00	   4.6650000e+00	   1.0600000e+00	   3.0000000e+00	   1.0000000e+00	   2.0000000e+00	   3.0000000e+00	   1.9340000e+03	
   2.1100000e+02	   2.1400000e+02	   1.0400000e+02	   1.0000000e+00	   4.0000000e+00	   3.1650000e+00	   4.6400000e+00	   5.6000000e-01	   3.0000000e+00	   2.0000000e+00	   1.0000000e+00	   3.0000000e+00	   8.0700000e+02	
   2.0800000e+02	   2.0900000e+02	   3.0600000e+02	   1.3000000e+01	   2.0000000e+00	   4.6650000e+00	   4.9700000e+00	   0.0000000e+00	   2.0000000e+00	   3.0000000e+00	   1.0000000e+00	   3.0000000e+00	   1.3860000e+03	
   2.0900000e+02	   3.0700000e+02	   1.0600000e+02	   3.0000000e+00	   3.0000000e+00	   4.9700000e+00	   4.2600000e+00	   1.0600000e+00	   2.0000000e+00	   3.0000000e+00	   1.0000000e+00	   2.0000000e+00	   9.6300000e+02	
   2.0900000e+02	   3.1400000e+02	   3.0100000e+02	   1.2000000e+01	   2.0000000e+00	   4.9700000e+00	   4.6750000e+00	   7.1000000e-01	   2.0000000e+00	   3.0000000e+00	   1.0000000e+00	   3.0000000e+00	   9.4800000e+02	
   2.1300000e+02	   3.1400000e+02	   1.1500000e+02	   7.0000000e+00	   4.0000000e+00	   3.4600000e+00	   4.6750000e+00	   2.1200000e+00	   1.0000000e+00	   2.0000000e+00	   3.0000000e+00	   2.0000000e+00	   1.4650000e+03	
   2.0900000e+02	   2.1000000e+02	   2.0700000e+02	   1.0000000e+01	   3.0000000e+00	   4.9700000e+00	   4.3550000e+00	   2.1500000e-01	   3.0000000e+00	   1.0000000e+00	   2.0000000e+00	   1.0000000e+00	   1.5160000e+03	
   2.1400000e+02	   3.0400000e+02	   3.1300000e+02	   1.5000000e+01	   1.0000000e+00	   4.6400000e+00	   4.3600000e+00	   0.0000000e+00	   1.0000000e+00	   3.0000000e+00	   2.0000000e+00	   3.0000000e+00	   1.6690000e+03	
   2.1300000e+02	   3.1400000e+02	   3.1300000e+02	   1.5000000e+01	   4.0000000e+00	   3.4600000e+00	   4.6750000e+00	   0.0000000e+00	   3.0000000e+00	   2.0000000e+00	   1.0000000e+00	   2.0000000e+00	   9.2800000e+02	
   2.0300000e+02	   2.0900000e+02	   1.0500000e+02	   2.0000000e+00	   5.0000000e+00	   3.1750000e+00	   4.9700000e+00	   9.8500000e-01	   3.0000000e+00	   2.0000000e+00	   1.0000000e+00	   2.0000000e+00	   9.1900000e+02	
   2.0600000e+02	   2.0900000e+02	   1.1200000e+02	   6.0000000e+00	   1.0000000e+00	   4.7700000e+00	   4.9700000e+00	   2.5700000e+00	   3.0000000e+00	   2.0000000e+00	   1.0000000e+00	   3.0000000e+00	   8.7700000e+02	
   2.1400000e+02	   3.0400000e+02	   1.0700000e+02	   4.0000000e+00	   1.0000000e+00	   4.6400000e+00	   4.3600000e+00	   1.4000000e+00	   1.0000000e+00	   2.0000000e+00	   3.0000000e+00	   2.0000000e+00	   1.2770000e+03	
   2.1400000e+02	   3.0700000e+02	   3.1300000e+02	   1.5000000e+01	   2.0000000e+00	   4.6400000e+00	   4.2600000e+00	   0.0000000e+00	   1.0000000e+00	   2.0000000e+00	   3.0000000e+00	   1.0000000e+00	   2.7590000e+03	
   2.1000000e+02	   3.1100000e+02	   2.0500000e+02	   9.0000000e+00	   2.0000000e+00	   4.3550000e+00	   4.0400000e+00	   1.5500000e-01	   3.0000000e+00	   1.0000000e+00	   2.0000000e+00	   3.0000000e+00	   6.5800000e+02	
   2.1400000e+02	   3.0400000e+02	   2.1200000e+02	   1.1000000e+01	   1.0000000e+00	   4.6400000e+00	   4.3600000e+00	   0.0000000e+00	   3.0000000e+00	   2.0000000e+00	   1.0000000e+00	   3.0000000e+00	   1.8490000e+03	
   2.0300000e+02	   2.1100000e+02	   2.0500000e+02	   9.0000000e+00	   1.0000000e+00	   3.1750000e+00	   3.1650000e+00	   1.5500000e-01	   1.0000000e+00	   2.0000000e+00	   3.0000000e+00	   1.0000000e+00	   2.5290000e+03	
   2.0800000e+02	   2.1400000e+02	   2.0700000e+02	   1.0000000e+01	   1.0000000e+00	   4.6650000e+00	   4.6400000e+00	   2.1500000e-01	   2.0000000e+00	   3.0000000e+00	   1.0000000e+00	   2.0000000e+00	   1.2900000e+03	
   2.0300000e+02	   2.0800000e+02	   1.0600000e+02	   3.0000000e+00	   5.0000000e+00	   3.1750000e+00	   4.6650000e+00	   1.0600000e+00	   3.0000000e+00	   1.0000000e+00	   2.0000000e+00	   1.0000000e+00	   8.1500000e+02	
   2.1100000e+02	   3.0400000e+02	   1.0400000e+02	   1.0000000e+00	   4.0000000e+00	   3.1650000e+00	   4.3600000e+00	   5.6000000e-01	   3.0000000e+00	   2.0000000e+00	   1.0000000e+00	   2.0000000e+00	   1.3860000e+03	
   2.0600000e+02	   2.1300000e+02	   2.0200000e+02	   8.0000000e+00	   4.0000000e+00	   4.7700000e+00	   3.4600000e+00	   7.5000000e-02	   3.0000000e+00	   2.0000000e+00	   1.0000000e+00	   3.0000000e+00	   8.0900000e+02	
   1.1600000e+02	   3.0400000e+02	   1.1500000e+02	   7.0000000e+00	   5.0000000e+00	   2.6950000e+00	   4.3600000e+00	   2.1200000e+00	   2.0000000e+00	   1.0000000e+00	   3.0000000e+00	   1.0000000e+00	   1.0010000e+03	
   2.1400000e+02	   3.0400000e+02	   3.0600000e+02	   1.3000000e+01	   1.0000000e+00	   4.6400000e+00	   4.3600000e+00	   0.0000000e+00	   3.0000000e+00	   1.0000000e+00	   2.0000000e+00	   1.0000000e+00	   9.0000000e+02	
   2.1000000e+02	   3.1400000e+02	   1.0400000e+02	   1.0000000e+00	   2.0000000e+00	   4.3550000e+00	   4.6750000e+00	   5.6000000e-01	   3.0000000e+00	   1.0000000e+00	   2.0000000e+00	   3.0000000e+00	   5.9600000e+02	
   2.1100000e+02	   2.1400000e+02	   1.1200000e+02	   6.0000000e+00	   4.0000000e+00	   3.1650000e+00	   4.6400000e+00	   2.5700000e+00	   2.0000000e+00	   3.0000000e+00	   1.0000000e+00	   3.0000000e+00	   1.5890000e+03	
   2.0300000e+02	   2.1000000e+02	   3.1200000e+02	   1.4000000e+01	   4.0000000e+00	   3.1750000e+00	   4.3550000e+00	   4.0500000e-01	   3.0000000e+00	   1.0000000e+00	   2.0000000e+00	   1.0000000e+00	   1.6070000e+03	
   2.0900000e+02	   3.1100000e+02	   1.0500000e+02	   2.0000000e+00	   4.0000000e+00	   4.9700000e+00	   4.0400000e+00	   9.8500000e-01	   2.0000000e+00	   3.0000000e+00	   1.0000000e+00	   2.0000000e+00	   1.4250000e+03	
   3.0400000e+02	   3.0700000e+02	   1.0700000e+02	   4.0000000e+00	   1.0000000e+00	   4.3600000e+00	   4.2600000e+00	   1.4000000e+00	   1.0000000e+00	   3.0000000e+00	   2.0000000e+00	   1.0000000e+00	   1.1920000e+03	
   2.1000000e+02	   3.0700000e+02	   2.1200000e+02	   1.1000000e+01	   1.0000000e+00	   4.3550000e+00	   4.2600000e+00	   0.0000000e+00	   2.0000000e+00	   1.0000000e+00	   3.0000000e+00	   2.0000000e+00	   1.0350000e+03	
   2.1000000e+02	   3.0300000e+02	   3.1200000e+02	   1.4000000e+01	   3.0000000e+00	   4.3550000e+00	   4.9100000e+00	   4.0500000e-01	   1.0000000e+00	   2.0000000e+00	   3.0000000e+00	   1.0000000e+00	   6.8600000e+02	
   2.0600000e+02	   2.1100000e+02	   1.0400000e+02	   1.0000000e+00	   5.0000000e+00	   4.7700000e+00	   3.1650000e+00	   5.6000000e-01	   3.0000000e+00	   1.0000000e+00	   2.0000000e+00	   3.0000000e+00	   1.2200000e+03	
   1.0900000e+02	   3.0300000e+02	   3.1300000e+02	   1.5000000e+01	   3.0000000e+00	   4.3400000e+00	   4.9100000e+00	   0.0000000e+00	   3.0000000e+00	   1.0000000e+00	   2.0000000e+00	   1.0000000e+00	   1.1820000e+03	
   2.0600000e+02	   2.1100000e+02	   2.0700000e+02	   1.0000000e+01	   5.0000000e+00	   4.7700000e+00	   3.1650000e+00	   2.1500000e-01	   2.0000000e+00	   3.0000000e+00	   1.0000000e+00	   2.0000000e+00	   7.0700000e+02	
   2.0900000e+02	   3.0400000e+02	   3.1200000e+02	   1.4000000e+01	   3.0000000e+00	   4.9700000e+00	   4.3600000e+00	   4.0500000e-01	   1.0000000e+00	   2.0000000e+00	   3.0000000e+00	   1.0000000e+00	   1.5880000e+03	
   2.0600000e+02	   3.0300000e+02	   2.1200000e+02	   1.1000000e+01	   1.0000000e+00	   4.7700000e+00	   4.9100000e+00	   0.0000000e+00	   1.0000000e+00	   3.0000000e+00	   2.0000000e+00	   1.0000000e+00	   8.2400000e+02	
   1.1600000e+02	   2.0900000e+02	   2.0500000e+02	   9.0000000e+00	   5.0000000e+00	   2.6950000e+00	   4.9700000e+00	   1.5500000e-01	   2.0000000e+00	   1.0000000e+00	   3.0000000e+00	   1.0000000e+00	   7.5300000e+02	
   2.1100000e+02	   3.0700000e+02	   3.0600000e+02	   1.3000000e+01	   4.0000000e+00	   3.1650000e+00	   4.2600000e+00	   0.0000000e+00	   2.0000000e+00	   1.0000000e+00	   3.0000000e+00	   1.0000000e+00	   3.6760000e+03	
   1.0900000e+02	   2.0600000e+02	   1.0400000e+02	   1.0000000e+00	   3.0000000e+00	   4.3400000e+00	   4.7700000e+00	   5.6000000e-01	   1.0000000e+00	   2.0000000e+00	   3.0000000e+00	   2.0000000e+00	   6.5700000e+02	
   2.1300000e+02	   3.0300000e+02	   1.1100000e+02	   5.0000000e+00	   4.0000000e+00	   3.4600000e+00	   4.9100000e+00	   2.3600000e+00	   1.0000000e+00	   3.0000000e+00	   2.0000000e+00	   3.0000000e+00	   1.1810000e+03	
   1.1600000e+02	   3.0400000e+02	   2.1200000e+02	   1.1000000e+01	   5.0000000e+00	   2.6950000e+00	   4.3600000e+00	   0.0000000e+00	   1.0000000e+00	   3.0000000e+00	   2.0000000e+00	   3.0000000e+00	   6.6600000e+02	
   2.1300000e+02	   3.1100000e+02	   1.0700000e+02	   4.0000000e+00	   3.0000000e+00	   3.4600000e+00	   4.0400000e+00	   1.4000000e+00	   2.0000000e+00	   3.0000000e+00	   1.0000000e+00	   2.0000000e+00	   7.3200000e+02	
   2.1000000e+02	   2.1300000e+02	   3.0100000e+02	   1.2000000e+01	   4.0000000e+00	   4.3550000e+00	   3.4600000e+00	   7.1000000e-01	   2.0000000e+00	   3.0000000e+00	   1.0000000e+00	   2.0000000e+00	   7.2300000e+02	
   2.0800000e+02	   2.1400000e+02	   2.0200000e+02	   8.0000000e+00	   1.0000000e+00	   4.6650000e+00	   4.6400000e+00	   7.5000000e-02	   1.0000000e+00	   2.0000000e+00	   3.0000000e+00	   2.0000000e+00	   1.8330000e+03	
   2.1400000e+02	   3.0700000e+02	   1.1100000e+02	   5.0000000e+00	   2.0000000e+00	   4.6400000e+00	   4.2600000e+00	   2.3600000e+00	   1.0000000e+00	   2.0000000e+00	   3.0000000e+00	   1.0000000e+00	   8.6500000e+02	
   2.0600000e+02	   2.1300000e+02	   1.0600000e+02	   3.0000000e+00	   4.0000000e+00	   4.7700000e+00	   3.4600000e+00	   1.0600000e+00	   2.0000000e+00	   1.0000000e+00	   3.0000000e+00	   2.0000000e+00	   1.6420000e+03	
   2.0600000e+02	   2.0900000e+02	   1.1500000e+02	   7.0000000e+00	   1.0000000e+00	   4.7700000e+00	   4.9700000e+00	   2.1200000e+00	   3.0000000e+00	   2.0000000e+00	   1.0000000e+00	   3.0000000e+00	   8.2200000e+02	
   2.0300000e+02	   2.0600000e+02	   3.1300000e+02	   1.5000000e+01	   5.0000000e+00	   3.1750000e+00	   4.7700000e+00	   0.0000000e+00	   2.0000000e+00	   3.0000000e+00	   1.0000000e+00	   3.0000000e+00	   5.2100000e+02	
   1.0900000e+02	   3.0300000e+02	   3.1200000e+02	   1.4000000e+01	   3.0000000e+00	   4.3400000e+00	   4.9100000e+00	   4.0500000e-01	   3.0000000e+00	   2.0000000e+00	   1.0000000e+00	   3.0000000e+00	   6.9400000e+02	
   2.0300000e+02	   3.1100000e+02	   2.0200000e+02	   8.0000000e+00	   3.0000000e+00	   3.1750000e+00	   4.0400000e+00	   7.5000000e-02	   3.0000000e+00	   2.0000000e+00	   1.0000000e+00	   2.0000000e+00	   1.0340000e+03	
   2.1300000e+02	   3.0700000e+02	   1.1500000e+02	   7.0000000e+00	   3.0000000e+00	   3.4600000e+00	   4.2600000e+00	   2.1200000e+00	   1.0000000e+00	   3.0000000e+00	   2.0000000e+00	   1.0000000e+00	   1.4620000e+03	
   1.0900000e+02	   3.0300000e+02	   2.0500000e+02	   9.0000000e+00	   3.0000000e+00	   4.3400000e+00	   4.9100000e+00	   1.5500000e-01	   3.0000000e+00	   1.0000000e+00	   2.0000000e+00	   1.0000000e+00	   1.5740000e+03	
   2.0800000e+02	   2.1400000e+02	   3.1300000e+02	   1.5000000e+01	   1.0000000e+00	   4.6650000e+00	   4.6400000e+00	   0.0000000e+00	   1.0000000e+00	   2.0000000e+00	   3.0000000e+00	   1.0000000e+00	   7.1900000e+02	
   2.0800000e+02	   2.1000000e+02	   3.0100000e+02	   1.2000000e+01	   2.0000000e+00	   4.6650000e+00	   4.3550000e+00	   7.1000000e-01	   3.0000000e+00	   2.0000000e+00	   1.0000000e+00	   3.0000000e+00	   1.3600000e+03	
   2.0300000e+02	   3.1400000e+02	   1.0500000e+02	   2.0000000e+00	   5.0000000e+00	   3.1750000e+00	   4.6750000e+00	   9.8500000e-01	   2.0000000e+00	   3.0000000e+00	   1.0000000e+00	   3.0000000e+00	   9.1900000e+02	
   1.1600000e+02	   2.1300000e+02	   1.1200000e+02	   6.0000000e+00	   3.0000000e+00	   2.6950000e+00	   3.4600000e+00	   2.5700000e+00	   3.0000000e+00	   2.0000000e+00	   1.0000000e+00	   2.0000000e+00	   1.7380000e+03	
   1.1600000e+02	   3.1100000e+02	   1.1200000e+02	   6.0000000e+00	   4.0000000e+00	   2.6950000e+00	   4.0400000e+00	   2.5700000e+00	   1.0000000e+00	   3.0000000e+00	   2.0000000e+00	   2.0000000e+00	   2.8650000e+03	
   2.0900000e+02	   3.1100000e+02	   3.0600000e+02	   1.3000000e+01	   4.0000000e+00	   4.9700000e+00	   4.0400000e+00	   0.0000000e+00	   2.0000000e+00	   1.0000000e+00	   3.0000000e+00	   2.0000000e+00	   1.0080000e+03	
   2.0300000e+02	   3.0300000e+02	   1.1200000e+02	   6.0000000e+00	   5.0000000e+00	   3.1750000e+00	   4.9100000e+00	   2.5700000e+00	   3.0000000e+00	   1.0000000e+00	   2.0000000e+00	   1.0000000e+00	   8.8900000e+02	
   2.1300000e+02	   2.1400000e+02	   1.1100000e+02	   5.0000000e+00	   4.0000000e+00	   3.4600000e+00	   4.6400000e+00	   2.3600000e+00	   1.0000000e+00	   2.0000000e+00	   3.0000000e+00	   1.0000000e+00	   7.2700000e+02	
   2.0800000e+02	   3.1100000e+02	   2.0500000e+02	   9.0000000e+00	   3.0000000e+00	   4.6650000e+00	   4.0400000e+00	   1.5500000e-01	   1.0000000e+00	   2.0000000e+00	   3.0000000e+00	   1.0000000e+00	   1.0260000e+03	
   1.1600000e+02	   2.0600000e+02	   3.1300000e+02	   1.5000000e+01	   5.0000000e+00	   2.6950000e+00	   4.7700000e+00	   0.0000000e+00	   2.0000000e+00	   1.0000000e+00	   3.0000000e+00	   1.0000000e+00	   7.4300000e+02	
   2.0300000e+02	   2.1300000e+02	   2.0200000e+02	   8.0000000e+00	   2.0000000e+00	   3.1750000e+00	   3.4600000e+00	   7.5000000e-02	   2.0000000e+00	   1.0000000e+00	   3.0000000e+00	   1.0000000e+00	   6.1800000e+02	
   2.0900000e+02	   3.1400000e+02	   2.1200000e+02	   1.1000000e+01	   2.0000000e+00	   4.9700000e+00	   4.6750000e+00	   0.0000000e+00	   1.0000000e+00	   2.0000000e+00	   3.0000000e+00	   1.0000000e+00	   1.0250000e+03	
   2.0600000e+02	   3.0400000e+02	   1.0400000e+02	   1.0000000e+00	   2.0000000e+00	   4.7700000e+00	   4.3600000e+00	   5.6000000e-01	   2.0000000e+00	   3.0000000e+00	   1.0000000e+00	   2.0000000e+00	   6.5000000e+02	
   2.0800000e+02	   2.0900000e+02	   3.0100000e+02	   1.2000000e+01	   2.0000000e+00	   4.6650000e+00	   4.9700000e+00	   7.1000000e-01	   2.0000000e+00	   1.0000000e+00	   3.0000000e+00	   1.0000000e+00	   1.4550000e+03	
   2.1000000e+02	   3.1100000e+02	   1.0700000e+02	   4.0000000e+00	   2.0000000e+00	   4.3550000e+00	   4.0400000e+00	   1.4000000e+00	   3.0000000e+00	   2.0000000e+00	   1.0000000e+00	   3.0000000e+00	   7.5400000e+02	
   1.1600000e+02	   2.1000000e+02	   2.0200000e+02	   8.0000000e+00	   5.0000000e+00	   2.6950000e+00	   4.3550000e+00	   7.5000000e-02	   2.0000000e+00	   1.0000000e+00	   3.0000000e+00	   1.0000000e+00	   6.1600000e+02	
   2.1100000e+02	   3.0300000e+02	   3.0100000e+02	   1.2000000e+01	   5.0000000e+00	   3.1650000e+00	   4.9100000e+00	   7.1000000e-01	   2.0000000e+00	   1.0000000e+00	   3.0000000e+00	   1.0000000e+00	   9.2700000e+02	
   2.0900000e+02	   2.1300000e+02	   1.0400000e+02	   1.0000000e+00	   5.0000000e+00	   4.9700000e+00	   3.4600000e+00	   5.6000000e-01	   2.0000000e+00	   1.0000000e+00	   3.0000000e+00	   1.0000000e+00	   7.7300000e+02	
   2.0800000e+02	   2.1300000e+02	   2.0200000e+02	   8.0000000e+00	   4.0000000e+00	   4.6650000e+00	   3.4600000e+00	   7.5000000e-02	   1.0000000e+00	   2.0000000e+00	   3.0000000e+00	   1.0000000e+00	   7.1100000e+02	
   2.1000000e+02	   2.1100000e+02	   2.0200000e+02	   8.0000000e+00	   4.0000000e+00	   4.3550000e+00	   3.1650000e+00	   7.5000000e-02	   1.0000000e+00	   2.0000000e+00	   3.0000000e+00	   1.0000000e+00	   6.5800000e+02	
   1.1600000e+02	   3.1400000e+02	   3.1200000e+02	   1.4000000e+01	   5.0000000e+00	   2.6950000e+00	   4.6750000e+00	   4.0500000e-01	   3.0000000e+00	   2.0000000e+00	   1.0000000e+00	   2.0000000e+00	   1.1420000e+03	
   2.0900000e+02	   3.0400000e+02	   1.1100000e+02	   5.0000000e+00	   3.0000000e+00	   4.9700000e+00	   4.3600000e+00	   2.3600000e+00	   2.0000000e+00	   3.0000000e+00	   1.0000000e+00	   3.0000000e+00	   6.1600000e+02	
   2.1400000e+02	   3.0400000e+02	   2.0200000e+02	   8.0000000e+00	   1.0000000e+00	   4.6400000e+00	   4.3600000e+00	   7.5000000e-02	   2.0000000e+00	   3.0000000e+00	   1.0000000e+00	   3.0000000e+00	   2.1220000e+03	
   3.0300000e+02	   3.1400000e+02	   3.0600000e+02	   1.3000000e+01	   1.0000000e+00	   4.9100000e+00	   4.6750000e+00	   0.0000000e+00	   1.0000000e+00	   2.0000000e+00	   3.0000000e+00	   1.0000000e+00	   1.0820000e+03	
   2.0300000e+02	   2.1100000e+02	   3.0100000e+02	   1.2000000e+01	   1.0000000e+00	   3.1750000e+00	   3.1650000e+00	   7.1000000e-01	   2.0000000e+00	   1.0000000e+00	   3.0000000e+00	   2.0000000e+00	   2.1340000e+03	
   1.0900000e+02	   2.0600000e+02	   1.1500000e+02	   7.0000000e+00	   3.0000000e+00	   4.3400000e+00	   4.7700000e+00	   2.1200000e+00	   3.0000000e+00	   2.0000000e+00	   1.0000000e+00	   2.0000000e+00	   6.7600000e+02	
   2.0300000e+02	   3.0400000e+02	   3.0100000e+02	   1.2000000e+01	   4.0000000e+00	   3.1750000e+00	   4.3600000e+00	   7.1000000e-01	   2.0000000e+00	   3.0000000e+00	   1.0000000e+00	   3.0000000e+00	   9.1800000e+02	
   2.1000000e+02	   3.1100000e+02	   1.0500000e+02	   2.0000000e+00	   2.0000000e+00	   4.3550000e+00	   4.0400000e+00	   9.8500000e-01	   1.0000000e+00	   3.0000000e+00	   2.0000000e+00	   1.0000000e+00	   7.1300000e+02	
   2.0900000e+02	   2.1400000e+02	   1.0400000e+02	   1.0000000e+00	   2.0000000e+00	   4.9700000e+00	   4.6400000e+00	   5.6000000e-01	   3.0000000e+00	   2.0000000e+00	   1.0000000e+00	   3.0000000e+00	   1.5600000e+03	
   2.1100000e+02	   2.1300000e+02	   2.0500000e+02	   9.0000000e+00	   2.0000000e+00	   3.1650000e+00	   3.4600000e+00	   1.5500000e-01	   3.0000000e+00	   1.0000000e+00	   2.0000000e+00	   1.0000000e+00	   1.5330000e+03	
   2.0900000e+02	   2.1300000e+02	   1.0700000e+02	   4.0000000e+00	   5.0000000e+00	   4.9700000e+00	   3.4600000e+00	   1.4000000e+00	   3.0000000e+00	   2.0000000e+00	   1.0000000e+00	   3.0000000e+00	   1.0360000e+03	
   2.1400000e+02	   3.1100000e+02	   1.0600000e+02	   3.0000000e+00	   3.0000000e+00	   4.6400000e+00	   4.0400000e+00	   1.0600000e+00	   1.0000000e+00	   2.0000000e+00	   3.0000000e+00	   1.0000000e+00	   9.6500000e+02	
   1.1600000e+02	   3.1400000e+02	   2.1200000e+02	   1.1000000e+01	   5.0000000e+00	   2.6950000e+00	   4.6750000e+00	   0.0000000e+00	   1.0000000e+00	   3.0000000e+00	   2.0000000e+00	   3.0000000e+00	   8.4800000e+02	
   2.0300000e+02	   3.0700000e+02	   2.0200000e+02	   8.0000000e+00	   4.0000000e+00	   3.1750000e+00	   4.2600000e+00	   7.5000000e-02	   2.0000000e+00	   1.0000000e+00	   3.0000000e+00	   2.0000000e+00	   1.2280000e+03	
   2.0800000e+02	   2.0900000e+02	   1.0600000e+02	   3.0000000e+00	   2.0000000e+00	   4.6650000e+00	   4.9700000e+00	   1.0600000e+00	   2.0000000e+00	   3.0000000e+00	   1.0000000e+00	   2.0000000e+00	   6.0500000e+02	
   2.0900000e+02	   2.1300000e+02	   1.1200000e+02	   6.0000000e+00	   5.0000000e+00	   4.9700000e+00	   3.4600000e+00	   2.5700000e+00	   1.0000000e+00	   2.0000000e+00	   3.0000000e+00	   1.0000000e+00	   1.9520000e+03	
   1.0900000e+02	   1.1600000e+02	   3.0600000e+02	   1.3000000e+01	   5.0000000e+00	   4.3400000e+00	   2.6950000e+00	   0.0000000e+00	   1.0000000e+00	   3.0000000e+00	   2.0000000e+00	   1.0000000e+00	   7.7000000e+02	
   2.1300000e+02	   3.1100000e+02	   1.0500000e+02	   2.0000000e+00	   3.0000000e+00	   3.4600000e+00	   4.0400000e+00	   9.8500000e-01	   2.0000000e+00	   1.0000000e+00	   3.0000000e+00	   2.0000000e+00	   1.8420000e+03	
   2.0800000e+02	   3.1100000e+02	   1.1100000e+02	   5.0000000e+00	   3.0000000e+00	   4.6650000e+00	   4.0400000e+00	   2.3600000e+00	   3.0000000e+00	   2.0000000e+00	   1.0000000e+00	   3.0000000e+00	   1.0030000e+03	
   2.0600000e+02	   3.0400000e+02	   3.1200000e+02	   1.4000000e+01	   2.0000000e+00	   4.7700000e+00	   4.3600000e+00	   4.0500000e-01	   2.0000000e+00	   1.0000000e+00	   3.0000000e+00	   2.0000000e+00	   7.0300000e+02	
   1.1600000e+02	   2.0900000e+02	   1.1500000e+02	   7.0000000e+00	   5.0000000e+00	   2.6950000e+00	   4.9700000e+00	   2.1200000e+00	   3.0000000e+00	   1.0000000e+00	   2.0000000e+00	   1.0000000e+00	   7.3500000e+02	
   2.0800000e+02	   2.1100000e+02	   1.0700000e+02	   4.0000000e+00	   5.0000000e+00	   4.6650000e+00	   3.1650000e+00	   1.4000000e+00	   1.0000000e+00	   3.0000000e+00	   2.0000000e+00	   1.0000000e+00	   7.8100000e+02	
   2.0900000e+02	   2.1000000e+02	   2.0200000e+02	   8.0000000e+00	   3.0000000e+00	   4.9700000e+00	   4.3550000e+00	   7.5000000e-02	   3.0000000e+00	   1.0000000e+00	   2.0000000e+00	   1.0000000e+00	   6.3200000e+02	
   1.1600000e+02	   3.1100000e+02	   3.1200000e+02	   1.4000000e+01	   4.0000000e+00	   2.6950000e+00	   4.0400000e+00	   4.0500000e-01	   3.0000000e+00	   1.0000000e+00	   2.0000000e+00	   1.0000000e+00	   3.0730000e+03	
   2.1100000e+02	   2.1300000e+02	   1.1100000e+02	   5.0000000e+00	   2.0000000e+00	   3.1650000e+00	   3.4600000e+00	   2.3600000e+00	   3.0000000e+00	   2.0000000e+00	   1.0000000e+00	   2.0000000e+00	   1.4240000e+03	
   1.1600000e+02	   2.1000000e+02	   3.1200000e+02	   1.4000000e+01	   5.0000000e+00	   2.6950000e+00	   4.3550000e+00	   4.0500000e-01	   3.0000000e+00	   2.0000000e+00	   1.0000000e+00	   2.0000000e+00	   1.0390000e+03	
   1.1600000e+02	   2.0900000e+02	   1.1100000e+02	   5.0000000e+00	   5.0000000e+00	   2.6950000e+00	   4.9700000e+00	   2.3600000e+00	   1.0000000e+00	   2.0000000e+00	   3.0000000e+00	   2.0000000e+00	   7.8600000e+02	
   1.0900000e+02	   2.0300000e+02	   3.0600000e+02	   1.3000000e+01	   4.0000000e+00	   4.3400000e+00	   3.1750000e+00	   0.0000000e+00	   1.0000000e+00	   2.0000000e+00	   3.0000000e+00	   1.0000000e+00	   1.0400000e+03	
   2.0900000e+02	   3.0300000e+02	   1.0700000e+02	   4.0000000e+00	   1.0000000e+00	   4.9700000e+00	   4.9100000e+00	   1.4000000e+00	   3.0000000e+00	   2.0000000e+00	   1.0000000e+00	   2.0000000e+00	   9.4100000e+02	
   2.1000000e+02	   3.1400000e+02	   3.1200000e+02	   1.4000000e+01	   2.0000000e+00	   4.3550000e+00	   4.6750000e+00	   4.0500000e-01	   3.0000000e+00	   2.0000000e+00	   1.0000000e+00	   2.0000000e+00	   1.2940000e+03	
   2.1300000e+02	   3.0400000e+02	   3.1300000e+02	   1.5000000e+01	   4.0000000e+00	   3.4600000e+00	   4.3600000e+00	   0.0000000e+00	   3.0000000e+00	   1.0000000e+00	   2.0000000e+00	   1.0000000e+00	   1.1970000e+03	
   2.1000000e+02	   2.1400000e+02	   2.0700000e+02	   1.0000000e+01	   2.0000000e+00	   4.3550000e+00	   4.6400000e+00	   2.1500000e-01	   3.0000000e+00	   2.0000000e+00	   1.0000000e+00	   3.0000000e+00	   5.8200000e+02	
   2.0800000e+02	   2.1400000e+02	   1.0500000e+02	   2.0000000e+00	   1.0000000e+00	   4.6650000e+00	   4.6400000e+00	   9.8500000e-01	   3.0000000e+00	   2.0000000e+00	   1.0000000e+00	   2.0000000e+00	   1.9800000e+03	
   2.0900000e+02	   2.1400000e+02	   1.1500000e+02	   7.0000000e+00	   2.0000000e+00	   4.9700000e+00	   4.6400000e+00	   2.1200000e+00	   2.0000000e+00	   3.0000000e+00	   1.0000000e+00	   3.0000000e+00	   8.9500000e+02	
   1.1600000e+02	   2.0600000e+02	   2.0500000e+02	   9.0000000e+00	   5.0000000e+00	   2.6950000e+00	   4.7700000e+00	   1.5500000e-01	   3.0000000e+00	   1.0000000e+00	   2.0000000e+00	   1.0000000e+00	   6.9300000e+02	
   2.1100000e+02	   2.1300000e+02	   2.0200000e+02	   8.0000000e+00	   2.0000000e+00	   3.1650000e+00	   3.4600000e+00	   7.5000000e-02	   1.0000000e+00	   2.0000000e+00	   3.0000000e+00	   1.0000000e+00	   1.5360000e+03	
   2.1400000e+02	   3.1100000e+02	   1.0500000e+02	   2.0000000e+00	   3.0000000e+00	   4.6400000e+00	   4.0400000e+00	   9.8500000e-01	   3.0000000e+00	   1.0000000e+00	   2.0000000e+00	   3.0000000e+00	   1.1420000e+03	
   2.0900000e+02	   2.1300000e+02	   2.0700000e+02	   1.0000000e+01	   5.0000000e+00	   4.9700000e+00	   3.4600000e+00	   2.1500000e-01	   3.0000000e+00	   1.0000000e+00	   2.0000000e+00	   3.0000000e+00	   1.2190000e+03	
   1.0900000e+02	   3.0400000e+02	   2.0500000e+02	   9.0000000e+00	   1.0000000e+00	   4.3400000e+00	   4.3600000e+00	   1.5500000e-01	   3.0000000e+00	   2.0000000e+00	   1.0000000e+00	   3.0000000e+00	   3.6330000e+03	
   2.1000000e+02	   3.0700000e+02	   1.0400000e+02	   1.0000000e+00	   1.0000000e+00	   4.3550000e+00	   4.2600000e+00	   5.6000000e-01	   3.0000000e+00	   2.0000000e+00	   1.0000000e+00	   3.0000000e+00	   8.9500000e+02	
   2.0800000e+02	   3.1400000e+02	   1.0700000e+02	   4.0000000e+00	   1.0000000e+00	   4.6650000e+00	   4.6750000e+00	   1.4000000e+00	   1.0000000e+00	   3.0000000e+00	   2.0000000e+00	   3.0000000e+00	   1.9080000e+03	
   3.0300000e+02	   3.0700000e+02	   3.0100000e+02	   1.2000000e+01	   3.0000000e+00	   4.9100000e+00	   4.2600000e+00	   7.1000000e-01	   2.0000000e+00	   1.0000000e+00	   3.0000000e+00	   2.0000000e+00	   1.5250000e+03	
   2.1300000e+02	   3.0300000e+02	   3.1300000e+02	   1.5000000e+01	   4.0000000e+00	   3.4600000e+00	   4.9100000e+00	   0.0000000e+00	   2.0000000e+00	   3.0000000e+00	   1.0000000e+00	   3.0000000e+00	   1.0880000e+03	
   2.1400000e+02	   3.0400000e+02	   3.0100000e+02	   1.2000000e+01	   1.0000000e+00	   4.6400000e+00	   4.3600000e+00	   7.1000000e-01	   2.0000000e+00	   3.0000000e+00	   1.0000000e+00	   2.0000000e+00	   1.7380000e+03	
   2.0800000e+02	   3.0300000e+02	   3.1200000e+02	   1.4000000e+01	   1.0000000e+00	   4.6650000e+00	   4.9100000e+00	   4.0500000e-01	   3.0000000e+00	   1.0000000e+00	   2.0000000e+00	   1.0000000e+00	   9.7600000e+02	
   2.0300000e+02	   2.1400000e+02	   1.1200000e+02	   6.0000000e+00	   4.0000000e+00	   3.1750000e+00	   4.6400000e+00	   2.5700000e+00	   1.0000000e+00	   3.0000000e+00	   2.0000000e+00	   3.0000000e+00	   9.7200000e+02	
   2.0800000e+02	   2.0900000e+02	   2.0200000e+02	   8.0000000e+00	   2.0000000e+00	   4.6650000e+00	   4.9700000e+00	   7.5000000e-02	   1.0000000e+00	   3.0000000e+00	   2.0000000e+00	   3.0000000e+00	   1.7890000e+03	
   1.1600000e+02	   3.0400000e+02	   2.0700000e+02	   1.0000000e+01	   5.0000000e+00	   2.6950000e+00	   4.3600000e+00	   2.1500000e-01	   1.0000000e+00	   2.0000000e+00	   3.0000000e+00	   2.0000000e+00	   8.5500000e+02	
   2.1100000e+02	   3.1100000e+02	   1.1200000e+02	   6.0000000e+00	   4.0000000e+00	   3.1650000e+00	   4.0400000e+00	   2.5700000e+00	   2.0000000e+00	   1.0000000e+00	   3.0000000e+00	   1.0000000e+00	   1.5560000e+03	
   2.0800000e+02	   2.1100000e+02	   3.1300000e+02	   1.5000000e+01	   5.0000000e+00	   4.6650000e+00	   3.1650000e+00	   0.0000000e+00	   1.0000000e+00	   2.0000000e+00	   3.0000000e+00	   1.0000000e+00	   1.0380000e+03	
   2.0600000e+02	   3.1400000e+02	   3.1300000e+02	   1.5000000e+01	   1.0000000e+00	   4.7700000e+00	   4.6750000e+00	   0.0000000e+00	   2.0000000e+00	   3.0000000e+00	   1.0000000e+00	   2.0000000e+00	   7.2100000e+02	
   1.0900000e+02	   2.0600000e+02	   2.0500000e+02	   9.0000000e+00	   3.0000000e+00	   4.3400000e+00	   4.7700000e+00	   1.5500000e-01	   2.0000000e+00	   3.0000000e+00	   1.0000000e+00	   3.0000000e+00	   6.3200000e+02	
   2.0600000e+02	   3.1400000e+02	   3.1200000e+02	   1.4000000e+01	   1.0000000e+00	   4.7700000e+00	   4.6750000e+00	   4.0500000e-01	   3.0000000e+00	   1.0000000e+00	   2.0000000e+00	   3.0000000e+00	   6.2600000e+02	
   3.0300000e+02	   3.1400000e+02	   1.0500000e+02	   2.0000000e+00	   1.0000000e+00	   4.9100000e+00	   4.6750000e+00	   9.8500000e-01	   1.0000000e+00	   2.0000000e+00	   3.0000000e+00	   1.0000000e+00	   1.7320000e+03	
   1.1600000e+02	   2.1000000e+02	   1.0400000e+02	   1.0000000e+00	   5.0000000e+00	   2.6950000e+00	   4.3550000e+00	   5.6000000e-01	   3.0000000e+00	   2.0000000e+00	   1.0000000e+00	   2.0000000e+00	   6.4500000e+02	
   2.0600000e+02	   2.0800000e+02	   2.0700000e+02	   1.0000000e+01	   1.0000000e+00	   4.7700000e+00	   4.6650000e+00	   2.1500000e-01	   2.0000000e+00	   3.0000000e+00	   1.0000000e+00	   2.0000000e+00	   6.2500000e+02	
   1.1600000e+02	   2.1000000e+02	   1.1200000e+02	   6.0000000e+00	   5.0000000e+00	   2.6950000e+00	   4.3550000e+00	   2.5700000e+00	   2.0000000e+00	   3.0000000e+00	   1.0000000e+00	   3.0000000e+00	   6.8800000e+02	
   1.0900000e+02	   3.0700000e+02	   2.0200000e+02	   8.0000000e+00	   1.0000000e+00	   4.3400000e+00	   4.2600000e+00	   7.5000000e-02	   2.0000000e+00	   3.0000000e+00	   1.0000000e+00	   2.0000000e+00	   1.1140000e+03	
   2.0800000e+02	   3.0700000e+02	   1.0700000e+02	   4.0000000e+00	   2.0000000e+00	   4.6650000e+00	   4.2600000e+00	   1.4000000e+00	   3.0000000e+00	   2.0000000e+00	   1.0000000e+00	   3.0000000e+00	   9.8700000e+02	
   1.1600000e+02	   2.0300000e+02	   2.1200000e+02	   1.1000000e+01	   3.0000000e+00	   2.6950000e+00	   3.1750000e+00	   0.0000000e+00	   3.0000000e+00	   1.0000000e+00	   2.0000000e+00	   1.0000000e+00	   1.4590000e+03	
   2.0900000e+02	   2.1400000e+02	   3.0600000e+02	   1.3000000e+01	   2.0000000e+00	   4.9700000e+00	   4.6400000e+00	   0.0000000e+00	   2.0000000e+00	   1.0000000e+00	   3.0000000e+00	   1.0000000e+00	   2.1180000e+03	
   3.0300000e+02	   3.1100000e+02	   3.0600000e+02	   1.3000000e+01	   3.0000000e+00	   4.9100000e+00	   4.0400000e+00	   0.0000000e+00	   2.0000000e+00	   1.0000000e+00	   3.0000000e+00	   2.0000000e+00	   9.3700000e+02	
   2.0600000e+02	   2.1000000e+02	   2.0500000e+02	   9.0000000e+00	   2.0000000e+00	   4.7700000e+00	   4.3550000e+00	   1.5500000e-01	   3.0000000e+00	   2.0000000e+00	   1.0000000e+00	   3.0000000e+00	   9.9400000e+02	
   1.0900000e+02	   3.0300000e+02	   1.0400000e+02	   1.0000000e+00	   3.0000000e+00	   4.3400000e+00	   4.9100000e+00	   5.6000000e-01	   1.0000000e+00	   3.0000000e+00	   2.0000000e+00	   3.0000000e+00	   2.0000000e+03	
   1.1600000e+02	   2.1000000e+02	   1.1100000e+02	   5.0000000e+00	   5.0000000e+00	   2.6950000e+00	   4.3550000e+00	   2.3600000e+00	   2.0000000e+00	   1.0000000e+00	   3.0000000e+00	   1.0000000e+00	   1.3000000e+03	
   1.0900000e+02	   2.0900000e+02	   1.1200000e+02	   6.0000000e+00	   3.0000000e+00	   4.3400000e+00	   4.9700000e+00	   2.5700000e+00	   2.0000000e+00	   3.0000000e+00	   1.0000000e+00	   3.0000000e+00	   1.6650000e+03	
   2.1000000e+02	   2.1400000e+02	   1.0600000e+02	   3.0000000e+00	   2.0000000e+00	   4.3550000e+00	   4.6400000e+00	   1.0600000e+00	   1.0000000e+00	   3.0000000e+00	   2.0000000e+00	   3.0000000e+00	   1.0330000e+03	
   2.0900000e+02	   3.0400000e+02	   1.1200000e+02	   6.0000000e+00	   3.0000000e+00	   4.9700000e+00	   4.3600000e+00	   2.5700000e+00	   2.0000000e+00	   3.0000000e+00	   1.0000000e+00	   3.0000000e+00	   1.0080000e+03	
   2.0800000e+02	   2.0900000e+02	   2.1200000e+02	   1.1000000e+01	   2.0000000e+00	   4.6650000e+00	   4.9700000e+00	   0.0000000e+00	   1.0000000e+00	   3.0000000e+00	   2.0000000e+00	   3.0000000e+00	   1.4490000e+03	
   2.0900000e+02	   2.1100000e+02	   1.1500000e+02	   7.0000000e+00	   5.0000000e+00	   4.9700000e+00	   3.1650000e+00	   2.1200000e+00	   2.0000000e+00	   3.0000000e+00	   1.0000000e+00	   2.0000000e+00	   1.3980000e+03	
   2.0300000e+02	   2.1000000e+02	   2.1200000e+02	   1.1000000e+01	   4.0000000e+00	   3.1750000e+00	   4.3550000e+00	   0.0000000e+00	   2.0000000e+00	   3.0000000e+00	   1.0000000e+00	   2.0000000e+00	   1.4740000e+03	
   2.0800000e+02	   2.1000000e+02	   2.0700000e+02	   1.0000000e+01	   2.0000000e+00	   4.6650000e+00	   4.3550000e+00	   2.1500000e-01	   2.0000000e+00	   1.0000000e+00	   3.0000000e+00	   1.0000000e+00	   3.2710000e+03	
   2.1000000e+02	   3.0300000e+02	   3.0600000e+02	   1.3000000e+01	   3.0000000e+00	   4.3550000e+00	   4.9100000e+00	   0.0000000e+00	   2.0000000e+00	   3.0000000e+00	   1.0000000e+00	   2.0000000e+00	   1.1410000e+03	
   2.1100000e+02	   2.1400000e+02	   3.1200000e+02	   1.4000000e+01	   4.0000000e+00	   3.1650000e+00	   4.6400000e+00	   4.0500000e-01	   3.0000000e+00	   1.0000000e+00	   2.0000000e+00	   1.0000000e+00	   1.3150000e+03	
   3.0400000e+02	   3.1400000e+02	   1.0400000e+02	   1.0000000e+00	   2.0000000e+00	   4.3600000e+00	   4.6750000e+00	   5.6000000e-01	   1.0000000e+00	   2.0000000e+00	   3.0000000e+00	   2.0000000e+00	   1.4190000e+03	
   3.0400000e+02	   3.0700000e+02	   3.0600000e+02	   1.3000000e+01	   1.0000000e+00	   4.3600000e+00	   4.2600000e+00	   0.0000000e+00	   2.0000000e+00	   1.0000000e+00	   3.0000000e+00	   2.0000000e+00	   1.3000000e+03	
   2.0800000e+02	   3.1400000e+02	   3.1200000e+02	   1.4000000e+01	   1.0000000e+00	   4.6650000e+00	   4.6750000e+00	   4.0500000e-01	   1.0000000e+00	   2.0000000e+00	   3.0000000e+00	   2.0000000e+00	   1.7680000e+03	
   1.0900000e+02	   2.0800000e+02	   2.1200000e+02	   1.1000000e+01	   2.0000000e+00	   4.3400000e+00	   4.6650000e+00	   0.0000000e+00	   2.0000000e+00	   1.0000000e+00	   3.0000000e+00	   2.0000000e+00	   1.6180000e+03	
   2.1100000e+02	   3.0400000e+02	   3.1200000e+02	   1.4000000e+01	   4.0000000e+00	   3.1650000e+00	   4.3600000e+00	   4.0500000e-01	   1.0000000e+00	   2.0000000e+00	   3.0000000e+00	   2.0000000e+00	   1.3500000e+03	
   2.0600000e+02	   2.0800000e+02	   1.0400000e+02	   1.0000000e+00	   1.0000000e+00	   4.7700000e+00	   4.6650000e+00	   5.6000000e-01	   1.0000000e+00	   3.0000000e+00	   2.0000000e+00	   1.0000000e+00	   7.4800000e+02	
   2.0600000e+02	   2.1100000e+02	   3.1300000e+02	   1.5000000e+01	   5.0000000e+00	   4.7700000e+00	   3.1650000e+00	   0.0000000e+00	   3.0000000e+00	   2.0000000e+00	   1.0000000e+00	   3.0000000e+00	   6.1400000e+02	
   2.0600000e+02	   3.1100000e+02	   3.0600000e+02	   1.3000000e+01	   3.0000000e+00	   4.7700000e+00	   4.0400000e+00	   0.0000000e+00	   2.0000000e+00	   3.0000000e+00	   1.0000000e+00	   2.0000000e+00	   6.6600000e+02	
   2.1400000e+02	   3.1400000e+02	   3.1300000e+02	   1.5000000e+01	   1.0000000e+00	   4.6400000e+00	   4.6750000e+00	   0.0000000e+00	   3.0000000e+00	   2.0000000e+00	   1.0000000e+00	   3.0000000e+00	   1.0030000e+03	
   2.1000000e+02	   3.0700000e+02	   3.0100000e+02	   1.2000000e+01	   1.0000000e+00	   4.3550000e+00	   4.2600000e+00	   7.1000000e-01	   1.0000000e+00	   2.0000000e+00	   3.0000000e+00	   1.0000000e+00	   7.9800000e+02	
   2.1300000e+02	   3.0400000e+02	   1.0600000e+02	   3.0000000e+00	   4.0000000e+00	   3.4600000e+00	   4.3600000e+00	   1.0600000e+00	   1.0000000e+00	   2.0000000e+00	   3.0000000e+00	   2.0000000e+00	   1.2370000e+03	
   3.0700000e+02	   3.1400000e+02	   2.0200000e+02	   8.0000000e+00	   2.0000000e+00	   4.2600000e+00	   4.6750000e+00	   7.5000000e-02	   1.0000000e+00	   2.0000000e+00	   3.0000000e+00	   2.0000000e+00	   1.5660000e+03	
   1.0900000e+02	   2.1100000e+02	   2.0700000e+02	   1.0000000e+01	   4.0000000e+00	   4.3400000e+00	   3.1650000e+00	   2.1500000e-01	   1.0000000e+00	   3.0000000e+00	   2.0000000e+00	   1.0000000e+00	   8.0900000e+02	
   2.1400000e+02	   3.0400000e+02	   1.1200000e+02	   6.0000000e+00	   1.0000000e+00	   4.6400000e+00	   4.3600000e+00	   2.5700000e+00	   3.0000000e+00	   1.0000000e+00	   2.0000000e+00	   3.0000000e+00	   7.4000000e+02	
   2.0800000e+02	   3.0300000e+02	   1.1500000e+02	   7.0000000e+00	   1.0000000e+00	   4.6650000e+00	   4.9100000e+00	   2.1200000e+00	   3.0000000e+00	   2.0000000e+00	   1.0000000e+00	   3.0000000e+00	   7.2300000e+02	
   1.0900000e+02	   3.1100000e+02	   1.1200000e+02	   6.0000000e+00	   2.0000000e+00	   4.3400000e+00	   4.0400000e+00	   2.5700000e+00	   1.0000000e+00	   2.0000000e+00	   3.0000000e+00	   2.0000000e+00	   1.6670000e+03	
   2.0800000e+02	   2.1100000e+02	   1.0600000e+02	   3.0000000e+00	   5.0000000e+00	   4.6650000e+00	   3.1650000e+00	   1.0600000e+00	   1.0000000e+00	   2.0000000e+00	   3.0000000e+00	   1.0000000e+00	   1.2080000e+03	
   2.1000000e+02	   3.0300000e+02	   3.0100000e+02	   1.2000000e+01	   3.0000000e+00	   4.3550000e+00	   4.9100000e+00	   7.1000000e-01	   3.0000000e+00	   2.0000000e+00	   1.0000000e+00	   2.0000000e+00	   1.5410000e+03	
   2.0300000e+02	   2.1100000e+02	   2.0200000e+02	   8.0000000e+00	   1.0000000e+00	   3.1750000e+00	   3.1650000e+00	   7.5000000e-02	   1.0000000e+00	   2.0000000e+00	   3.0000000e+00	   1.0000000e+00	   1.1370000e+03	
   2.0300000e+02	   2.1300000e+02	   3.1200000e+02	   1.4000000e+01	   2.0000000e+00	   3.1750000e+00	   3.4600000e+00	   4.0500000e-01	   1.0000000e+00	   2.0000000e+00	   3.0000000e+00	   1.0000000e+00	   1.3690000e+03	
   2.0300000e+02	   3.0400000e+02	   3.0600000e+02	   1.3000000e+01	   4.0000000e+00	   3.1750000e+00	   4.3600000e+00	   0.0000000e+00	   1.0000000e+00	   3.0000000e+00	   2.0000000e+00	   1.0000000e+00	   1.0300000e+03	
   1.0900000e+02	   2.0800000e+02	   1.1500000e+02	   7.0000000e+00	   2.0000000e+00	   4.3400000e+00	   4.6650000e+00	   2.1200000e+00	   2.0000000e+00	   3.0000000e+00	   1.0000000e+00	   2.0000000e+00	   2.0050000e+03	
   2.0600000e+02	   2.0800000e+02	   1.1500000e+02	   7.0000000e+00	   1.0000000e+00	   4.7700000e+00	   4.6650000e+00	   2.1200000e+00	   2.0000000e+00	   3.0000000e+00	   1.0000000e+00	   2.0000000e+00	   1.0240000e+03	
   1.0900000e+02	   2.1300000e+02	   1.0700000e+02	   4.0000000e+00	   4.0000000e+00	   4.3400000e+00	   3.4600000e+00	   1.4000000e+00	   2.0000000e+00	   1.0000000e+00	   3.0000000e+00	   1.0000000e+00	   9.9000000e+02	
   3.0300000e+02	   3.1100000e+02	   1.0600000e+02	   3.0000000e+00	   3.0000000e+00	   4.9100000e+00	   4.0400000e+00	   1.0600000e+00	   2.0000000e+00	   3.0000000e+00	   1.0000000e+00	   2.0000000e+00	   7.5500000e+02	
   1.1600000e+02	   2.1400000e+02	   2.0700000e+02	   1.0000000e+01	   5.0000000e+00	   2.6950000e+00	   4.6400000e+00	   2.1500000e-01	   3.0000000e+00	   1.0000000e+00	   2.0000000e+00	   1.0000000e+00	   9.1400000e+02	
   2.1100000e+02	   2.1300000e+02	   3.0600000e+02	   1.3000000e+01	   2.0000000e+00	   3.1650000e+00	   3.4600000e+00	   0.0000000e+00	   3.0000000e+00	   1.0000000e+00	   2.0000000e+00	   1.0000000e+00	   8.9500000e+02	
   3.0400000e+02	   3.1400000e+02	   3.1300000e+02	   1.5000000e+01	   2.0000000e+00	   4.3600000e+00	   4.6750000e+00	   0.0000000e+00	   3.0000000e+00	   1.0000000e+00	   2.0000000e+00	   1.0000000e+00	   2.0120000e+03	
   1.0900000e+02	   2.1000000e+02	   1.1200000e+02	   6.0000000e+00	   1.0000000e+00	   4.3400000e+00	   4.3550000e+00	   2.5700000e+00	   3.0000000e+00	   1.0000000e+00	   2.0000000e+00	   1.0000000e+00	   2.1370000e+03	
   2.0900000e+02	   2.1000000e+02	   3.0600000e+02	   1.3000000e+01	   3.0000000e+00	   4.9700000e+00	   4.3550000e+00	   0.0000000e+00	   3.0000000e+00	   2.0000000e+00	   1.0000000e+00	   2.0000000e+00	   8.0800000e+02	
   2.0300000e+02	   2.0600000e+02	   1.0500000e+02	   2.0000000e+00	   5.0000000e+00	   3.1750000e+00	   4.7700000e+00	   9.8500000e-01	   3.0000000e+00	   2.0000000e+00	   1.0000000e+00	   2.0000000e+00	   6.1400000e+02	
   2.1100000e+02	   2.1400000e+02	   1.0500000e+02	   2.0000000e+00	   4.0000000e+00	   3.1650000e+00	   4.6400000e+00	   9.8500000e-01	   1.0000000e+00	   2.0000000e+00	   3.0000000e+00	   2.0000000e+00	   8.5000000e+02	
   2.1300000e+02	   3.1100000e+02	   2.0700000e+02	   1.0000000e+01	   3.0000000e+00	   3.4600000e+00	   4.0400000e+00	   2.1500000e-01	   2.0000000e+00	   1.0000000e+00	   3.0000000e+00	   2.0000000e+00	   1.0470000e+03	
   1.1600000e+02	   2.1300000e+02	   2.0700000e+02	   1.0000000e+01	   3.0000000e+00	   2.6950000e+00	   3.4600000e+00	   2.1500000e-01	   2.0000000e+00	   1.0000000e+00	   3.0000000e+00	   1.0000000e+00	   8.5200000e+02	
   2.1400000e+02	   3.1400000e+02	   1.0400000e+02	   1.0000000e+00	   1.0000000e+00	   4.6400000e+00	   4.6750000e+00	   5.6000000e-01	   3.0000000e+00	   2.0000000e+00	   1.0000000e+00	   3.0000000e+00	   1.1070000e+03	
   2.0800000e+02	   2.1400000e+02	   1.1100000e+02	   5.0000000e+00	   1.0000000e+00	   4.6650000e+00	   4.6400000e+00	   2.3600000e+00	   1.0000000e+00	   2.0000000e+00	   3.0000000e+00	   2.0000000e+00	   6.8800000e+02	
   2.0600000e+02	   2.0900000e+02	   3.0100000e+02	   1.2000000e+01	   1.0000000e+00	   4.7700000e+00	   4.9700000e+00	   7.1000000e-01	   2.0000000e+00	   3.0000000e+00	   1.0000000e+00	   2.0000000e+00	   6.3800000e+02	
   2.0300000e+02	   3.0400000e+02	   2.0700000e+02	   1.0000000e+01	   4.0000000e+00	   3.1750000e+00	   4.3600000e+00	   2.1500000e-01	   1.0000000e+00	   3.0000000e+00	   2.0000000e+00	   3.0000000e+00	   2.5100000e+03	
   1.1600000e+02	   2.1000000e+02	   1.0600000e+02	   3.0000000e+00	   5.0000000e+00	   2.6950000e+00	   4.3550000e+00	   1.0600000e+00	   1.0000000e+00	   3.0000000e+00	   2.0000000e+00	   3.0000000e+00	   7.2700000e+02	
   1.1600000e+02	   2.0300000e+02	   1.1200000e+02	   6.0000000e+00	   3.0000000e+00	   2.6950000e+00	   3.1750000e+00	   2.5700000e+00	   3.0000000e+00	   1.0000000e+00	   2.0000000e+00	   1.0000000e+00	   9.7300000e+02	
   2.1100000e+02	   3.0300000e+02	   2.1200000e+02	   1.1000000e+01	   5.0000000e+00	   3.1650000e+00	   4.9100000e+00	   0.0000000e+00	   1.0000000e+00	   3.0000000e+00	   2.0000000e+00	   3.0000000e+00	   9.7700000e+02	
   2.0900000e+02	   3.1100000e+02	   1.1100000e+02	   5.0000000e+00	   4.0000000e+00	   4.9700000e+00	   4.0400000e+00	   2.3600000e+00	   3.0000000e+00	   1.0000000e+00	   2.0000000e+00	   3.0000000e+00	   2.5860000e+03	
   2.0300000e+02	   2.1100000e+02	   1.1500000e+02	   7.0000000e+00	   1.0000000e+00	   3.1750000e+00	   3.1650000e+00	   2.1200000e+00	   1.0000000e+00	   3.0000000e+00	   2.0000000e+00	   1.0000000e+00	   8.3100000e+02	
   2.1000000e+02	   3.0400000e+02	   1.0600000e+02	   3.0000000e+00	   1.0000000e+00	   4.3550000e+00	   4.3600000e+00	   1.0600000e+00	   1.0000000e+00	   3.0000000e+00	   2.0000000e+00	   1.0000000e+00	   1.9460000e+03	
   2.0900000e+02	   3.0300000e+02	   2.0700000e+02	   1.0000000e+01	   1.0000000e+00	   4.9700000e+00	   4.9100000e+00	   2.1500000e-01	   3.0000000e+00	   2.0000000e+00	   1.0000000e+00	   3.0000000e+00	   8.0300000e+02	
   2.1000000e+02	   3.0300000e+02	   1.1500000e+02	   7.0000000e+00	   3.0000000e+00	   4.3550000e+00	   4.9100000e+00	   2.1200000e+00	   2.0000000e+00	   3.0000000e+00	   1.0000000e+00	   3.0000000e+00	   1.1570000e+03	
   1.1600000e+02	   2.1100000e+02	   1.0700000e+02	   4.0000000e+00	   3.0000000e+00	   2.6950000e+00	   3.1650000e+00	   1.4000000e+00	   1.0000000e+00	   3.0000000e+00	   2.0000000e+00	   3.0000000e+00	   1.5450000e+03	
   2.0900000e+02	   3.0300000e+02	   1.0500000e+02	   2.0000000e+00	   1.0000000e+00	   4.9700000e+00	   4.9100000e+00	   9.8500000e-01	   3.0000000e+00	   2.0000000e+00	   1.0000000e+00	   2.0000000e+00	   7.8300000e+02	
   1.1600000e+02	   2.1100000e+02	   2.1200000e+02	   1.1000000e+01	   3.0000000e+00	   2.6950000e+00	   3.1650000e+00	   0.0000000e+00	   1.0000000e+00	   3.0000000e+00	   2.0000000e+00	   1.0000000e+00	   1.7760000e+03	
   2.0600000e+02	   3.0400000e+02	   1.0700000e+02	   4.0000000e+00	   2.0000000e+00	   4.7700000e+00	   4.3600000e+00	   1.4000000e+00	   2.0000000e+00	   3.0000000e+00	   1.0000000e+00	   2.0000000e+00	   6.1200000e+02	
   1.1600000e+02	   3.1400000e+02	   2.0500000e+02	   9.0000000e+00	   5.0000000e+00	   2.6950000e+00	   4.6750000e+00	   1.5500000e-01	   1.0000000e+00	   3.0000000e+00	   2.0000000e+00	   3.0000000e+00	   6.9800000e+02	
   3.0400000e+02	   3.0700000e+02	   1.1200000e+02	   6.0000000e+00	   1.0000000e+00	   4.3600000e+00	   4.2600000e+00	   2.5700000e+00	   3.0000000e+00	   2.0000000e+00	   1.0000000e+00	   3.0000000e+00	   1.2840000e+03	
   1.0900000e+02	   2.1400000e+02	   2.0500000e+02	   9.0000000e+00	   2.0000000e+00	   4.3400000e+00	   4.6400000e+00	   1.5500000e-01	   3.0000000e+00	   1.0000000e+00	   2.0000000e+00	   1.0000000e+00	   8.5600000e+02	
   1.0900000e+02	   2.0800000e+02	   3.1200000e+02	   1.4000000e+01	   2.0000000e+00	   4.3400000e+00	   4.6650000e+00	   4.0500000e-01	   1.0000000e+00	   3.0000000e+00	   2.0000000e+00	   3.0000000e+00	   1.5460000e+03	
   1.1600000e+02	   3.0700000e+02	   3.1200000e+02	   1.4000000e+01	   5.0000000e+00	   2.6950000e+00	   4.2600000e+00	   4.0500000e-01	   3.0000000e+00	   1.0000000e+00	   2.0000000e+00	   1.0000000e+00	   2.8680000e+03	
   2.0300000e+02	   2.1400000e+02	   1.1500000e+02	   7.0000000e+00	   4.0000000e+00	   3.1750000e+00	   4.6400000e+00	   2.1200000e+00	   1.0000000e+00	   3.0000000e+00	   2.0000000e+00	   3.0000000e+00	   8.8100000e+02	
   1.1600000e+02	   2.0800000e+02	   1.0700000e+02	   4.0000000e+00	   5.0000000e+00	   2.6950000e+00	   4.6650000e+00	   1.4000000e+00	   1.0000000e+00	   2.0000000e+00	   3.0000000e+00	   2.0000000e+00	   7.5600000e+02	
   2.0600000e+02	   3.1400000e+02	   1.0600000e+02	   3.0000000e+00	   1.0000000e+00	   4.7700000e+00	   4.6750000e+00	   1.0600000e+00	   2.0000000e+00	   1.0000000e+00	   3.0000000e+00	   2.0000000e+00	   7.1800000e+02	
   1.0900000e+02	   2.1300000e+02	   1.1500000e+02	   7.0000000e+00	   4.0000000e+00	   4.3400000e+00	   3.4600000e+00	   2.1200000e+00	   1.0000000e+00	   3.0000000e+00	   2.0000000e+00	   3.0000000e+00	   8.9900000e+02	
   2.0800000e+02	   3.0400000e+02	   1.1500000e+02	   7.0000000e+00	   2.0000000e+00	   4.6650000e+00	   4.3600000e+00	   2.1200000e+00	   3.0000000e+00	   2.0000000e+00	   1.0000000e+00	   3.0000000e+00	   2.2550000e+03	
   2.0900000e+02	   3.1100000e+02	   2.0700000e+02	   1.0000000e+01	   4.0000000e+00	   4.9700000e+00	   4.0400000e+00	   2.1500000e-01	   1.0000000e+00	   3.0000000e+00	   2.0000000e+00	   1.0000000e+00	   8.6100000e+02	
   3.0300000e+02	   3.0700000e+02	   2.0200000e+02	   8.0000000e+00	   3.0000000e+00	   4.9100000e+00	   4.2600000e+00	   7.5000000e-02	   2.0000000e+00	   3.0000000e+00	   1.0000000e+00	   2.0000000e+00	   1.4220000e+03	
   1.0900000e+02	   2.0300000e+02	   2.0700000e+02	   1.0000000e+01	   4.0000000e+00	   4.3400000e+00	   3.1750000e+00	   2.1500000e-01	   2.0000000e+00	   3.0000000e+00	   1.0000000e+00	   2.0000000e+00	   7.0400000e+02	
   2.0900000e+02	   3.0700000e+02	   3.1200000e+02	   1.4000000e+01	   3.0000000e+00	   4.9700000e+00	   4.2600000e+00	   4.0500000e-01	   3.0000000e+00	   2.0000000e+00	   1.0000000e+00	   3.0000000e+00	   2.8620000e+03	
   2.0300000e+02	   3.0400000e+02	   1.0500000e+02	   2.0000000e+00	   4.0000000e+00	   3.1750000e+00	   4.3600000e+00	   9.8500000e-01	   3.0000000e+00	   1.0000000e+00	   2.0000000e+00	   3.0000000e+00	   2.2750000e+03	
   3.0400000e+02	   3.1100000e+02	   3.0600000e+02	   1.3000000e+01	   2.0000000e+00	   4.3600000e+00	   4.0400000e+00	   0.0000000e+00	   3.0000000e+00	   1.0000000e+00	   2.0000000e+00	   3.0000000e+00	   1.7080000e+03	
   2.1000000e+02	   2.1300000e+02	   1.0400000e+02	   1.0000000e+00	   4.0000000e+00	   4.3550000e+00	   3.4600000e+00	   5.6000000e-01	   1.0000000e+00	   3.0000000e+00	   2.0000000e+00	   1.0000000e+00	   9.6700000e+02	
   1.0900000e+02	   2.1400000e+02	   1.0500000e+02	   2.0000000e+00	   2.0000000e+00	   4.3400000e+00	   4.6400000e+00	   9.8500000e-01	   1.0000000e+00	   2.0000000e+00	   3.0000000e+00	   2.0000000e+00	   1.0780000e+03	
   1.1600000e+02	   3.0700000e+02	   1.0700000e+02	   4.0000000e+00	   5.0000000e+00	   2.6950000e+00	   4.2600000e+00	   1.4000000e+00	   3.0000000e+00	   2.0000000e+00	   1.0000000e+00	   2.0000000e+00	   2.0350000e+03	
   1.0900000e+02	   3.1100000e+02	   1.1500000e+02	   7.0000000e+00	   2.0000000e+00	   4.3400000e+00	   4.0400000e+00	   2.1200000e+00	   2.0000000e+00	   1.0000000e+00	   3.0000000e+00	   2.0000000e+00	   1.0450000e+03	
   3.0300000e+02	   3.0400000e+02	   2.0200000e+02	   8.0000000e+00	   3.0000000e+00	   4.9100000e+00	   4.3600000e+00	   7.5000000e-02	   2.0000000e+00	   3.0000000e+00	   1.0000000e+00	   2.0000000e+00	   1.0240000e+03	
   2.0300000e+02	   3.1100000e+02	   2.1200000e+02	   1.1000000e+01	   3.0000000e+00	   3.1750000e+00	   4.0400000e+00	   0.0000000e+00	   3.0000000e+00	   2.0000000e+00	   1.0000000e+00	   3.0000000e+00	   1.6210000e+03	
   3.0300000e+02	   3.0700000e+02	   1.0500000e+02	   2.0000000e+00	   3.0000000e+00	   4.9100000e+00	   4.2600000e+00	   9.8500000e-01	   2.0000000e+00	   3.0000000e+00	   1.0000000e+00	   2.0000000e+00	   1.2090000e+03	
   1.0900000e+02	   2.1400000e+02	   3.1300000e+02	   1.5000000e+01	   2.0000000e+00	   4.3400000e+00	   4.6400000e+00	   0.0000000e+00	   2.0000000e+00	   1.0000000e+00	   3.0000000e+00	   1.0000000e+00	   1.0420000e+03	
   2.0600000e+02	   3.0300000e+02	   1.1100000e+02	   5.0000000e+00	   1.0000000e+00	   4.7700000e+00	   4.9100000e+00	   2.3600000e+00	   3.0000000e+00	   2.0000000e+00	   1.0000000e+00	   3.0000000e+00	   8.1900000e+02	
   2.0800000e+02	   2.0900000e+02	   1.1200000e+02	   6.0000000e+00	   2.0000000e+00	   4.6650000e+00	   4.9700000e+00	   2.5700000e+00	   1.0000000e+00	   2.0000000e+00	   3.0000000e+00	   1.0000000e+00	   1.7610000e+03	
   2.1100000e+02	   2.1400000e+02	   3.0100000e+02	   1.2000000e+01	   4.0000000e+00	   3.1650000e+00	   4.6400000e+00	   7.1000000e-01	   1.0000000e+00	   2.0000000e+00	   3.0000000e+00	   2.0000000e+00	   1.2650000e+03	
   2.1000000e+02	   3.0300000e+02	   1.1100000e+02	   5.0000000e+00	   3.0000000e+00	   4.3550000e+00	   4.9100000e+00	   2.3600000e+00	   2.0000000e+00	   1.0000000e+00	   3.0000000e+00	   1.0000000e+00	   1.2750000e+03	
   2.0800000e+02	   2.1400000e+02	   2.1200000e+02	   1.1000000e+01	   1.0000000e+00	   4.6650000e+00	   4.6400000e+00	   0.0000000e+00	   3.0000000e+00	   1.0000000e+00	   2.0000000e+00	   1.0000000e+00	   1.5130000e+03	
   1.0900000e+02	   2.0300000e+02	   1.0500000e+02	   2.0000000e+00	   4.0000000e+00	   4.3400000e+00	   3.1750000e+00	   9.8500000e-01	   1.0000000e+00	   2.0000000e+00	   3.0000000e+00	   2.0000000e+00	   1.7220000e+03	
   2.1100000e+02	   2.1400000e+02	   1.0600000e+02	   3.0000000e+00	   4.0000000e+00	   3.1650000e+00	   4.6400000e+00	   1.0600000e+00	   3.0000000e+00	   2.0000000e+00	   1.0000000e+00	   2.0000000e+00	   9.7600000e+02	
   2.0300000e+02	   2.0900000e+02	   1.1500000e+02	   7.0000000e+00	   5.0000000e+00	   3.1750000e+00	   4.9700000e+00	   2.1200000e+00	   3.0000000e+00	   1.0000000e+00	   2.0000000e+00	   1.0000000e+00	   9.4600000e+02	
   2.0300000e+02	   2.1300000e+02	   2.0700000e+02	   1.0000000e+01	   2.0000000e+00	   3.1750000e+00	   3.4600000e+00	   2.1500000e-01	   2.0000000e+00	   1.0000000e+00	   3.0000000e+00	   1.0000000e+00	   1.3840000e+03	
   2.0800000e+02	   2.1100000e+02	   1.1100000e+02	   5.0000000e+00	   5.0000000e+00	   4.6650000e+00	   3.1650000e+00	   2.3600000e+00	   1.0000000e+00	   3.0000000e+00	   2.0000000e+00	   1.0000000e+00	   9.2800000e+02	
   2.1000000e+02	   2.1400000e+02	   1.0500000e+02	   2.0000000e+00	   2.0000000e+00	   4.3550000e+00	   4.6400000e+00	   9.8500000e-01	   2.0000000e+00	   1.0000000e+00	   3.0000000e+00	   1.0000000e+00	   9.7300000e+02	
   1.0900000e+02	   2.0600000e+02	   1.0700000e+02	   4.0000000e+00	   3.0000000e+00	   4.3400000e+00	   4.7700000e+00	   1.4000000e+00	   3.0000000e+00	   1.0000000e+00	   2.0000000e+00	   1.0000000e+00	   8.8300000e+02	
   2.0300000e+02	   3.1100000e+02	   1.0400000e+02	   1.0000000e+00	   3.0000000e+00	   3.1750000e+00	   4.0400000e+00	   5.6000000e-01	   3.0000000e+00	   1.0000000e+00	   2.0000000e+00	   3.0000000e+00	   9.6620000e+03	
   2.0600000e+02	   3.1100000e+02	   1.0500000e+02	   2.0000000e+00	   3.0000000e+00	   4.7700000e+00	   4.0400000e+00	   9.8500000e-01	   3.0000000e+00	   1.0000000e+00	   2.0000000e+00	   3.0000000e+00	   6.9200000e+02	
   1.1600000e+02	   2.1100000e+02	   3.0100000e+02	   1.2000000e+01	   3.0000000e+00	   2.6950000e+00	   3.1650000e+00	   7.1000000e-01	   1.0000000e+00	   2.0000000e+00	   3.0000000e+00	   1.0000000e+00	   3.3100000e+03	
   2.0900000e+02	   2.1100000e+02	   1.0600000e+02	   3.0000000e+00	   5.0000000e+00	   4.9700000e+00	   3.1650000e+00	   1.0600000e+00	   3.0000000e+00	   2.0000000e+00	   1.0000000e+00	   3.0000000e+00	   1.1040000e+03	
   1.1600000e+02	   2.0900000e+02	   2.0200000e+02	   8.0000000e+00	   5.0000000e+00	   2.6950000e+00	   4.9700000e+00	   7.5000000e-02	   1.0000000e+00	   3.0000000e+00	   2.0000000e+00	   3.0000000e+00	   1.6110000e+03	
   1.0900000e+02	   3.0300000e+02	   1.0700000e+02	   4.0000000e+00	   3.0000000e+00	   4.3400000e+00	   4.9100000e+00	   1.4000000e+00	   2.0000000e+00	   3.0000000e+00	   1.0000000e+00	   3.0000000e+00	   1.8520000e+03	
   1.0900000e+02	   2.1100000e+02	   2.0500000e+02	   9.0000000e+00	   4.0000000e+00	   4.3400000e+00	   3.1650000e+00	   1.5500000e-01	   2.0000000e+00	   3.0000000e+00	   1.0000000e+00	   2.0000000e+00	   9.4400000e+02	
   2.0800000e+02	   2.0900000e+02	   1.1100000e+02	   5.0000000e+00	   2.0000000e+00	   4.6650000e+00	   4.9700000e+00	   2.3600000e+00	   1.0000000e+00	   3.0000000e+00	   2.0000000e+00	   1.0000000e+00	   1.8800000e+03	
   1.0900000e+02	   1.1600000e+02	   2.1200000e+02	   1.1000000e+01	   5.0000000e+00	   4.3400000e+00	   2.6950000e+00	   0.0000000e+00	   3.0000000e+00	   1.0000000e+00	   2.0000000e+00	   3.0000000e+00	   1.0810000e+03	
   2.0300000e+02	   2.0600000e+02	   3.0100000e+02	   1.2000000e+01	   5.0000000e+00	   3.1750000e+00	   4.7700000e+00	   7.1000000e-01	   3.0000000e+00	   2.0000000e+00	   1.0000000e+00	   2.0000000e+00	   7.6000000e+02	
   1.0900000e+02	   3.0400000e+02	   1.0400000e+02	   1.0000000e+00	   1.0000000e+00	   4.3400000e+00	   4.3600000e+00	   5.6000000e-01	   2.0000000e+00	   3.0000000e+00	   1.0000000e+00	   3.0000000e+00	   1.8920000e+03	
   1.0900000e+02	   2.1000000e+02	   2.0700000e+02	   1.0000000e+01	   1.0000000e+00	   4.3400000e+00	   4.3550000e+00	   2.1500000e-01	   1.0000000e+00	   3.0000000e+00	   2.0000000e+00	   3.0000000e+00	   9.2800000e+02	
   1.1600000e+02	   2.0300000e+02	   1.0400000e+02	   1.0000000e+00	   3.0000000e+00	   2.6950000e+00	   3.1750000e+00	   5.6000000e-01	   3.0000000e+00	   1.0000000e+00	   2.0000000e+00	   1.0000000e+00	   9.3200000e+02	
   2.0300000e+02	   2.0800000e+02	   3.0100000e+02	   1.2000000e+01	   5.0000000e+00	   3.1750000e+00	   4.6650000e+00	   7.1000000e-01	   1.0000000e+00	   3.0000000e+00	   2.0000000e+00	   3.0000000e+00	   9.8600000e+02	
