   1.0000000e+00	   3.1100000e+02	   3.0000000e+00	   3.8200000e+00	   3.1130000e+03	   4.4100000e+00	   2.5150000e+03	
   2.0000000e+00	   2.1100000e+02	   2.0000000e+00	   4.6900000e+00	   2.3740000e+03	   3.0700000e+00	   2.0140000e+03	
   3.0000000e+00	   1.0400000e+02	   1.0000000e+00	   1.0700000e+00	   2.5230000e+03	   9.4000000e-01	   1.1930000e+03	
   4.0000000e+00	   3.0600000e+02	   3.0000000e+00	   2.9200000e+00	   1.6660000e+03	   1.9000000e+00	   1.1260000e+03	
   5.0000000e+00	   1.0200000e+02	   1.0000000e+00	   4.3000000e+00	   1.9000000e+03	   2.4200000e+00	   1.1660000e+03	
   6.0000000e+00	   3.0700000e+02	   3.0000000e+00	   1.2400000e+00	   2.5860000e+03	   2.5000000e+00	   8.3300000e+02	
   7.0000000e+00	   1.1400000e+02	   1.0000000e+00	   2.5000000e+00	   1.5470000e+03	   3.3100000e+00	   1.9700000e+03	
   8.0000000e+00	   1.1100000e+02	   1.0000000e+00	   2.5000000e+00	   1.3680000e+03	   1.7100000e+00	   1.2120000e+03	
   9.0000000e+00	   1.1000000e+02	   1.0000000e+00	   0.0000000e+00	   2.0520000e+03	   0.0000000e+00	   1.1940000e+03	
   1.0000000e+01	   2.0700000e+02	   2.0000000e+00	   1.2200000e+00	   2.5720000e+03	   2.5100000e+00	   1.1280000e+03	
   1.1000000e+01	   2.0600000e+02	   2.0000000e+00	   5.0000000e+00	   1.9990000e+03	   3.7300000e+00	   1.5180000e+03	
   1.2000000e+01	   1.0600000e+02	   1.0000000e+00	   6.6000000e-01	   1.4120000e+03	   2.3000000e-01	   1.2580000e+03	
   1.3000000e+01	   2.1000000e+02	   2.0000000e+00	   4.9200000e+00	   1.7610000e+03	   4.6900000e+00	   1.3000000e+03	
   1.4000000e+01	   3.1000000e+02	   3.0000000e+00	   4.7000000e+00	   1.9980000e+03	   3.2500000e+00	   1.0960000e+03	
   1.5000000e+01	   3.0400000e+02	   3.0000000e+00	   5.0000000e+00	   1.5210000e+03	   4.8200000e+00	   8.1600000e+02	
   1.6000000e+01	   2.1200000e+02	   2.0000000e+00	   0.0000000e+00	   1.5570000e+03	   2.6100000e+00	   1.0490000e+03	
   1.7000000e+01	   2.1300000e+02	   2.0000000e+00	   4.7000000e+00	   1.4230000e+03	   4.6100000e+00	   1.1890000e+03	
   1.8000000e+01	   2.0800000e+02	   2.0000000e+00	   5.0000000e+00	   1.3660000e+03	   5.0000000e+00	   9.7300000e+02	
   1.9000000e+01	   1.0900000e+02	   1.0000000e+00	   5.0000000e+00	   1.2080000e+03	   5.0000000e+00	   1.0130000e+03	
   2.0000000e+01	   3.1400000e+02	   3.0000000e+00	   5.0000000e+00	   1.3240000e+03	   4.4800000e+00	   1.0410000e+03	
   2.1000000e+01	   1.0700000e+02	   1.0000000e+00	   8.0000000e-02	   1.3150000e+03	   3.2500000e+00	   9.6700000e+02	
   2.2000000e+01	   1.0100000e+02	   1.0000000e+00	   9.6000000e-01	   3.1960000e+03	   5.0000000e+00	   7.1700000e+02	
   2.3000000e+01	   2.1500000e+02	   2.0000000e+00	   6.7000000e-01	   1.7740000e+03	   9.6000000e-01	   3.4220000e+03	
   2.4000000e+01	   3.0900000e+02	   3.0000000e+00	   9.2000000e-01	   3.3150000e+03	   1.5300000e+00	   9.4800000e+02	
   2.5000000e+01	   2.0300000e+02	   2.0000000e+00	   0.0000000e+00	   1.9750000e+03	   4.1700000e+00	   1.0480000e+03	
   2.6000000e+01	   3.0800000e+02	   3.0000000e+00	   0.0000000e+00	   1.6540000e+03	   2.5000000e+00	   9.1200000e+02	
   2.7000000e+01	   2.0400000e+02	   2.0000000e+00	   4.0000000e-02	   2.1990000e+03	   3.6800000e+00	   1.2670000e+03	
   2.8000000e+01	   3.0200000e+02	   3.0000000e+00	   1.8500000e+00	   2.8520000e+03	   3.9700000e+00	   1.0360000e+03	
   2.9000000e+01	   3.0500000e+02	   3.0000000e+00	   1.8900000e+00	   1.7330000e+03	   1.5100000e+00	   8.4300000e+02	
   3.0000000e+01	   1.1500000e+02	   1.0000000e+00	   3.0000000e-01	   1.4540000e+03	   1.1600000e+00	   1.2330000e+03	
   3.1000000e+01	   2.1400000e+02	   2.0000000e+00	   0.0000000e+00	   1.7110000e+03	   5.0000000e+00	   8.5100000e+02	
   3.2000000e+01	   3.0100000e+02	   3.0000000e+00	   3.3100000e+00	   3.2030000e+03	   5.0000000e+00	   1.2240000e+03	
   3.3000000e+01	   1.1600000e+02	   1.0000000e+00	   5.0000000e+00	   1.9830000e+03	   3.3100000e+00	   9.2600000e+02	
   3.4000000e+01	   1.0300000e+02	   1.0000000e+00	   2.2000000e-01	   1.5610000e+03	   3.0700000e+00	   8.4000000e+02	
   3.5000000e+01	   2.0200000e+02	   2.0000000e+00	   5.0000000e+00	   2.2250000e+03	   2.6600000e+00	   9.3400000e+02	
   3.6000000e+01	   2.0900000e+02	   2.0000000e+00	   5.0000000e+00	   1.1480000e+03	   4.5000000e+00	   1.0170000e+03	
   3.7000000e+01	   3.1200000e+02	   3.0000000e+00	   3.4800000e+00	   2.8640000e+03	   4.0700000e+00	   1.3270000e+03	
   3.8000000e+01	   2.0100000e+02	   2.0000000e+00	   0.0000000e+00	   1.4300000e+03	   1.5000000e+00	   1.1570000e+03	
   3.9000000e+01	   2.0500000e+02	   2.0000000e+00	   0.0000000e+00	   1.9710000e+03	   0.0000000e+00	   1.1350000e+03	
   4.0000000e+01	   1.0800000e+02	   1.0000000e+00	   5.0000000e+00	   1.2220000e+03	   2.0500000e+00	   1.6330000e+03	
   4.1000000e+01	   1.1200000e+02	   1.0000000e+00	   4.4300000e+00	   1.8620000e+03	   2.4300000e+00	   1.0220000e+03	
   4.2000000e+01	   1.0500000e+02	   1.0000000e+00	   0.0000000e+00	   1.1420000e+03	   1.2600000e+00	   1.1510000e+03	
   4.3000000e+01	   1.1300000e+02	   1.0000000e+00	   3.4900000e+00	   1.4290000e+03	   2.7000000e+00	   1.1510000e+03	
   4.4000000e+01	   3.0300000e+02	   3.0000000e+00	   4.7400000e+00	   1.7590000e+03	   4.4800000e+00	   1.0090000e+03	
   4.5000000e+01	   3.1300000e+02	   3.0000000e+00	   4.5200000e+00	   1.6000000e+03	   3.7800000e+00	   9.8300000e+02	
