   1.0000000e+00	   1.0000000e+00	   3.0200000e+02	   1.7000000e+00	   5.1650000e+03	
   1.0000000e+00	   2.0000000e+00	   3.1300000e+02	   0.0000000e+00	   2.1240000e+03	
   1.0000000e+00	   3.0000000e+00	   3.0800000e+02	   0.0000000e+00	   1.2930000e+03	
   1.0000000e+00	   4.0000000e+00	   1.1400000e+02	   8.3000000e-01	   2.8170000e+03	
   1.0000000e+00	   5.0000000e+00	   2.0800000e+02	   1.7000000e-01	   1.6070000e+03	
   1.0000000e+00	   6.0000000e+00	   2.0900000e+02	   1.0000000e-02	   1.0810000e+03	
   1.0000000e+00	   7.0000000e+00	   1.0600000e+02	   3.3500000e+00	   5.3610000e+03	
   1.0000000e+00	   8.0000000e+00	   1.0900000e+02	   0.0000000e+00	   1.2610000e+03	
   1.0000000e+00	   9.0000000e+00	   3.0900000e+02	   0.0000000e+00	   1.0290000e+03	
   1.0000000e+00	   1.0000000e+01	   2.1200000e+02	   0.0000000e+00	   1.0920000e+03	
   1.0000000e+00	   1.1000000e+01	   2.0100000e+02	   0.0000000e+00	   1.1620000e+03	
   1.0000000e+00	   1.2000000e+01	   1.0100000e+02	   5.0000000e+00	   1.1460000e+03	
   1.0000000e+00	   1.3000000e+01	   2.1100000e+02	   2.7300000e+00	   3.0210000e+03	
   1.0000000e+00	   1.4000000e+01	   3.0100000e+02	   0.0000000e+00	   1.3280000e+03	
   1.0000000e+00	   1.5000000e+01	   1.1500000e+02	   4.2400000e+00	   6.1260000e+03	
   1.0000000e+00	   1.6000000e+01	   3.1400000e+02	   4.4600000e+00	   2.1610000e+03	
   1.0000000e+00	   1.7000000e+01	   1.0400000e+02	   0.0000000e+00	   1.2300000e+03	
   1.0000000e+00	   1.8000000e+01	   2.1400000e+02	   0.0000000e+00	   1.9260000e+03	
   1.0000000e+00	   1.9000000e+01	   3.0700000e+02	   0.0000000e+00	   1.1290000e+03	
   1.0000000e+00	   2.0000000e+01	   1.1100000e+02	   2.7200000e+00	   3.4560000e+03	
   1.0000000e+00	   2.1000000e+01	   1.1300000e+02	   3.0500000e+00	   2.9440000e+03	
   1.0000000e+00	   2.2000000e+01	   2.0600000e+02	   0.0000000e+00	   1.1940000e+03	
   1.0000000e+00	   2.3000000e+01	   3.0400000e+02	   2.0000000e-02	   2.7930000e+03	
   1.0000000e+00	   2.4000000e+01	   3.0600000e+02	   0.0000000e+00	   1.2590000e+03	
   1.0000000e+00	   2.5000000e+01	   1.0800000e+02	   3.6400000e+00	   2.8600000e+03	
   1.0000000e+00	   2.6000000e+01	   2.0400000e+02	   1.5100000e+00	   2.5930000e+03	
   1.0000000e+00	   2.7000000e+01	   2.0300000e+02	   0.0000000e+00	   2.2620000e+03	
   1.0000000e+00	   2.8000000e+01	   2.1500000e+02	   0.0000000e+00	   1.2930000e+03	
   1.0000000e+00	   2.9000000e+01	   2.1300000e+02	   2.6000000e-01	   1.9160000e+03	
   1.0000000e+00	   3.0000000e+01	   1.0500000e+02	   3.8100000e+00	   3.9040000e+03	
   1.0000000e+00	   3.1000000e+01	   2.0500000e+02	   0.0000000e+00	   1.0940000e+03	
   1.0000000e+00	   3.2000000e+01	   3.0300000e+02	   0.0000000e+00	   7.9400000e+02	
   1.0000000e+00	   3.3000000e+01	   1.1200000e+02	   3.4900000e+00	   1.8930000e+03	
   1.0000000e+00	   3.4000000e+01	   1.1600000e+02	   3.5300000e+00	   1.5950000e+03	
   1.0000000e+00	   3.5000000e+01	   1.1000000e+02	   0.0000000e+00	   1.8930000e+03	
   1.0000000e+00	   3.6000000e+01	   1.0200000e+02	   3.8800000e+00	   2.4940000e+03	
   1.0000000e+00	   3.7000000e+01	   2.0700000e+02	   0.0000000e+00	   1.2270000e+03	
   1.0000000e+00	   3.8000000e+01	   3.1000000e+02	   4.6800000e+00	   3.3590000e+03	
   1.0000000e+00	   3.9000000e+01	   2.1000000e+02	   1.0000000e-02	   1.0600000e+03	
   1.0000000e+00	   4.0000000e+01	   3.0500000e+02	   2.9500000e+00	   6.4920000e+03	
   1.0000000e+00	   4.1000000e+01	   3.1100000e+02	   4.5500000e+00	   3.6270000e+03	
   1.0000000e+00	   4.2000000e+01	   3.1200000e+02	   0.0000000e+00	   9.6000000e+02	
   1.0000000e+00	   4.3000000e+01	   1.0700000e+02	   5.0000000e+00	   5.1260000e+03	
   1.0000000e+00	   4.4000000e+01	   2.0200000e+02	   5.0000000e+00	   2.3610000e+03	
   1.0000000e+00	   4.5000000e+01	   1.0300000e+02	   1.1600000e+00	   2.6260000e+03	
   2.0000000e+00	   1.0000000e+00	   3.0100000e+02	   0.0000000e+00	   1.0670000e+03	
   2.0000000e+00	   2.0000000e+00	   2.1000000e+02	   0.0000000e+00	   1.1630000e+03	
   2.0000000e+00	   3.0000000e+00	   3.0200000e+02	   0.0000000e+00	   8.2600000e+02	
   2.0000000e+00	   4.0000000e+00	   1.0400000e+02	   1.1000000e-01	   8.3000000e+02	
   2.0000000e+00	   5.0000000e+00	   1.1100000e+02	   2.3100000e+00	   2.7270000e+03	
   2.0000000e+00	   6.0000000e+00	   2.0100000e+02	   6.3000000e-01	   1.9280000e+03	
   2.0000000e+00	   7.0000000e+00	   2.0700000e+02	   0.0000000e+00	   3.2610000e+03	
   2.0000000e+00	   8.0000000e+00	   3.0300000e+02	   0.0000000e+00	   3.7940000e+03	
   2.0000000e+00	   9.0000000e+00	   1.0900000e+02	   0.0000000e+00	   1.8630000e+03	
   2.0000000e+00	   1.0000000e+01	   1.1500000e+02	   1.1200000e+00	   3.9940000e+03	
   2.0000000e+00	   1.1000000e+01	   3.0600000e+02	   2.0400000e+00	   2.8930000e+03	
   2.0000000e+00	   1.2000000e+01	   2.0800000e+02	   7.4000000e-01	   3.2310000e+03	
   2.0000000e+00	   1.3000000e+01	   1.0200000e+02	   3.7900000e+00	   1.5610000e+03	
   2.0000000e+00	   1.4000000e+01	   1.0600000e+02	   5.0000000e+00	   1.9610000e+03	
   2.0000000e+00	   1.5000000e+01	   1.1200000e+02	   4.0800000e+00	   1.7280000e+03	
   2.0000000e+00	   1.6000000e+01	   3.1100000e+02	   3.7700000e+00	   2.9940000e+03	
   2.0000000e+00	   1.7000000e+01	   3.0400000e+02	   0.0000000e+00	   1.5620000e+03	
   2.0000000e+00	   1.8000000e+01	   1.0800000e+02	   3.5900000e+00	   1.7280000e+03	
   2.0000000e+00	   1.9000000e+01	   2.0300000e+02	   4.3000000e-01	   1.4950000e+03	
   2.0000000e+00	   2.0000000e+01	   2.0600000e+02	   0.0000000e+00	   9.9500000e+02	
   2.0000000e+00	   2.1000000e+01	   2.1100000e+02	   2.5500000e+00	   1.8950000e+03	
   2.0000000e+00	   2.2000000e+01	   2.1400000e+02	   0.0000000e+00	   3.0610000e+03	
   2.0000000e+00	   2.3000000e+01	   2.0900000e+02	   0.0000000e+00	   9.2800000e+02	
   2.0000000e+00	   2.4000000e+01	   1.0100000e+02	   4.9100000e+00	   2.1280000e+03	
   2.0000000e+00	   2.5000000e+01	   2.0500000e+02	   1.0000000e-02	   1.7940000e+03	
   2.0000000e+00	   2.6000000e+01	   1.0300000e+02	   0.0000000e+00	   1.0950000e+03	
   2.0000000e+00	   2.7000000e+01	   3.0800000e+02	   0.0000000e+00	   9.2800000e+02	
   2.0000000e+00	   2.8000000e+01	   1.1300000e+02	   4.0300000e+00	   2.6240000e+03	
   2.0000000e+00	   2.9000000e+01	   3.1200000e+02	   1.0000000e-02	   8.6100000e+02	
   2.0000000e+00	   3.0000000e+01	   3.0500000e+02	   3.5200000e+00	   2.0280000e+03	
   2.0000000e+00	   3.1000000e+01	   1.1400000e+02	   1.0600000e+00	   3.5600000e+03	
   2.0000000e+00	   3.2000000e+01	   1.1000000e+02	   0.0000000e+00	   1.0280000e+03	
   2.0000000e+00	   3.3000000e+01	   3.1400000e+02	   4.4100000e+00	   1.5130000e+03	
   2.0000000e+00	   3.4000000e+01	   2.1300000e+02	   0.0000000e+00	   1.4940000e+03	
   2.0000000e+00	   3.5000000e+01	   2.1200000e+02	   0.0000000e+00	   9.6200000e+02	
   2.0000000e+00	   3.6000000e+01	   3.1000000e+02	   3.7200000e+00	   1.9610000e+03	
   2.0000000e+00	   3.7000000e+01	   3.0700000e+02	   0.0000000e+00	   9.2800000e+02	
   2.0000000e+00	   3.8000000e+01	   2.1500000e+02	   0.0000000e+00	   9.6100000e+02	
   2.0000000e+00	   3.9000000e+01	   1.1600000e+02	   3.9100000e+00	   1.2950000e+03	
   2.0000000e+00	   4.0000000e+01	   2.0400000e+02	   1.9200000e+00	   1.8620000e+03	
   2.0000000e+00	   4.1000000e+01	   1.0700000e+02	   5.0000000e+00	   1.4620000e+03	
   2.0000000e+00	   4.2000000e+01	   3.1300000e+02	   0.0000000e+00	   1.8610000e+03	
   2.0000000e+00	   4.3000000e+01	   2.0200000e+02	   5.0000000e+00	   1.0610000e+03	
   2.0000000e+00	   4.4000000e+01	   1.0500000e+02	   3.6900000e+00	   3.9280000e+03	
   2.0000000e+00	   4.5000000e+01	   3.0900000e+02	   0.0000000e+00	   9.2800000e+02	
