   1.0500000e+02	   1.1300000e+02	   1.0400000e+02	   1.0000000e+00	   1.0000000e+00	   3.7500000e+00	   3.5400000e+00	   5.5000000e-02	   1.0000000e+00	   3.0000000e+00	   2.0000000e+00	   3.0000000e+00	   7.7600000e+02	
   1.1500000e+02	   3.1100000e+02	   3.1300000e+02	   1.5000000e+01	   5.0000000e+00	   2.6800000e+00	   4.1600000e+00	   0.0000000e+00	   3.0000000e+00	   1.0000000e+00	   2.0000000e+00	   1.0000000e+00	   1.2930000e+03	
   3.1100000e+02	   3.1400000e+02	   2.0900000e+02	   7.0000000e+00	   2.0000000e+00	   4.1600000e+00	   4.4350000e+00	   5.0000000e-03	   1.0000000e+00	   3.0000000e+00	   2.0000000e+00	   1.0000000e+00	   1.0260000e+03	
   1.0200000e+02	   2.0200000e+02	   2.0800000e+02	   6.0000000e+00	   4.0000000e+00	   3.8350000e+00	   5.0000000e+00	   4.5500000e-01	   1.0000000e+00	   3.0000000e+00	   2.0000000e+00	   3.0000000e+00	   2.5620000e+03	
   1.0700000e+02	   1.1600000e+02	   2.0900000e+02	   7.0000000e+00	   5.0000000e+00	   5.0000000e+00	   3.7200000e+00	   5.0000000e-03	   1.0000000e+00	   2.0000000e+00	   3.0000000e+00	   1.0000000e+00	   2.8870000e+03	
   1.1600000e+02	   3.1400000e+02	   1.1100000e+02	   3.0000000e+00	   3.0000000e+00	   3.7200000e+00	   4.4350000e+00	   2.5150000e+00	   1.0000000e+00	   2.0000000e+00	   3.0000000e+00	   2.0000000e+00	   1.6450000e+03	
   1.0500000e+02	   3.0500000e+02	   2.1500000e+02	   9.0000000e+00	   2.0000000e+00	   3.7500000e+00	   3.2350000e+00	   0.0000000e+00	   3.0000000e+00	   1.0000000e+00	   2.0000000e+00	   3.0000000e+00	   1.3950000e+03	
   1.0800000e+02	   3.0500000e+02	   3.1200000e+02	   1.4000000e+01	   2.0000000e+00	   3.6150000e+00	   3.2350000e+00	   5.0000000e-03	   2.0000000e+00	   3.0000000e+00	   1.0000000e+00	   2.0000000e+00	   2.6810000e+03	
   1.0200000e+02	   1.1500000e+02	   2.0900000e+02	   7.0000000e+00	   4.0000000e+00	   3.8350000e+00	   2.6800000e+00	   5.0000000e-03	   1.0000000e+00	   2.0000000e+00	   3.0000000e+00	   2.0000000e+00	   1.4640000e+03	
   3.0500000e+02	   3.1000000e+02	   2.1500000e+02	   9.0000000e+00	   4.0000000e+00	   3.2350000e+00	   4.2000000e+00	   0.0000000e+00	   1.0000000e+00	   3.0000000e+00	   2.0000000e+00	   3.0000000e+00	   1.3050000e+03	
   1.0100000e+02	   1.1500000e+02	   3.1300000e+02	   1.5000000e+01	   5.0000000e+00	   4.9550000e+00	   2.6800000e+00	   0.0000000e+00	   2.0000000e+00	   3.0000000e+00	   1.0000000e+00	   3.0000000e+00	   1.0150000e+03	
   1.0600000e+02	   1.1200000e+02	   2.0900000e+02	   7.0000000e+00	   2.0000000e+00	   4.1750000e+00	   3.7850000e+00	   5.0000000e-03	   2.0000000e+00	   3.0000000e+00	   1.0000000e+00	   3.0000000e+00	   9.4800000e+02	
   1.0800000e+02	   2.0200000e+02	   3.0600000e+02	   1.2000000e+01	   5.0000000e+00	   3.6150000e+00	   5.0000000e+00	   1.0200000e+00	   1.0000000e+00	   2.0000000e+00	   3.0000000e+00	   2.0000000e+00	   2.4080000e+03	
   1.0600000e+02	   1.0700000e+02	   2.0300000e+02	   4.0000000e+00	   3.0000000e+00	   4.1750000e+00	   5.0000000e+00	   2.1500000e-01	   1.0000000e+00	   2.0000000e+00	   3.0000000e+00	   2.0000000e+00	   2.5780000e+03	
   1.0100000e+02	   3.1400000e+02	   2.0300000e+02	   4.0000000e+00	   2.0000000e+00	   4.9550000e+00	   4.4350000e+00	   2.1500000e-01	   3.0000000e+00	   2.0000000e+00	   1.0000000e+00	   2.0000000e+00	   3.3430000e+03	
   1.0200000e+02	   1.0800000e+02	   3.0300000e+02	   1.1000000e+01	   1.0000000e+00	   3.8350000e+00	   3.6150000e+00	   0.0000000e+00	   1.0000000e+00	   3.0000000e+00	   2.0000000e+00	   1.0000000e+00	   1.4080000e+03	
   1.0200000e+02	   1.0700000e+02	   3.0600000e+02	   1.2000000e+01	   4.0000000e+00	   3.8350000e+00	   5.0000000e+00	   1.0200000e+00	   2.0000000e+00	   3.0000000e+00	   1.0000000e+00	   3.0000000e+00	   1.0070000e+03	
   1.0200000e+02	   1.1200000e+02	   1.0900000e+02	   2.0000000e+00	   1.0000000e+00	   3.8350000e+00	   3.7850000e+00	   0.0000000e+00	   2.0000000e+00	   1.0000000e+00	   3.0000000e+00	   2.0000000e+00	   1.5900000e+03	
   1.1200000e+02	   3.1100000e+02	   3.0200000e+02	   1.0000000e+01	   2.0000000e+00	   3.7850000e+00	   4.1600000e+00	   8.5000000e-01	   3.0000000e+00	   2.0000000e+00	   1.0000000e+00	   3.0000000e+00	   2.7290000e+03	
   1.0100000e+02	   1.0800000e+02	   3.0200000e+02	   1.0000000e+01	   5.0000000e+00	   4.9550000e+00	   3.6150000e+00	   8.5000000e-01	   3.0000000e+00	   1.0000000e+00	   2.0000000e+00	   3.0000000e+00	   1.3120000e+03	
   1.0100000e+02	   3.1400000e+02	   3.1200000e+02	   1.4000000e+01	   2.0000000e+00	   4.9550000e+00	   4.4350000e+00	   5.0000000e-03	   3.0000000e+00	   2.0000000e+00	   1.0000000e+00	   3.0000000e+00	   2.1940000e+03	
   3.1000000e+02	   3.1400000e+02	   3.0200000e+02	   1.0000000e+01	   1.0000000e+00	   4.2000000e+00	   4.4350000e+00	   8.5000000e-01	   3.0000000e+00	   1.0000000e+00	   2.0000000e+00	   3.0000000e+00	   9.3100000e+02	
   1.1200000e+02	   3.1100000e+02	   1.1100000e+02	   3.0000000e+00	   2.0000000e+00	   3.7850000e+00	   4.1600000e+00	   2.5150000e+00	   3.0000000e+00	   2.0000000e+00	   1.0000000e+00	   3.0000000e+00	   1.5670000e+03	
   1.1500000e+02	   3.1400000e+02	   2.0300000e+02	   4.0000000e+00	   5.0000000e+00	   2.6800000e+00	   4.4350000e+00	   2.1500000e-01	   1.0000000e+00	   2.0000000e+00	   3.0000000e+00	   1.0000000e+00	   1.7270000e+03	
   1.0600000e+02	   1.1600000e+02	   3.0600000e+02	   1.2000000e+01	   2.0000000e+00	   4.1750000e+00	   3.7200000e+00	   1.0200000e+00	   3.0000000e+00	   1.0000000e+00	   2.0000000e+00	   3.0000000e+00	   1.2460000e+03	
   1.0800000e+02	   2.0200000e+02	   2.0800000e+02	   6.0000000e+00	   5.0000000e+00	   3.6150000e+00	   5.0000000e+00	   4.5500000e-01	   3.0000000e+00	   2.0000000e+00	   1.0000000e+00	   3.0000000e+00	   8.5500000e+02	
   1.0600000e+02	   3.1400000e+02	   2.0800000e+02	   6.0000000e+00	   1.0000000e+00	   4.1750000e+00	   4.4350000e+00	   4.5500000e-01	   1.0000000e+00	   3.0000000e+00	   2.0000000e+00	   3.0000000e+00	   3.5830000e+03	
   1.0500000e+02	   3.1100000e+02	   3.0800000e+02	   1.3000000e+01	   2.0000000e+00	   3.7500000e+00	   4.1600000e+00	   0.0000000e+00	   1.0000000e+00	   3.0000000e+00	   2.0000000e+00	   1.0000000e+00	   1.2270000e+03	
   1.0500000e+02	   2.0200000e+02	   3.0800000e+02	   1.3000000e+01	   5.0000000e+00	   3.7500000e+00	   5.0000000e+00	   0.0000000e+00	   1.0000000e+00	   2.0000000e+00	   3.0000000e+00	   1.0000000e+00	   1.3200000e+03	
   1.0700000e+02	   1.1300000e+02	   2.1200000e+02	   8.0000000e+00	   5.0000000e+00	   5.0000000e+00	   3.5400000e+00	   0.0000000e+00	   2.0000000e+00	   1.0000000e+00	   3.0000000e+00	   2.0000000e+00	   1.9620000e+03	
   3.0500000e+02	   3.1000000e+02	   2.0600000e+02	   5.0000000e+00	   4.0000000e+00	   3.2350000e+00	   4.2000000e+00	   0.0000000e+00	   3.0000000e+00	   2.0000000e+00	   1.0000000e+00	   2.0000000e+00	   8.2400000e+02	
   1.1300000e+02	   2.0200000e+02	   3.1200000e+02	   1.4000000e+01	   5.0000000e+00	   3.5400000e+00	   5.0000000e+00	   5.0000000e-03	   1.0000000e+00	   3.0000000e+00	   2.0000000e+00	   3.0000000e+00	   1.1960000e+03	
   1.1600000e+02	   3.1400000e+02	   3.0200000e+02	   1.0000000e+01	   3.0000000e+00	   3.7200000e+00	   4.4350000e+00	   8.5000000e-01	   2.0000000e+00	   1.0000000e+00	   3.0000000e+00	   2.0000000e+00	   9.2300000e+02	
   1.0800000e+02	   3.1400000e+02	   3.1200000e+02	   1.4000000e+01	   3.0000000e+00	   3.6150000e+00	   4.4350000e+00	   5.0000000e-03	   3.0000000e+00	   1.0000000e+00	   2.0000000e+00	   1.0000000e+00	   2.4320000e+03	
   1.0200000e+02	   3.1100000e+02	   2.0600000e+02	   5.0000000e+00	   2.0000000e+00	   3.8350000e+00	   4.1600000e+00	   0.0000000e+00	   2.0000000e+00	   3.0000000e+00	   1.0000000e+00	   2.0000000e+00	   1.4200000e+03	
   1.0500000e+02	   1.1600000e+02	   2.1500000e+02	   9.0000000e+00	   1.0000000e+00	   3.7500000e+00	   3.7200000e+00	   0.0000000e+00	   2.0000000e+00	   3.0000000e+00	   1.0000000e+00	   2.0000000e+00	   1.1490000e+03	
   1.0200000e+02	   1.1600000e+02	   1.0900000e+02	   2.0000000e+00	   1.0000000e+00	   3.8350000e+00	   3.7200000e+00	   0.0000000e+00	   1.0000000e+00	   3.0000000e+00	   2.0000000e+00	   1.0000000e+00	   2.5730000e+03	
   1.0500000e+02	   3.1400000e+02	   1.0900000e+02	   2.0000000e+00	   3.0000000e+00	   3.7500000e+00	   4.4350000e+00	   0.0000000e+00	   3.0000000e+00	   1.0000000e+00	   2.0000000e+00	   3.0000000e+00	   7.9000000e+02	
   1.0800000e+02	   3.0500000e+02	   2.0800000e+02	   6.0000000e+00	   2.0000000e+00	   3.6150000e+00	   3.2350000e+00	   4.5500000e-01	   2.0000000e+00	   1.0000000e+00	   3.0000000e+00	   2.0000000e+00	   1.0540000e+03	
   1.0200000e+02	   1.1600000e+02	   2.1200000e+02	   8.0000000e+00	   1.0000000e+00	   3.8350000e+00	   3.7200000e+00	   0.0000000e+00	   3.0000000e+00	   1.0000000e+00	   2.0000000e+00	   3.0000000e+00	   8.1100000e+02	
   1.1300000e+02	   2.0200000e+02	   3.0800000e+02	   1.3000000e+01	   5.0000000e+00	   3.5400000e+00	   5.0000000e+00	   0.0000000e+00	   2.0000000e+00	   3.0000000e+00	   1.0000000e+00	   2.0000000e+00	   7.2800000e+02	
   1.0700000e+02	   3.1400000e+02	   1.1100000e+02	   3.0000000e+00	   3.0000000e+00	   5.0000000e+00	   4.4350000e+00	   2.5150000e+00	   1.0000000e+00	   2.0000000e+00	   3.0000000e+00	   1.0000000e+00	   1.3230000e+03	
   1.0800000e+02	   3.0500000e+02	   1.0900000e+02	   2.0000000e+00	   2.0000000e+00	   3.6150000e+00	   3.2350000e+00	   0.0000000e+00	   3.0000000e+00	   2.0000000e+00	   1.0000000e+00	   3.0000000e+00	   8.8600000e+02	
   1.1200000e+02	   2.0200000e+02	   3.0600000e+02	   1.2000000e+01	   4.0000000e+00	   3.7850000e+00	   5.0000000e+00	   1.0200000e+00	   2.0000000e+00	   1.0000000e+00	   3.0000000e+00	   2.0000000e+00	   8.9300000e+02	
   1.1200000e+02	   3.1000000e+02	   1.0900000e+02	   2.0000000e+00	   2.0000000e+00	   3.7850000e+00	   4.2000000e+00	   0.0000000e+00	   2.0000000e+00	   1.0000000e+00	   3.0000000e+00	   1.0000000e+00	   1.3750000e+03	
   2.0200000e+02	   3.0500000e+02	   3.0600000e+02	   1.2000000e+01	   5.0000000e+00	   5.0000000e+00	   3.2350000e+00	   1.0200000e+00	   3.0000000e+00	   1.0000000e+00	   2.0000000e+00	   3.0000000e+00	   6.0700000e+02	
   1.1600000e+02	   2.0200000e+02	   2.0300000e+02	   4.0000000e+00	   5.0000000e+00	   3.7200000e+00	   5.0000000e+00	   2.1500000e-01	   3.0000000e+00	   2.0000000e+00	   1.0000000e+00	   2.0000000e+00	   6.9500000e+02	
   2.0200000e+02	   3.1000000e+02	   1.0400000e+02	   1.0000000e+00	   3.0000000e+00	   5.0000000e+00	   4.2000000e+00	   5.5000000e-02	   2.0000000e+00	   3.0000000e+00	   1.0000000e+00	   2.0000000e+00	   4.9500000e+02	
   1.1300000e+02	   3.0500000e+02	   2.0800000e+02	   6.0000000e+00	   2.0000000e+00	   3.5400000e+00	   3.2350000e+00	   4.5500000e-01	   2.0000000e+00	   3.0000000e+00	   1.0000000e+00	   3.0000000e+00	   1.8540000e+03	
   1.0600000e+02	   1.1500000e+02	   3.0200000e+02	   1.0000000e+01	   5.0000000e+00	   4.1750000e+00	   2.6800000e+00	   8.5000000e-01	   2.0000000e+00	   1.0000000e+00	   3.0000000e+00	   3.0000000e+00	   4.3110000e+03	
   1.1200000e+02	   3.1000000e+02	   3.0600000e+02	   1.2000000e+01	   2.0000000e+00	   3.7850000e+00	   4.2000000e+00	   1.0200000e+00	   1.0000000e+00	   3.0000000e+00	   2.0000000e+00	   3.0000000e+00	   1.1450000e+03	
   1.0800000e+02	   3.1400000e+02	   2.0600000e+02	   5.0000000e+00	   3.0000000e+00	   3.6150000e+00	   4.4350000e+00	   0.0000000e+00	   1.0000000e+00	   3.0000000e+00	   2.0000000e+00	   1.0000000e+00	   1.2360000e+03	
   1.0100000e+02	   1.0700000e+02	   3.0200000e+02	   1.0000000e+01	   1.0000000e+00	   4.9550000e+00	   5.0000000e+00	   8.5000000e-01	   3.0000000e+00	   2.0000000e+00	   1.0000000e+00	   1.0000000e+00	   1.3510000e+03	
   1.0200000e+02	   3.1400000e+02	   2.0900000e+02	   7.0000000e+00	   3.0000000e+00	   3.8350000e+00	   4.4350000e+00	   5.0000000e-03	   1.0000000e+00	   3.0000000e+00	   2.0000000e+00	   1.0000000e+00	   2.0990000e+03	
   1.0500000e+02	   2.0200000e+02	   3.0200000e+02	   1.0000000e+01	   5.0000000e+00	   3.7500000e+00	   5.0000000e+00	   8.5000000e-01	   2.0000000e+00	   3.0000000e+00	   1.0000000e+00	   3.0000000e+00	   7.1600000e+02	
   1.1600000e+02	   3.1100000e+02	   2.0900000e+02	   7.0000000e+00	   2.0000000e+00	   3.7200000e+00	   4.1600000e+00	   5.0000000e-03	   1.0000000e+00	   3.0000000e+00	   2.0000000e+00	   3.0000000e+00	   2.5700000e+03	
   2.0200000e+02	   3.1100000e+02	   1.1100000e+02	   3.0000000e+00	   4.0000000e+00	   5.0000000e+00	   4.1600000e+00	   2.5150000e+00	   2.0000000e+00	   3.0000000e+00	   1.0000000e+00	   2.0000000e+00	   6.4000000e+02	
   1.1200000e+02	   2.0200000e+02	   2.0600000e+02	   5.0000000e+00	   4.0000000e+00	   3.7850000e+00	   5.0000000e+00	   0.0000000e+00	   3.0000000e+00	   2.0000000e+00	   1.0000000e+00	   2.0000000e+00	   5.2100000e+02	
   1.0600000e+02	   3.1100000e+02	   3.1300000e+02	   1.5000000e+01	   1.0000000e+00	   4.1750000e+00	   4.1600000e+00	   0.0000000e+00	   3.0000000e+00	   2.0000000e+00	   1.0000000e+00	   2.0000000e+00	   1.5390000e+03	
   1.0100000e+02	   3.1100000e+02	   3.0600000e+02	   1.2000000e+01	   3.0000000e+00	   4.9550000e+00	   4.1600000e+00	   1.0200000e+00	   1.0000000e+00	   2.0000000e+00	   3.0000000e+00	   1.0000000e+00	   1.3130000e+03	
   1.1300000e+02	   3.0500000e+02	   2.0300000e+02	   4.0000000e+00	   2.0000000e+00	   3.5400000e+00	   3.2350000e+00	   2.1500000e-01	   3.0000000e+00	   2.0000000e+00	   1.0000000e+00	   2.0000000e+00	   1.6260000e+03	
   1.0500000e+02	   2.0200000e+02	   1.1100000e+02	   3.0000000e+00	   5.0000000e+00	   3.7500000e+00	   5.0000000e+00	   2.5150000e+00	   2.0000000e+00	   3.0000000e+00	   1.0000000e+00	   2.0000000e+00	   7.2400000e+02	
   3.1000000e+02	   3.1100000e+02	   3.1300000e+02	   1.5000000e+01	   1.0000000e+00	   4.2000000e+00	   4.1600000e+00	   0.0000000e+00	   3.0000000e+00	   1.0000000e+00	   2.0000000e+00	   3.0000000e+00	   1.3290000e+03	
   1.1200000e+02	   3.1400000e+02	   2.0600000e+02	   5.0000000e+00	   3.0000000e+00	   3.7850000e+00	   4.4350000e+00	   0.0000000e+00	   1.0000000e+00	   2.0000000e+00	   3.0000000e+00	   2.0000000e+00	   2.9620000e+03	
   1.0100000e+02	   3.1100000e+02	   1.0900000e+02	   2.0000000e+00	   3.0000000e+00	   4.9550000e+00	   4.1600000e+00	   0.0000000e+00	   1.0000000e+00	   2.0000000e+00	   3.0000000e+00	   1.0000000e+00	   1.2180000e+03	
   1.0600000e+02	   3.1100000e+02	   2.0300000e+02	   4.0000000e+00	   1.0000000e+00	   4.1750000e+00	   4.1600000e+00	   2.1500000e-01	   2.0000000e+00	   3.0000000e+00	   1.0000000e+00	   3.0000000e+00	   1.1540000e+03	
   3.1000000e+02	   3.1100000e+02	   1.0900000e+02	   2.0000000e+00	   1.0000000e+00	   4.2000000e+00	   4.1600000e+00	   0.0000000e+00	   1.0000000e+00	   2.0000000e+00	   3.0000000e+00	   1.0000000e+00	   8.0100000e+02	
   1.0600000e+02	   1.1200000e+02	   3.1200000e+02	   1.4000000e+01	   2.0000000e+00	   4.1750000e+00	   3.7850000e+00	   5.0000000e-03	   3.0000000e+00	   2.0000000e+00	   1.0000000e+00	   2.0000000e+00	   1.1830000e+03	
   1.1500000e+02	   3.1000000e+02	   3.0800000e+02	   1.3000000e+01	   5.0000000e+00	   2.6800000e+00	   4.2000000e+00	   0.0000000e+00	   2.0000000e+00	   1.0000000e+00	   3.0000000e+00	   1.0000000e+00	   6.8600000e+02	
   1.1300000e+02	   1.1600000e+02	   3.0300000e+02	   1.1000000e+01	   1.0000000e+00	   3.5400000e+00	   3.7200000e+00	   0.0000000e+00	   2.0000000e+00	   3.0000000e+00	   1.0000000e+00	   2.0000000e+00	   1.0710000e+03	
   1.0100000e+02	   1.0600000e+02	   1.1100000e+02	   3.0000000e+00	   3.0000000e+00	   4.9550000e+00	   4.1750000e+00	   2.5150000e+00	   3.0000000e+00	   1.0000000e+00	   2.0000000e+00	   3.0000000e+00	   1.2940000e+03	
   1.1300000e+02	   1.1600000e+02	   2.1500000e+02	   9.0000000e+00	   1.0000000e+00	   3.5400000e+00	   3.7200000e+00	   0.0000000e+00	   2.0000000e+00	   1.0000000e+00	   3.0000000e+00	   2.0000000e+00	   1.6800000e+03	
   1.0200000e+02	   3.1000000e+02	   2.1500000e+02	   9.0000000e+00	   2.0000000e+00	   3.8350000e+00	   4.2000000e+00	   0.0000000e+00	   1.0000000e+00	   3.0000000e+00	   2.0000000e+00	   3.0000000e+00	   7.3800000e+02	
   1.0800000e+02	   1.1600000e+02	   1.1100000e+02	   3.0000000e+00	   1.0000000e+00	   3.6150000e+00	   3.7200000e+00	   2.5150000e+00	   2.0000000e+00	   3.0000000e+00	   1.0000000e+00	   2.0000000e+00	   1.0890000e+03	
   1.0600000e+02	   1.0800000e+02	   3.0800000e+02	   1.3000000e+01	   3.0000000e+00	   4.1750000e+00	   3.6150000e+00	   0.0000000e+00	   2.0000000e+00	   1.0000000e+00	   3.0000000e+00	   2.0000000e+00	   1.0890000e+03	
   2.0200000e+02	   3.1400000e+02	   2.0300000e+02	   4.0000000e+00	   3.0000000e+00	   5.0000000e+00	   4.4350000e+00	   2.1500000e-01	   2.0000000e+00	   3.0000000e+00	   1.0000000e+00	   2.0000000e+00	   6.7000000e+02	
   1.0500000e+02	   1.1500000e+02	   1.0400000e+02	   1.0000000e+00	   4.0000000e+00	   3.7500000e+00	   2.6800000e+00	   5.5000000e-02	   2.0000000e+00	   3.0000000e+00	   1.0000000e+00	   3.0000000e+00	   1.2690000e+03	
   1.1500000e+02	   2.0200000e+02	   2.0800000e+02	   6.0000000e+00	   5.0000000e+00	   2.6800000e+00	   5.0000000e+00	   4.5500000e-01	   3.0000000e+00	   2.0000000e+00	   1.0000000e+00	   2.0000000e+00	   5.7600000e+02	
   2.0200000e+02	   3.0500000e+02	   2.1200000e+02	   8.0000000e+00	   5.0000000e+00	   5.0000000e+00	   3.2350000e+00	   0.0000000e+00	   3.0000000e+00	   1.0000000e+00	   2.0000000e+00	   3.0000000e+00	   7.3900000e+02	
   1.0100000e+02	   3.1400000e+02	   3.1300000e+02	   1.5000000e+01	   2.0000000e+00	   4.9550000e+00	   4.4350000e+00	   0.0000000e+00	   3.0000000e+00	   2.0000000e+00	   1.0000000e+00	   3.0000000e+00	   7.2800000e+02	
   1.0600000e+02	   1.1200000e+02	   2.0600000e+02	   5.0000000e+00	   2.0000000e+00	   4.1750000e+00	   3.7850000e+00	   0.0000000e+00	   3.0000000e+00	   1.0000000e+00	   2.0000000e+00	   1.0000000e+00	   1.4730000e+03	
   3.0500000e+02	   3.1000000e+02	   3.0600000e+02	   1.2000000e+01	   4.0000000e+00	   3.2350000e+00	   4.2000000e+00	   1.0200000e+00	   3.0000000e+00	   2.0000000e+00	   1.0000000e+00	   3.0000000e+00	   8.1600000e+02	
   1.1300000e+02	   3.1100000e+02	   2.1500000e+02	   9.0000000e+00	   3.0000000e+00	   3.5400000e+00	   4.1600000e+00	   0.0000000e+00	   3.0000000e+00	   1.0000000e+00	   2.0000000e+00	   3.0000000e+00	   1.5780000e+03	
   1.0700000e+02	   3.0500000e+02	   1.1100000e+02	   3.0000000e+00	   5.0000000e+00	   5.0000000e+00	   3.2350000e+00	   2.5150000e+00	   2.0000000e+00	   1.0000000e+00	   3.0000000e+00	   2.0000000e+00	   7.0500000e+02	
   1.0700000e+02	   1.0800000e+02	   2.0600000e+02	   5.0000000e+00	   5.0000000e+00	   5.0000000e+00	   3.6150000e+00	   0.0000000e+00	   1.0000000e+00	   3.0000000e+00	   2.0000000e+00	   1.0000000e+00	   1.5110000e+03	
   1.0500000e+02	   3.1400000e+02	   2.1200000e+02	   8.0000000e+00	   3.0000000e+00	   3.7500000e+00	   4.4350000e+00	   0.0000000e+00	   3.0000000e+00	   1.0000000e+00	   2.0000000e+00	   1.0000000e+00	   1.3770000e+03	
   1.0600000e+02	   2.0200000e+02	   2.0800000e+02	   6.0000000e+00	   3.0000000e+00	   4.1750000e+00	   5.0000000e+00	   4.5500000e-01	   2.0000000e+00	   3.0000000e+00	   1.0000000e+00	   3.0000000e+00	   5.4800000e+02	
   1.0700000e+02	   1.1500000e+02	   1.0400000e+02	   1.0000000e+00	   5.0000000e+00	   5.0000000e+00	   2.6800000e+00	   5.5000000e-02	   2.0000000e+00	   3.0000000e+00	   1.0000000e+00	   2.0000000e+00	   1.6360000e+03	
   1.0100000e+02	   1.0200000e+02	   1.1100000e+02	   3.0000000e+00	   4.0000000e+00	   4.9550000e+00	   3.8350000e+00	   2.5150000e+00	   1.0000000e+00	   3.0000000e+00	   2.0000000e+00	   3.0000000e+00	   8.2200000e+02	
   1.1500000e+02	   3.0500000e+02	   2.1500000e+02	   9.0000000e+00	   3.0000000e+00	   2.6800000e+00	   3.2350000e+00	   0.0000000e+00	   1.0000000e+00	   3.0000000e+00	   2.0000000e+00	   3.0000000e+00	   7.6400000e+02	
   1.0100000e+02	   1.1200000e+02	   2.0900000e+02	   7.0000000e+00	   4.0000000e+00	   4.9550000e+00	   3.7850000e+00	   5.0000000e-03	   2.0000000e+00	   3.0000000e+00	   1.0000000e+00	   2.0000000e+00	   9.0500000e+02	
   1.0500000e+02	   1.1600000e+02	   2.0600000e+02	   5.0000000e+00	   1.0000000e+00	   3.7500000e+00	   3.7200000e+00	   0.0000000e+00	   3.0000000e+00	   2.0000000e+00	   1.0000000e+00	   2.0000000e+00	   8.5500000e+02	
   1.0800000e+02	   1.1600000e+02	   1.0900000e+02	   2.0000000e+00	   1.0000000e+00	   3.6150000e+00	   3.7200000e+00	   0.0000000e+00	   1.0000000e+00	   3.0000000e+00	   2.0000000e+00	   3.0000000e+00	   1.0470000e+03	
   1.0100000e+02	   1.0500000e+02	   3.0800000e+02	   1.3000000e+01	   4.0000000e+00	   4.9550000e+00	   3.7500000e+00	   0.0000000e+00	   1.0000000e+00	   3.0000000e+00	   2.0000000e+00	   1.0000000e+00	   1.0470000e+03	
   3.0500000e+02	   3.1400000e+02	   3.1200000e+02	   1.4000000e+01	   4.0000000e+00	   3.2350000e+00	   4.4350000e+00	   5.0000000e-03	   2.0000000e+00	   1.0000000e+00	   3.0000000e+00	   2.0000000e+00	   6.9400000e+02	
   2.0200000e+02	   3.1000000e+02	   2.1200000e+02	   8.0000000e+00	   3.0000000e+00	   5.0000000e+00	   4.2000000e+00	   0.0000000e+00	   2.0000000e+00	   3.0000000e+00	   1.0000000e+00	   3.0000000e+00	   7.2900000e+02	
   1.1500000e+02	   3.1100000e+02	   1.0900000e+02	   2.0000000e+00	   5.0000000e+00	   2.6800000e+00	   4.1600000e+00	   0.0000000e+00	   3.0000000e+00	   1.0000000e+00	   2.0000000e+00	   3.0000000e+00	   1.3410000e+03	
   1.0500000e+02	   3.1400000e+02	   2.0600000e+02	   5.0000000e+00	   3.0000000e+00	   3.7500000e+00	   4.4350000e+00	   0.0000000e+00	   1.0000000e+00	   3.0000000e+00	   2.0000000e+00	   3.0000000e+00	   1.3390000e+03	
   1.1500000e+02	   3.0500000e+02	   1.0400000e+02	   1.0000000e+00	   3.0000000e+00	   2.6800000e+00	   3.2350000e+00	   5.5000000e-02	   1.0000000e+00	   2.0000000e+00	   3.0000000e+00	   2.0000000e+00	   1.0360000e+03	
   1.1300000e+02	   2.0200000e+02	   3.0300000e+02	   1.1000000e+01	   5.0000000e+00	   3.5400000e+00	   5.0000000e+00	   0.0000000e+00	   3.0000000e+00	   2.0000000e+00	   1.0000000e+00	   2.0000000e+00	   1.1340000e+03	
   3.1000000e+02	   3.1100000e+02	   1.0400000e+02	   1.0000000e+00	   1.0000000e+00	   4.2000000e+00	   4.1600000e+00	   5.5000000e-02	   3.0000000e+00	   1.0000000e+00	   2.0000000e+00	   3.0000000e+00	   7.6100000e+02	
   1.0700000e+02	   1.1300000e+02	   2.1500000e+02	   9.0000000e+00	   5.0000000e+00	   5.0000000e+00	   3.5400000e+00	   0.0000000e+00	   2.0000000e+00	   3.0000000e+00	   1.0000000e+00	   2.0000000e+00	   8.5900000e+02	
   3.1000000e+02	   3.1400000e+02	   2.0900000e+02	   7.0000000e+00	   1.0000000e+00	   4.2000000e+00	   4.4350000e+00	   5.0000000e-03	   3.0000000e+00	   2.0000000e+00	   1.0000000e+00	   3.0000000e+00	   5.9600000e+02	
   1.0600000e+02	   3.1000000e+02	   2.0600000e+02	   5.0000000e+00	   1.0000000e+00	   4.1750000e+00	   4.2000000e+00	   0.0000000e+00	   1.0000000e+00	   2.0000000e+00	   3.0000000e+00	   2.0000000e+00	   7.8400000e+02	
   1.1200000e+02	   3.1400000e+02	   1.0400000e+02	   1.0000000e+00	   3.0000000e+00	   3.7850000e+00	   4.4350000e+00	   5.5000000e-02	   2.0000000e+00	   3.0000000e+00	   1.0000000e+00	   2.0000000e+00	   1.0300000e+03	
   1.0600000e+02	   1.0800000e+02	   1.0900000e+02	   2.0000000e+00	   3.0000000e+00	   4.1750000e+00	   3.6150000e+00	   0.0000000e+00	   2.0000000e+00	   3.0000000e+00	   1.0000000e+00	   2.0000000e+00	   1.2510000e+03	
   1.0800000e+02	   1.1300000e+02	   3.0800000e+02	   1.3000000e+01	   1.0000000e+00	   3.6150000e+00	   3.5400000e+00	   0.0000000e+00	   2.0000000e+00	   1.0000000e+00	   3.0000000e+00	   2.0000000e+00	   1.6050000e+03	
   1.0600000e+02	   3.1400000e+02	   2.1200000e+02	   8.0000000e+00	   1.0000000e+00	   4.1750000e+00	   4.4350000e+00	   0.0000000e+00	   3.0000000e+00	   2.0000000e+00	   1.0000000e+00	   2.0000000e+00	   1.1530000e+03	
   1.0200000e+02	   2.0200000e+02	   3.0800000e+02	   1.3000000e+01	   4.0000000e+00	   3.8350000e+00	   5.0000000e+00	   0.0000000e+00	   1.0000000e+00	   3.0000000e+00	   2.0000000e+00	   3.0000000e+00	   8.1100000e+02	
   1.0500000e+02	   3.1000000e+02	   1.0400000e+02	   1.0000000e+00	   2.0000000e+00	   3.7500000e+00	   4.2000000e+00	   5.5000000e-02	   1.0000000e+00	   2.0000000e+00	   3.0000000e+00	   2.0000000e+00	   9.6300000e+02	
   1.1500000e+02	   3.1400000e+02	   3.0600000e+02	   1.2000000e+01	   5.0000000e+00	   2.6800000e+00	   4.4350000e+00	   1.0200000e+00	   2.0000000e+00	   1.0000000e+00	   3.0000000e+00	   1.0000000e+00	   1.3110000e+03	
   1.0600000e+02	   1.0800000e+02	   2.0900000e+02	   7.0000000e+00	   3.0000000e+00	   4.1750000e+00	   3.6150000e+00	   5.0000000e-03	   1.0000000e+00	   3.0000000e+00	   2.0000000e+00	   1.0000000e+00	   1.0480000e+03	
   1.1200000e+02	   3.1400000e+02	   3.1300000e+02	   1.5000000e+01	   3.0000000e+00	   3.7850000e+00	   4.4350000e+00	   0.0000000e+00	   1.0000000e+00	   2.0000000e+00	   3.0000000e+00	   1.0000000e+00	   1.0680000e+03	
   1.0200000e+02	   1.0700000e+02	   3.1200000e+02	   1.4000000e+01	   4.0000000e+00	   3.8350000e+00	   5.0000000e+00	   5.0000000e-03	   3.0000000e+00	   2.0000000e+00	   1.0000000e+00	   2.0000000e+00	   7.8400000e+02	
   1.1200000e+02	   1.1500000e+02	   1.1100000e+02	   3.0000000e+00	   4.0000000e+00	   3.7850000e+00	   2.6800000e+00	   2.5150000e+00	   3.0000000e+00	   2.0000000e+00	   1.0000000e+00	   2.0000000e+00	   1.6640000e+03	
   1.0100000e+02	   3.1000000e+02	   2.0900000e+02	   7.0000000e+00	   3.0000000e+00	   4.9550000e+00	   4.2000000e+00	   5.0000000e-03	   3.0000000e+00	   1.0000000e+00	   2.0000000e+00	   1.0000000e+00	   7.4800000e+02	
   1.1500000e+02	   1.1600000e+02	   3.0800000e+02	   1.3000000e+01	   4.0000000e+00	   2.6800000e+00	   3.7200000e+00	   0.0000000e+00	   1.0000000e+00	   3.0000000e+00	   2.0000000e+00	   1.0000000e+00	   1.1930000e+03	
   2.0200000e+02	   3.1400000e+02	   1.0900000e+02	   2.0000000e+00	   3.0000000e+00	   5.0000000e+00	   4.4350000e+00	   0.0000000e+00	   2.0000000e+00	   1.0000000e+00	   3.0000000e+00	   2.0000000e+00	   6.2900000e+02	
   1.0100000e+02	   3.0500000e+02	   1.0900000e+02	   2.0000000e+00	   5.0000000e+00	   4.9550000e+00	   3.2350000e+00	   0.0000000e+00	   3.0000000e+00	   1.0000000e+00	   2.0000000e+00	   1.0000000e+00	   9.7400000e+02	
   3.0500000e+02	   3.1400000e+02	   3.1300000e+02	   1.5000000e+01	   4.0000000e+00	   3.2350000e+00	   4.4350000e+00	   0.0000000e+00	   3.0000000e+00	   2.0000000e+00	   1.0000000e+00	   3.0000000e+00	   1.2210000e+03	
   1.0100000e+02	   3.1400000e+02	   1.0900000e+02	   2.0000000e+00	   2.0000000e+00	   4.9550000e+00	   4.4350000e+00	   0.0000000e+00	   3.0000000e+00	   2.0000000e+00	   1.0000000e+00	   2.0000000e+00	   5.9900000e+02	
   1.0600000e+02	   1.1600000e+02	   2.0800000e+02	   6.0000000e+00	   2.0000000e+00	   4.1750000e+00	   3.7200000e+00	   4.5500000e-01	   3.0000000e+00	   2.0000000e+00	   1.0000000e+00	   2.0000000e+00	   8.9000000e+02	
   1.0100000e+02	   3.0500000e+02	   1.0400000e+02	   1.0000000e+00	   5.0000000e+00	   4.9550000e+00	   3.2350000e+00	   5.5000000e-02	   3.0000000e+00	   2.0000000e+00	   1.0000000e+00	   3.0000000e+00	   7.3400000e+02	
   3.1000000e+02	   3.1100000e+02	   2.0300000e+02	   4.0000000e+00	   1.0000000e+00	   4.2000000e+00	   4.1600000e+00	   2.1500000e-01	   1.0000000e+00	   2.0000000e+00	   3.0000000e+00	   1.0000000e+00	   1.0850000e+03	
   1.0800000e+02	   1.1500000e+02	   3.0200000e+02	   1.0000000e+01	   4.0000000e+00	   3.6150000e+00	   2.6800000e+00	   8.5000000e-01	   3.0000000e+00	   2.0000000e+00	   1.0000000e+00	   2.0000000e+00	   1.4390000e+03	
   1.0100000e+02	   1.0700000e+02	   3.0300000e+02	   1.1000000e+01	   1.0000000e+00	   4.9550000e+00	   5.0000000e+00	   0.0000000e+00	   2.0000000e+00	   1.0000000e+00	   3.0000000e+00	   2.0000000e+00	   5.8700000e+02	
   1.0700000e+02	   1.1600000e+02	   3.0200000e+02	   1.0000000e+01	   5.0000000e+00	   5.0000000e+00	   3.7200000e+00	   8.5000000e-01	   3.0000000e+00	   2.0000000e+00	   1.0000000e+00	   3.0000000e+00	   1.2500000e+03	
   3.0500000e+02	   3.1100000e+02	   2.0300000e+02	   4.0000000e+00	   4.0000000e+00	   3.2350000e+00	   4.1600000e+00	   2.1500000e-01	   2.0000000e+00	   1.0000000e+00	   3.0000000e+00	   2.0000000e+00	   8.5400000e+02	
   1.0600000e+02	   2.0200000e+02	   1.0400000e+02	   1.0000000e+00	   3.0000000e+00	   4.1750000e+00	   5.0000000e+00	   5.5000000e-02	   2.0000000e+00	   3.0000000e+00	   1.0000000e+00	   3.0000000e+00	   5.6000000e+02	
   1.0100000e+02	   3.1000000e+02	   3.0600000e+02	   1.2000000e+01	   3.0000000e+00	   4.9550000e+00	   4.2000000e+00	   1.0200000e+00	   2.0000000e+00	   3.0000000e+00	   1.0000000e+00	   3.0000000e+00	   7.9900000e+02	
   1.1200000e+02	   1.1500000e+02	   2.1200000e+02	   8.0000000e+00	   4.0000000e+00	   3.7850000e+00	   2.6800000e+00	   0.0000000e+00	   1.0000000e+00	   2.0000000e+00	   3.0000000e+00	   1.0000000e+00	   6.7200000e+02	
   1.1200000e+02	   3.0500000e+02	   2.0300000e+02	   4.0000000e+00	   2.0000000e+00	   3.7850000e+00	   3.2350000e+00	   2.1500000e-01	   3.0000000e+00	   1.0000000e+00	   2.0000000e+00	   1.0000000e+00	   8.3000000e+02	
   1.0100000e+02	   1.0800000e+02	   2.0800000e+02	   6.0000000e+00	   5.0000000e+00	   4.9550000e+00	   3.6150000e+00	   4.5500000e-01	   3.0000000e+00	   2.0000000e+00	   1.0000000e+00	   3.0000000e+00	   1.4740000e+03	
   1.0100000e+02	   1.1600000e+02	   2.1200000e+02	   8.0000000e+00	   5.0000000e+00	   4.9550000e+00	   3.7200000e+00	   0.0000000e+00	   1.0000000e+00	   3.0000000e+00	   2.0000000e+00	   1.0000000e+00	   7.4900000e+02	
   2.0200000e+02	   3.0500000e+02	   1.0400000e+02	   1.0000000e+00	   5.0000000e+00	   5.0000000e+00	   3.2350000e+00	   5.5000000e-02	   1.0000000e+00	   3.0000000e+00	   2.0000000e+00	   1.0000000e+00	   7.4100000e+02	
   1.0100000e+02	   1.1300000e+02	   3.0600000e+02	   1.2000000e+01	   5.0000000e+00	   4.9550000e+00	   3.5400000e+00	   1.0200000e+00	   3.0000000e+00	   2.0000000e+00	   1.0000000e+00	   3.0000000e+00	   7.4400000e+02	
   3.1000000e+02	   3.1100000e+02	   2.1200000e+02	   8.0000000e+00	   1.0000000e+00	   4.2000000e+00	   4.1600000e+00	   0.0000000e+00	   2.0000000e+00	   1.0000000e+00	   3.0000000e+00	   2.0000000e+00	   6.4400000e+02	
   1.0800000e+02	   2.0200000e+02	   1.0900000e+02	   2.0000000e+00	   5.0000000e+00	   3.6150000e+00	   5.0000000e+00	   0.0000000e+00	   3.0000000e+00	   1.0000000e+00	   2.0000000e+00	   1.0000000e+00	   9.4100000e+02	
   1.0600000e+02	   1.1600000e+02	   3.0300000e+02	   1.1000000e+01	   2.0000000e+00	   4.1750000e+00	   3.7200000e+00	   0.0000000e+00	   1.0000000e+00	   3.0000000e+00	   2.0000000e+00	   2.0000000e+00	   9.3600000e+02	
   1.0200000e+02	   3.0500000e+02	   3.0200000e+02	   1.0000000e+01	   3.0000000e+00	   3.8350000e+00	   3.2350000e+00	   8.5000000e-01	   2.0000000e+00	   1.0000000e+00	   3.0000000e+00	   2.0000000e+00	   4.0100000e+03	
   1.0500000e+02	   2.0200000e+02	   3.0300000e+02	   1.1000000e+01	   5.0000000e+00	   3.7500000e+00	   5.0000000e+00	   0.0000000e+00	   2.0000000e+00	   3.0000000e+00	   1.0000000e+00	   3.0000000e+00	   8.8500000e+02	
   1.0100000e+02	   1.0700000e+02	   2.0300000e+02	   4.0000000e+00	   1.0000000e+00	   4.9550000e+00	   5.0000000e+00	   2.1500000e-01	   2.0000000e+00	   3.0000000e+00	   1.0000000e+00	   3.0000000e+00	   1.8150000e+03	
   1.0200000e+02	   1.0700000e+02	   3.0300000e+02	   1.1000000e+01	   4.0000000e+00	   3.8350000e+00	   5.0000000e+00	   0.0000000e+00	   1.0000000e+00	   2.0000000e+00	   3.0000000e+00	   2.0000000e+00	   7.0700000e+02	
   1.1300000e+02	   3.0500000e+02	   3.0600000e+02	   1.2000000e+01	   2.0000000e+00	   3.5400000e+00	   3.2350000e+00	   1.0200000e+00	   3.0000000e+00	   1.0000000e+00	   2.0000000e+00	   1.0000000e+00	   1.0750000e+03	
   1.1200000e+02	   3.0500000e+02	   3.0200000e+02	   1.0000000e+01	   2.0000000e+00	   3.7850000e+00	   3.2350000e+00	   8.5000000e-01	   2.0000000e+00	   1.0000000e+00	   3.0000000e+00	   3.0000000e+00	   7.0300000e+02	
   1.1600000e+02	   3.1100000e+02	   1.1100000e+02	   3.0000000e+00	   2.0000000e+00	   3.7200000e+00	   4.1600000e+00	   2.5150000e+00	   1.0000000e+00	   3.0000000e+00	   2.0000000e+00	   3.0000000e+00	   2.0800000e+03	
   1.0100000e+02	   1.1300000e+02	   2.1500000e+02	   9.0000000e+00	   5.0000000e+00	   4.9550000e+00	   3.5400000e+00	   0.0000000e+00	   1.0000000e+00	   3.0000000e+00	   2.0000000e+00	   3.0000000e+00	   1.3080000e+03	
   1.1200000e+02	   3.0500000e+02	   2.1200000e+02	   8.0000000e+00	   2.0000000e+00	   3.7850000e+00	   3.2350000e+00	   0.0000000e+00	   2.0000000e+00	   1.0000000e+00	   3.0000000e+00	   1.0000000e+00	   9.2400000e+02	
   1.0200000e+02	   1.1200000e+02	   3.0300000e+02	   1.1000000e+01	   1.0000000e+00	   3.8350000e+00	   3.7850000e+00	   0.0000000e+00	   1.0000000e+00	   3.0000000e+00	   2.0000000e+00	   1.0000000e+00	   1.0090000e+03	
   3.0500000e+02	   3.1100000e+02	   1.0900000e+02	   2.0000000e+00	   4.0000000e+00	   3.2350000e+00	   4.1600000e+00	   0.0000000e+00	   1.0000000e+00	   2.0000000e+00	   3.0000000e+00	   1.0000000e+00	   6.8400000e+02	
   1.0100000e+02	   1.1200000e+02	   2.0600000e+02	   5.0000000e+00	   4.0000000e+00	   4.9550000e+00	   3.7850000e+00	   0.0000000e+00	   2.0000000e+00	   3.0000000e+00	   1.0000000e+00	   2.0000000e+00	   9.6600000e+02	
   1.0700000e+02	   3.1400000e+02	   3.0800000e+02	   1.3000000e+01	   3.0000000e+00	   5.0000000e+00	   4.4350000e+00	   0.0000000e+00	   2.0000000e+00	   1.0000000e+00	   3.0000000e+00	   2.0000000e+00	   7.2200000e+02	
   1.1600000e+02	   3.0500000e+02	   3.1300000e+02	   1.5000000e+01	   2.0000000e+00	   3.7200000e+00	   3.2350000e+00	   0.0000000e+00	   1.0000000e+00	   2.0000000e+00	   3.0000000e+00	   2.0000000e+00	   5.4300000e+02	
   1.0100000e+02	   3.1400000e+02	   1.1100000e+02	   3.0000000e+00	   2.0000000e+00	   4.9550000e+00	   4.4350000e+00	   2.5150000e+00	   3.0000000e+00	   2.0000000e+00	   1.0000000e+00	   3.0000000e+00	   4.9100000e+02	
   1.0200000e+02	   1.0700000e+02	   1.0900000e+02	   2.0000000e+00	   4.0000000e+00	   3.8350000e+00	   5.0000000e+00	   0.0000000e+00	   1.0000000e+00	   2.0000000e+00	   3.0000000e+00	   2.0000000e+00	   8.8200000e+02	
   1.1200000e+02	   1.1300000e+02	   3.0200000e+02	   1.0000000e+01	   1.0000000e+00	   3.7850000e+00	   3.5400000e+00	   8.5000000e-01	   2.0000000e+00	   3.0000000e+00	   1.0000000e+00	   3.0000000e+00	   8.4900000e+02	
   1.0500000e+02	   2.0200000e+02	   2.0300000e+02	   4.0000000e+00	   5.0000000e+00	   3.7500000e+00	   5.0000000e+00	   2.1500000e-01	   1.0000000e+00	   3.0000000e+00	   2.0000000e+00	   3.0000000e+00	   6.3000000e+02	
   1.0700000e+02	   1.1200000e+02	   3.0200000e+02	   1.0000000e+01	   4.0000000e+00	   5.0000000e+00	   3.7850000e+00	   8.5000000e-01	   2.0000000e+00	   3.0000000e+00	   1.0000000e+00	   2.0000000e+00	   9.8400000e+02	
   1.0600000e+02	   1.0800000e+02	   2.1500000e+02	   9.0000000e+00	   3.0000000e+00	   4.1750000e+00	   3.6150000e+00	   0.0000000e+00	   1.0000000e+00	   3.0000000e+00	   2.0000000e+00	   3.0000000e+00	   1.5010000e+03	
   1.0200000e+02	   1.0500000e+02	   2.0900000e+02	   7.0000000e+00	   1.0000000e+00	   3.8350000e+00	   3.7500000e+00	   5.0000000e-03	   1.0000000e+00	   3.0000000e+00	   2.0000000e+00	   1.0000000e+00	   1.2190000e+03	
   1.0600000e+02	   1.0700000e+02	   3.0800000e+02	   1.3000000e+01	   3.0000000e+00	   4.1750000e+00	   5.0000000e+00	   0.0000000e+00	   2.0000000e+00	   3.0000000e+00	   1.0000000e+00	   3.0000000e+00	   7.3300000e+02	
   1.0200000e+02	   1.1300000e+02	   3.0800000e+02	   1.3000000e+01	   2.0000000e+00	   3.8350000e+00	   3.5400000e+00	   0.0000000e+00	   3.0000000e+00	   1.0000000e+00	   2.0000000e+00	   1.0000000e+00	   1.4780000e+03	
   1.1500000e+02	   1.1600000e+02	   2.1200000e+02	   8.0000000e+00	   4.0000000e+00	   2.6800000e+00	   3.7200000e+00	   0.0000000e+00	   3.0000000e+00	   2.0000000e+00	   1.0000000e+00	   3.0000000e+00	   1.8360000e+03	
   1.0500000e+02	   1.0700000e+02	   2.0800000e+02	   6.0000000e+00	   5.0000000e+00	   3.7500000e+00	   5.0000000e+00	   4.5500000e-01	   1.0000000e+00	   2.0000000e+00	   3.0000000e+00	   2.0000000e+00	   1.0820000e+03	
   1.1300000e+02	   1.1600000e+02	   1.0400000e+02	   1.0000000e+00	   1.0000000e+00	   3.5400000e+00	   3.7200000e+00	   5.5000000e-02	   2.0000000e+00	   3.0000000e+00	   1.0000000e+00	   2.0000000e+00	   8.6300000e+02	
   1.1200000e+02	   1.1300000e+02	   1.1100000e+02	   3.0000000e+00	   1.0000000e+00	   3.7850000e+00	   3.5400000e+00	   2.5150000e+00	   3.0000000e+00	   1.0000000e+00	   2.0000000e+00	   1.0000000e+00	   1.2900000e+03	
   3.0500000e+02	   3.1400000e+02	   2.0300000e+02	   4.0000000e+00	   4.0000000e+00	   3.2350000e+00	   4.4350000e+00	   2.1500000e-01	   1.0000000e+00	   2.0000000e+00	   3.0000000e+00	   1.0000000e+00	   1.0250000e+03	
   1.0700000e+02	   1.1600000e+02	   2.0600000e+02	   5.0000000e+00	   5.0000000e+00	   5.0000000e+00	   3.7200000e+00	   0.0000000e+00	   3.0000000e+00	   2.0000000e+00	   1.0000000e+00	   3.0000000e+00	   1.1120000e+03	
   1.1500000e+02	   3.0500000e+02	   3.1300000e+02	   1.5000000e+01	   3.0000000e+00	   2.6800000e+00	   3.2350000e+00	   0.0000000e+00	   1.0000000e+00	   3.0000000e+00	   2.0000000e+00	   3.0000000e+00	   6.0200000e+02	
   1.0200000e+02	   1.1600000e+02	   2.1500000e+02	   9.0000000e+00	   1.0000000e+00	   3.8350000e+00	   3.7200000e+00	   0.0000000e+00	   3.0000000e+00	   1.0000000e+00	   2.0000000e+00	   3.0000000e+00	   8.1200000e+02	
   1.1200000e+02	   1.1600000e+02	   3.1300000e+02	   1.5000000e+01	   1.0000000e+00	   3.7850000e+00	   3.7200000e+00	   0.0000000e+00	   2.0000000e+00	   1.0000000e+00	   3.0000000e+00	   1.0000000e+00	   7.8000000e+02	
   2.0200000e+02	   3.1100000e+02	   2.1200000e+02	   8.0000000e+00	   4.0000000e+00	   5.0000000e+00	   4.1600000e+00	   0.0000000e+00	   2.0000000e+00	   3.0000000e+00	   1.0000000e+00	   2.0000000e+00	   1.2310000e+03	
   1.1200000e+02	   1.1600000e+02	   1.0400000e+02	   1.0000000e+00	   1.0000000e+00	   3.7850000e+00	   3.7200000e+00	   5.5000000e-02	   1.0000000e+00	   3.0000000e+00	   2.0000000e+00	   3.0000000e+00	   1.5840000e+03	
   1.1500000e+02	   3.1100000e+02	   2.0300000e+02	   4.0000000e+00	   5.0000000e+00	   2.6800000e+00	   4.1600000e+00	   2.1500000e-01	   2.0000000e+00	   3.0000000e+00	   1.0000000e+00	   3.0000000e+00	   1.1810000e+03	
   1.1300000e+02	   1.1500000e+02	   2.0900000e+02	   7.0000000e+00	   4.0000000e+00	   3.5400000e+00	   2.6800000e+00	   5.0000000e-03	   2.0000000e+00	   3.0000000e+00	   1.0000000e+00	   2.0000000e+00	   1.4400000e+03	
   1.0100000e+02	   1.1200000e+02	   1.0900000e+02	   2.0000000e+00	   4.0000000e+00	   4.9550000e+00	   3.7850000e+00	   0.0000000e+00	   2.0000000e+00	   3.0000000e+00	   1.0000000e+00	   2.0000000e+00	   6.8100000e+02	
   1.1300000e+02	   2.0200000e+02	   2.0900000e+02	   7.0000000e+00	   5.0000000e+00	   3.5400000e+00	   5.0000000e+00	   5.0000000e-03	   3.0000000e+00	   1.0000000e+00	   2.0000000e+00	   3.0000000e+00	   8.4000000e+02	
   2.0200000e+02	   3.1000000e+02	   2.0600000e+02	   5.0000000e+00	   3.0000000e+00	   5.0000000e+00	   4.2000000e+00	   0.0000000e+00	   3.0000000e+00	   1.0000000e+00	   2.0000000e+00	   3.0000000e+00	   4.7500000e+02	
   1.1500000e+02	   3.1400000e+02	   1.0400000e+02	   1.0000000e+00	   5.0000000e+00	   2.6800000e+00	   4.4350000e+00	   5.5000000e-02	   3.0000000e+00	   1.0000000e+00	   2.0000000e+00	   1.0000000e+00	   1.9510000e+03	
   1.0700000e+02	   1.1600000e+02	   1.0900000e+02	   2.0000000e+00	   5.0000000e+00	   5.0000000e+00	   3.7200000e+00	   0.0000000e+00	   3.0000000e+00	   1.0000000e+00	   2.0000000e+00	   3.0000000e+00	   1.0860000e+03	
   2.0200000e+02	   3.1100000e+02	   2.0600000e+02	   5.0000000e+00	   4.0000000e+00	   5.0000000e+00	   4.1600000e+00	   0.0000000e+00	   2.0000000e+00	   1.0000000e+00	   3.0000000e+00	   2.0000000e+00	   6.0000000e+02	
   1.1300000e+02	   1.1600000e+02	   2.0900000e+02	   7.0000000e+00	   1.0000000e+00	   3.5400000e+00	   3.7200000e+00	   5.0000000e-03	   3.0000000e+00	   2.0000000e+00	   1.0000000e+00	   3.0000000e+00	   1.5710000e+03	
   1.0500000e+02	   3.1000000e+02	   3.0200000e+02	   1.0000000e+01	   2.0000000e+00	   3.7500000e+00	   4.2000000e+00	   8.5000000e-01	   3.0000000e+00	   1.0000000e+00	   2.0000000e+00	   1.0000000e+00	   6.9100000e+02	
   1.1200000e+02	   1.1500000e+02	   3.1300000e+02	   1.5000000e+01	   4.0000000e+00	   3.7850000e+00	   2.6800000e+00	   0.0000000e+00	   1.0000000e+00	   3.0000000e+00	   2.0000000e+00	   2.0000000e+00	   1.4170000e+03	
   1.0100000e+02	   1.0200000e+02	   1.0900000e+02	   2.0000000e+00	   4.0000000e+00	   4.9550000e+00	   3.8350000e+00	   0.0000000e+00	   3.0000000e+00	   1.0000000e+00	   2.0000000e+00	   1.0000000e+00	   1.8090000e+03	
   1.0500000e+02	   1.0600000e+02	   1.1100000e+02	   3.0000000e+00	   2.0000000e+00	   3.7500000e+00	   4.1750000e+00	   2.5150000e+00	   3.0000000e+00	   1.0000000e+00	   2.0000000e+00	   1.0000000e+00	   2.0120000e+03	
   1.0700000e+02	   3.1100000e+02	   2.1500000e+02	   9.0000000e+00	   4.0000000e+00	   5.0000000e+00	   4.1600000e+00	   0.0000000e+00	   3.0000000e+00	   2.0000000e+00	   1.0000000e+00	   3.0000000e+00	   9.4100000e+02	
   1.0800000e+02	   1.1200000e+02	   3.0200000e+02	   1.0000000e+01	   1.0000000e+00	   3.6150000e+00	   3.7850000e+00	   8.5000000e-01	   1.0000000e+00	   3.0000000e+00	   2.0000000e+00	   2.0000000e+00	   7.8400000e+02	
   1.1300000e+02	   3.1400000e+02	   3.0300000e+02	   1.1000000e+01	   4.0000000e+00	   3.5400000e+00	   4.4350000e+00	   0.0000000e+00	   3.0000000e+00	   2.0000000e+00	   1.0000000e+00	   3.0000000e+00	   1.2500000e+03	
   1.0700000e+02	   1.0800000e+02	   3.1200000e+02	   1.4000000e+01	   5.0000000e+00	   5.0000000e+00	   3.6150000e+00	   5.0000000e-03	   1.0000000e+00	   3.0000000e+00	   2.0000000e+00	   1.0000000e+00	   8.1700000e+02	
   1.0200000e+02	   3.1000000e+02	   2.0900000e+02	   7.0000000e+00	   2.0000000e+00	   3.8350000e+00	   4.2000000e+00	   5.0000000e-03	   3.0000000e+00	   1.0000000e+00	   2.0000000e+00	   1.0000000e+00	   6.8000000e+02	
   1.0200000e+02	   1.0800000e+02	   3.0600000e+02	   1.2000000e+01	   1.0000000e+00	   3.8350000e+00	   3.6150000e+00	   1.0200000e+00	   2.0000000e+00	   3.0000000e+00	   1.0000000e+00	   1.0000000e+00	   1.4280000e+03	
   1.1200000e+02	   1.1300000e+02	   2.0800000e+02	   6.0000000e+00	   1.0000000e+00	   3.7850000e+00	   3.5400000e+00	   4.5500000e-01	   1.0000000e+00	   3.0000000e+00	   2.0000000e+00	   1.0000000e+00	   2.2480000e+03	
   1.1500000e+02	   3.1000000e+02	   2.0600000e+02	   5.0000000e+00	   5.0000000e+00	   2.6800000e+00	   4.2000000e+00	   0.0000000e+00	   1.0000000e+00	   2.0000000e+00	   3.0000000e+00	   2.0000000e+00	   1.4350000e+03	
   1.0100000e+02	   1.1200000e+02	   3.0200000e+02	   1.0000000e+01	   4.0000000e+00	   4.9550000e+00	   3.7850000e+00	   8.5000000e-01	   2.0000000e+00	   3.0000000e+00	   1.0000000e+00	   1.0000000e+00	   2.1020000e+03	
   1.0700000e+02	   3.1100000e+02	   1.0400000e+02	   1.0000000e+00	   4.0000000e+00	   5.0000000e+00	   4.1600000e+00	   5.5000000e-02	   1.0000000e+00	   3.0000000e+00	   2.0000000e+00	   1.0000000e+00	   1.2660000e+03	
   1.0100000e+02	   3.1000000e+02	   3.0200000e+02	   1.0000000e+01	   3.0000000e+00	   4.9550000e+00	   4.2000000e+00	   8.5000000e-01	   1.0000000e+00	   3.0000000e+00	   2.0000000e+00	   2.0000000e+00	   9.4000000e+02	
   2.0200000e+02	   3.1000000e+02	   3.0300000e+02	   1.1000000e+01	   3.0000000e+00	   5.0000000e+00	   4.2000000e+00	   0.0000000e+00	   1.0000000e+00	   2.0000000e+00	   3.0000000e+00	   1.0000000e+00	   1.2640000e+03	
   1.0600000e+02	   1.1500000e+02	   3.0300000e+02	   1.1000000e+01	   5.0000000e+00	   4.1750000e+00	   2.6800000e+00	   0.0000000e+00	   1.0000000e+00	   2.0000000e+00	   3.0000000e+00	   1.0000000e+00	   2.6540000e+03	
   1.0100000e+02	   1.0700000e+02	   3.0800000e+02	   1.3000000e+01	   1.0000000e+00	   4.9550000e+00	   5.0000000e+00	   0.0000000e+00	   1.0000000e+00	   2.0000000e+00	   3.0000000e+00	   2.0000000e+00	   2.1490000e+03	
   1.0700000e+02	   3.1400000e+02	   3.1200000e+02	   1.4000000e+01	   3.0000000e+00	   5.0000000e+00	   4.4350000e+00	   5.0000000e-03	   1.0000000e+00	   3.0000000e+00	   2.0000000e+00	   1.0000000e+00	   7.7000000e+02	
   1.0200000e+02	   1.1600000e+02	   3.1200000e+02	   1.4000000e+01	   1.0000000e+00	   3.8350000e+00	   3.7200000e+00	   5.0000000e-03	   2.0000000e+00	   1.0000000e+00	   3.0000000e+00	   2.0000000e+00	   2.5480000e+03	
   3.1000000e+02	   3.1400000e+02	   2.1200000e+02	   8.0000000e+00	   1.0000000e+00	   4.2000000e+00	   4.4350000e+00	   0.0000000e+00	   3.0000000e+00	   2.0000000e+00	   1.0000000e+00	   3.0000000e+00	   1.2070000e+03	
   1.0800000e+02	   1.1500000e+02	   2.0900000e+02	   7.0000000e+00	   4.0000000e+00	   3.6150000e+00	   2.6800000e+00	   5.0000000e-03	   2.0000000e+00	   1.0000000e+00	   3.0000000e+00	   1.0000000e+00	   1.4410000e+03	
   1.0500000e+02	   1.0600000e+02	   2.1200000e+02	   8.0000000e+00	   2.0000000e+00	   3.7500000e+00	   4.1750000e+00	   0.0000000e+00	   3.0000000e+00	   1.0000000e+00	   2.0000000e+00	   1.0000000e+00	   1.4050000e+03	
   1.0800000e+02	   1.1600000e+02	   2.0900000e+02	   7.0000000e+00	   1.0000000e+00	   3.6150000e+00	   3.7200000e+00	   5.0000000e-03	   3.0000000e+00	   2.0000000e+00	   1.0000000e+00	   2.0000000e+00	   1.1130000e+03	
   1.0600000e+02	   3.1100000e+02	   3.0600000e+02	   1.2000000e+01	   1.0000000e+00	   4.1750000e+00	   4.1600000e+00	   1.0200000e+00	   3.0000000e+00	   2.0000000e+00	   1.0000000e+00	   1.0000000e+00	   7.1200000e+02	
   1.0200000e+02	   2.0200000e+02	   2.1500000e+02	   9.0000000e+00	   4.0000000e+00	   3.8350000e+00	   5.0000000e+00	   0.0000000e+00	   2.0000000e+00	   3.0000000e+00	   1.0000000e+00	   3.0000000e+00	   6.5700000e+02	
   1.0600000e+02	   1.0700000e+02	   3.1300000e+02	   1.5000000e+01	   3.0000000e+00	   4.1750000e+00	   5.0000000e+00	   0.0000000e+00	   3.0000000e+00	   1.0000000e+00	   2.0000000e+00	   1.0000000e+00	   7.5500000e+02	
   2.0200000e+02	   3.1000000e+02	   3.0200000e+02	   1.0000000e+01	   3.0000000e+00	   5.0000000e+00	   4.2000000e+00	   8.5000000e-01	   3.0000000e+00	   2.0000000e+00	   1.0000000e+00	   3.0000000e+00	   8.7400000e+02	
   1.0800000e+02	   3.0500000e+02	   1.0400000e+02	   1.0000000e+00	   2.0000000e+00	   3.6150000e+00	   3.2350000e+00	   5.5000000e-02	   3.0000000e+00	   1.0000000e+00	   2.0000000e+00	   1.0000000e+00	   7.5500000e+02	
   1.0800000e+02	   1.1500000e+02	   2.1200000e+02	   8.0000000e+00	   4.0000000e+00	   3.6150000e+00	   2.6800000e+00	   0.0000000e+00	   1.0000000e+00	   2.0000000e+00	   3.0000000e+00	   2.0000000e+00	   1.5210000e+03	
   1.1600000e+02	   3.1100000e+02	   2.1500000e+02	   9.0000000e+00	   2.0000000e+00	   3.7200000e+00	   4.1600000e+00	   0.0000000e+00	   3.0000000e+00	   1.0000000e+00	   2.0000000e+00	   2.0000000e+00	   1.5560000e+03	
   1.0500000e+02	   1.0700000e+02	   1.1100000e+02	   3.0000000e+00	   5.0000000e+00	   3.7500000e+00	   5.0000000e+00	   2.5150000e+00	   2.0000000e+00	   1.0000000e+00	   3.0000000e+00	   2.0000000e+00	   1.6150000e+03	
   1.1300000e+02	   3.1100000e+02	   3.0300000e+02	   1.1000000e+01	   3.0000000e+00	   3.5400000e+00	   4.1600000e+00	   0.0000000e+00	   2.0000000e+00	   3.0000000e+00	   1.0000000e+00	   3.0000000e+00	   1.1970000e+03	
   1.1200000e+02	   1.1600000e+02	   2.0600000e+02	   5.0000000e+00	   1.0000000e+00	   3.7850000e+00	   3.7200000e+00	   0.0000000e+00	   2.0000000e+00	   1.0000000e+00	   3.0000000e+00	   2.0000000e+00	   8.3000000e+02	
   1.1500000e+02	   1.1600000e+02	   3.1300000e+02	   1.5000000e+01	   4.0000000e+00	   2.6800000e+00	   3.7200000e+00	   0.0000000e+00	   1.0000000e+00	   2.0000000e+00	   3.0000000e+00	   2.0000000e+00	   8.4200000e+02	
   1.1200000e+02	   2.0200000e+02	   3.1200000e+02	   1.4000000e+01	   4.0000000e+00	   3.7850000e+00	   5.0000000e+00	   5.0000000e-03	   1.0000000e+00	   2.0000000e+00	   3.0000000e+00	   2.0000000e+00	   5.9000000e+02	
   1.0800000e+02	   1.1500000e+02	   3.0300000e+02	   1.1000000e+01	   4.0000000e+00	   3.6150000e+00	   2.6800000e+00	   0.0000000e+00	   2.0000000e+00	   1.0000000e+00	   3.0000000e+00	   2.0000000e+00	   5.9000000e+02	
   1.0800000e+02	   3.1100000e+02	   3.1300000e+02	   1.5000000e+01	   2.0000000e+00	   3.6150000e+00	   4.1600000e+00	   0.0000000e+00	   2.0000000e+00	   1.0000000e+00	   3.0000000e+00	   1.0000000e+00	   7.3400000e+02	
   1.0200000e+02	   1.1600000e+02	   3.0600000e+02	   1.2000000e+01	   1.0000000e+00	   3.8350000e+00	   3.7200000e+00	   1.0200000e+00	   1.0000000e+00	   2.0000000e+00	   3.0000000e+00	   2.0000000e+00	   5.1400000e+02	
   1.0100000e+02	   3.1000000e+02	   2.1200000e+02	   8.0000000e+00	   3.0000000e+00	   4.9550000e+00	   4.2000000e+00	   0.0000000e+00	   3.0000000e+00	   1.0000000e+00	   2.0000000e+00	   1.0000000e+00	   8.1900000e+02	
   1.0800000e+02	   3.1000000e+02	   3.0600000e+02	   1.2000000e+01	   3.0000000e+00	   3.6150000e+00	   4.2000000e+00	   1.0200000e+00	   2.0000000e+00	   3.0000000e+00	   1.0000000e+00	   3.0000000e+00	   5.9500000e+02	
   1.1200000e+02	   2.0200000e+02	   1.0400000e+02	   1.0000000e+00	   4.0000000e+00	   3.7850000e+00	   5.0000000e+00	   5.5000000e-02	   3.0000000e+00	   2.0000000e+00	   1.0000000e+00	   2.0000000e+00	   6.5900000e+02	
   1.0100000e+02	   3.1400000e+02	   2.0600000e+02	   5.0000000e+00	   2.0000000e+00	   4.9550000e+00	   4.4350000e+00	   0.0000000e+00	   1.0000000e+00	   3.0000000e+00	   2.0000000e+00	   1.0000000e+00	   1.0620000e+03	
   1.0200000e+02	   3.0500000e+02	   2.0800000e+02	   6.0000000e+00	   3.0000000e+00	   3.8350000e+00	   3.2350000e+00	   4.5500000e-01	   2.0000000e+00	   1.0000000e+00	   3.0000000e+00	   1.0000000e+00	   1.0140000e+03	
   1.1500000e+02	   2.0200000e+02	   1.1100000e+02	   3.0000000e+00	   5.0000000e+00	   2.6800000e+00	   5.0000000e+00	   2.5150000e+00	   1.0000000e+00	   3.0000000e+00	   2.0000000e+00	   3.0000000e+00	   8.0600000e+02	
   1.0200000e+02	   3.0500000e+02	   2.1200000e+02	   8.0000000e+00	   3.0000000e+00	   3.8350000e+00	   3.2350000e+00	   0.0000000e+00	   1.0000000e+00	   2.0000000e+00	   3.0000000e+00	   1.0000000e+00	   8.1700000e+02	
   1.0800000e+02	   3.1000000e+02	   3.1200000e+02	   1.4000000e+01	   3.0000000e+00	   3.6150000e+00	   4.2000000e+00	   5.0000000e-03	   3.0000000e+00	   1.0000000e+00	   2.0000000e+00	   1.0000000e+00	   8.0600000e+02	
   2.0200000e+02	   3.1400000e+02	   3.0300000e+02	   1.1000000e+01	   3.0000000e+00	   5.0000000e+00	   4.4350000e+00	   0.0000000e+00	   1.0000000e+00	   3.0000000e+00	   2.0000000e+00	   1.0000000e+00	   8.0400000e+02	
   1.0700000e+02	   3.1100000e+02	   2.0800000e+02	   6.0000000e+00	   4.0000000e+00	   5.0000000e+00	   4.1600000e+00	   4.5500000e-01	   3.0000000e+00	   2.0000000e+00	   1.0000000e+00	   3.0000000e+00	   1.3280000e+03	
   1.1200000e+02	   3.0500000e+02	   2.0600000e+02	   5.0000000e+00	   2.0000000e+00	   3.7850000e+00	   3.2350000e+00	   0.0000000e+00	   3.0000000e+00	   2.0000000e+00	   1.0000000e+00	   2.0000000e+00	   7.1500000e+02	
   1.0500000e+02	   1.0700000e+02	   3.0300000e+02	   1.1000000e+01	   5.0000000e+00	   3.7500000e+00	   5.0000000e+00	   0.0000000e+00	   1.0000000e+00	   3.0000000e+00	   2.0000000e+00	   3.0000000e+00	   1.0550000e+03	
   1.0200000e+02	   1.0600000e+02	   2.0800000e+02	   6.0000000e+00	   2.0000000e+00	   3.8350000e+00	   4.1750000e+00	   4.5500000e-01	   2.0000000e+00	   3.0000000e+00	   1.0000000e+00	   2.0000000e+00	   7.9700000e+02	
   1.0700000e+02	   3.1000000e+02	   3.1300000e+02	   1.5000000e+01	   3.0000000e+00	   5.0000000e+00	   4.2000000e+00	   0.0000000e+00	   3.0000000e+00	   1.0000000e+00	   2.0000000e+00	   1.0000000e+00	   6.6600000e+02	
   2.0200000e+02	   3.0500000e+02	   3.1200000e+02	   1.4000000e+01	   5.0000000e+00	   5.0000000e+00	   3.2350000e+00	   5.0000000e-03	   2.0000000e+00	   3.0000000e+00	   1.0000000e+00	   2.0000000e+00	   7.2000000e+02	
   1.0600000e+02	   3.1000000e+02	   2.0300000e+02	   4.0000000e+00	   1.0000000e+00	   4.1750000e+00	   4.2000000e+00	   2.1500000e-01	   2.0000000e+00	   1.0000000e+00	   3.0000000e+00	   1.0000000e+00	   6.3800000e+02	
   1.0800000e+02	   1.1200000e+02	   1.1100000e+02	   3.0000000e+00	   1.0000000e+00	   3.6150000e+00	   3.7850000e+00	   2.5150000e+00	   3.0000000e+00	   1.0000000e+00	   2.0000000e+00	   1.0000000e+00	   6.5500000e+02	
   1.0800000e+02	   3.0500000e+02	   2.0300000e+02	   4.0000000e+00	   2.0000000e+00	   3.6150000e+00	   3.2350000e+00	   2.1500000e-01	   2.0000000e+00	   3.0000000e+00	   1.0000000e+00	   3.0000000e+00	   5.9800000e+02	
   3.1100000e+02	   3.1400000e+02	   3.0300000e+02	   1.1000000e+01	   2.0000000e+00	   4.1600000e+00	   4.4350000e+00	   0.0000000e+00	   2.0000000e+00	   3.0000000e+00	   1.0000000e+00	   2.0000000e+00	   6.1000000e+02	
   1.0800000e+02	   3.1400000e+02	   3.0300000e+02	   1.1000000e+01	   3.0000000e+00	   3.6150000e+00	   4.4350000e+00	   0.0000000e+00	   3.0000000e+00	   1.0000000e+00	   2.0000000e+00	   3.0000000e+00	   7.4800000e+02	
   3.0500000e+02	   3.1100000e+02	   2.1500000e+02	   9.0000000e+00	   4.0000000e+00	   3.2350000e+00	   4.1600000e+00	   0.0000000e+00	   2.0000000e+00	   3.0000000e+00	   1.0000000e+00	   2.0000000e+00	   1.3060000e+03	
   2.0200000e+02	   3.1000000e+02	   3.0600000e+02	   1.2000000e+01	   3.0000000e+00	   5.0000000e+00	   4.2000000e+00	   1.0200000e+00	   2.0000000e+00	   3.0000000e+00	   1.0000000e+00	   2.0000000e+00	   6.4600000e+02	
   1.0100000e+02	   3.1400000e+02	   1.0400000e+02	   1.0000000e+00	   2.0000000e+00	   4.9550000e+00	   4.4350000e+00	   5.5000000e-02	   2.0000000e+00	   3.0000000e+00	   1.0000000e+00	   2.0000000e+00	   5.7200000e+02	
   1.0600000e+02	   3.1100000e+02	   2.0600000e+02	   5.0000000e+00	   1.0000000e+00	   4.1750000e+00	   4.1600000e+00	   0.0000000e+00	   3.0000000e+00	   2.0000000e+00	   1.0000000e+00	   3.0000000e+00	   1.0420000e+03	
   1.0200000e+02	   3.1100000e+02	   3.0300000e+02	   1.1000000e+01	   2.0000000e+00	   3.8350000e+00	   4.1600000e+00	   0.0000000e+00	   3.0000000e+00	   1.0000000e+00	   2.0000000e+00	   3.0000000e+00	   1.1190000e+03	
   3.1000000e+02	   3.1400000e+02	   2.1500000e+02	   9.0000000e+00	   1.0000000e+00	   4.2000000e+00	   4.4350000e+00	   0.0000000e+00	   1.0000000e+00	   3.0000000e+00	   2.0000000e+00	   1.0000000e+00	   5.7700000e+02	
   1.0800000e+02	   1.1200000e+02	   3.0800000e+02	   1.3000000e+01	   1.0000000e+00	   3.6150000e+00	   3.7850000e+00	   0.0000000e+00	   3.0000000e+00	   2.0000000e+00	   1.0000000e+00	   3.0000000e+00	   1.1900000e+03	
   1.0200000e+02	   3.1400000e+02	   2.1500000e+02	   9.0000000e+00	   3.0000000e+00	   3.8350000e+00	   4.4350000e+00	   0.0000000e+00	   1.0000000e+00	   3.0000000e+00	   2.0000000e+00	   2.0000000e+00	   1.0990000e+03	
   1.0100000e+02	   2.0200000e+02	   3.0600000e+02	   1.2000000e+01	   1.0000000e+00	   4.9550000e+00	   5.0000000e+00	   1.0200000e+00	   3.0000000e+00	   2.0000000e+00	   1.0000000e+00	   2.0000000e+00	   6.0800000e+02	
   1.0200000e+02	   1.0600000e+02	   3.0800000e+02	   1.3000000e+01	   2.0000000e+00	   3.8350000e+00	   4.1750000e+00	   0.0000000e+00	   3.0000000e+00	   2.0000000e+00	   1.0000000e+00	   3.0000000e+00	   8.9400000e+02	
   1.0100000e+02	   3.1100000e+02	   3.1200000e+02	   1.4000000e+01	   3.0000000e+00	   4.9550000e+00	   4.1600000e+00	   5.0000000e-03	   1.0000000e+00	   2.0000000e+00	   3.0000000e+00	   2.0000000e+00	   1.3210000e+03	
   2.0200000e+02	   3.1000000e+02	   3.0800000e+02	   1.3000000e+01	   3.0000000e+00	   5.0000000e+00	   4.2000000e+00	   0.0000000e+00	   2.0000000e+00	   1.0000000e+00	   3.0000000e+00	   2.0000000e+00	   6.7300000e+02	
   1.0500000e+02	   1.1600000e+02	   3.0800000e+02	   1.3000000e+01	   1.0000000e+00	   3.7500000e+00	   3.7200000e+00	   0.0000000e+00	   3.0000000e+00	   2.0000000e+00	   1.0000000e+00	   3.0000000e+00	   2.0900000e+03	
   1.0500000e+02	   3.1000000e+02	   2.1200000e+02	   8.0000000e+00	   2.0000000e+00	   3.7500000e+00	   4.2000000e+00	   0.0000000e+00	   1.0000000e+00	   3.0000000e+00	   2.0000000e+00	   3.0000000e+00	   6.9000000e+02	
   1.0100000e+02	   1.1200000e+02	   2.0300000e+02	   4.0000000e+00	   4.0000000e+00	   4.9550000e+00	   3.7850000e+00	   2.1500000e-01	   3.0000000e+00	   2.0000000e+00	   1.0000000e+00	   3.0000000e+00	   8.2500000e+02	
   1.1200000e+02	   2.0200000e+02	   3.0800000e+02	   1.3000000e+01	   4.0000000e+00	   3.7850000e+00	   5.0000000e+00	   0.0000000e+00	   3.0000000e+00	   2.0000000e+00	   1.0000000e+00	   2.0000000e+00	   5.7200000e+02	
   1.0700000e+02	   3.1400000e+02	   2.0800000e+02	   6.0000000e+00	   3.0000000e+00	   5.0000000e+00	   4.4350000e+00	   4.5500000e-01	   3.0000000e+00	   2.0000000e+00	   1.0000000e+00	   3.0000000e+00	   9.7000000e+02	
   1.0500000e+02	   2.0200000e+02	   2.1500000e+02	   9.0000000e+00	   5.0000000e+00	   3.7500000e+00	   5.0000000e+00	   0.0000000e+00	   1.0000000e+00	   3.0000000e+00	   2.0000000e+00	   2.0000000e+00	   4.0500000e+02	
   1.0100000e+02	   1.0500000e+02	   3.0300000e+02	   1.1000000e+01	   4.0000000e+00	   4.9550000e+00	   3.7500000e+00	   0.0000000e+00	   2.0000000e+00	   3.0000000e+00	   1.0000000e+00	   2.0000000e+00	   8.5000000e+02	
   1.0800000e+02	   1.1300000e+02	   3.1300000e+02	   1.5000000e+01	   1.0000000e+00	   3.6150000e+00	   3.5400000e+00	   0.0000000e+00	   2.0000000e+00	   1.0000000e+00	   3.0000000e+00	   1.0000000e+00	   9.9800000e+02	
   1.1600000e+02	   3.0500000e+02	   3.1200000e+02	   1.4000000e+01	   2.0000000e+00	   3.7200000e+00	   3.2350000e+00	   5.0000000e-03	   3.0000000e+00	   1.0000000e+00	   2.0000000e+00	   1.0000000e+00	   8.4500000e+02	
   1.0700000e+02	   1.1200000e+02	   2.0800000e+02	   6.0000000e+00	   4.0000000e+00	   5.0000000e+00	   3.7850000e+00	   4.5500000e-01	   2.0000000e+00	   3.0000000e+00	   1.0000000e+00	   2.0000000e+00	   7.6700000e+02	
   1.1600000e+02	   3.1000000e+02	   3.1300000e+02	   1.5000000e+01	   2.0000000e+00	   3.7200000e+00	   4.2000000e+00	   0.0000000e+00	   3.0000000e+00	   1.0000000e+00	   2.0000000e+00	   1.0000000e+00	   6.9900000e+02	
   1.0200000e+02	   1.1500000e+02	   1.0400000e+02	   1.0000000e+00	   4.0000000e+00	   3.8350000e+00	   2.6800000e+00	   5.5000000e-02	   2.0000000e+00	   3.0000000e+00	   1.0000000e+00	   3.0000000e+00	   1.3000000e+03	
   1.0800000e+02	   1.1200000e+02	   2.0800000e+02	   6.0000000e+00	   1.0000000e+00	   3.6150000e+00	   3.7850000e+00	   4.5500000e-01	   2.0000000e+00	   1.0000000e+00	   3.0000000e+00	   2.0000000e+00	   8.2200000e+02	
   1.0500000e+02	   1.0700000e+02	   2.0600000e+02	   5.0000000e+00	   5.0000000e+00	   3.7500000e+00	   5.0000000e+00	   0.0000000e+00	   2.0000000e+00	   1.0000000e+00	   3.0000000e+00	   1.0000000e+00	   1.0810000e+03	
   1.1600000e+02	   3.1400000e+02	   2.0300000e+02	   4.0000000e+00	   3.0000000e+00	   3.7200000e+00	   4.4350000e+00	   2.1500000e-01	   1.0000000e+00	   2.0000000e+00	   3.0000000e+00	   1.0000000e+00	   1.1550000e+03	
   1.0700000e+02	   3.0500000e+02	   2.1200000e+02	   8.0000000e+00	   5.0000000e+00	   5.0000000e+00	   3.2350000e+00	   0.0000000e+00	   1.0000000e+00	   3.0000000e+00	   2.0000000e+00	   3.0000000e+00	   1.0020000e+03	
   2.0200000e+02	   3.1100000e+02	   3.1200000e+02	   1.4000000e+01	   4.0000000e+00	   5.0000000e+00	   4.1600000e+00	   5.0000000e-03	   1.0000000e+00	   2.0000000e+00	   3.0000000e+00	   1.0000000e+00	   8.4300000e+02	
   1.0500000e+02	   2.0200000e+02	   2.0900000e+02	   7.0000000e+00	   5.0000000e+00	   3.7500000e+00	   5.0000000e+00	   5.0000000e-03	   3.0000000e+00	   1.0000000e+00	   2.0000000e+00	   1.0000000e+00	   6.9900000e+02	
   1.1200000e+02	   3.1100000e+02	   2.1500000e+02	   9.0000000e+00	   2.0000000e+00	   3.7850000e+00	   4.1600000e+00	   0.0000000e+00	   1.0000000e+00	   2.0000000e+00	   3.0000000e+00	   1.0000000e+00	   1.4530000e+03	
   1.0500000e+02	   1.1300000e+02	   3.1200000e+02	   1.4000000e+01	   1.0000000e+00	   3.7500000e+00	   3.5400000e+00	   5.0000000e-03	   1.0000000e+00	   3.0000000e+00	   2.0000000e+00	   1.0000000e+00	   1.2330000e+03	
   1.0600000e+02	   1.1200000e+02	   1.0400000e+02	   1.0000000e+00	   2.0000000e+00	   4.1750000e+00	   3.7850000e+00	   5.5000000e-02	   1.0000000e+00	   3.0000000e+00	   2.0000000e+00	   1.0000000e+00	   1.6070000e+03	
   2.0200000e+02	   3.1100000e+02	   3.1300000e+02	   1.5000000e+01	   4.0000000e+00	   5.0000000e+00	   4.1600000e+00	   0.0000000e+00	   1.0000000e+00	   3.0000000e+00	   2.0000000e+00	   1.0000000e+00	   5.6400000e+02	
   1.0100000e+02	   1.0200000e+02	   3.0200000e+02	   1.0000000e+01	   4.0000000e+00	   4.9550000e+00	   3.8350000e+00	   8.5000000e-01	   3.0000000e+00	   2.0000000e+00	   1.0000000e+00	   3.0000000e+00	   9.5300000e+02	
   1.0100000e+02	   3.1400000e+02	   2.1200000e+02	   8.0000000e+00	   2.0000000e+00	   4.9550000e+00	   4.4350000e+00	   0.0000000e+00	   3.0000000e+00	   1.0000000e+00	   2.0000000e+00	   3.0000000e+00	   8.5700000e+02	
   1.0500000e+02	   1.1200000e+02	   1.1100000e+02	   3.0000000e+00	   1.0000000e+00	   3.7500000e+00	   3.7850000e+00	   2.5150000e+00	   1.0000000e+00	   3.0000000e+00	   2.0000000e+00	   3.0000000e+00	   8.4100000e+02	
   1.0500000e+02	   3.1000000e+02	   3.0300000e+02	   1.1000000e+01	   2.0000000e+00	   3.7500000e+00	   4.2000000e+00	   0.0000000e+00	   3.0000000e+00	   1.0000000e+00	   2.0000000e+00	   1.0000000e+00	   6.3300000e+02	
   1.0600000e+02	   1.0800000e+02	   2.0800000e+02	   6.0000000e+00	   3.0000000e+00	   4.1750000e+00	   3.6150000e+00	   4.5500000e-01	   1.0000000e+00	   3.0000000e+00	   2.0000000e+00	   1.0000000e+00	   6.3300000e+02	
   1.0200000e+02	   1.1500000e+02	   2.0800000e+02	   6.0000000e+00	   4.0000000e+00	   3.8350000e+00	   2.6800000e+00	   4.5500000e-01	   1.0000000e+00	   2.0000000e+00	   3.0000000e+00	   1.0000000e+00	   5.4400000e+02	
   1.0500000e+02	   1.0700000e+02	   2.1500000e+02	   9.0000000e+00	   5.0000000e+00	   3.7500000e+00	   5.0000000e+00	   0.0000000e+00	   1.0000000e+00	   3.0000000e+00	   2.0000000e+00	   3.0000000e+00	   5.8900000e+02	
   1.0800000e+02	   1.1200000e+02	   3.1200000e+02	   1.4000000e+01	   1.0000000e+00	   3.6150000e+00	   3.7850000e+00	   5.0000000e-03	   2.0000000e+00	   3.0000000e+00	   1.0000000e+00	   3.0000000e+00	   6.8000000e+02	
   1.0100000e+02	   1.1600000e+02	   2.0900000e+02	   7.0000000e+00	   5.0000000e+00	   4.9550000e+00	   3.7200000e+00	   5.0000000e-03	   3.0000000e+00	   2.0000000e+00	   1.0000000e+00	   3.0000000e+00	   5.5300000e+02	
   1.0500000e+02	   3.1100000e+02	   3.0200000e+02	   1.0000000e+01	   2.0000000e+00	   3.7500000e+00	   4.1600000e+00	   8.5000000e-01	   1.0000000e+00	   3.0000000e+00	   2.0000000e+00	   3.0000000e+00	   1.2680000e+03	
   1.1200000e+02	   3.0500000e+02	   3.0600000e+02	   1.2000000e+01	   2.0000000e+00	   3.7850000e+00	   3.2350000e+00	   1.0200000e+00	   3.0000000e+00	   2.0000000e+00	   1.0000000e+00	   3.0000000e+00	   6.1200000e+02	
   1.0700000e+02	   3.1000000e+02	   2.0900000e+02	   7.0000000e+00	   3.0000000e+00	   5.0000000e+00	   4.2000000e+00	   5.0000000e-03	   3.0000000e+00	   2.0000000e+00	   1.0000000e+00	   2.0000000e+00	   6.3000000e+02	
   1.0800000e+02	   1.1500000e+02	   3.0600000e+02	   1.2000000e+01	   4.0000000e+00	   3.6150000e+00	   2.6800000e+00	   1.0200000e+00	   3.0000000e+00	   2.0000000e+00	   1.0000000e+00	   3.0000000e+00	   1.2560000e+03	
   1.0700000e+02	   1.1600000e+02	   3.1200000e+02	   1.4000000e+01	   5.0000000e+00	   5.0000000e+00	   3.7200000e+00	   5.0000000e-03	   1.0000000e+00	   3.0000000e+00	   2.0000000e+00	   1.0000000e+00	   6.9700000e+02	
   1.0700000e+02	   1.1300000e+02	   3.1300000e+02	   1.5000000e+01	   5.0000000e+00	   5.0000000e+00	   3.5400000e+00	   0.0000000e+00	   3.0000000e+00	   1.0000000e+00	   2.0000000e+00	   3.0000000e+00	   5.6000000e+02	
   1.0800000e+02	   2.0200000e+02	   3.0800000e+02	   1.3000000e+01	   5.0000000e+00	   3.6150000e+00	   5.0000000e+00	   0.0000000e+00	   2.0000000e+00	   3.0000000e+00	   1.0000000e+00	   3.0000000e+00	   5.5500000e+02	
   1.0600000e+02	   3.1400000e+02	   3.1200000e+02	   1.4000000e+01	   1.0000000e+00	   4.1750000e+00	   4.4350000e+00	   5.0000000e-03	   1.0000000e+00	   2.0000000e+00	   3.0000000e+00	   1.0000000e+00	   6.1600000e+02	
   1.0100000e+02	   3.0500000e+02	   3.1300000e+02	   1.5000000e+01	   5.0000000e+00	   4.9550000e+00	   3.2350000e+00	   0.0000000e+00	   2.0000000e+00	   3.0000000e+00	   1.0000000e+00	   2.0000000e+00	   6.5600000e+02	
   1.0200000e+02	   3.0500000e+02	   1.1100000e+02	   3.0000000e+00	   3.0000000e+00	   3.8350000e+00	   3.2350000e+00	   2.5150000e+00	   3.0000000e+00	   1.0000000e+00	   2.0000000e+00	   1.0000000e+00	   1.1180000e+03	
   1.0200000e+02	   1.0700000e+02	   2.0300000e+02	   4.0000000e+00	   4.0000000e+00	   3.8350000e+00	   5.0000000e+00	   2.1500000e-01	   1.0000000e+00	   3.0000000e+00	   2.0000000e+00	   3.0000000e+00	   5.5600000e+02	
   1.1600000e+02	   3.1100000e+02	   3.0800000e+02	   1.3000000e+01	   2.0000000e+00	   3.7200000e+00	   4.1600000e+00	   0.0000000e+00	   1.0000000e+00	   2.0000000e+00	   3.0000000e+00	   2.0000000e+00	   1.4540000e+03	
   1.1200000e+02	   3.0500000e+02	   1.0900000e+02	   2.0000000e+00	   2.0000000e+00	   3.7850000e+00	   3.2350000e+00	   0.0000000e+00	   2.0000000e+00	   1.0000000e+00	   3.0000000e+00	   1.0000000e+00	   5.1900000e+02	
   1.0700000e+02	   3.1000000e+02	   2.0300000e+02	   4.0000000e+00	   3.0000000e+00	   5.0000000e+00	   4.2000000e+00	   2.1500000e-01	   1.0000000e+00	   2.0000000e+00	   3.0000000e+00	   2.0000000e+00	   8.0800000e+02	
   1.0100000e+02	   1.1200000e+02	   1.1100000e+02	   3.0000000e+00	   4.0000000e+00	   4.9550000e+00	   3.7850000e+00	   2.5150000e+00	   3.0000000e+00	   1.0000000e+00	   2.0000000e+00	   3.0000000e+00	   5.9400000e+02	
   3.1000000e+02	   3.1100000e+02	   2.0800000e+02	   6.0000000e+00	   1.0000000e+00	   4.2000000e+00	   4.1600000e+00	   4.5500000e-01	   2.0000000e+00	   1.0000000e+00	   3.0000000e+00	   2.0000000e+00	   7.3100000e+02	
