   1.0000000e+00	   2.1500000e+02	   2.0000000e+00	   1.8100000e+00	   4.7890000e+03	   1.1800000e+00	   1.7650000e+03	
   2.0000000e+00	   1.0600000e+02	   1.0000000e+00	   1.7900000e+00	   2.1700000e+03	   1.9400000e+00	   7.6300000e+03	
   3.0000000e+00	   2.1400000e+02	   2.0000000e+00	   1.6000000e-01	   2.0700000e+03	   0.0000000e+00	   9.0000000e+02	
   4.0000000e+00	   3.0600000e+02	   3.0000000e+00	   3.7100000e+00	   2.4370000e+03	   2.8100000e+00	   2.3990000e+03	
   5.0000000e+00	   1.0300000e+02	   1.0000000e+00	   3.4400000e+00	   3.1710000e+03	   4.0100000e+00	   3.9650000e+03	
   6.0000000e+00	   3.0900000e+02	   3.0000000e+00	   3.3200000e+00	   2.6880000e+03	   3.5600000e+00	   2.7320000e+03	
   7.0000000e+00	   1.0500000e+02	   1.0000000e+00	   2.5000000e+00	   4.0890000e+03	   4.7000000e-01	   2.2320000e+03	
   8.0000000e+00	   1.0100000e+02	   1.0000000e+00	   3.8700000e+00	   2.0560000e+03	   4.3900000e+00	   2.2000000e+03	
   9.0000000e+00	   3.0700000e+02	   3.0000000e+00	   3.6600000e+00	   2.4550000e+03	   3.9400000e+00	   2.2650000e+03	
   1.0000000e+01	   2.1200000e+02	   2.0000000e+00	   3.3700000e+00	   2.9890000e+03	   2.8000000e-01	   1.7660000e+03	
   1.1000000e+01	   3.1200000e+02	   3.0000000e+00	   4.1300000e+00	   1.5890000e+03	   4.7100000e+00	   2.5300000e+03	
   1.2000000e+01	   1.1500000e+02	   1.0000000e+00	   1.7600000e+00	   2.3900000e+03	   3.6000000e-01	   1.1330000e+03	
   1.3000000e+01	   1.0400000e+02	   1.0000000e+00	   5.4000000e-01	   2.0220000e+03	   1.2000000e-01	   2.4990000e+03	
   1.4000000e+01	   1.1400000e+02	   1.0000000e+00	   5.0000000e-01	   1.8230000e+03	   4.4700000e+00	   1.2680000e+03	
   1.5000000e+01	   2.0700000e+02	   2.0000000e+00	   3.5400000e+00	   2.6370000e+03	   2.5400000e+00	   2.7650000e+03	
   1.6000000e+01	   2.0800000e+02	   2.0000000e+00	   3.7200000e+00	   1.7900000e+03	   3.6700000e+00	   1.5000000e+03	
   1.7000000e+01	   2.1000000e+02	   2.0000000e+00	   3.7900000e+00	   2.2700000e+03	   4.6200000e+00	   1.6670000e+03	
   1.8000000e+01	   2.1300000e+02	   2.0000000e+00	   7.2000000e-01	   3.2550000e+03	   5.6000000e-01	   1.3990000e+03	
   1.9000000e+01	   2.0300000e+02	   2.0000000e+00	   1.5300000e+00	   4.8560000e+03	   2.7600000e+00	   2.5990000e+03	
   2.0000000e+01	   1.0800000e+02	   1.0000000e+00	   3.2600000e+00	   2.6560000e+03	   3.1000000e-01	   1.2340000e+03	
   2.1000000e+01	   2.0900000e+02	   2.0000000e+00	   7.5000000e-01	   2.5370000e+03	   1.3800000e+00	   1.7990000e+03	
   2.2000000e+01	   1.0700000e+02	   1.0000000e+00	   6.8000000e-01	   1.8710000e+03	   3.4900000e+00	   2.8320000e+03	
   2.3000000e+01	   1.1100000e+02	   1.0000000e+00	   4.4700000e+00	   1.6570000e+03	   2.5800000e+00	   3.4320000e+03	
   2.4000000e+01	   1.0900000e+02	   1.0000000e+00	   2.8900000e+00	   3.3700000e+03	   4.1600000e+00	   1.2990000e+03	
   2.5000000e+01	   2.0400000e+02	   2.0000000e+00	   5.6000000e-01	   1.6890000e+03	   1.5000000e+00	   1.6990000e+03	
   2.6000000e+01	   2.0600000e+02	   2.0000000e+00	   3.7100000e+00	   1.8570000e+03	   2.6000000e-01	   2.1660000e+03	
   2.7000000e+01	   1.1000000e+02	   1.0000000e+00	   1.9000000e-01	   2.4380000e+03	   0.0000000e+00	   1.0330000e+03	
   2.8000000e+01	   3.0300000e+02	   3.0000000e+00	   3.4900000e+00	   1.9220000e+03	   1.9100000e+00	   2.5660000e+03	
   2.9000000e+01	   1.0200000e+02	   1.0000000e+00	   3.7700000e+00	   2.2570000e+03	   1.7700000e+00	   2.0990000e+03	
   3.0000000e+01	   3.0400000e+02	   3.0000000e+00	   3.1100000e+00	   2.6380000e+03	   3.3100000e+00	   3.1660000e+03	
   3.1000000e+01	   1.1600000e+02	   1.0000000e+00	   3.4700000e+00	   5.2040000e+03	   9.7000000e-01	   1.5990000e+03	
   3.2000000e+01	   3.0100000e+02	   3.0000000e+00	   1.7100000e+00	   2.8890000e+03	   0.0000000e+00	   1.8660000e+03	
   3.3000000e+01	   3.1000000e+02	   3.0000000e+00	   4.4000000e+00	   4.1040000e+03	   4.3200000e+00	   1.4330000e+03	
   3.4000000e+01	   2.0200000e+02	   2.0000000e+00	   4.3200000e+00	   1.6230000e+03	   4.6700000e+00	   1.4320000e+03	
   3.5000000e+01	   3.0200000e+02	   3.0000000e+00	   2.5600000e+00	   2.3220000e+03	   2.4800000e+00	   1.8330000e+03	
   3.6000000e+01	   1.1300000e+02	   1.0000000e+00	   3.3100000e+00	   1.9220000e+03	   6.9000000e-01	   9.6600000e+02	
   3.7000000e+01	   3.1100000e+02	   3.0000000e+00	   1.2300000e+00	   2.3370000e+03	   3.0500000e+00	   3.8330000e+03	
   3.8000000e+01	   3.0800000e+02	   3.0000000e+00	   1.1900000e+00	   2.8700000e+03	   0.0000000e+00	   1.4990000e+03	
   3.9000000e+01	   2.0100000e+02	   2.0000000e+00	   1.7400000e+00	   3.0220000e+03	   0.0000000e+00	   1.4660000e+03	
   4.0000000e+01	   2.1100000e+02	   2.0000000e+00	   4.2300000e+00	   2.1380000e+03	   1.2000000e-01	   8.6600000e+02	
   4.1000000e+01	   3.1300000e+02	   3.0000000e+00	   3.7400000e+00	   2.7550000e+03	   5.0000000e-02	   9.6700000e+02	
   4.2000000e+01	   1.1200000e+02	   1.0000000e+00	   3.0700000e+00	   3.3370000e+03	   1.2000000e-01	   1.2330000e+03	
   4.3000000e+01	   3.0500000e+02	   3.0000000e+00	   3.1800000e+00	   3.9710000e+03	   4.3900000e+00	   1.5000000e+03	
   4.4000000e+01	   2.0500000e+02	   2.0000000e+00	   2.7000000e+00	   3.2370000e+03	   2.6000000e-01	   1.3990000e+03	
   4.5000000e+01	   3.1400000e+02	   3.0000000e+00	   4.0300000e+00	   2.8040000e+03	   3.0300000e+00	   4.4320000e+03	
