   1.0000000e+00	   1.0000000e+00	   1.0700000e+02	   0.0000000e+00	   1.9650000e+03	
   1.0000000e+00	   2.0000000e+00	   1.0500000e+02	   0.0000000e+00	   2.7260000e+03	
   1.0000000e+00	   3.0000000e+00	   1.0800000e+02	   0.0000000e+00	   1.3610000e+03	
   1.0000000e+00	   4.0000000e+00	   1.1400000e+02	   0.0000000e+00	   1.0600000e+03	
   1.0000000e+00	   5.0000000e+00	   3.1400000e+02	   0.0000000e+00	   1.1780000e+03	
   1.0000000e+00	   6.0000000e+00	   3.1200000e+02	   0.0000000e+00	   1.3960000e+03	
   1.0000000e+00	   7.0000000e+00	   3.0800000e+02	   5.0000000e+00	   6.5590000e+03	
   1.0000000e+00	   8.0000000e+00	   1.1000000e+02	   0.0000000e+00	   1.4280000e+03	
   1.0000000e+00	   9.0000000e+00	   3.0500000e+02	   1.8000000e-01	   8.2930000e+03	
   1.0000000e+00	   1.0000000e+01	   1.1200000e+02	   0.0000000e+00	   1.0620000e+03	
   1.0000000e+00	   1.1000000e+01	   3.0900000e+02	   1.7800000e+00	   4.2270000e+03	
   1.0000000e+00	   1.2000000e+01	   2.1000000e+02	   0.0000000e+00	   1.1280000e+03	
   1.0000000e+00	   1.3000000e+01	   2.0800000e+02	   0.0000000e+00	   7.9500000e+02	
   1.0000000e+00	   1.4000000e+01	   3.1300000e+02	   9.8000000e-01	   4.3600000e+03	
   1.0000000e+00	   1.5000000e+01	   1.1300000e+02	   0.0000000e+00	   1.0290000e+03	
   1.0000000e+00	   1.6000000e+01	   1.1500000e+02	   0.0000000e+00	   9.2600000e+02	
   1.0000000e+00	   1.7000000e+01	   1.0900000e+02	   0.0000000e+00	   8.6200000e+02	
   1.0000000e+00	   1.8000000e+01	   2.0100000e+02	   4.3300000e+00	   5.8600000e+03	
   1.0000000e+00	   1.9000000e+01	   2.1500000e+02	   2.7000000e+00	   2.2940000e+03	
   1.0000000e+00	   2.0000000e+01	   3.1000000e+02	   0.0000000e+00	   1.1950000e+03	
   1.0000000e+00	   2.1000000e+01	   2.1100000e+02	   2.7000000e-01	   2.0610000e+03	
   1.0000000e+00	   2.2000000e+01	   1.1100000e+02	   0.0000000e+00	   9.6100000e+02	
   1.0000000e+00	   2.3000000e+01	   3.0100000e+02	   0.0000000e+00	   1.7280000e+03	
   1.0000000e+00	   2.4000000e+01	   2.0500000e+02	   4.0100000e+00	   2.5940000e+03	
   1.0000000e+00	   2.5000000e+01	   2.0900000e+02	   0.0000000e+00	   1.0600000e+03	
   1.0000000e+00	   2.6000000e+01	   1.0300000e+02	   5.0000000e-02	   9.9400000e+02	
   1.0000000e+00	   2.7000000e+01	   1.0400000e+02	   0.0000000e+00	   1.4270000e+03	
   1.0000000e+00	   2.8000000e+01	   2.1400000e+02	   0.0000000e+00	   2.1280000e+03	
   1.0000000e+00	   2.9000000e+01	   2.0600000e+02	   2.0000000e-02	   1.0940000e+03	
   1.0000000e+00	   3.0000000e+01	   2.1300000e+02	   6.0000000e-02	   1.2930000e+03	
   1.0000000e+00	   3.1000000e+01	   1.0100000e+02	   2.0000000e-02	   1.6940000e+03	
   1.0000000e+00	   3.2000000e+01	   3.0400000e+02	   2.0000000e-02	   1.1600000e+03	
   1.0000000e+00	   3.3000000e+01	   2.1200000e+02	   4.2400000e+00	   4.4280000e+03	
   1.0000000e+00	   3.4000000e+01	   2.0400000e+02	   1.8300000e+00	   4.4930000e+03	
   1.0000000e+00	   3.5000000e+01	   3.0600000e+02	   1.7600000e+00	   1.6270000e+03	
   1.0000000e+00	   3.6000000e+01	   1.0200000e+02	   0.0000000e+00	   1.8930000e+03	
   1.0000000e+00	   3.7000000e+01	   1.1600000e+02	   0.0000000e+00	   9.9400000e+02	
   1.0000000e+00	   3.8000000e+01	   2.0300000e+02	   0.0000000e+00	   9.9500000e+02	
   1.0000000e+00	   3.9000000e+01	   1.0600000e+02	   1.8100000e+00	   5.3920000e+03	
   1.0000000e+00	   4.0000000e+01	   3.1100000e+02	   2.0000000e-02	   8.6000000e+02	
   1.0000000e+00	   4.1000000e+01	   2.0200000e+02	   5.5000000e-01	   1.2270000e+03	
   1.0000000e+00	   4.2000000e+01	   3.0300000e+02	   2.0000000e-02	   8.6100000e+02	
   1.0000000e+00	   4.3000000e+01	   3.0200000e+02	   9.9000000e-01	   1.4950000e+03	
   1.0000000e+00	   4.4000000e+01	   2.0700000e+02	   1.9600000e+00	   2.4430000e+03	
   1.0000000e+00	   4.5000000e+01	   3.0700000e+02	   0.0000000e+00	   1.5600000e+03	
   2.0000000e+00	   1.0000000e+00	   1.1300000e+02	   0.0000000e+00	   9.2000000e+02	
   2.0000000e+00	   2.0000000e+00	   1.0900000e+02	   9.0000000e-02	   8.6200000e+02	
   2.0000000e+00	   3.0000000e+00	   1.0500000e+02	   0.0000000e+00	   1.0120000e+03	
   2.0000000e+00	   4.0000000e+00	   3.0900000e+02	   1.2400000e+00	   1.5610000e+03	
   2.0000000e+00	   5.0000000e+00	   3.1400000e+02	   0.0000000e+00	   9.6100000e+02	
   2.0000000e+00	   6.0000000e+00	   3.1200000e+02	   5.0000000e-02	   8.6200000e+02	
   2.0000000e+00	   7.0000000e+00	   1.1600000e+02	   4.7000000e-01	   8.2800000e+02	
   2.0000000e+00	   8.0000000e+00	   1.0700000e+02	   0.0000000e+00	   9.2800000e+02	
   2.0000000e+00	   9.0000000e+00	   1.0400000e+02	   0.0000000e+00	   1.0290000e+03	
   2.0000000e+00	   1.0000000e+01	   3.1000000e+02	   4.0000000e-02	   8.9500000e+02	
   2.0000000e+00	   1.1000000e+01	   1.0100000e+02	   0.0000000e+00	   8.9500000e+02	
   2.0000000e+00	   1.2000000e+01	   3.0400000e+02	   0.0000000e+00	   8.6100000e+02	
   2.0000000e+00	   1.3000000e+01	   3.0600000e+02	   7.5000000e-01	   1.1950000e+03	
   2.0000000e+00	   1.4000000e+01	   2.0700000e+02	   1.7900000e+00	   1.4610000e+03	
   2.0000000e+00	   1.5000000e+01	   2.0400000e+02	   1.5900000e+00	   2.1620000e+03	
   2.0000000e+00	   1.6000000e+01	   2.0200000e+02	   3.0000000e-02	   9.6100000e+02	
   2.0000000e+00	   1.7000000e+01	   1.0200000e+02	   0.0000000e+00	   1.0290000e+03	
   2.0000000e+00	   1.8000000e+01	   3.0700000e+02	   1.0000000e-02	   9.6100000e+02	
   2.0000000e+00	   1.9000000e+01	   1.0300000e+02	   9.0000000e-02	   9.2800000e+02	
   2.0000000e+00	   2.0000000e+01	   2.0800000e+02	   0.0000000e+00	   8.9500000e+02	
   2.0000000e+00	   2.1000000e+01	   1.1500000e+02	   0.0000000e+00	   7.9500000e+02	
   2.0000000e+00	   2.2000000e+01	   3.0500000e+02	   5.4000000e-01	   1.4290000e+03	
   2.0000000e+00	   2.3000000e+01	   2.1400000e+02	   0.0000000e+00	   8.2800000e+02	
   2.0000000e+00	   2.4000000e+01	   2.1500000e+02	   2.2400000e+00	   1.5280000e+03	
   2.0000000e+00	   2.5000000e+01	   1.0800000e+02	   0.0000000e+00	   9.6100000e+02	
   2.0000000e+00	   2.6000000e+01	   2.0900000e+02	   0.0000000e+00	   8.2800000e+02	
   2.0000000e+00	   2.7000000e+01	   3.1300000e+02	   9.5000000e-01	   1.2620000e+03	
   2.0000000e+00	   2.8000000e+01	   1.1100000e+02	   0.0000000e+00	   9.6200000e+02	
   2.0000000e+00	   2.9000000e+01	   2.1100000e+02	   4.3000000e-01	   1.3620000e+03	
   2.0000000e+00	   3.0000000e+01	   3.0200000e+02	   7.3000000e-01	   1.2610000e+03	
   2.0000000e+00	   3.1000000e+01	   1.1000000e+02	   0.0000000e+00	   1.0610000e+03	
   2.0000000e+00	   3.2000000e+01	   3.1100000e+02	   0.0000000e+00	   8.9500000e+02	
   2.0000000e+00	   3.3000000e+01	   2.0300000e+02	   0.0000000e+00	   7.6200000e+02	
   2.0000000e+00	   3.4000000e+01	   2.1300000e+02	   0.0000000e+00	   8.2800000e+02	
   2.0000000e+00	   3.5000000e+01	   1.0600000e+02	   1.6600000e+00	   1.1280000e+03	
   2.0000000e+00	   3.6000000e+01	   2.0500000e+02	   4.4300000e+00	   1.6960000e+03	
   2.0000000e+00	   3.7000000e+01	   2.0600000e+02	   0.0000000e+00	   9.9400000e+02	
   2.0000000e+00	   3.8000000e+01	   3.0800000e+02	   3.9200000e+00	   1.8950000e+03	
   2.0000000e+00	   3.9000000e+01	   3.0300000e+02	   1.0000000e-02	   1.0280000e+03	
   2.0000000e+00	   4.0000000e+01	   2.1000000e+02	   0.0000000e+00	   9.2800000e+02	
   2.0000000e+00	   4.1000000e+01	   2.0100000e+02	   3.6500000e+00	   1.4280000e+03	
   2.0000000e+00	   4.2000000e+01	   2.1200000e+02	   4.1700000e+00	   1.8290000e+03	
   2.0000000e+00	   4.3000000e+01	   3.0100000e+02	   0.0000000e+00	   8.9500000e+02	
   2.0000000e+00	   4.4000000e+01	   1.1200000e+02	   9.0000000e-02	   7.6100000e+02	
   2.0000000e+00	   4.5000000e+01	   1.1400000e+02	   0.0000000e+00	   9.2800000e+02	
