   3.0600000e+02	   3.0900000e+02	   3.1200000e+02	   1.4000000e+01	   1.0000000e+00	   1.2550000e+00	   1.5100000e+00	   2.5000000e-02	   1.0000000e+00	   3.0000000e+00	   2.0000000e+00	   3.0000000e+00	   1.4080000e+03	
   2.0200000e+02	   2.0400000e+02	   1.0500000e+02	   4.0000000e+00	   3.0000000e+00	   2.9000000e-01	   1.7100000e+00	   0.0000000e+00	   1.0000000e+00	   3.0000000e+00	   2.0000000e+00	   1.0000000e+00	   1.6680000e+03	
   2.0400000e+02	   3.0500000e+02	   1.0500000e+02	   4.0000000e+00	   3.0000000e+00	   1.7100000e+00	   3.6000000e-01	   0.0000000e+00	   2.0000000e+00	   3.0000000e+00	   1.0000000e+00	   2.0000000e+00	   1.6460000e+03	
   2.0100000e+02	   2.1200000e+02	   3.1200000e+02	   1.4000000e+01	   1.0000000e+00	   3.9900000e+00	   4.2050000e+00	   2.5000000e-02	   2.0000000e+00	   3.0000000e+00	   1.0000000e+00	   2.0000000e+00	   9.5300000e+02	
   3.0200000e+02	   3.0500000e+02	   3.1200000e+02	   1.4000000e+01	   2.0000000e+00	   8.6000000e-01	   3.6000000e-01	   2.5000000e-02	   2.0000000e+00	   1.0000000e+00	   3.0000000e+00	   2.0000000e+00	   1.7670000e+03	
   2.1100000e+02	   3.0900000e+02	   1.0900000e+02	   6.0000000e+00	   3.0000000e+00	   3.5000000e-01	   1.5100000e+00	   4.5000000e-02	   3.0000000e+00	   2.0000000e+00	   1.0000000e+00	   2.0000000e+00	   1.6240000e+03	
   1.0600000e+02	   3.0600000e+02	   2.0900000e+02	   1.0000000e+01	   1.0000000e+00	   1.7350000e+00	   1.2550000e+00	   0.0000000e+00	   1.0000000e+00	   2.0000000e+00	   3.0000000e+00	   1.0000000e+00	   1.9680000e+03	
   2.0500000e+02	   2.1500000e+02	   1.0800000e+02	   5.0000000e+00	   3.0000000e+00	   4.2200000e+00	   2.4700000e+00	   0.0000000e+00	   3.0000000e+00	   1.0000000e+00	   2.0000000e+00	   3.0000000e+00	   1.5240000e+03	
   2.0200000e+02	   2.0500000e+02	   3.1200000e+02	   1.4000000e+01	   5.0000000e+00	   2.9000000e-01	   4.2200000e+00	   2.5000000e-02	   3.0000000e+00	   2.0000000e+00	   1.0000000e+00	   2.0000000e+00	   1.6370000e+03	
   3.0800000e+02	   3.1300000e+02	   2.0300000e+02	   9.0000000e+00	   5.0000000e+00	   4.4600000e+00	   9.6500000e-01	   0.0000000e+00	   1.0000000e+00	   3.0000000e+00	   2.0000000e+00	   1.0000000e+00	   2.1820000e+03	
   2.0500000e+02	   2.0700000e+02	   2.0300000e+02	   9.0000000e+00	   4.0000000e+00	   4.2200000e+00	   1.8750000e+00	   0.0000000e+00	   2.0000000e+00	   1.0000000e+00	   3.0000000e+00	   2.0000000e+00	   1.5720000e+03	
   2.0200000e+02	   3.0500000e+02	   1.0100000e+02	   1.0000000e+00	   1.0000000e+00	   2.9000000e-01	   3.6000000e-01	   1.0000000e-02	   1.0000000e+00	   2.0000000e+00	   3.0000000e+00	   2.0000000e+00	   3.0840000e+03	
   2.1200000e+02	   3.0800000e+02	   3.1400000e+02	   1.5000000e+01	   1.0000000e+00	   4.2050000e+00	   4.4600000e+00	   0.0000000e+00	   2.0000000e+00	   1.0000000e+00	   3.0000000e+00	   2.0000000e+00	   2.0840000e+03	
   2.1100000e+02	   2.1500000e+02	   1.0800000e+02	   5.0000000e+00	   4.0000000e+00	   3.5000000e-01	   2.4700000e+00	   0.0000000e+00	   1.0000000e+00	   2.0000000e+00	   3.0000000e+00	   2.0000000e+00	   1.7010000e+03	
   2.0400000e+02	   3.1300000e+02	   2.0900000e+02	   1.0000000e+01	   2.0000000e+00	   1.7100000e+00	   9.6500000e-01	   0.0000000e+00	   1.0000000e+00	   2.0000000e+00	   3.0000000e+00	   1.0000000e+00	   3.7810000e+03	
   2.0200000e+02	   3.0600000e+02	   1.1100000e+02	   7.0000000e+00	   2.0000000e+00	   2.9000000e-01	   1.2550000e+00	   0.0000000e+00	   1.0000000e+00	   3.0000000e+00	   2.0000000e+00	   3.0000000e+00	   1.4940000e+03	
   2.0400000e+02	   3.0800000e+02	   1.0100000e+02	   1.0000000e+00	   4.0000000e+00	   1.7100000e+00	   4.4600000e+00	   1.0000000e-02	   1.0000000e+00	   2.0000000e+00	   3.0000000e+00	   2.0000000e+00	   1.5890000e+03	
   2.0500000e+02	   3.0900000e+02	   1.1100000e+02	   7.0000000e+00	   4.0000000e+00	   4.2200000e+00	   1.5100000e+00	   0.0000000e+00	   1.0000000e+00	   3.0000000e+00	   2.0000000e+00	   1.0000000e+00	   9.7500000e+02	
   2.0400000e+02	   3.0900000e+02	   1.0900000e+02	   6.0000000e+00	   1.0000000e+00	   1.7100000e+00	   1.5100000e+00	   4.5000000e-02	   2.0000000e+00	   3.0000000e+00	   1.0000000e+00	   2.0000000e+00	   1.2570000e+03	
   2.1500000e+02	   3.0500000e+02	   1.0200000e+02	   2.0000000e+00	   3.0000000e+00	   2.4700000e+00	   3.6000000e-01	   0.0000000e+00	   3.0000000e+00	   1.0000000e+00	   2.0000000e+00	   3.0000000e+00	   2.1610000e+03	
   2.1200000e+02	   3.0900000e+02	   1.0200000e+02	   2.0000000e+00	   4.0000000e+00	   4.2050000e+00	   1.5100000e+00	   0.0000000e+00	   1.0000000e+00	   2.0000000e+00	   3.0000000e+00	   1.0000000e+00	   9.7100000e+02	
   2.0200000e+02	   2.1500000e+02	   2.1400000e+02	   1.1000000e+01	   4.0000000e+00	   2.9000000e-01	   2.4700000e+00	   0.0000000e+00	   1.0000000e+00	   3.0000000e+00	   2.0000000e+00	   3.0000000e+00	   1.3050000e+03	
   2.0100000e+02	   2.0700000e+02	   3.0300000e+02	   1.2000000e+01	   4.0000000e+00	   3.9900000e+00	   1.8750000e+00	   1.5000000e-02	   1.0000000e+00	   3.0000000e+00	   2.0000000e+00	   1.0000000e+00	   1.3150000e+03	
   2.0100000e+02	   2.0200000e+02	   3.0300000e+02	   1.2000000e+01	   5.0000000e+00	   3.9900000e+00	   2.9000000e-01	   1.5000000e-02	   3.0000000e+00	   1.0000000e+00	   2.0000000e+00	   3.0000000e+00	   9.1900000e+02	
   2.0100000e+02	   3.1300000e+02	   1.1400000e+02	   8.0000000e+00	   5.0000000e+00	   3.9900000e+00	   9.6500000e-01	   0.0000000e+00	   1.0000000e+00	   3.0000000e+00	   2.0000000e+00	   1.0000000e+00	   7.8800000e+02	
   1.0600000e+02	   2.0500000e+02	   2.0900000e+02	   1.0000000e+01	   4.0000000e+00	   1.7350000e+00	   4.2200000e+00	   0.0000000e+00	   3.0000000e+00	   1.0000000e+00	   2.0000000e+00	   1.0000000e+00	   7.6600000e+02	
   2.0400000e+02	   3.0800000e+02	   3.0300000e+02	   1.2000000e+01	   4.0000000e+00	   1.7100000e+00	   4.4600000e+00	   1.5000000e-02	   2.0000000e+00	   1.0000000e+00	   3.0000000e+00	   1.0000000e+00	   8.2400000e+02	
   3.0800000e+02	   3.1300000e+02	   1.0300000e+02	   3.0000000e+00	   5.0000000e+00	   4.4600000e+00	   9.6500000e-01	   7.0000000e-02	   2.0000000e+00	   3.0000000e+00	   1.0000000e+00	   3.0000000e+00	   9.5100000e+02	
   3.0200000e+02	   3.0600000e+02	   3.1400000e+02	   1.5000000e+01	   1.0000000e+00	   8.6000000e-01	   1.2550000e+00	   0.0000000e+00	   3.0000000e+00	   2.0000000e+00	   1.0000000e+00	   3.0000000e+00	   1.8250000e+03	
   3.0600000e+02	   3.0800000e+02	   1.1100000e+02	   7.0000000e+00	   5.0000000e+00	   1.2550000e+00	   4.4600000e+00	   0.0000000e+00	   3.0000000e+00	   1.0000000e+00	   2.0000000e+00	   1.0000000e+00	   8.5300000e+02	
   2.0700000e+02	   3.1300000e+02	   2.1400000e+02	   1.1000000e+01	   2.0000000e+00	   1.8750000e+00	   9.6500000e-01	   0.0000000e+00	   2.0000000e+00	   3.0000000e+00	   1.0000000e+00	   2.0000000e+00	   1.8630000e+03	
   2.0400000e+02	   2.0500000e+02	   1.0200000e+02	   2.0000000e+00	   4.0000000e+00	   1.7100000e+00	   4.2200000e+00	   0.0000000e+00	   1.0000000e+00	   2.0000000e+00	   3.0000000e+00	   2.0000000e+00	   1.1140000e+03	
   2.0500000e+02	   3.0900000e+02	   1.0800000e+02	   5.0000000e+00	   4.0000000e+00	   4.2200000e+00	   1.5100000e+00	   0.0000000e+00	   1.0000000e+00	   3.0000000e+00	   2.0000000e+00	   1.0000000e+00	   7.6200000e+02	
   2.1200000e+02	   3.0800000e+02	   3.0300000e+02	   1.2000000e+01	   1.0000000e+00	   4.2050000e+00	   4.4600000e+00	   1.5000000e-02	   3.0000000e+00	   2.0000000e+00	   1.0000000e+00	   3.0000000e+00	   2.4940000e+03	
   2.0500000e+02	   3.0800000e+02	   2.0300000e+02	   9.0000000e+00	   1.0000000e+00	   4.2200000e+00	   4.4600000e+00	   0.0000000e+00	   2.0000000e+00	   1.0000000e+00	   3.0000000e+00	   2.0000000e+00	   1.6260000e+03	
   2.0100000e+02	   3.0600000e+02	   1.1100000e+02	   7.0000000e+00	   4.0000000e+00	   3.9900000e+00	   1.2550000e+00	   0.0000000e+00	   2.0000000e+00	   1.0000000e+00	   3.0000000e+00	   2.0000000e+00	   1.3930000e+03	
   3.0600000e+02	   3.0900000e+02	   2.0300000e+02	   9.0000000e+00	   1.0000000e+00	   1.2550000e+00	   1.5100000e+00	   0.0000000e+00	   1.0000000e+00	   3.0000000e+00	   2.0000000e+00	   3.0000000e+00	   3.9790000e+03	
   3.0500000e+02	   3.0900000e+02	   3.1200000e+02	   1.4000000e+01	   3.0000000e+00	   3.6000000e-01	   1.5100000e+00	   2.5000000e-02	   1.0000000e+00	   3.0000000e+00	   2.0000000e+00	   1.0000000e+00	   3.5960000e+03	
   2.0100000e+02	   2.1500000e+02	   3.1400000e+02	   1.5000000e+01	   3.0000000e+00	   3.9900000e+00	   2.4700000e+00	   0.0000000e+00	   3.0000000e+00	   2.0000000e+00	   1.0000000e+00	   3.0000000e+00	   1.0060000e+03	
   3.0500000e+02	   3.0800000e+02	   1.1100000e+02	   7.0000000e+00	   5.0000000e+00	   3.6000000e-01	   4.4600000e+00	   0.0000000e+00	   2.0000000e+00	   1.0000000e+00	   3.0000000e+00	   1.0000000e+00	   1.2460000e+03	
   2.0400000e+02	   3.0500000e+02	   2.0900000e+02	   1.0000000e+01	   3.0000000e+00	   1.7100000e+00	   3.6000000e-01	   0.0000000e+00	   3.0000000e+00	   1.0000000e+00	   2.0000000e+00	   1.0000000e+00	   1.8120000e+03	
   2.0700000e+02	   3.0600000e+02	   3.0300000e+02	   1.2000000e+01	   2.0000000e+00	   1.8750000e+00	   1.2550000e+00	   1.5000000e-02	   1.0000000e+00	   2.0000000e+00	   3.0000000e+00	   1.0000000e+00	   1.2760000e+03	
   2.0200000e+02	   3.1300000e+02	   1.0200000e+02	   2.0000000e+00	   2.0000000e+00	   2.9000000e-01	   9.6500000e-01	   0.0000000e+00	   3.0000000e+00	   1.0000000e+00	   2.0000000e+00	   1.0000000e+00	   1.7790000e+03	
   2.0100000e+02	   3.1300000e+02	   1.0100000e+02	   1.0000000e+00	   5.0000000e+00	   3.9900000e+00	   9.6500000e-01	   1.0000000e-02	   1.0000000e+00	   2.0000000e+00	   3.0000000e+00	   1.0000000e+00	   7.7100000e+02	
   2.0400000e+02	   3.0200000e+02	   1.0200000e+02	   2.0000000e+00	   2.0000000e+00	   1.7100000e+00	   8.6000000e-01	   0.0000000e+00	   1.0000000e+00	   2.0000000e+00	   3.0000000e+00	   2.0000000e+00	   1.3090000e+03	
   2.0200000e+02	   3.0200000e+02	   2.0300000e+02	   9.0000000e+00	   2.0000000e+00	   2.9000000e-01	   8.6000000e-01	   0.0000000e+00	   3.0000000e+00	   2.0000000e+00	   1.0000000e+00	   2.0000000e+00	   9.2300000e+02	
   2.0100000e+02	   2.0400000e+02	   1.0300000e+02	   3.0000000e+00	   4.0000000e+00	   3.9900000e+00	   1.7100000e+00	   7.0000000e-02	   3.0000000e+00	   1.0000000e+00	   2.0000000e+00	   3.0000000e+00	   1.0910000e+03	
   2.0100000e+02	   3.0500000e+02	   3.1400000e+02	   1.5000000e+01	   5.0000000e+00	   3.9900000e+00	   3.6000000e-01	   0.0000000e+00	   1.0000000e+00	   3.0000000e+00	   2.0000000e+00	   1.0000000e+00	   7.9800000e+02	
   3.0500000e+02	   3.1300000e+02	   3.1200000e+02	   1.4000000e+01	   2.0000000e+00	   3.6000000e-01	   9.6500000e-01	   2.5000000e-02	   1.0000000e+00	   2.0000000e+00	   3.0000000e+00	   1.0000000e+00	   1.6310000e+03	
   1.0600000e+02	   2.1100000e+02	   3.0300000e+02	   1.2000000e+01	   3.0000000e+00	   1.7350000e+00	   3.5000000e-01	   1.5000000e-02	   3.0000000e+00	   1.0000000e+00	   2.0000000e+00	   2.0000000e+00	   1.0150000e+03	
   2.0700000e+02	   3.0500000e+02	   1.0100000e+02	   1.0000000e+00	   3.0000000e+00	   1.8750000e+00	   3.6000000e-01	   1.0000000e-02	   2.0000000e+00	   3.0000000e+00	   1.0000000e+00	   2.0000000e+00	   1.2800000e+03	
   1.0600000e+02	   2.0200000e+02	   1.1400000e+02	   8.0000000e+00	   3.0000000e+00	   1.7350000e+00	   2.9000000e-01	   0.0000000e+00	   3.0000000e+00	   2.0000000e+00	   1.0000000e+00	   3.0000000e+00	   1.1120000e+03	
   2.0100000e+02	   3.0600000e+02	   2.0900000e+02	   1.0000000e+01	   4.0000000e+00	   3.9900000e+00	   1.2550000e+00	   0.0000000e+00	   1.0000000e+00	   2.0000000e+00	   3.0000000e+00	   1.0000000e+00	   9.5200000e+02	
   3.0200000e+02	   3.1300000e+02	   1.1400000e+02	   8.0000000e+00	   1.0000000e+00	   8.6000000e-01	   9.6500000e-01	   0.0000000e+00	   1.0000000e+00	   2.0000000e+00	   3.0000000e+00	   1.0000000e+00	   1.4870000e+03	
   3.0600000e+02	   3.0800000e+02	   3.0400000e+02	   1.3000000e+01	   5.0000000e+00	   1.2550000e+00	   4.4600000e+00	   1.0000000e-02	   3.0000000e+00	   1.0000000e+00	   2.0000000e+00	   1.0000000e+00	   2.1110000e+03	
   3.0200000e+02	   3.1300000e+02	   2.0900000e+02	   1.0000000e+01	   1.0000000e+00	   8.6000000e-01	   9.6500000e-01	   0.0000000e+00	   1.0000000e+00	   3.0000000e+00	   2.0000000e+00	   1.0000000e+00	   1.6520000e+03	
   3.0500000e+02	   3.0600000e+02	   1.0800000e+02	   5.0000000e+00	   2.0000000e+00	   3.6000000e-01	   1.2550000e+00	   0.0000000e+00	   3.0000000e+00	   2.0000000e+00	   1.0000000e+00	   3.0000000e+00	   1.7980000e+03	
   2.1200000e+02	   3.0600000e+02	   2.1400000e+02	   1.1000000e+01	   4.0000000e+00	   4.2050000e+00	   1.2550000e+00	   0.0000000e+00	   2.0000000e+00	   3.0000000e+00	   1.0000000e+00	   2.0000000e+00	   2.2240000e+03	
   3.0500000e+02	   3.0800000e+02	   1.0800000e+02	   5.0000000e+00	   5.0000000e+00	   3.6000000e-01	   4.4600000e+00	   0.0000000e+00	   2.0000000e+00	   1.0000000e+00	   3.0000000e+00	   1.0000000e+00	   1.5270000e+03	
   2.0100000e+02	   2.1200000e+02	   2.0900000e+02	   1.0000000e+01	   1.0000000e+00	   3.9900000e+00	   4.2050000e+00	   0.0000000e+00	   2.0000000e+00	   1.0000000e+00	   3.0000000e+00	   1.0000000e+00	   1.9110000e+03	
   2.0400000e+02	   2.0500000e+02	   1.1400000e+02	   8.0000000e+00	   4.0000000e+00	   1.7100000e+00	   4.2200000e+00	   0.0000000e+00	   1.0000000e+00	   3.0000000e+00	   2.0000000e+00	   3.0000000e+00	   1.4000000e+03	
   2.0200000e+02	   2.1200000e+02	   1.1100000e+02	   7.0000000e+00	   5.0000000e+00	   2.9000000e-01	   4.2050000e+00	   0.0000000e+00	   3.0000000e+00	   1.0000000e+00	   2.0000000e+00	   1.0000000e+00	   1.0770000e+03	
   1.0600000e+02	   3.0900000e+02	   1.0500000e+02	   4.0000000e+00	   1.0000000e+00	   1.7350000e+00	   1.5100000e+00	   0.0000000e+00	   2.0000000e+00	   3.0000000e+00	   1.0000000e+00	   2.0000000e+00	   8.3900000e+02	
   2.0200000e+02	   3.0900000e+02	   1.0300000e+02	   3.0000000e+00	   3.0000000e+00	   2.9000000e-01	   1.5100000e+00	   7.0000000e-02	   1.0000000e+00	   3.0000000e+00	   2.0000000e+00	   3.0000000e+00	   1.5900000e+03	
   2.0100000e+02	   3.0500000e+02	   1.1400000e+02	   8.0000000e+00	   5.0000000e+00	   3.9900000e+00	   3.6000000e-01	   0.0000000e+00	   3.0000000e+00	   1.0000000e+00	   2.0000000e+00	   3.0000000e+00	   1.1130000e+03	
   2.0200000e+02	   2.1200000e+02	   1.1400000e+02	   8.0000000e+00	   5.0000000e+00	   2.9000000e-01	   4.2050000e+00	   0.0000000e+00	   2.0000000e+00	   3.0000000e+00	   1.0000000e+00	   3.0000000e+00	   1.1120000e+03	
   2.0200000e+02	   3.0900000e+02	   1.0100000e+02	   1.0000000e+00	   3.0000000e+00	   2.9000000e-01	   1.5100000e+00	   1.0000000e-02	   1.0000000e+00	   2.0000000e+00	   3.0000000e+00	   2.0000000e+00	   1.1630000e+03	
   2.1100000e+02	   3.0200000e+02	   1.0500000e+02	   4.0000000e+00	   2.0000000e+00	   3.5000000e-01	   8.6000000e-01	   0.0000000e+00	   2.0000000e+00	   3.0000000e+00	   1.0000000e+00	   3.0000000e+00	   1.3390000e+03	
   2.0400000e+02	   3.0900000e+02	   1.0100000e+02	   1.0000000e+00	   1.0000000e+00	   1.7100000e+00	   1.5100000e+00	   1.0000000e-02	   3.0000000e+00	   2.0000000e+00	   1.0000000e+00	   2.0000000e+00	   1.4300000e+03	
   2.1100000e+02	   2.1200000e+02	   1.0100000e+02	   1.0000000e+00	   5.0000000e+00	   3.5000000e-01	   4.2050000e+00	   1.0000000e-02	   1.0000000e+00	   2.0000000e+00	   3.0000000e+00	   2.0000000e+00	   1.5620000e+03	
   3.0900000e+02	   3.1300000e+02	   3.1200000e+02	   1.4000000e+01	   2.0000000e+00	   1.5100000e+00	   9.6500000e-01	   2.5000000e-02	   1.0000000e+00	   2.0000000e+00	   3.0000000e+00	   2.0000000e+00	   2.4110000e+03	
   2.1500000e+02	   3.0200000e+02	   1.1100000e+02	   7.0000000e+00	   3.0000000e+00	   2.4700000e+00	   8.6000000e-01	   0.0000000e+00	   2.0000000e+00	   3.0000000e+00	   1.0000000e+00	   2.0000000e+00	   2.2350000e+03	
   2.1200000e+02	   3.0500000e+02	   1.0900000e+02	   6.0000000e+00	   5.0000000e+00	   4.2050000e+00	   3.6000000e-01	   4.5000000e-02	   3.0000000e+00	   1.0000000e+00	   2.0000000e+00	   3.0000000e+00	   1.0320000e+03	
   2.1100000e+02	   3.0600000e+02	   1.0200000e+02	   2.0000000e+00	   2.0000000e+00	   3.5000000e-01	   1.2550000e+00	   0.0000000e+00	   1.0000000e+00	   2.0000000e+00	   3.0000000e+00	   2.0000000e+00	   2.3800000e+03	
   3.0200000e+02	   3.1300000e+02	   1.0900000e+02	   6.0000000e+00	   1.0000000e+00	   8.6000000e-01	   9.6500000e-01	   4.5000000e-02	   2.0000000e+00	   1.0000000e+00	   3.0000000e+00	   2.0000000e+00	   1.7250000e+03	
   2.1200000e+02	   3.0500000e+02	   1.0500000e+02	   4.0000000e+00	   5.0000000e+00	   4.2050000e+00	   3.6000000e-01	   0.0000000e+00	   3.0000000e+00	   1.0000000e+00	   2.0000000e+00	   3.0000000e+00	   1.3880000e+03	
   3.0900000e+02	   3.1300000e+02	   1.0100000e+02	   1.0000000e+00	   2.0000000e+00	   1.5100000e+00	   9.6500000e-01	   1.0000000e-02	   3.0000000e+00	   2.0000000e+00	   1.0000000e+00	   3.0000000e+00	   1.4890000e+03	
   2.1200000e+02	   2.1500000e+02	   1.0500000e+02	   4.0000000e+00	   3.0000000e+00	   4.2050000e+00	   2.4700000e+00	   0.0000000e+00	   2.0000000e+00	   3.0000000e+00	   1.0000000e+00	   2.0000000e+00	   7.8100000e+02	
   2.0500000e+02	   2.0700000e+02	   1.0100000e+02	   1.0000000e+00	   4.0000000e+00	   4.2200000e+00	   1.8750000e+00	   1.0000000e-02	   1.0000000e+00	   3.0000000e+00	   2.0000000e+00	   1.0000000e+00	   1.0970000e+03	
   2.0100000e+02	   2.1100000e+02	   1.0100000e+02	   1.0000000e+00	   5.0000000e+00	   3.9900000e+00	   3.5000000e-01	   1.0000000e-02	   1.0000000e+00	   3.0000000e+00	   2.0000000e+00	   1.0000000e+00	   1.0420000e+03	
   2.0400000e+02	   2.1200000e+02	   3.1200000e+02	   1.4000000e+01	   4.0000000e+00	   1.7100000e+00	   4.2050000e+00	   2.5000000e-02	   1.0000000e+00	   3.0000000e+00	   2.0000000e+00	   3.0000000e+00	   1.0770000e+03	
   2.0500000e+02	   3.0200000e+02	   1.0300000e+02	   3.0000000e+00	   5.0000000e+00	   4.2200000e+00	   8.6000000e-01	   7.0000000e-02	   3.0000000e+00	   1.0000000e+00	   2.0000000e+00	   3.0000000e+00	   7.1200000e+02	
   2.1100000e+02	   3.0500000e+02	   1.1100000e+02	   7.0000000e+00	   1.0000000e+00	   3.5000000e-01	   3.6000000e-01	   0.0000000e+00	   2.0000000e+00	   3.0000000e+00	   1.0000000e+00	   3.0000000e+00	   1.8820000e+03	
   1.0600000e+02	   3.0900000e+02	   1.0200000e+02	   2.0000000e+00	   1.0000000e+00	   1.7350000e+00	   1.5100000e+00	   0.0000000e+00	   3.0000000e+00	   2.0000000e+00	   1.0000000e+00	   3.0000000e+00	   1.1500000e+03	
   2.0200000e+02	   3.0200000e+02	   1.1400000e+02	   8.0000000e+00	   2.0000000e+00	   2.9000000e-01	   8.6000000e-01	   0.0000000e+00	   3.0000000e+00	   1.0000000e+00	   2.0000000e+00	   1.0000000e+00	   1.3160000e+03	
   2.0700000e+02	   3.0800000e+02	   1.1400000e+02	   8.0000000e+00	   4.0000000e+00	   1.8750000e+00	   4.4600000e+00	   0.0000000e+00	   3.0000000e+00	   2.0000000e+00	   1.0000000e+00	   2.0000000e+00	   2.2050000e+03	
   2.1500000e+02	   3.0600000e+02	   1.0800000e+02	   5.0000000e+00	   3.0000000e+00	   2.4700000e+00	   1.2550000e+00	   0.0000000e+00	   2.0000000e+00	   3.0000000e+00	   1.0000000e+00	   2.0000000e+00	   1.1130000e+03	
   2.0700000e+02	   3.0500000e+02	   3.1200000e+02	   1.4000000e+01	   3.0000000e+00	   1.8750000e+00	   3.6000000e-01	   2.5000000e-02	   1.0000000e+00	   2.0000000e+00	   3.0000000e+00	   2.0000000e+00	   1.9670000e+03	
   3.0200000e+02	   3.0800000e+02	   2.1400000e+02	   1.1000000e+01	   5.0000000e+00	   8.6000000e-01	   4.4600000e+00	   0.0000000e+00	   3.0000000e+00	   1.0000000e+00	   2.0000000e+00	   3.0000000e+00	   1.3200000e+03	
   2.1100000e+02	   3.1300000e+02	   1.0800000e+02	   5.0000000e+00	   2.0000000e+00	   3.5000000e-01	   9.6500000e-01	   0.0000000e+00	   1.0000000e+00	   2.0000000e+00	   3.0000000e+00	   2.0000000e+00	   1.5680000e+03	
   2.0400000e+02	   3.1300000e+02	   1.0900000e+02	   6.0000000e+00	   2.0000000e+00	   1.7100000e+00	   9.6500000e-01	   4.5000000e-02	   2.0000000e+00	   1.0000000e+00	   3.0000000e+00	   1.0000000e+00	   2.7470000e+03	
   2.0400000e+02	   3.0200000e+02	   1.1100000e+02	   7.0000000e+00	   2.0000000e+00	   1.7100000e+00	   8.6000000e-01	   0.0000000e+00	   3.0000000e+00	   2.0000000e+00	   1.0000000e+00	   2.0000000e+00	   1.8880000e+03	
   2.0200000e+02	   3.0600000e+02	   3.1400000e+02	   1.5000000e+01	   2.0000000e+00	   2.9000000e-01	   1.2550000e+00	   0.0000000e+00	   3.0000000e+00	   1.0000000e+00	   2.0000000e+00	   1.0000000e+00	   2.0930000e+03	
   2.0100000e+02	   3.1300000e+02	   1.0300000e+02	   3.0000000e+00	   5.0000000e+00	   3.9900000e+00	   9.6500000e-01	   7.0000000e-02	   3.0000000e+00	   1.0000000e+00	   2.0000000e+00	   3.0000000e+00	   1.1970000e+03	
   2.0500000e+02	   3.0500000e+02	   1.0300000e+02	   3.0000000e+00	   5.0000000e+00	   4.2200000e+00	   3.6000000e-01	   7.0000000e-02	   1.0000000e+00	   3.0000000e+00	   2.0000000e+00	   1.0000000e+00	   1.2540000e+03	
   3.0600000e+02	   3.0800000e+02	   1.0500000e+02	   4.0000000e+00	   5.0000000e+00	   1.2550000e+00	   4.4600000e+00	   0.0000000e+00	   1.0000000e+00	   2.0000000e+00	   3.0000000e+00	   2.0000000e+00	   1.2140000e+03	
   2.1100000e+02	   3.0600000e+02	   1.0800000e+02	   5.0000000e+00	   2.0000000e+00	   3.5000000e-01	   1.2550000e+00	   0.0000000e+00	   2.0000000e+00	   3.0000000e+00	   1.0000000e+00	   3.0000000e+00	   2.2740000e+03	
   2.0200000e+02	   2.0700000e+02	   3.1200000e+02	   1.4000000e+01	   3.0000000e+00	   2.9000000e-01	   1.8750000e+00	   2.5000000e-02	   1.0000000e+00	   3.0000000e+00	   2.0000000e+00	   3.0000000e+00	   2.2280000e+03	
   2.1100000e+02	   3.0900000e+02	   1.0300000e+02	   3.0000000e+00	   3.0000000e+00	   3.5000000e-01	   1.5100000e+00	   7.0000000e-02	   3.0000000e+00	   2.0000000e+00	   1.0000000e+00	   2.0000000e+00	   1.3550000e+03	
   2.1200000e+02	   3.1300000e+02	   1.0200000e+02	   2.0000000e+00	   5.0000000e+00	   4.2050000e+00	   9.6500000e-01	   0.0000000e+00	   2.0000000e+00	   1.0000000e+00	   3.0000000e+00	   2.0000000e+00	   1.1700000e+03	
   3.0200000e+02	   3.0900000e+02	   1.0100000e+02	   1.0000000e+00	   2.0000000e+00	   8.6000000e-01	   1.5100000e+00	   1.0000000e-02	   2.0000000e+00	   3.0000000e+00	   1.0000000e+00	   3.0000000e+00	   2.6970000e+03	
   2.0200000e+02	   3.1300000e+02	   3.1400000e+02	   1.5000000e+01	   2.0000000e+00	   2.9000000e-01	   9.6500000e-01	   0.0000000e+00	   3.0000000e+00	   1.0000000e+00	   2.0000000e+00	   1.0000000e+00	   1.2060000e+03	
   2.0400000e+02	   3.0500000e+02	   3.0300000e+02	   1.2000000e+01	   3.0000000e+00	   1.7100000e+00	   3.6000000e-01	   1.5000000e-02	   2.0000000e+00	   1.0000000e+00	   3.0000000e+00	   2.0000000e+00	   1.3130000e+03	
   3.0800000e+02	   3.1300000e+02	   1.0200000e+02	   2.0000000e+00	   5.0000000e+00	   4.4600000e+00	   9.6500000e-01	   0.0000000e+00	   1.0000000e+00	   2.0000000e+00	   3.0000000e+00	   1.0000000e+00	   1.3280000e+03	
   3.0500000e+02	   3.1300000e+02	   3.0400000e+02	   1.3000000e+01	   2.0000000e+00	   3.6000000e-01	   9.6500000e-01	   1.0000000e-02	   1.0000000e+00	   3.0000000e+00	   2.0000000e+00	   3.0000000e+00	   9.2800000e+02	
   2.0500000e+02	   2.1100000e+02	   2.0900000e+02	   1.0000000e+01	   5.0000000e+00	   4.2200000e+00	   3.5000000e-01	   0.0000000e+00	   1.0000000e+00	   2.0000000e+00	   3.0000000e+00	   1.0000000e+00	   1.2870000e+03	
   2.0200000e+02	   2.0400000e+02	   2.0900000e+02	   1.0000000e+01	   3.0000000e+00	   2.9000000e-01	   1.7100000e+00	   0.0000000e+00	   1.0000000e+00	   3.0000000e+00	   2.0000000e+00	   3.0000000e+00	   1.1300000e+03	
   2.0700000e+02	   2.1100000e+02	   1.0300000e+02	   3.0000000e+00	   3.0000000e+00	   1.8750000e+00	   3.5000000e-01	   7.0000000e-02	   1.0000000e+00	   3.0000000e+00	   2.0000000e+00	   1.0000000e+00	   1.2280000e+03	
   2.0400000e+02	   3.0900000e+02	   1.0800000e+02	   5.0000000e+00	   1.0000000e+00	   1.7100000e+00	   1.5100000e+00	   0.0000000e+00	   2.0000000e+00	   1.0000000e+00	   3.0000000e+00	   1.0000000e+00	   1.1010000e+03	
   2.0200000e+02	   3.0500000e+02	   1.0500000e+02	   4.0000000e+00	   1.0000000e+00	   2.9000000e-01	   3.6000000e-01	   0.0000000e+00	   1.0000000e+00	   2.0000000e+00	   3.0000000e+00	   2.0000000e+00	   1.2930000e+03	
   2.0200000e+02	   3.0900000e+02	   2.0300000e+02	   9.0000000e+00	   3.0000000e+00	   2.9000000e-01	   1.5100000e+00	   0.0000000e+00	   2.0000000e+00	   1.0000000e+00	   3.0000000e+00	   1.0000000e+00	   1.6520000e+03	
   2.0100000e+02	   2.0500000e+02	   2.1400000e+02	   1.1000000e+01	   1.0000000e+00	   3.9900000e+00	   4.2200000e+00	   0.0000000e+00	   2.0000000e+00	   3.0000000e+00	   1.0000000e+00	   3.0000000e+00	   1.6340000e+03	
   2.0100000e+02	   3.0600000e+02	   1.0900000e+02	   6.0000000e+00	   4.0000000e+00	   3.9900000e+00	   1.2550000e+00	   4.5000000e-02	   2.0000000e+00	   1.0000000e+00	   3.0000000e+00	   2.0000000e+00	   8.1500000e+02	
   2.0700000e+02	   3.0200000e+02	   3.1400000e+02	   1.5000000e+01	   3.0000000e+00	   1.8750000e+00	   8.6000000e-01	   0.0000000e+00	   2.0000000e+00	   3.0000000e+00	   1.0000000e+00	   2.0000000e+00	   3.7290000e+03	
   2.0500000e+02	   2.1100000e+02	   1.0900000e+02	   6.0000000e+00	   5.0000000e+00	   4.2200000e+00	   3.5000000e-01	   4.5000000e-02	   1.0000000e+00	   2.0000000e+00	   3.0000000e+00	   1.0000000e+00	   8.6500000e+02	
   2.1100000e+02	   2.1500000e+02	   1.0500000e+02	   4.0000000e+00	   4.0000000e+00	   3.5000000e-01	   2.4700000e+00	   0.0000000e+00	   2.0000000e+00	   1.0000000e+00	   3.0000000e+00	   1.0000000e+00	   1.1460000e+03	
   2.0700000e+02	   3.0500000e+02	   2.0300000e+02	   9.0000000e+00	   3.0000000e+00	   1.8750000e+00	   3.6000000e-01	   0.0000000e+00	   2.0000000e+00	   1.0000000e+00	   3.0000000e+00	   2.0000000e+00	   1.3450000e+03	
   1.0600000e+02	   3.0900000e+02	   1.0900000e+02	   6.0000000e+00	   1.0000000e+00	   1.7350000e+00	   1.5100000e+00	   4.5000000e-02	   3.0000000e+00	   2.0000000e+00	   1.0000000e+00	   3.0000000e+00	   1.3560000e+03	
   2.0200000e+02	   2.0400000e+02	   1.1400000e+02	   8.0000000e+00	   3.0000000e+00	   2.9000000e-01	   1.7100000e+00	   0.0000000e+00	   2.0000000e+00	   1.0000000e+00	   3.0000000e+00	   1.0000000e+00	   1.4370000e+03	
   2.1100000e+02	   2.1500000e+02	   1.0200000e+02	   2.0000000e+00	   4.0000000e+00	   3.5000000e-01	   2.4700000e+00	   0.0000000e+00	   2.0000000e+00	   1.0000000e+00	   3.0000000e+00	   1.0000000e+00	   9.5400000e+02	
   2.1100000e+02	   3.1300000e+02	   1.0900000e+02	   6.0000000e+00	   2.0000000e+00	   3.5000000e-01	   9.6500000e-01	   4.5000000e-02	   2.0000000e+00	   1.0000000e+00	   3.0000000e+00	   1.0000000e+00	   1.2300000e+03	
   2.0100000e+02	   3.0200000e+02	   3.1400000e+02	   1.5000000e+01	   5.0000000e+00	   3.9900000e+00	   8.6000000e-01	   0.0000000e+00	   3.0000000e+00	   2.0000000e+00	   1.0000000e+00	   3.0000000e+00	   1.1660000e+03	
   2.1200000e+02	   3.0500000e+02	   2.0900000e+02	   1.0000000e+01	   5.0000000e+00	   4.2050000e+00	   3.6000000e-01	   0.0000000e+00	   1.0000000e+00	   3.0000000e+00	   2.0000000e+00	   1.0000000e+00	   8.4200000e+02	
   2.1100000e+02	   3.1300000e+02	   2.0900000e+02	   1.0000000e+01	   2.0000000e+00	   3.5000000e-01	   9.6500000e-01	   0.0000000e+00	   1.0000000e+00	   2.0000000e+00	   3.0000000e+00	   2.0000000e+00	   1.2770000e+03	
   2.0100000e+02	   3.0800000e+02	   1.0200000e+02	   2.0000000e+00	   1.0000000e+00	   3.9900000e+00	   4.4600000e+00	   0.0000000e+00	   3.0000000e+00	   1.0000000e+00	   2.0000000e+00	   1.0000000e+00	   1.6260000e+03	
   2.1500000e+02	   3.0500000e+02	   3.0400000e+02	   1.3000000e+01	   3.0000000e+00	   2.4700000e+00	   3.6000000e-01	   1.0000000e-02	   3.0000000e+00	   1.0000000e+00	   2.0000000e+00	   3.0000000e+00	   1.1590000e+03	
   2.0100000e+02	   2.0200000e+02	   2.0300000e+02	   9.0000000e+00	   5.0000000e+00	   3.9900000e+00	   2.9000000e-01	   0.0000000e+00	   2.0000000e+00	   1.0000000e+00	   3.0000000e+00	   2.0000000e+00	   1.1830000e+03	
   3.0500000e+02	   3.0800000e+02	   3.1200000e+02	   1.4000000e+01	   5.0000000e+00	   3.6000000e-01	   4.4600000e+00	   2.5000000e-02	   2.0000000e+00	   1.0000000e+00	   3.0000000e+00	   1.0000000e+00	   9.7500000e+02	
   2.1100000e+02	   3.0500000e+02	   1.0800000e+02	   5.0000000e+00	   1.0000000e+00	   3.5000000e-01	   3.6000000e-01	   0.0000000e+00	   3.0000000e+00	   1.0000000e+00	   2.0000000e+00	   1.0000000e+00	   1.2910000e+03	
   2.0400000e+02	   2.1500000e+02	   1.0200000e+02	   2.0000000e+00	   2.0000000e+00	   1.7100000e+00	   2.4700000e+00	   0.0000000e+00	   1.0000000e+00	   3.0000000e+00	   2.0000000e+00	   3.0000000e+00	   9.5100000e+02	
   1.0600000e+02	   2.0100000e+02	   1.0900000e+02	   6.0000000e+00	   4.0000000e+00	   1.7350000e+00	   3.9900000e+00	   4.5000000e-02	   1.0000000e+00	   2.0000000e+00	   3.0000000e+00	   1.0000000e+00	   8.4900000e+02	
   2.0400000e+02	   3.1300000e+02	   3.0400000e+02	   1.3000000e+01	   2.0000000e+00	   1.7100000e+00	   9.6500000e-01	   1.0000000e-02	   1.0000000e+00	   3.0000000e+00	   2.0000000e+00	   3.0000000e+00	   8.2000000e+02	
   2.1200000e+02	   3.0600000e+02	   1.0800000e+02	   5.0000000e+00	   4.0000000e+00	   4.2050000e+00	   1.2550000e+00	   0.0000000e+00	   3.0000000e+00	   1.0000000e+00	   2.0000000e+00	   3.0000000e+00	   1.0080000e+03	
   2.0200000e+02	   2.1100000e+02	   3.0400000e+02	   1.3000000e+01	   1.0000000e+00	   2.9000000e-01	   3.5000000e-01	   1.0000000e-02	   1.0000000e+00	   3.0000000e+00	   2.0000000e+00	   3.0000000e+00	   2.8730000e+03	
   2.0400000e+02	   2.1500000e+02	   2.0300000e+02	   9.0000000e+00	   2.0000000e+00	   1.7100000e+00	   2.4700000e+00	   0.0000000e+00	   1.0000000e+00	   3.0000000e+00	   2.0000000e+00	   3.0000000e+00	   1.4790000e+03	
   3.0200000e+02	   3.0500000e+02	   2.1400000e+02	   1.1000000e+01	   2.0000000e+00	   8.6000000e-01	   3.6000000e-01	   0.0000000e+00	   3.0000000e+00	   2.0000000e+00	   1.0000000e+00	   3.0000000e+00	   1.3640000e+03	
   2.0500000e+02	   3.1300000e+02	   2.0300000e+02	   9.0000000e+00	   5.0000000e+00	   4.2200000e+00	   9.6500000e-01	   0.0000000e+00	   1.0000000e+00	   2.0000000e+00	   3.0000000e+00	   1.0000000e+00	   7.6900000e+02	
   1.0600000e+02	   2.1200000e+02	   3.0300000e+02	   1.2000000e+01	   4.0000000e+00	   1.7350000e+00	   4.2050000e+00	   1.5000000e-02	   3.0000000e+00	   1.0000000e+00	   2.0000000e+00	   1.0000000e+00	   1.8140000e+03	
   3.0800000e+02	   3.0900000e+02	   3.1400000e+02	   1.5000000e+01	   4.0000000e+00	   4.4600000e+00	   1.5100000e+00	   0.0000000e+00	   1.0000000e+00	   3.0000000e+00	   2.0000000e+00	   1.0000000e+00	   9.5400000e+02	
   2.0700000e+02	   3.0600000e+02	   3.1200000e+02	   1.4000000e+01	   2.0000000e+00	   1.8750000e+00	   1.2550000e+00	   2.5000000e-02	   2.0000000e+00	   3.0000000e+00	   1.0000000e+00	   2.0000000e+00	   1.7200000e+03	
   2.1200000e+02	   3.0200000e+02	   1.0800000e+02	   5.0000000e+00	   5.0000000e+00	   4.2050000e+00	   8.6000000e-01	   0.0000000e+00	   2.0000000e+00	   1.0000000e+00	   3.0000000e+00	   2.0000000e+00	   7.8500000e+02	
   2.0400000e+02	   3.0600000e+02	   1.0300000e+02	   3.0000000e+00	   1.0000000e+00	   1.7100000e+00	   1.2550000e+00	   7.0000000e-02	   1.0000000e+00	   2.0000000e+00	   3.0000000e+00	   1.0000000e+00	   1.3310000e+03	
   2.0500000e+02	   3.0900000e+02	   1.0200000e+02	   2.0000000e+00	   4.0000000e+00	   4.2200000e+00	   1.5100000e+00	   0.0000000e+00	   2.0000000e+00	   3.0000000e+00	   1.0000000e+00	   2.0000000e+00	   6.1800000e+02	
   3.0500000e+02	   3.0600000e+02	   1.0300000e+02	   3.0000000e+00	   2.0000000e+00	   3.6000000e-01	   1.2550000e+00	   7.0000000e-02	   2.0000000e+00	   1.0000000e+00	   3.0000000e+00	   2.0000000e+00	   1.1610000e+03	
   2.1200000e+02	   3.0200000e+02	   2.1400000e+02	   1.1000000e+01	   5.0000000e+00	   4.2050000e+00	   8.6000000e-01	   0.0000000e+00	   2.0000000e+00	   1.0000000e+00	   3.0000000e+00	   2.0000000e+00	   1.1450000e+03	
   1.0600000e+02	   3.0200000e+02	   1.0300000e+02	   3.0000000e+00	   2.0000000e+00	   1.7350000e+00	   8.6000000e-01	   7.0000000e-02	   1.0000000e+00	   3.0000000e+00	   2.0000000e+00	   1.0000000e+00	   8.4600000e+02	
   2.0200000e+02	   3.0200000e+02	   3.0400000e+02	   1.3000000e+01	   2.0000000e+00	   2.9000000e-01	   8.6000000e-01	   1.0000000e-02	   1.0000000e+00	   2.0000000e+00	   3.0000000e+00	   2.0000000e+00	   1.4760000e+03	
   3.0600000e+02	   3.0800000e+02	   1.0200000e+02	   2.0000000e+00	   5.0000000e+00	   1.2550000e+00	   4.4600000e+00	   0.0000000e+00	   1.0000000e+00	   3.0000000e+00	   2.0000000e+00	   3.0000000e+00	   1.8410000e+03	
   2.0500000e+02	   2.1500000e+02	   1.0200000e+02	   2.0000000e+00	   3.0000000e+00	   4.2200000e+00	   2.4700000e+00	   0.0000000e+00	   1.0000000e+00	   3.0000000e+00	   2.0000000e+00	   1.0000000e+00	   1.8470000e+03	
   1.0600000e+02	   3.0800000e+02	   1.0300000e+02	   3.0000000e+00	   4.0000000e+00	   1.7350000e+00	   4.4600000e+00	   7.0000000e-02	   1.0000000e+00	   3.0000000e+00	   2.0000000e+00	   3.0000000e+00	   1.9670000e+03	
   2.0700000e+02	   3.0900000e+02	   1.0900000e+02	   6.0000000e+00	   1.0000000e+00	   1.8750000e+00	   1.5100000e+00	   4.5000000e-02	   2.0000000e+00	   3.0000000e+00	   1.0000000e+00	   2.0000000e+00	   1.6740000e+03	
   2.0400000e+02	   3.0600000e+02	   3.0400000e+02	   1.3000000e+01	   1.0000000e+00	   1.7100000e+00	   1.2550000e+00	   1.0000000e-02	   3.0000000e+00	   2.0000000e+00	   1.0000000e+00	   3.0000000e+00	   1.3560000e+03	
   3.0200000e+02	   3.0600000e+02	   1.0300000e+02	   3.0000000e+00	   1.0000000e+00	   8.6000000e-01	   1.2550000e+00	   7.0000000e-02	   3.0000000e+00	   2.0000000e+00	   1.0000000e+00	   3.0000000e+00	   1.3180000e+03	
   2.0200000e+02	   2.1100000e+02	   3.0300000e+02	   1.2000000e+01	   1.0000000e+00	   2.9000000e-01	   3.5000000e-01	   1.5000000e-02	   2.0000000e+00	   3.0000000e+00	   1.0000000e+00	   3.0000000e+00	   2.9930000e+03	
   2.1200000e+02	   3.0900000e+02	   3.1400000e+02	   1.5000000e+01	   4.0000000e+00	   4.2050000e+00	   1.5100000e+00	   0.0000000e+00	   3.0000000e+00	   2.0000000e+00	   1.0000000e+00	   3.0000000e+00	   9.5200000e+02	
   3.0200000e+02	   3.0600000e+02	   2.1400000e+02	   1.1000000e+01	   1.0000000e+00	   8.6000000e-01	   1.2550000e+00	   0.0000000e+00	   2.0000000e+00	   1.0000000e+00	   3.0000000e+00	   2.0000000e+00	   3.4700000e+03	
   2.1500000e+02	   3.0900000e+02	   1.0300000e+02	   3.0000000e+00	   2.0000000e+00	   2.4700000e+00	   1.5100000e+00	   7.0000000e-02	   3.0000000e+00	   1.0000000e+00	   2.0000000e+00	   3.0000000e+00	   1.0550000e+03	
   2.0200000e+02	   3.0800000e+02	   3.1200000e+02	   1.4000000e+01	   5.0000000e+00	   2.9000000e-01	   4.4600000e+00	   2.5000000e-02	   1.0000000e+00	   3.0000000e+00	   2.0000000e+00	   3.0000000e+00	   1.0860000e+03	
   2.1100000e+02	   3.0900000e+02	   1.0100000e+02	   1.0000000e+00	   3.0000000e+00	   3.5000000e-01	   1.5100000e+00	   1.0000000e-02	   2.0000000e+00	   3.0000000e+00	   1.0000000e+00	   3.0000000e+00	   9.9600000e+02	
   2.0100000e+02	   2.1200000e+02	   3.1400000e+02	   1.5000000e+01	   1.0000000e+00	   3.9900000e+00	   4.2050000e+00	   0.0000000e+00	   2.0000000e+00	   1.0000000e+00	   3.0000000e+00	   1.0000000e+00	   1.1660000e+03	
   3.0800000e+02	   3.1300000e+02	   3.0300000e+02	   1.2000000e+01	   5.0000000e+00	   4.4600000e+00	   9.6500000e-01	   1.5000000e-02	   2.0000000e+00	   3.0000000e+00	   1.0000000e+00	   2.0000000e+00	   9.9700000e+02	
   3.0500000e+02	   3.0900000e+02	   1.0900000e+02	   6.0000000e+00	   3.0000000e+00	   3.6000000e-01	   1.5100000e+00	   4.5000000e-02	   2.0000000e+00	   3.0000000e+00	   1.0000000e+00	   3.0000000e+00	   1.8620000e+03	
   2.0500000e+02	   3.0900000e+02	   1.0500000e+02	   4.0000000e+00	   4.0000000e+00	   4.2200000e+00	   1.5100000e+00	   0.0000000e+00	   3.0000000e+00	   1.0000000e+00	   2.0000000e+00	   3.0000000e+00	   1.1400000e+03	
   2.1500000e+02	   3.0600000e+02	   1.0200000e+02	   2.0000000e+00	   3.0000000e+00	   2.4700000e+00	   1.2550000e+00	   0.0000000e+00	   3.0000000e+00	   2.0000000e+00	   1.0000000e+00	   3.0000000e+00	   7.4500000e+02	
   2.0400000e+02	   2.1500000e+02	   1.1400000e+02	   8.0000000e+00	   2.0000000e+00	   1.7100000e+00	   2.4700000e+00	   0.0000000e+00	   3.0000000e+00	   2.0000000e+00	   1.0000000e+00	   2.0000000e+00	   1.4710000e+03	
   1.0600000e+02	   3.1300000e+02	   1.0100000e+02	   1.0000000e+00	   2.0000000e+00	   1.7350000e+00	   9.6500000e-01	   1.0000000e-02	   2.0000000e+00	   1.0000000e+00	   3.0000000e+00	   2.0000000e+00	   1.2190000e+03	
   2.0700000e+02	   3.0200000e+02	   1.1100000e+02	   7.0000000e+00	   3.0000000e+00	   1.8750000e+00	   8.6000000e-01	   0.0000000e+00	   1.0000000e+00	   2.0000000e+00	   3.0000000e+00	   1.0000000e+00	   1.7180000e+03	
   1.0600000e+02	   2.1200000e+02	   1.0100000e+02	   1.0000000e+00	   4.0000000e+00	   1.7350000e+00	   4.2050000e+00	   1.0000000e-02	   1.0000000e+00	   2.0000000e+00	   3.0000000e+00	   2.0000000e+00	   1.5370000e+03	
   2.0700000e+02	   3.0900000e+02	   1.0500000e+02	   4.0000000e+00	   1.0000000e+00	   1.8750000e+00	   1.5100000e+00	   0.0000000e+00	   3.0000000e+00	   1.0000000e+00	   2.0000000e+00	   3.0000000e+00	   1.1090000e+03	
   3.0200000e+02	   3.1300000e+02	   1.0200000e+02	   2.0000000e+00	   1.0000000e+00	   8.6000000e-01	   9.6500000e-01	   0.0000000e+00	   1.0000000e+00	   3.0000000e+00	   2.0000000e+00	   1.0000000e+00	   1.6180000e+03	
   2.1200000e+02	   3.0500000e+02	   3.1400000e+02	   1.5000000e+01	   5.0000000e+00	   4.2050000e+00	   3.6000000e-01	   0.0000000e+00	   2.0000000e+00	   1.0000000e+00	   3.0000000e+00	   2.0000000e+00	   8.3400000e+02	
   2.0100000e+02	   2.1500000e+02	   3.0300000e+02	   1.2000000e+01	   3.0000000e+00	   3.9900000e+00	   2.4700000e+00	   1.5000000e-02	   1.0000000e+00	   3.0000000e+00	   2.0000000e+00	   3.0000000e+00	   1.1710000e+03	
   2.1200000e+02	   3.0600000e+02	   2.0300000e+02	   9.0000000e+00	   4.0000000e+00	   4.2050000e+00	   1.2550000e+00	   0.0000000e+00	   3.0000000e+00	   2.0000000e+00	   1.0000000e+00	   3.0000000e+00	   8.7600000e+02	
   2.1500000e+02	   3.0200000e+02	   3.0400000e+02	   1.3000000e+01	   3.0000000e+00	   2.4700000e+00	   8.6000000e-01	   1.0000000e-02	   3.0000000e+00	   2.0000000e+00	   1.0000000e+00	   3.0000000e+00	   1.3550000e+03	
   2.1100000e+02	   2.1200000e+02	   2.0900000e+02	   1.0000000e+01	   5.0000000e+00	   3.5000000e-01	   4.2050000e+00	   0.0000000e+00	   1.0000000e+00	   3.0000000e+00	   2.0000000e+00	   3.0000000e+00	   6.7800000e+02	
   2.1200000e+02	   3.0900000e+02	   1.0900000e+02	   6.0000000e+00	   4.0000000e+00	   4.2050000e+00	   1.5100000e+00	   4.5000000e-02	   1.0000000e+00	   3.0000000e+00	   2.0000000e+00	   1.0000000e+00	   7.1400000e+02	
   2.0100000e+02	   2.0700000e+02	   3.0400000e+02	   1.3000000e+01	   4.0000000e+00	   3.9900000e+00	   1.8750000e+00	   1.0000000e-02	   3.0000000e+00	   1.0000000e+00	   2.0000000e+00	   3.0000000e+00	   1.1680000e+03	
   2.0500000e+02	   3.0200000e+02	   3.0300000e+02	   1.2000000e+01	   5.0000000e+00	   4.2200000e+00	   8.6000000e-01	   1.5000000e-02	   1.0000000e+00	   3.0000000e+00	   2.0000000e+00	   1.0000000e+00	   7.1700000e+02	
   2.0400000e+02	   2.1100000e+02	   2.0300000e+02	   9.0000000e+00	   3.0000000e+00	   1.7100000e+00	   3.5000000e-01	   0.0000000e+00	   3.0000000e+00	   1.0000000e+00	   2.0000000e+00	   3.0000000e+00	   2.4260000e+03	
   2.0700000e+02	   2.1500000e+02	   1.0500000e+02	   4.0000000e+00	   2.0000000e+00	   1.8750000e+00	   2.4700000e+00	   0.0000000e+00	   3.0000000e+00	   1.0000000e+00	   2.0000000e+00	   1.0000000e+00	   1.3220000e+03	
   2.0400000e+02	   3.0600000e+02	   1.1100000e+02	   7.0000000e+00	   1.0000000e+00	   1.7100000e+00	   1.2550000e+00	   0.0000000e+00	   2.0000000e+00	   3.0000000e+00	   1.0000000e+00	   2.0000000e+00	   1.6400000e+03	
   3.0900000e+02	   3.1300000e+02	   2.0900000e+02	   1.0000000e+01	   2.0000000e+00	   1.5100000e+00	   9.6500000e-01	   0.0000000e+00	   2.0000000e+00	   1.0000000e+00	   3.0000000e+00	   2.0000000e+00	   8.3100000e+02	
   2.1500000e+02	   3.1300000e+02	   3.1200000e+02	   1.4000000e+01	   3.0000000e+00	   2.4700000e+00	   9.6500000e-01	   2.5000000e-02	   2.0000000e+00	   1.0000000e+00	   3.0000000e+00	   2.0000000e+00	   9.2900000e+02	
   1.0600000e+02	   2.1500000e+02	   3.0300000e+02	   1.2000000e+01	   2.0000000e+00	   1.7350000e+00	   2.4700000e+00	   1.5000000e-02	   1.0000000e+00	   3.0000000e+00	   2.0000000e+00	   3.0000000e+00	   1.9440000e+03	
   2.0400000e+02	   3.0200000e+02	   2.0300000e+02	   9.0000000e+00	   2.0000000e+00	   1.7100000e+00	   8.6000000e-01	   0.0000000e+00	   3.0000000e+00	   2.0000000e+00	   1.0000000e+00	   2.0000000e+00	   1.0840000e+03	
   3.0800000e+02	   3.0900000e+02	   3.1200000e+02	   1.4000000e+01	   4.0000000e+00	   4.4600000e+00	   1.5100000e+00	   2.5000000e-02	   3.0000000e+00	   1.0000000e+00	   2.0000000e+00	   3.0000000e+00	   1.2230000e+03	
   2.1200000e+02	   3.0200000e+02	   1.1100000e+02	   7.0000000e+00	   5.0000000e+00	   4.2050000e+00	   8.6000000e-01	   0.0000000e+00	   2.0000000e+00	   3.0000000e+00	   1.0000000e+00	   2.0000000e+00	   9.1200000e+02	
   3.0500000e+02	   3.1300000e+02	   1.0800000e+02	   5.0000000e+00	   2.0000000e+00	   3.6000000e-01	   9.6500000e-01	   0.0000000e+00	   3.0000000e+00	   2.0000000e+00	   1.0000000e+00	   2.0000000e+00	   1.9390000e+03	
   2.0500000e+02	   3.0500000e+02	   3.1400000e+02	   1.5000000e+01	   5.0000000e+00	   4.2200000e+00	   3.6000000e-01	   0.0000000e+00	   1.0000000e+00	   2.0000000e+00	   3.0000000e+00	   1.0000000e+00	   9.3700000e+02	
   2.0700000e+02	   3.0900000e+02	   1.1400000e+02	   8.0000000e+00	   1.0000000e+00	   1.8750000e+00	   1.5100000e+00	   0.0000000e+00	   3.0000000e+00	   2.0000000e+00	   1.0000000e+00	   2.0000000e+00	   2.3120000e+03	
   2.0500000e+02	   3.0200000e+02	   1.1400000e+02	   8.0000000e+00	   5.0000000e+00	   4.2200000e+00	   8.6000000e-01	   0.0000000e+00	   3.0000000e+00	   2.0000000e+00	   1.0000000e+00	   3.0000000e+00	   8.4500000e+02	
   2.0700000e+02	   3.0800000e+02	   1.1100000e+02	   7.0000000e+00	   4.0000000e+00	   1.8750000e+00	   4.4600000e+00	   0.0000000e+00	   2.0000000e+00	   1.0000000e+00	   3.0000000e+00	   1.0000000e+00	   1.2220000e+03	
   1.0600000e+02	   2.0400000e+02	   3.0400000e+02	   1.3000000e+01	   1.0000000e+00	   1.7350000e+00	   1.7100000e+00	   1.0000000e-02	   1.0000000e+00	   2.0000000e+00	   3.0000000e+00	   1.0000000e+00	   8.7400000e+02	
   2.0100000e+02	   2.1100000e+02	   3.0400000e+02	   1.3000000e+01	   5.0000000e+00	   3.9900000e+00	   3.5000000e-01	   1.0000000e-02	   1.0000000e+00	   2.0000000e+00	   3.0000000e+00	   1.0000000e+00	   9.0300000e+02	
   2.0100000e+02	   2.0500000e+02	   1.1400000e+02	   8.0000000e+00	   1.0000000e+00	   3.9900000e+00	   4.2200000e+00	   0.0000000e+00	   1.0000000e+00	   3.0000000e+00	   2.0000000e+00	   3.0000000e+00	   1.4100000e+03	
   3.0200000e+02	   3.1300000e+02	   3.0300000e+02	   1.2000000e+01	   1.0000000e+00	   8.6000000e-01	   9.6500000e-01	   1.5000000e-02	   2.0000000e+00	   1.0000000e+00	   3.0000000e+00	   1.0000000e+00	   1.1750000e+03	
   1.0600000e+02	   2.0500000e+02	   3.1400000e+02	   1.5000000e+01	   4.0000000e+00	   1.7350000e+00	   4.2200000e+00	   0.0000000e+00	   3.0000000e+00	   1.0000000e+00	   2.0000000e+00	   1.0000000e+00	   1.2170000e+03	
   2.0400000e+02	   2.1100000e+02	   1.1100000e+02	   7.0000000e+00	   3.0000000e+00	   1.7100000e+00	   3.5000000e-01	   0.0000000e+00	   3.0000000e+00	   1.0000000e+00	   2.0000000e+00	   3.0000000e+00	   2.5870000e+03	
   3.0500000e+02	   3.0900000e+02	   1.1400000e+02	   8.0000000e+00	   3.0000000e+00	   3.6000000e-01	   1.5100000e+00	   0.0000000e+00	   1.0000000e+00	   3.0000000e+00	   2.0000000e+00	   3.0000000e+00	   1.1360000e+03	
   2.1200000e+02	   3.1300000e+02	   1.0800000e+02	   5.0000000e+00	   5.0000000e+00	   4.2050000e+00	   9.6500000e-01	   0.0000000e+00	   1.0000000e+00	   2.0000000e+00	   3.0000000e+00	   1.0000000e+00	   5.6220000e+03	
   2.0500000e+02	   3.0900000e+02	   1.0900000e+02	   6.0000000e+00	   4.0000000e+00	   4.2200000e+00	   1.5100000e+00	   4.5000000e-02	   2.0000000e+00	   1.0000000e+00	   3.0000000e+00	   2.0000000e+00	   6.9800000e+02	
   3.0600000e+02	   3.0800000e+02	   3.1200000e+02	   1.4000000e+01	   5.0000000e+00	   1.2550000e+00	   4.4600000e+00	   2.5000000e-02	   1.0000000e+00	   3.0000000e+00	   2.0000000e+00	   3.0000000e+00	   1.1530000e+03	
   2.0200000e+02	   2.0400000e+02	   1.0800000e+02	   5.0000000e+00	   3.0000000e+00	   2.9000000e-01	   1.7100000e+00	   0.0000000e+00	   1.0000000e+00	   3.0000000e+00	   2.0000000e+00	   3.0000000e+00	   1.4430000e+03	
   2.0100000e+02	   3.1300000e+02	   3.0400000e+02	   1.3000000e+01	   5.0000000e+00	   3.9900000e+00	   9.6500000e-01	   1.0000000e-02	   1.0000000e+00	   3.0000000e+00	   2.0000000e+00	   1.0000000e+00	   7.6900000e+02	
   2.0400000e+02	   3.0600000e+02	   3.1400000e+02	   1.5000000e+01	   1.0000000e+00	   1.7100000e+00	   1.2550000e+00	   0.0000000e+00	   3.0000000e+00	   1.0000000e+00	   2.0000000e+00	   3.0000000e+00	   1.5120000e+03	
   3.0200000e+02	   3.0800000e+02	   1.0500000e+02	   4.0000000e+00	   5.0000000e+00	   8.6000000e-01	   4.4600000e+00	   0.0000000e+00	   3.0000000e+00	   1.0000000e+00	   2.0000000e+00	   1.0000000e+00	   7.8900000e+02	
   3.0800000e+02	   3.1300000e+02	   1.0900000e+02	   6.0000000e+00	   5.0000000e+00	   4.4600000e+00	   9.6500000e-01	   4.5000000e-02	   2.0000000e+00	   1.0000000e+00	   3.0000000e+00	   2.0000000e+00	   1.6390000e+03	
   2.0100000e+02	   2.0200000e+02	   2.0900000e+02	   1.0000000e+01	   5.0000000e+00	   3.9900000e+00	   2.9000000e-01	   0.0000000e+00	   3.0000000e+00	   1.0000000e+00	   2.0000000e+00	   3.0000000e+00	   9.2200000e+02	
   3.0500000e+02	   3.1300000e+02	   1.0100000e+02	   1.0000000e+00	   2.0000000e+00	   3.6000000e-01	   9.6500000e-01	   1.0000000e-02	   1.0000000e+00	   3.0000000e+00	   2.0000000e+00	   3.0000000e+00	   1.4200000e+03	
   2.0500000e+02	   2.1200000e+02	   2.0300000e+02	   9.0000000e+00	   1.0000000e+00	   4.2200000e+00	   4.2050000e+00	   0.0000000e+00	   1.0000000e+00	   3.0000000e+00	   2.0000000e+00	   1.0000000e+00	   7.4400000e+02	
   2.0200000e+02	   2.0700000e+02	   1.0900000e+02	   6.0000000e+00	   3.0000000e+00	   2.9000000e-01	   1.8750000e+00	   4.5000000e-02	   2.0000000e+00	   1.0000000e+00	   3.0000000e+00	   1.0000000e+00	   8.1000000e+02	
   2.1200000e+02	   3.0600000e+02	   3.0400000e+02	   1.3000000e+01	   4.0000000e+00	   4.2050000e+00	   1.2550000e+00	   1.0000000e-02	   3.0000000e+00	   1.0000000e+00	   2.0000000e+00	   3.0000000e+00	   7.1400000e+02	
   2.1500000e+02	   3.0800000e+02	   1.1400000e+02	   8.0000000e+00	   3.0000000e+00	   2.4700000e+00	   4.4600000e+00	   0.0000000e+00	   3.0000000e+00	   2.0000000e+00	   1.0000000e+00	   3.0000000e+00	   1.3830000e+03	
   2.1500000e+02	   3.0600000e+02	   2.1400000e+02	   1.1000000e+01	   3.0000000e+00	   2.4700000e+00	   1.2550000e+00	   0.0000000e+00	   2.0000000e+00	   1.0000000e+00	   3.0000000e+00	   2.0000000e+00	   1.2040000e+03	
   1.0600000e+02	   2.0400000e+02	   1.1100000e+02	   7.0000000e+00	   1.0000000e+00	   1.7350000e+00	   1.7100000e+00	   0.0000000e+00	   2.0000000e+00	   1.0000000e+00	   3.0000000e+00	   2.0000000e+00	   1.0100000e+03	
   1.0600000e+02	   3.0500000e+02	   2.1400000e+02	   1.1000000e+01	   3.0000000e+00	   1.7350000e+00	   3.6000000e-01	   0.0000000e+00	   1.0000000e+00	   2.0000000e+00	   3.0000000e+00	   1.0000000e+00	   1.2900000e+03	
   2.1500000e+02	   3.0500000e+02	   2.0900000e+02	   1.0000000e+01	   3.0000000e+00	   2.4700000e+00	   3.6000000e-01	   0.0000000e+00	   3.0000000e+00	   1.0000000e+00	   2.0000000e+00	   3.0000000e+00	   8.8500000e+02	
   2.0400000e+02	   2.1200000e+02	   3.0400000e+02	   1.3000000e+01	   4.0000000e+00	   1.7100000e+00	   4.2050000e+00	   1.0000000e-02	   1.0000000e+00	   2.0000000e+00	   3.0000000e+00	   2.0000000e+00	   1.1510000e+03	
   2.1500000e+02	   3.0800000e+02	   1.1100000e+02	   7.0000000e+00	   3.0000000e+00	   2.4700000e+00	   4.4600000e+00	   0.0000000e+00	   3.0000000e+00	   2.0000000e+00	   1.0000000e+00	   2.0000000e+00	   1.3030000e+03	
   1.0600000e+02	   2.0500000e+02	   3.1200000e+02	   1.4000000e+01	   4.0000000e+00	   1.7350000e+00	   4.2200000e+00	   2.5000000e-02	   1.0000000e+00	   2.0000000e+00	   3.0000000e+00	   2.0000000e+00	   1.2250000e+03	
   2.0700000e+02	   3.0200000e+02	   1.0500000e+02	   4.0000000e+00	   3.0000000e+00	   1.8750000e+00	   8.6000000e-01	   0.0000000e+00	   2.0000000e+00	   1.0000000e+00	   3.0000000e+00	   1.0000000e+00	   2.9630000e+03	
   2.0100000e+02	   3.1300000e+02	   2.1400000e+02	   1.1000000e+01	   5.0000000e+00	   3.9900000e+00	   9.6500000e-01	   0.0000000e+00	   3.0000000e+00	   1.0000000e+00	   2.0000000e+00	   3.0000000e+00	   1.0260000e+03	
   2.0400000e+02	   3.0900000e+02	   2.0300000e+02	   9.0000000e+00	   1.0000000e+00	   1.7100000e+00	   1.5100000e+00	   0.0000000e+00	   3.0000000e+00	   2.0000000e+00	   1.0000000e+00	   2.0000000e+00	   8.4500000e+02	
   2.1500000e+02	   3.0200000e+02	   2.0900000e+02	   1.0000000e+01	   3.0000000e+00	   2.4700000e+00	   8.6000000e-01	   0.0000000e+00	   1.0000000e+00	   3.0000000e+00	   2.0000000e+00	   1.0000000e+00	   9.9700000e+02	
   3.0500000e+02	   3.0600000e+02	   3.0300000e+02	   1.2000000e+01	   2.0000000e+00	   3.6000000e-01	   1.2550000e+00	   1.5000000e-02	   1.0000000e+00	   3.0000000e+00	   2.0000000e+00	   1.0000000e+00	   2.5220000e+03	
   1.0600000e+02	   2.0700000e+02	   1.0800000e+02	   5.0000000e+00	   1.0000000e+00	   1.7350000e+00	   1.8750000e+00	   0.0000000e+00	   1.0000000e+00	   3.0000000e+00	   2.0000000e+00	   1.0000000e+00	   1.4250000e+03	
   3.0500000e+02	   3.0900000e+02	   1.0800000e+02	   5.0000000e+00	   3.0000000e+00	   3.6000000e-01	   1.5100000e+00	   0.0000000e+00	   3.0000000e+00	   2.0000000e+00	   1.0000000e+00	   2.0000000e+00	   1.1740000e+03	
   2.1100000e+02	   3.1300000e+02	   3.0400000e+02	   1.3000000e+01	   2.0000000e+00	   3.5000000e-01	   9.6500000e-01	   1.0000000e-02	   2.0000000e+00	   1.0000000e+00	   3.0000000e+00	   1.0000000e+00	   2.0700000e+03	
   2.0500000e+02	   3.0800000e+02	   3.1200000e+02	   1.4000000e+01	   1.0000000e+00	   4.2200000e+00	   4.4600000e+00	   2.5000000e-02	   3.0000000e+00	   1.0000000e+00	   2.0000000e+00	   3.0000000e+00	   1.6390000e+03	
   2.0400000e+02	   2.0700000e+02	   1.1100000e+02	   7.0000000e+00	   1.0000000e+00	   1.7100000e+00	   1.8750000e+00	   0.0000000e+00	   1.0000000e+00	   3.0000000e+00	   2.0000000e+00	   3.0000000e+00	   1.6150000e+03	
   2.0200000e+02	   3.0500000e+02	   2.1400000e+02	   1.1000000e+01	   1.0000000e+00	   2.9000000e-01	   3.6000000e-01	   0.0000000e+00	   3.0000000e+00	   2.0000000e+00	   1.0000000e+00	   2.0000000e+00	   1.1530000e+03	
   2.0700000e+02	   2.1200000e+02	   1.0500000e+02	   4.0000000e+00	   4.0000000e+00	   1.8750000e+00	   4.2050000e+00	   0.0000000e+00	   1.0000000e+00	   3.0000000e+00	   2.0000000e+00	   3.0000000e+00	   1.3220000e+03	
   2.1100000e+02	   3.0500000e+02	   1.1400000e+02	   8.0000000e+00	   1.0000000e+00	   3.5000000e-01	   3.6000000e-01	   0.0000000e+00	   3.0000000e+00	   2.0000000e+00	   1.0000000e+00	   2.0000000e+00	   1.8540000e+03	
   1.0600000e+02	   2.1500000e+02	   2.0900000e+02	   1.0000000e+01	   2.0000000e+00	   1.7350000e+00	   2.4700000e+00	   0.0000000e+00	   3.0000000e+00	   1.0000000e+00	   2.0000000e+00	   3.0000000e+00	   7.0100000e+02	
   1.0600000e+02	   2.0400000e+02	   1.0300000e+02	   3.0000000e+00	   1.0000000e+00	   1.7350000e+00	   1.7100000e+00	   7.0000000e-02	   1.0000000e+00	   3.0000000e+00	   2.0000000e+00	   1.0000000e+00	   7.6100000e+02	
   2.0200000e+02	   3.0500000e+02	   3.0300000e+02	   1.2000000e+01	   1.0000000e+00	   2.9000000e-01	   3.6000000e-01	   1.5000000e-02	   3.0000000e+00	   2.0000000e+00	   1.0000000e+00	   2.0000000e+00	   1.3990000e+03	
   2.0100000e+02	   3.0200000e+02	   2.0300000e+02	   9.0000000e+00	   5.0000000e+00	   3.9900000e+00	   8.6000000e-01	   0.0000000e+00	   1.0000000e+00	   3.0000000e+00	   2.0000000e+00	   1.0000000e+00	   8.4300000e+02	
   3.0500000e+02	   3.0900000e+02	   2.1400000e+02	   1.1000000e+01	   3.0000000e+00	   3.6000000e-01	   1.5100000e+00	   0.0000000e+00	   1.0000000e+00	   3.0000000e+00	   2.0000000e+00	   3.0000000e+00	   1.8780000e+03	
   2.0500000e+02	   2.1500000e+02	   2.1400000e+02	   1.1000000e+01	   3.0000000e+00	   4.2200000e+00	   2.4700000e+00	   0.0000000e+00	   3.0000000e+00	   2.0000000e+00	   1.0000000e+00	   3.0000000e+00	   7.8900000e+02	
   2.0100000e+02	   3.0800000e+02	   1.0800000e+02	   5.0000000e+00	   1.0000000e+00	   3.9900000e+00	   4.4600000e+00	   0.0000000e+00	   2.0000000e+00	   3.0000000e+00	   1.0000000e+00	   3.0000000e+00	   2.4880000e+03	
   2.0500000e+02	   3.0900000e+02	   2.0900000e+02	   1.0000000e+01	   4.0000000e+00	   4.2200000e+00	   1.5100000e+00	   0.0000000e+00	   3.0000000e+00	   1.0000000e+00	   2.0000000e+00	   3.0000000e+00	   7.2900000e+02	
   3.0200000e+02	   3.0800000e+02	   3.0400000e+02	   1.3000000e+01	   5.0000000e+00	   8.6000000e-01	   4.4600000e+00	   1.0000000e-02	   3.0000000e+00	   2.0000000e+00	   1.0000000e+00	   2.0000000e+00	   1.3380000e+03	
   2.0700000e+02	   2.1500000e+02	   3.1400000e+02	   1.5000000e+01	   2.0000000e+00	   1.8750000e+00	   2.4700000e+00	   0.0000000e+00	   1.0000000e+00	   2.0000000e+00	   3.0000000e+00	   2.0000000e+00	   1.4870000e+03	
   2.0400000e+02	   3.1300000e+02	   1.1100000e+02	   7.0000000e+00	   2.0000000e+00	   1.7100000e+00	   9.6500000e-01	   0.0000000e+00	   3.0000000e+00	   2.0000000e+00	   1.0000000e+00	   2.0000000e+00	   1.2440000e+03	
   2.1200000e+02	   3.0800000e+02	   3.1200000e+02	   1.4000000e+01	   1.0000000e+00	   4.2050000e+00	   4.4600000e+00	   2.5000000e-02	   3.0000000e+00	   2.0000000e+00	   1.0000000e+00	   3.0000000e+00	   1.0650000e+03	
   3.0600000e+02	   3.0900000e+02	   2.0900000e+02	   1.0000000e+01	   1.0000000e+00	   1.2550000e+00	   1.5100000e+00	   0.0000000e+00	   1.0000000e+00	   3.0000000e+00	   2.0000000e+00	   3.0000000e+00	   1.7290000e+03	
   1.0600000e+02	   2.1500000e+02	   1.1100000e+02	   7.0000000e+00	   2.0000000e+00	   1.7350000e+00	   2.4700000e+00	   0.0000000e+00	   1.0000000e+00	   3.0000000e+00	   2.0000000e+00	   1.0000000e+00	   8.4200000e+02	
   1.0600000e+02	   3.0500000e+02	   1.0100000e+02	   1.0000000e+00	   3.0000000e+00	   1.7350000e+00	   3.6000000e-01	   1.0000000e-02	   3.0000000e+00	   1.0000000e+00	   2.0000000e+00	   3.0000000e+00	   6.8700000e+02	
   3.0500000e+02	   3.0900000e+02	   3.0400000e+02	   1.3000000e+01	   3.0000000e+00	   3.6000000e-01	   1.5100000e+00	   1.0000000e-02	   3.0000000e+00	   1.0000000e+00	   2.0000000e+00	   1.0000000e+00	   2.0240000e+03	
   2.0500000e+02	   2.0700000e+02	   1.0800000e+02	   5.0000000e+00	   4.0000000e+00	   4.2200000e+00	   1.8750000e+00	   0.0000000e+00	   3.0000000e+00	   2.0000000e+00	   1.0000000e+00	   3.0000000e+00	   6.9600000e+02	
   2.0700000e+02	   2.1200000e+02	   1.1400000e+02	   8.0000000e+00	   4.0000000e+00	   1.8750000e+00	   4.2050000e+00	   0.0000000e+00	   1.0000000e+00	   3.0000000e+00	   2.0000000e+00	   3.0000000e+00	   8.2200000e+02	
   2.0700000e+02	   3.0800000e+02	   1.0100000e+02	   1.0000000e+00	   4.0000000e+00	   1.8750000e+00	   4.4600000e+00	   1.0000000e-02	   3.0000000e+00	   1.0000000e+00	   2.0000000e+00	   1.0000000e+00	   8.4300000e+02	
   2.0700000e+02	   2.1100000e+02	   3.0300000e+02	   1.2000000e+01	   3.0000000e+00	   1.8750000e+00	   3.5000000e-01	   1.5000000e-02	   3.0000000e+00	   2.0000000e+00	   1.0000000e+00	   3.0000000e+00	   1.3010000e+03	
   2.0100000e+02	   3.0800000e+02	   1.0500000e+02	   4.0000000e+00	   1.0000000e+00	   3.9900000e+00	   4.4600000e+00	   0.0000000e+00	   1.0000000e+00	   3.0000000e+00	   2.0000000e+00	   1.0000000e+00	   7.8200000e+02	
   2.0700000e+02	   3.0500000e+02	   3.1400000e+02	   1.5000000e+01	   3.0000000e+00	   1.8750000e+00	   3.6000000e-01	   0.0000000e+00	   2.0000000e+00	   3.0000000e+00	   1.0000000e+00	   2.0000000e+00	   2.2340000e+03	
   2.0500000e+02	   2.1200000e+02	   3.0400000e+02	   1.3000000e+01	   1.0000000e+00	   4.2200000e+00	   4.2050000e+00	   1.0000000e-02	   2.0000000e+00	   3.0000000e+00	   1.0000000e+00	   3.0000000e+00	   9.7910000e+03	
   2.0100000e+02	   3.1300000e+02	   1.0500000e+02	   4.0000000e+00	   5.0000000e+00	   3.9900000e+00	   9.6500000e-01	   0.0000000e+00	   1.0000000e+00	   3.0000000e+00	   2.0000000e+00	   1.0000000e+00	   8.8900000e+02	
   3.0200000e+02	   3.0500000e+02	   1.0500000e+02	   4.0000000e+00	   2.0000000e+00	   8.6000000e-01	   3.6000000e-01	   0.0000000e+00	   1.0000000e+00	   2.0000000e+00	   3.0000000e+00	   2.0000000e+00	   2.3450000e+03	
   2.0700000e+02	   3.0600000e+02	   3.1400000e+02	   1.5000000e+01	   2.0000000e+00	   1.8750000e+00	   1.2550000e+00	   0.0000000e+00	   3.0000000e+00	   2.0000000e+00	   1.0000000e+00	   3.0000000e+00	   1.4560000e+03	
   3.0200000e+02	   3.0500000e+02	   3.0300000e+02	   1.2000000e+01	   2.0000000e+00	   8.6000000e-01	   3.6000000e-01	   1.5000000e-02	   1.0000000e+00	   3.0000000e+00	   2.0000000e+00	   1.0000000e+00	   9.1000000e+02	
   2.0500000e+02	   3.0600000e+02	   2.1400000e+02	   1.1000000e+01	   4.0000000e+00	   4.2200000e+00	   1.2550000e+00	   0.0000000e+00	   3.0000000e+00	   1.0000000e+00	   2.0000000e+00	   3.0000000e+00	   6.3300000e+02	
   2.0500000e+02	   2.1500000e+02	   3.1400000e+02	   1.5000000e+01	   3.0000000e+00	   4.2200000e+00	   2.4700000e+00	   0.0000000e+00	   2.0000000e+00	   3.0000000e+00	   1.0000000e+00	   2.0000000e+00	   7.1000000e+02	
   2.1200000e+02	   3.1300000e+02	   1.0100000e+02	   1.0000000e+00	   5.0000000e+00	   4.2050000e+00	   9.6500000e-01	   1.0000000e-02	   2.0000000e+00	   1.0000000e+00	   3.0000000e+00	   2.0000000e+00	   6.6900000e+02	
   2.0400000e+02	   3.0500000e+02	   2.0300000e+02	   9.0000000e+00	   3.0000000e+00	   1.7100000e+00	   3.6000000e-01	   0.0000000e+00	   1.0000000e+00	   2.0000000e+00	   3.0000000e+00	   2.0000000e+00	   1.0640000e+03	
   2.0100000e+02	   2.0700000e+02	   1.0300000e+02	   3.0000000e+00	   4.0000000e+00	   3.9900000e+00	   1.8750000e+00	   7.0000000e-02	   2.0000000e+00	   1.0000000e+00	   3.0000000e+00	   2.0000000e+00	   8.1500000e+02	
   2.1500000e+02	   3.1300000e+02	   1.0200000e+02	   2.0000000e+00	   3.0000000e+00	   2.4700000e+00	   9.6500000e-01	   0.0000000e+00	   1.0000000e+00	   3.0000000e+00	   2.0000000e+00	   1.0000000e+00	   9.3300000e+02	
   2.0400000e+02	   3.0800000e+02	   2.0300000e+02	   9.0000000e+00	   4.0000000e+00	   1.7100000e+00	   4.4600000e+00	   0.0000000e+00	   2.0000000e+00	   3.0000000e+00	   1.0000000e+00	   3.0000000e+00	   1.4360000e+03	
   1.0600000e+02	   2.0400000e+02	   1.0100000e+02	   1.0000000e+00	   1.0000000e+00	   1.7350000e+00	   1.7100000e+00	   1.0000000e-02	   1.0000000e+00	   3.0000000e+00	   2.0000000e+00	   1.0000000e+00	   7.1900000e+02	
   2.0400000e+02	   3.0500000e+02	   3.0400000e+02	   1.3000000e+01	   3.0000000e+00	   1.7100000e+00	   3.6000000e-01	   1.0000000e-02	   2.0000000e+00	   1.0000000e+00	   3.0000000e+00	   2.0000000e+00	   9.5900000e+02	
   2.0100000e+02	   3.0200000e+02	   2.1400000e+02	   1.1000000e+01	   5.0000000e+00	   3.9900000e+00	   8.6000000e-01	   0.0000000e+00	   1.0000000e+00	   3.0000000e+00	   2.0000000e+00	   1.0000000e+00	   7.5600000e+02	
   2.0100000e+02	   3.0200000e+02	   1.0800000e+02	   5.0000000e+00	   5.0000000e+00	   3.9900000e+00	   8.6000000e-01	   0.0000000e+00	   1.0000000e+00	   2.0000000e+00	   3.0000000e+00	   1.0000000e+00	   6.7200000e+02	
   3.0900000e+02	   3.1300000e+02	   2.1400000e+02	   1.1000000e+01	   2.0000000e+00	   1.5100000e+00	   9.6500000e-01	   0.0000000e+00	   3.0000000e+00	   1.0000000e+00	   2.0000000e+00	   3.0000000e+00	   1.8630000e+03	
   2.0400000e+02	   2.1100000e+02	   1.0300000e+02	   3.0000000e+00	   3.0000000e+00	   1.7100000e+00	   3.5000000e-01	   7.0000000e-02	   3.0000000e+00	   1.0000000e+00	   2.0000000e+00	   3.0000000e+00	   1.6620000e+03	
   2.0400000e+02	   3.0600000e+02	   2.1400000e+02	   1.1000000e+01	   1.0000000e+00	   1.7100000e+00	   1.2550000e+00	   0.0000000e+00	   1.0000000e+00	   3.0000000e+00	   2.0000000e+00	   1.0000000e+00	   1.0850000e+03	
   2.0700000e+02	   2.1200000e+02	   3.1200000e+02	   1.4000000e+01	   4.0000000e+00	   1.8750000e+00	   4.2050000e+00	   2.5000000e-02	   2.0000000e+00	   3.0000000e+00	   1.0000000e+00	   3.0000000e+00	   8.3200000e+02	
   2.0100000e+02	   3.0200000e+02	   1.0900000e+02	   6.0000000e+00	   5.0000000e+00	   3.9900000e+00	   8.6000000e-01	   4.5000000e-02	   1.0000000e+00	   3.0000000e+00	   2.0000000e+00	   1.0000000e+00	   6.3200000e+02	
   2.0100000e+02	   2.0500000e+02	   1.0300000e+02	   3.0000000e+00	   1.0000000e+00	   3.9900000e+00	   4.2200000e+00	   7.0000000e-02	   2.0000000e+00	   3.0000000e+00	   1.0000000e+00	   3.0000000e+00	   9.9500000e+02	
   2.0100000e+02	   3.0200000e+02	   1.0200000e+02	   2.0000000e+00	   5.0000000e+00	   3.9900000e+00	   8.6000000e-01	   0.0000000e+00	   2.0000000e+00	   1.0000000e+00	   3.0000000e+00	   2.0000000e+00	   1.1400000e+03	
   2.0500000e+02	   3.0600000e+02	   1.0300000e+02	   3.0000000e+00	   4.0000000e+00	   4.2200000e+00	   1.2550000e+00	   7.0000000e-02	   2.0000000e+00	   3.0000000e+00	   1.0000000e+00	   2.0000000e+00	   6.6400000e+02	
   2.0700000e+02	   3.0800000e+02	   2.0900000e+02	   1.0000000e+01	   4.0000000e+00	   1.8750000e+00	   4.4600000e+00	   0.0000000e+00	   2.0000000e+00	   3.0000000e+00	   1.0000000e+00	   3.0000000e+00	   1.3130000e+03	
   2.0500000e+02	   2.0700000e+02	   1.0500000e+02	   4.0000000e+00	   4.0000000e+00	   4.2200000e+00	   1.8750000e+00	   0.0000000e+00	   1.0000000e+00	   2.0000000e+00	   3.0000000e+00	   1.0000000e+00	   7.4100000e+02	
   1.0600000e+02	   3.0200000e+02	   1.1400000e+02	   8.0000000e+00	   2.0000000e+00	   1.7350000e+00	   8.6000000e-01	   0.0000000e+00	   3.0000000e+00	   2.0000000e+00	   1.0000000e+00	   3.0000000e+00	   9.8700000e+02	
   2.0200000e+02	   2.1500000e+02	   2.0300000e+02	   9.0000000e+00	   4.0000000e+00	   2.9000000e-01	   2.4700000e+00	   0.0000000e+00	   2.0000000e+00	   1.0000000e+00	   3.0000000e+00	   1.0000000e+00	   8.1500000e+02	
   2.1100000e+02	   3.0200000e+02	   1.0300000e+02	   3.0000000e+00	   2.0000000e+00	   3.5000000e-01	   8.6000000e-01	   7.0000000e-02	   3.0000000e+00	   2.0000000e+00	   1.0000000e+00	   2.0000000e+00	   1.4730000e+03	
   3.0500000e+02	   3.0600000e+02	   2.1400000e+02	   1.1000000e+01	   2.0000000e+00	   3.6000000e-01	   1.2550000e+00	   0.0000000e+00	   3.0000000e+00	   2.0000000e+00	   1.0000000e+00	   3.0000000e+00	   1.1820000e+03	
   2.0400000e+02	   3.0800000e+02	   3.1400000e+02	   1.5000000e+01	   4.0000000e+00	   1.7100000e+00	   4.4600000e+00	   0.0000000e+00	   3.0000000e+00	   2.0000000e+00	   1.0000000e+00	   2.0000000e+00	   8.7700000e+02	
   3.0200000e+02	   3.0500000e+02	   1.0900000e+02	   6.0000000e+00	   2.0000000e+00	   8.6000000e-01	   3.6000000e-01	   4.5000000e-02	   3.0000000e+00	   2.0000000e+00	   1.0000000e+00	   2.0000000e+00	   2.8580000e+03	
   2.0200000e+02	   2.1500000e+02	   3.0300000e+02	   1.2000000e+01	   4.0000000e+00	   2.9000000e-01	   2.4700000e+00	   1.5000000e-02	   3.0000000e+00	   2.0000000e+00	   1.0000000e+00	   2.0000000e+00	   8.1600000e+02	
   1.0600000e+02	   2.1100000e+02	   1.0900000e+02	   6.0000000e+00	   3.0000000e+00	   1.7350000e+00	   3.5000000e-01	   4.5000000e-02	   2.0000000e+00	   3.0000000e+00	   1.0000000e+00	   2.0000000e+00	   7.6400000e+02	
   2.0500000e+02	   2.1200000e+02	   1.0100000e+02	   1.0000000e+00	   1.0000000e+00	   4.2200000e+00	   4.2050000e+00	   1.0000000e-02	   1.0000000e+00	   2.0000000e+00	   3.0000000e+00	   2.0000000e+00	   1.8880000e+03	
   2.1100000e+02	   3.0600000e+02	   2.0300000e+02	   9.0000000e+00	   2.0000000e+00	   3.5000000e-01	   1.2550000e+00	   0.0000000e+00	   2.0000000e+00	   3.0000000e+00	   1.0000000e+00	   3.0000000e+00	   2.1810000e+03	
   2.0700000e+02	   3.1300000e+02	   1.0500000e+02	   4.0000000e+00	   2.0000000e+00	   1.8750000e+00	   9.6500000e-01	   0.0000000e+00	   2.0000000e+00	   3.0000000e+00	   1.0000000e+00	   2.0000000e+00	   7.1500000e+02	
   2.0100000e+02	   3.0600000e+02	   1.1400000e+02	   8.0000000e+00	   4.0000000e+00	   3.9900000e+00	   1.2550000e+00	   0.0000000e+00	   2.0000000e+00	   3.0000000e+00	   1.0000000e+00	   2.0000000e+00	   8.8300000e+02	
   2.0700000e+02	   2.1200000e+02	   2.1400000e+02	   1.1000000e+01	   4.0000000e+00	   1.8750000e+00	   4.2050000e+00	   0.0000000e+00	   2.0000000e+00	   3.0000000e+00	   1.0000000e+00	   3.0000000e+00	   1.0120000e+03	
   1.0600000e+02	   3.0800000e+02	   1.1100000e+02	   7.0000000e+00	   4.0000000e+00	   1.7350000e+00	   4.4600000e+00	   0.0000000e+00	   2.0000000e+00	   1.0000000e+00	   3.0000000e+00	   2.0000000e+00	   7.9800000e+02	
   1.0600000e+02	   3.0200000e+02	   1.0900000e+02	   6.0000000e+00	   2.0000000e+00	   1.7350000e+00	   8.6000000e-01	   4.5000000e-02	   2.0000000e+00	   1.0000000e+00	   3.0000000e+00	   2.0000000e+00	   1.0130000e+03	
   1.0600000e+02	   2.0400000e+02	   1.0200000e+02	   2.0000000e+00	   1.0000000e+00	   1.7350000e+00	   1.7100000e+00	   0.0000000e+00	   2.0000000e+00	   1.0000000e+00	   3.0000000e+00	   2.0000000e+00	   9.6600000e+02	
   2.0500000e+02	   2.1100000e+02	   3.0300000e+02	   1.2000000e+01	   5.0000000e+00	   4.2200000e+00	   3.5000000e-01	   1.5000000e-02	   2.0000000e+00	   1.0000000e+00	   3.0000000e+00	   2.0000000e+00	   1.0470000e+03	
   2.1100000e+02	   3.1300000e+02	   1.1400000e+02	   8.0000000e+00	   2.0000000e+00	   3.5000000e-01	   9.6500000e-01	   0.0000000e+00	   2.0000000e+00	   3.0000000e+00	   1.0000000e+00	   3.0000000e+00	   2.6760000e+03	
   2.0100000e+02	   3.0900000e+02	   3.0400000e+02	   1.3000000e+01	   4.0000000e+00	   3.9900000e+00	   1.5100000e+00	   1.0000000e-02	   1.0000000e+00	   3.0000000e+00	   2.0000000e+00	   1.0000000e+00	   1.0430000e+03	
