   1.0000000e+00	   2.0400000e+02	   2.0000000e+00	   4.6000000e-01	   1.4370000e+03	   8.0000000e-02	   1.4320000e+03	
   2.0000000e+00	   2.0800000e+02	   2.0000000e+00	   0.0000000e+00	   1.1230000e+03	   7.0000000e-02	   1.1990000e+03	
   3.0000000e+00	   1.0800000e+02	   1.0000000e+00	   0.0000000e+00	   1.7560000e+03	   0.0000000e+00	   1.1330000e+03	
   4.0000000e+00	   3.1200000e+02	   3.0000000e+00	   0.0000000e+00	   1.1240000e+03	   0.0000000e+00	   1.4000000e+03	
   5.0000000e+00	   2.1100000e+02	   2.0000000e+00	   0.0000000e+00	   1.1900000e+03	   0.0000000e+00	   1.4660000e+03	
   6.0000000e+00	   1.1600000e+02	   1.0000000e+00	   4.4300000e+00	   2.8560000e+03	   3.1200000e+00	   2.2660000e+03	
   7.0000000e+00	   3.1400000e+02	   3.0000000e+00	   2.0600000e+00	   1.5900000e+03	   3.1400000e+00	   2.1000000e+03	
   8.0000000e+00	   2.1300000e+02	   2.0000000e+00	   2.4000000e-01	   1.8890000e+03	   1.6900000e+00	   2.5660000e+03	
   9.0000000e+00	   3.0700000e+02	   3.0000000e+00	   1.3200000e+00	   2.8710000e+03	   1.7800000e+00	   2.0330000e+03	
   1.0000000e+01	   1.1400000e+02	   1.0000000e+00	   2.3300000e+00	   2.6900000e+03	   2.5400000e+00	   1.5000000e+03	
   1.1000000e+01	   2.0200000e+02	   2.0000000e+00	   2.9600000e+00	   3.3880000e+03	   2.6900000e+00	   1.7660000e+03	
   1.2000000e+01	   1.1300000e+02	   1.0000000e+00	   4.6500000e+00	   2.3230000e+03	   4.5300000e+00	   3.0320000e+03	
   1.3000000e+01	   1.0900000e+02	   1.0000000e+00	   3.3000000e+00	   4.1900000e+03	   3.5700000e+00	   8.6600000e+02	
   1.4000000e+01	   2.0300000e+02	   2.0000000e+00	   9.1000000e-01	   1.7560000e+03	   1.6800000e+00	   1.2000000e+03	
   1.5000000e+01	   3.0600000e+02	   3.0000000e+00	   3.0200000e+00	   1.6230000e+03	   3.0800000e+00	   1.3660000e+03	
   1.6000000e+01	   3.0800000e+02	   3.0000000e+00	   3.8800000e+00	   3.1900000e+03	   3.2200000e+00	   3.3990000e+03	
   1.7000000e+01	   2.1500000e+02	   2.0000000e+00	   7.4000000e-01	   3.3220000e+03	   0.0000000e+00	   1.5660000e+03	
   1.8000000e+01	   1.0400000e+02	   1.0000000e+00	   5.6000000e-01	   2.1560000e+03	   0.0000000e+00	   8.3300000e+02	
   1.9000000e+01	   1.0600000e+02	   1.0000000e+00	   4.2000000e+00	   3.8560000e+03	   1.7400000e+00	   6.2160000e+03	
   2.0000000e+01	   2.0900000e+02	   2.0000000e+00	   1.6800000e+00	   2.7560000e+03	   1.1600000e+00	   1.2330000e+03	
   2.1000000e+01	   1.1100000e+02	   1.0000000e+00	   4.7100000e+00	   1.7230000e+03	   1.7300000e+00	   1.2660000e+03	
   2.2000000e+01	   3.0200000e+02	   3.0000000e+00	   4.1500000e+00	   2.3890000e+03	   3.4400000e+00	   1.0990000e+03	
   2.3000000e+01	   3.1300000e+02	   3.0000000e+00	   5.0000000e+00	   2.1730000e+03	   9.7000000e-01	   1.8330000e+03	
   2.4000000e+01	   3.0900000e+02	   3.0000000e+00	   4.2800000e+00	   2.0230000e+03	   4.4500000e+00	   1.3670000e+03	
   2.5000000e+01	   2.0600000e+02	   2.0000000e+00	   4.4300000e+00	   2.7220000e+03	   4.7000000e+00	   1.0000000e+03	
   2.6000000e+01	   1.1000000e+02	   1.0000000e+00	   1.2700000e+00	   2.9550000e+03	   3.9000000e-01	   1.1990000e+03	
   2.7000000e+01	   1.0700000e+02	   1.0000000e+00	   1.2100000e+00	   2.9230000e+03	   2.5200000e+00	   1.3000000e+03	
   2.8000000e+01	   2.0100000e+02	   2.0000000e+00	   3.8400000e+00	   3.3220000e+03	   1.2300000e+00	   2.6330000e+03	
   2.9000000e+01	   1.0100000e+02	   1.0000000e+00	   4.1400000e+00	   2.0720000e+03	   3.8500000e+00	   1.2990000e+03	
   3.0000000e+01	   2.0700000e+02	   2.0000000e+00	   1.4500000e+00	   3.3880000e+03	   1.3100000e+00	   1.0670000e+03	
   3.1000000e+01	   1.1500000e+02	   1.0000000e+00	   1.4600000e+00	   1.9560000e+03	   1.5000000e+00	   8.6600000e+02	
   3.2000000e+01	   2.0500000e+02	   2.0000000e+00	   3.5100000e+00	   2.7900000e+03	   1.6800000e+00	   9.3300000e+02	
   3.3000000e+01	   3.0400000e+02	   3.0000000e+00	   3.5700000e+00	   2.2210000e+03	   3.5500000e+00	   2.7990000e+03	
   3.4000000e+01	   3.0500000e+02	   3.0000000e+00	   1.8300000e+00	   4.4560000e+03	   3.0400000e+00	   4.6700000e+02	
   3.5000000e+01	   3.0300000e+02	   3.0000000e+00	   4.3400000e+00	   2.5560000e+03	   4.3100000e+00	   2.0660000e+03	
   3.6000000e+01	   1.0500000e+02	   1.0000000e+00	   2.7000000e+00	   2.8560000e+03	   1.1900000e+00	   1.0660000e+03	
   3.7000000e+01	   3.1000000e+02	   3.0000000e+00	   1.1000000e+00	   2.2230000e+03	   2.7000000e-01	   7.9900000e+02	
   3.8000000e+01	   2.1200000e+02	   2.0000000e+00	   4.1100000e+00	   3.1220000e+03	   2.4900000e+00	   3.3990000e+03	
   3.9000000e+01	   2.1000000e+02	   2.0000000e+00	   2.6800000e+00	   2.9880000e+03	   3.4600000e+00	   3.7670000e+03	
   4.0000000e+01	   3.0100000e+02	   3.0000000e+00	   3.9000000e-01	   2.9360000e+03	   2.3100000e+00	   2.1990000e+03	
   4.1000000e+01	   1.0300000e+02	   1.0000000e+00	   2.4200000e+00	   2.5880000e+03	   1.8200000e+00	   5.0320000e+03	
   4.2000000e+01	   1.1200000e+02	   1.0000000e+00	   3.5500000e+00	   2.8890000e+03	   3.5100000e+00	   9.3300000e+02	
   4.3000000e+01	   2.1400000e+02	   2.0000000e+00	   0.0000000e+00	   1.8050000e+03	   1.0000000e+00	   1.3330000e+03	
   4.4000000e+01	   1.0200000e+02	   1.0000000e+00	   3.6100000e+00	   1.3220000e+03	   1.7600000e+00	   1.7000000e+03	
   4.5000000e+01	   3.1100000e+02	   3.0000000e+00	   1.4800000e+00	   2.3560000e+03	   2.8700000e+00	   1.5340000e+03	
