   1.0000000e+00	   1.0000000e+00	   2.0500000e+02	   4.7600000e+00	   6.3670000e+03	
   1.0000000e+00	   2.0000000e+00	   3.0200000e+02	   2.4800000e+00	   9.5390000e+03	
   1.0000000e+00	   3.0000000e+00	   3.1400000e+02	   2.2200000e+00	   9.8910000e+03	
   1.0000000e+00	   4.0000000e+00	   1.0200000e+02	   1.3400000e+00	   2.9618000e+04	
   1.0000000e+00	   5.0000000e+00	   3.0300000e+02	   1.3900000e+00	   3.8782000e+04	
   1.0000000e+00	   6.0000000e+00	   1.1400000e+02	   3.6300000e+00	   3.3930000e+03	
   1.0000000e+00	   7.0000000e+00	   1.0500000e+02	   3.6700000e+00	   5.5610000e+03	
   1.0000000e+00	   8.0000000e+00	   2.0300000e+02	   7.5000000e-01	   2.9270000e+04	
   1.0000000e+00	   9.0000000e+00	   3.0600000e+02	   2.3500000e+00	   1.8456000e+04	
   1.0000000e+00	   1.0000000e+01	   2.0800000e+02	   2.8000000e-01	   1.9789000e+04	
   1.0000000e+00	   1.1000000e+01	   2.1000000e+02	   5.8000000e-01	   9.0580000e+03	
   1.0000000e+00	   1.2000000e+01	   2.1200000e+02	   4.5600000e+00	   3.5167000e+04	
   1.0000000e+00	   1.3000000e+01	   3.0400000e+02	   1.4300000e+00	   3.0420000e+04	
   1.0000000e+00	   1.4000000e+01	   1.0900000e+02	   3.3600000e+00	   5.8600000e+03	
   1.0000000e+00	   1.5000000e+01	   3.1300000e+02	   2.2700000e+00	   6.3260000e+03	
   1.0000000e+00	   1.6000000e+01	   2.0200000e+02	   3.7200000e+00	   1.7455000e+04	
   1.0000000e+00	   1.7000000e+01	   1.0600000e+02	   3.4900000e+00	   8.7770000e+03	
   1.0000000e+00	   1.8000000e+01	   1.1600000e+02	   3.6600000e+00	   9.8580000e+03	
   1.0000000e+00	   1.9000000e+01	   3.1000000e+02	   2.2700000e+00	   3.8099000e+04	
   1.0000000e+00	   2.0000000e+01	   2.1100000e+02	   1.6200000e+00	   3.5268000e+04	
   1.0000000e+00	   2.1000000e+01	   2.1500000e+02	   3.7900000e+00	   1.1660000e+04	
   1.0000000e+00	   2.2000000e+01	   1.0400000e+02	   3.6700000e+00	   4.0249000e+04	
   1.0000000e+00	   2.3000000e+01	   1.1100000e+02	   4.6600000e+00	   1.1791000e+04	
   1.0000000e+00	   2.4000000e+01	   1.0700000e+02	   4.5100000e+00	   9.9410000e+03	
   1.0000000e+00	   2.5000000e+01	   1.0100000e+02	   3.5400000e+00	   1.3223000e+04	
   1.0000000e+00	   2.6000000e+01	   2.0600000e+02	   1.5200000e+00	   1.0759000e+04	
   1.0000000e+00	   2.7000000e+01	   1.1500000e+02	   3.5000000e+00	   7.1250000e+03	
   1.0000000e+00	   2.8000000e+01	   3.0700000e+02	   2.5600000e+00	   2.4254000e+04	
   1.0000000e+00	   2.9000000e+01	   2.0900000e+02	   2.4900000e+00	   3.4930000e+03	
   1.0000000e+00	   3.0000000e+01	   3.0800000e+02	   2.5000000e+00	   1.0858000e+04	
   1.0000000e+00	   3.1000000e+01	   2.0700000e+02	   3.6900000e+00	   1.5589000e+04	
   1.0000000e+00	   3.2000000e+01	   2.0100000e+02	   3.4800000e+00	   3.7270000e+03	
   1.0000000e+00	   3.3000000e+01	   1.1300000e+02	   3.7500000e+00	   9.4580000e+03	
   1.0000000e+00	   3.4000000e+01	   3.0500000e+02	   2.5000000e+00	   9.0250000e+03	
   1.0000000e+00	   3.5000000e+01	   2.1400000e+02	   3.7200000e+00	   1.0593000e+04	
   1.0000000e+00	   3.6000000e+01	   3.1200000e+02	   2.3700000e+00	   5.6590000e+03	
   1.0000000e+00	   3.7000000e+01	   1.0300000e+02	   3.7300000e+00	   9.1910000e+03	
   1.0000000e+00	   3.8000000e+01	   1.1000000e+02	   3.5300000e+00	   1.5257000e+04	
   1.0000000e+00	   3.9000000e+01	   3.0900000e+02	   2.5400000e+00	   1.5523000e+04	
   1.0000000e+00	   4.0000000e+01	   2.0400000e+02	   4.7900000e+00	   2.8652000e+04	
   1.0000000e+00	   4.1000000e+01	   2.1300000e+02	   6.4000000e-01	   7.9590000e+03	
   1.0000000e+00	   4.2000000e+01	   3.0100000e+02	   2.5200000e+00	   1.8922000e+04	
   1.0000000e+00	   4.3000000e+01	   1.0800000e+02	   3.7200000e+00	   6.7250000e+03	
   1.0000000e+00	   4.4000000e+01	   3.1100000e+02	   4.5000000e-01	   2.6619000e+04	
   1.0000000e+00	   4.5000000e+01	   1.1200000e+02	   3.8300000e+00	   8.2910000e+03	
   2.0000000e+00	   1.0000000e+00	   1.0700000e+02	   3.2500000e+00	   2.3848000e+04	
   2.0000000e+00	   2.0000000e+00	   2.1000000e+02	   1.4900000e+00	   1.1292000e+04	
   2.0000000e+00	   3.0000000e+00	   1.1000000e+02	   3.5700000e+00	   2.6620000e+03	
   2.0000000e+00	   4.0000000e+00	   1.1600000e+02	   3.4400000e+00	   2.1600000e+03	
   2.0000000e+00	   5.0000000e+00	   1.1100000e+02	   3.4300000e+00	   2.6280000e+03	
   2.0000000e+00	   6.0000000e+00	   3.0700000e+02	   6.7000000e-01	   3.2940000e+03	
   2.0000000e+00	   7.0000000e+00	   2.0700000e+02	   3.6100000e+00	   2.0620000e+03	
   2.0000000e+00	   8.0000000e+00	   2.0400000e+02	   3.3900000e+00	   2.0610000e+03	
   2.0000000e+00	   9.0000000e+00	   3.1100000e+02	   1.8000000e-01	   4.7930000e+03	
   2.0000000e+00	   1.0000000e+01	   3.0100000e+02	   5.5000000e-01	   5.2280000e+03	
   2.0000000e+00	   1.1000000e+01	   2.1500000e+02	   4.4400000e+00	   3.4940000e+03	
   2.0000000e+00	   1.2000000e+01	   3.0200000e+02	   3.3800000e+00	   7.0930000e+03	
   2.0000000e+00	   1.3000000e+01	   1.1400000e+02	   3.3500000e+00	   1.6950000e+03	
   2.0000000e+00	   1.4000000e+01	   3.0800000e+02	   1.6800000e+00	   2.5940000e+03	
   2.0000000e+00	   1.5000000e+01	   2.1300000e+02	   7.8000000e-01	   1.7950000e+03	
   2.0000000e+00	   1.6000000e+01	   1.0300000e+02	   3.6700000e+00	   2.1280000e+03	
   2.0000000e+00	   1.7000000e+01	   2.0200000e+02	   3.3500000e+00	   2.7940000e+03	
   2.0000000e+00	   1.8000000e+01	   1.0400000e+02	   3.6600000e+00	   1.2325000e+04	
   2.0000000e+00	   1.9000000e+01	   1.0500000e+02	   3.3200000e+00	   2.4610000e+03	
   2.0000000e+00	   2.0000000e+01	   3.0500000e+02	   1.4300000e+00	   2.4280000e+03	
   2.0000000e+00	   2.1000000e+01	   3.1000000e+02	   5.9000000e-01	   6.0930000e+03	
   2.0000000e+00	   2.2000000e+01	   3.0300000e+02	   1.5900000e+00	   5.0950000e+03	
   2.0000000e+00	   2.3000000e+01	   3.0900000e+02	   2.6900000e+00	   8.6250000e+03	
   2.0000000e+00	   2.4000000e+01	   2.1100000e+02	   1.1700000e+00	   2.1940000e+03	
   2.0000000e+00	   2.5000000e+01	   3.1200000e+02	   1.7000000e+00	   3.2620000e+03	
   2.0000000e+00	   2.6000000e+01	   1.0900000e+02	   3.6100000e+00	   2.1280000e+03	
   2.0000000e+00	   2.7000000e+01	   2.0800000e+02	   1.3200000e+00	   3.7270000e+03	
   2.0000000e+00	   2.8000000e+01	   1.0600000e+02	   3.7400000e+00	   3.5600000e+03	
   2.0000000e+00	   2.9000000e+01	   2.0600000e+02	   6.9000000e-01	   2.1960000e+03	
   2.0000000e+00	   3.0000000e+01	   2.1200000e+02	   3.7100000e+00	   2.4270000e+03	
   2.0000000e+00	   3.1000000e+01	   1.0200000e+02	   3.3800000e+00	   2.6280000e+03	
   2.0000000e+00	   3.2000000e+01	   1.1300000e+02	   3.4700000e+00	   6.2590000e+03	
   2.0000000e+00	   3.3000000e+01	   2.0100000e+02	   3.2600000e+00	   2.8290000e+03	
   2.0000000e+00	   3.4000000e+01	   2.1400000e+02	   3.2600000e+00	   3.3270000e+03	
   2.0000000e+00	   3.5000000e+01	   1.1500000e+02	   3.1600000e+00	   1.3620000e+03	
   2.0000000e+00	   3.6000000e+01	   2.0900000e+02	   1.5600000e+00	   2.0940000e+03	
   2.0000000e+00	   3.7000000e+01	   2.0500000e+02	   3.4500000e+00	   1.3960000e+03	
   2.0000000e+00	   3.8000000e+01	   3.0600000e+02	   2.2400000e+00	   2.5940000e+03	
   2.0000000e+00	   3.9000000e+01	   1.1200000e+02	   3.3300000e+00	   1.7270000e+03	
   2.0000000e+00	   4.0000000e+01	   1.0100000e+02	   3.2900000e+00	   5.5600000e+03	
   2.0000000e+00	   4.1000000e+01	   2.0300000e+02	   9.0000000e-01	   6.2280000e+03	
   2.0000000e+00	   4.2000000e+01	   3.1300000e+02	   2.2300000e+00	   4.8260000e+03	
   2.0000000e+00	   4.3000000e+01	   3.0400000e+02	   1.7200000e+00	   3.1610000e+03	
   2.0000000e+00	   4.4000000e+01	   1.0800000e+02	   3.5800000e+00	   1.9290000e+03	
   2.0000000e+00	   4.5000000e+01	   3.1400000e+02	   1.7500000e+00	   2.6940000e+03	
