   1.1300000e+02	   1.1600000e+02	   1.0100000e+02	   1.0000000e+00	   2.0000000e+00	   3.6100000e+00	   3.5500000e+00	   3.4150000e+00	   2.0000000e+00	   3.0000000e+00	   1.0000000e+00	   3.0000000e+00	   5.9590000e+03	
   1.1000000e+02	   1.1300000e+02	   3.0800000e+02	   1.3000000e+01	   2.0000000e+00	   3.5500000e+00	   3.6100000e+00	   2.0900000e+00	   1.0000000e+00	   3.0000000e+00	   2.0000000e+00	   1.0000000e+00	   4.1500000e+03	
   1.1100000e+02	   1.1300000e+02	   2.1100000e+02	   8.0000000e+00	   4.0000000e+00	   4.0450000e+00	   3.6100000e+00	   1.3950000e+00	   1.0000000e+00	   2.0000000e+00	   3.0000000e+00	   1.0000000e+00	   3.6530000e+03	
   1.1000000e+02	   2.0400000e+02	   3.0900000e+02	   1.4000000e+01	   5.0000000e+00	   3.5500000e+00	   4.0900000e+00	   2.6150000e+00	   3.0000000e+00	   2.0000000e+00	   1.0000000e+00	   3.0000000e+00	   5.0240000e+03	
   1.1000000e+02	   2.0500000e+02	   1.1500000e+02	   4.0000000e+00	   5.0000000e+00	   3.5500000e+00	   4.1050000e+00	   3.3300000e+00	   3.0000000e+00	   1.0000000e+00	   2.0000000e+00	   1.0000000e+00	   4.9120000e+03	
   1.0600000e+02	   1.1600000e+02	   3.0500000e+02	   1.1000000e+01	   2.0000000e+00	   3.6150000e+00	   3.5500000e+00	   1.9650000e+00	   1.0000000e+00	   2.0000000e+00	   3.0000000e+00	   1.0000000e+00	   5.2600000e+03	
   1.0300000e+02	   1.1000000e+02	   3.1100000e+02	   1.5000000e+01	   3.0000000e+00	   3.7000000e+00	   3.5500000e+00	   3.1500000e-01	   3.0000000e+00	   2.0000000e+00	   1.0000000e+00	   2.0000000e+00	   3.8540000e+03	
   1.1300000e+02	   2.0700000e+02	   3.0800000e+02	   1.3000000e+01	   1.0000000e+00	   3.6100000e+00	   3.6500000e+00	   2.0900000e+00	   3.0000000e+00	   2.0000000e+00	   1.0000000e+00	   2.0000000e+00	   4.0250000e+03	
   1.1300000e+02	   2.1500000e+02	   3.0300000e+02	   9.0000000e+00	   5.0000000e+00	   3.6100000e+00	   4.1150000e+00	   1.4900000e+00	   1.0000000e+00	   3.0000000e+00	   2.0000000e+00	   3.0000000e+00	   3.0800000e+03	
   1.0300000e+02	   1.0400000e+02	   2.1000000e+02	   7.0000000e+00	   1.0000000e+00	   3.7000000e+00	   3.6650000e+00	   1.0350000e+00	   1.0000000e+00	   3.0000000e+00	   2.0000000e+00	   3.0000000e+00	   6.1110000e+03	
   1.0600000e+02	   1.1200000e+02	   2.1000000e+02	   7.0000000e+00	   1.0000000e+00	   3.6150000e+00	   3.5800000e+00	   1.0350000e+00	   1.0000000e+00	   3.0000000e+00	   2.0000000e+00	   3.0000000e+00	   3.5500000e+03	
   1.1200000e+02	   2.1500000e+02	   3.0500000e+02	   1.1000000e+01	   5.0000000e+00	   3.5800000e+00	   4.1150000e+00	   1.9650000e+00	   1.0000000e+00	   3.0000000e+00	   2.0000000e+00	   3.0000000e+00	   4.8380000e+03	
   1.1000000e+02	   2.1200000e+02	   3.0600000e+02	   1.2000000e+01	   5.0000000e+00	   3.5500000e+00	   4.1350000e+00	   2.2950000e+00	   1.0000000e+00	   2.0000000e+00	   3.0000000e+00	   2.0000000e+00	   5.7520000e+03	
   1.1000000e+02	   2.0500000e+02	   2.0800000e+02	   5.0000000e+00	   5.0000000e+00	   3.5500000e+00	   4.1050000e+00	   8.0000000e-01	   1.0000000e+00	   3.0000000e+00	   2.0000000e+00	   3.0000000e+00	   2.5270000e+03	
   1.0700000e+02	   1.1600000e+02	   3.0800000e+02	   1.3000000e+01	   3.0000000e+00	   3.8800000e+00	   3.5500000e+00	   2.0900000e+00	   1.0000000e+00	   3.0000000e+00	   2.0000000e+00	   3.0000000e+00	   3.1470000e+03	
   1.1600000e+02	   2.0700000e+02	   2.1000000e+02	   7.0000000e+00	   2.0000000e+00	   3.5500000e+00	   3.6500000e+00	   1.0350000e+00	   1.0000000e+00	   2.0000000e+00	   3.0000000e+00	   1.0000000e+00	   2.4810000e+03	
   1.0300000e+02	   2.1200000e+02	   2.0900000e+02	   6.0000000e+00	   4.0000000e+00	   3.7000000e+00	   4.1350000e+00	   2.0250000e+00	   2.0000000e+00	   1.0000000e+00	   3.0000000e+00	   1.0000000e+00	   3.6720000e+03	
   1.0400000e+02	   2.0400000e+02	   3.0600000e+02	   1.2000000e+01	   4.0000000e+00	   3.6650000e+00	   4.0900000e+00	   2.2950000e+00	   1.0000000e+00	   3.0000000e+00	   2.0000000e+00	   3.0000000e+00	   4.1540000e+03	
   1.1100000e+02	   2.1500000e+02	   3.0900000e+02	   1.4000000e+01	   2.0000000e+00	   4.0450000e+00	   4.1150000e+00	   2.6150000e+00	   1.0000000e+00	   3.0000000e+00	   2.0000000e+00	   1.0000000e+00	   5.1890000e+03	
   1.0300000e+02	   1.1200000e+02	   3.0900000e+02	   1.4000000e+01	   3.0000000e+00	   3.7000000e+00	   3.5800000e+00	   2.6150000e+00	   2.0000000e+00	   1.0000000e+00	   3.0000000e+00	   1.0000000e+00	   2.3550000e+03	
   2.0400000e+02	   2.0500000e+02	   2.1100000e+02	   8.0000000e+00	   1.0000000e+00	   4.0900000e+00	   4.1050000e+00	   1.3950000e+00	   3.0000000e+00	   1.0000000e+00	   2.0000000e+00	   1.0000000e+00	   3.0600000e+03	
   1.1600000e+02	   2.0500000e+02	   1.0100000e+02	   1.0000000e+00	   5.0000000e+00	   3.5500000e+00	   4.1050000e+00	   3.4150000e+00	   2.0000000e+00	   3.0000000e+00	   1.0000000e+00	   3.0000000e+00	   5.0430000e+03	
   1.1200000e+02	   1.1300000e+02	   2.0800000e+02	   5.0000000e+00	   1.0000000e+00	   3.5800000e+00	   3.6100000e+00	   8.0000000e-01	   1.0000000e+00	   3.0000000e+00	   2.0000000e+00	   1.0000000e+00	   2.9650000e+03	
   1.1100000e+02	   2.0700000e+02	   2.1000000e+02	   7.0000000e+00	   4.0000000e+00	   4.0450000e+00	   3.6500000e+00	   1.0350000e+00	   3.0000000e+00	   2.0000000e+00	   1.0000000e+00	   2.0000000e+00	   2.9940000e+03	
   1.1100000e+02	   2.0400000e+02	   1.1400000e+02	   3.0000000e+00	   1.0000000e+00	   4.0450000e+00	   4.0900000e+00	   3.4900000e+00	   1.0000000e+00	   3.0000000e+00	   2.0000000e+00	   3.0000000e+00	   4.5440000e+03	
   1.0700000e+02	   1.1200000e+02	   1.0100000e+02	   1.0000000e+00	   3.0000000e+00	   3.8800000e+00	   3.5800000e+00	   3.4150000e+00	   3.0000000e+00	   1.0000000e+00	   2.0000000e+00	   3.0000000e+00	   3.2940000e+03	
   1.1100000e+02	   2.0500000e+02	   3.0800000e+02	   1.3000000e+01	   2.0000000e+00	   4.0450000e+00	   4.1050000e+00	   2.0900000e+00	   1.0000000e+00	   2.0000000e+00	   3.0000000e+00	   2.0000000e+00	   2.1670000e+03	
   1.0800000e+02	   2.0500000e+02	   3.0800000e+02	   1.3000000e+01	   4.0000000e+00	   3.6500000e+00	   4.1050000e+00	   2.0900000e+00	   1.0000000e+00	   2.0000000e+00	   3.0000000e+00	   2.0000000e+00	   1.8350000e+03	
   1.1200000e+02	   2.0400000e+02	   3.0400000e+02	   1.0000000e+01	   5.0000000e+00	   3.5800000e+00	   4.0900000e+00	   1.5750000e+00	   1.0000000e+00	   3.0000000e+00	   2.0000000e+00	   1.0000000e+00	   2.1620000e+03	
   1.0600000e+02	   1.1300000e+02	   2.1100000e+02	   8.0000000e+00	   1.0000000e+00	   3.6150000e+00	   3.6100000e+00	   1.3950000e+00	   1.0000000e+00	   2.0000000e+00	   3.0000000e+00	   1.0000000e+00	   3.3440000e+03	
   1.1300000e+02	   2.1200000e+02	   1.0500000e+02	   2.0000000e+00	   5.0000000e+00	   3.6100000e+00	   4.1350000e+00	   3.4950000e+00	   2.0000000e+00	   3.0000000e+00	   1.0000000e+00	   1.0000000e+00	   6.2680000e+03	
   1.0600000e+02	   1.1000000e+02	   3.0800000e+02	   1.3000000e+01	   2.0000000e+00	   3.6150000e+00	   3.5500000e+00	   2.0900000e+00	   3.0000000e+00	   1.0000000e+00	   2.0000000e+00	   3.0000000e+00	   2.3480000e+03	
   1.1200000e+02	   1.1600000e+02	   3.0500000e+02	   1.1000000e+01	   1.0000000e+00	   3.5800000e+00	   3.5500000e+00	   1.9650000e+00	   3.0000000e+00	   2.0000000e+00	   1.0000000e+00	   3.0000000e+00	   5.1730000e+03	
   1.1100000e+02	   1.1300000e+02	   3.0800000e+02	   1.3000000e+01	   4.0000000e+00	   4.0450000e+00	   3.6100000e+00	   2.0900000e+00	   2.0000000e+00	   1.0000000e+00	   3.0000000e+00	   2.0000000e+00	   4.9950000e+03	
   1.0700000e+02	   1.0800000e+02	   2.0900000e+02	   6.0000000e+00	   3.0000000e+00	   3.8800000e+00	   3.6500000e+00	   2.0250000e+00	   1.0000000e+00	   2.0000000e+00	   3.0000000e+00	   2.0000000e+00	   3.7690000e+03	
   1.1200000e+02	   1.1300000e+02	   3.1100000e+02	   1.5000000e+01	   1.0000000e+00	   3.5800000e+00	   3.6100000e+00	   3.1500000e-01	   1.0000000e+00	   2.0000000e+00	   3.0000000e+00	   1.0000000e+00	   2.5110000e+03	
   1.0600000e+02	   2.1200000e+02	   3.0900000e+02	   1.4000000e+01	   5.0000000e+00	   3.6150000e+00	   4.1350000e+00	   2.6150000e+00	   2.0000000e+00	   1.0000000e+00	   3.0000000e+00	   2.0000000e+00	   2.7820000e+03	
   1.0400000e+02	   2.0400000e+02	   1.0100000e+02	   1.0000000e+00	   4.0000000e+00	   3.6650000e+00	   4.0900000e+00	   3.4150000e+00	   3.0000000e+00	   1.0000000e+00	   2.0000000e+00	   1.0000000e+00	   4.4150000e+03	
   1.1000000e+02	   2.1200000e+02	   3.0800000e+02	   1.3000000e+01	   5.0000000e+00	   3.5500000e+00	   4.1350000e+00	   2.0900000e+00	   3.0000000e+00	   1.0000000e+00	   2.0000000e+00	   3.0000000e+00	   2.4060000e+03	
   1.1300000e+02	   2.0500000e+02	   3.0300000e+02	   9.0000000e+00	   5.0000000e+00	   3.6100000e+00	   4.1050000e+00	   1.4900000e+00	   2.0000000e+00	   1.0000000e+00	   3.0000000e+00	   1.0000000e+00	   2.2970000e+03	
   1.0300000e+02	   1.1200000e+02	   1.0100000e+02	   1.0000000e+00	   3.0000000e+00	   3.7000000e+00	   3.5800000e+00	   3.4150000e+00	   3.0000000e+00	   2.0000000e+00	   1.0000000e+00	   2.0000000e+00	   2.1910000e+03	
   1.0800000e+02	   2.0400000e+02	   3.0300000e+02	   9.0000000e+00	   4.0000000e+00	   3.6500000e+00	   4.0900000e+00	   1.4900000e+00	   3.0000000e+00	   2.0000000e+00	   1.0000000e+00	   3.0000000e+00	   2.9720000e+03	
   2.0700000e+02	   2.1500000e+02	   3.0300000e+02	   9.0000000e+00	   4.0000000e+00	   3.6500000e+00	   4.1150000e+00	   1.4900000e+00	   3.0000000e+00	   2.0000000e+00	   1.0000000e+00	   3.0000000e+00	   2.7010000e+03	
   1.1300000e+02	   2.1500000e+02	   2.0900000e+02	   6.0000000e+00	   5.0000000e+00	   3.6100000e+00	   4.1150000e+00	   2.0250000e+00	   3.0000000e+00	   1.0000000e+00	   2.0000000e+00	   1.0000000e+00	   4.3870000e+03	
   2.0400000e+02	   2.1200000e+02	   3.0900000e+02	   1.4000000e+01	   1.0000000e+00	   4.0900000e+00	   4.1350000e+00	   2.6150000e+00	   3.0000000e+00	   2.0000000e+00	   1.0000000e+00	   3.0000000e+00	   3.4840000e+03	
   1.1000000e+02	   1.1300000e+02	   3.0600000e+02	   1.2000000e+01	   2.0000000e+00	   3.5500000e+00	   3.6100000e+00	   2.2950000e+00	   1.0000000e+00	   3.0000000e+00	   2.0000000e+00	   1.0000000e+00	   3.1700000e+03	
   1.1000000e+02	   2.1200000e+02	   1.0100000e+02	   1.0000000e+00	   5.0000000e+00	   3.5500000e+00	   4.1350000e+00	   3.4150000e+00	   1.0000000e+00	   3.0000000e+00	   2.0000000e+00	   3.0000000e+00	   2.6780000e+03	
   1.0300000e+02	   2.0500000e+02	   1.1500000e+02	   4.0000000e+00	   4.0000000e+00	   3.7000000e+00	   4.1050000e+00	   3.3300000e+00	   3.0000000e+00	   1.0000000e+00	   2.0000000e+00	   1.0000000e+00	   1.0750000e+03	
   1.0300000e+02	   1.1300000e+02	   3.0500000e+02	   1.1000000e+01	   2.0000000e+00	   3.7000000e+00	   3.6100000e+00	   1.9650000e+00	   1.0000000e+00	   3.0000000e+00	   2.0000000e+00	   3.0000000e+00	   7.9280000e+03	
   1.0700000e+02	   1.1200000e+02	   1.0500000e+02	   2.0000000e+00	   3.0000000e+00	   3.8800000e+00	   3.5800000e+00	   3.4950000e+00	   2.0000000e+00	   1.0000000e+00	   3.0000000e+00	   3.0000000e+00	   1.0570000e+03	
   1.0300000e+02	   2.0700000e+02	   2.0800000e+02	   5.0000000e+00	   2.0000000e+00	   3.7000000e+00	   3.6500000e+00	   8.0000000e-01	   3.0000000e+00	   2.0000000e+00	   1.0000000e+00	   2.0000000e+00	   1.1190000e+03	
   1.0600000e+02	   1.1000000e+02	   3.0500000e+02	   1.1000000e+01	   2.0000000e+00	   3.6150000e+00	   3.5500000e+00	   1.9650000e+00	   3.0000000e+00	   1.0000000e+00	   2.0000000e+00	   3.0000000e+00	   1.2910000e+03	
   1.0300000e+02	   2.1500000e+02	   1.0500000e+02	   2.0000000e+00	   4.0000000e+00	   3.7000000e+00	   4.1150000e+00	   3.4950000e+00	   1.0000000e+00	   3.0000000e+00	   2.0000000e+00	   2.0000000e+00	   1.6940000e+03	
   1.0400000e+02	   1.1600000e+02	   1.1500000e+02	   4.0000000e+00	   3.0000000e+00	   3.6650000e+00	   3.5500000e+00	   3.3300000e+00	   3.0000000e+00	   2.0000000e+00	   1.0000000e+00	   1.0000000e+00	   4.0980000e+03	
   2.0500000e+02	   2.0700000e+02	   1.0500000e+02	   2.0000000e+00	   4.0000000e+00	   4.1050000e+00	   3.6500000e+00	   3.4950000e+00	   2.0000000e+00	   3.0000000e+00	   1.0000000e+00	   2.0000000e+00	   1.1150000e+03	
   1.0800000e+02	   1.1000000e+02	   3.0400000e+02	   1.0000000e+01	   2.0000000e+00	   3.6500000e+00	   3.5500000e+00	   1.5750000e+00	   2.0000000e+00	   1.0000000e+00	   3.0000000e+00	   2.0000000e+00	   1.7280000e+03	
   1.0600000e+02	   1.1200000e+02	   2.0900000e+02	   6.0000000e+00	   1.0000000e+00	   3.6150000e+00	   3.5800000e+00	   2.0250000e+00	   3.0000000e+00	   1.0000000e+00	   2.0000000e+00	   3.0000000e+00	   1.6060000e+03	
   2.0400000e+02	   2.1200000e+02	   1.0100000e+02	   1.0000000e+00	   1.0000000e+00	   4.0900000e+00	   4.1350000e+00	   3.4150000e+00	   2.0000000e+00	   1.0000000e+00	   3.0000000e+00	   2.0000000e+00	   6.3710000e+03	
   1.1300000e+02	   2.0700000e+02	   1.0500000e+02	   2.0000000e+00	   1.0000000e+00	   3.6100000e+00	   3.6500000e+00	   3.4950000e+00	   3.0000000e+00	   1.0000000e+00	   2.0000000e+00	   1.0000000e+00	   2.3360000e+03	
   2.0500000e+02	   2.1200000e+02	   1.0500000e+02	   2.0000000e+00	   1.0000000e+00	   4.1050000e+00	   4.1350000e+00	   3.4950000e+00	   1.0000000e+00	   3.0000000e+00	   2.0000000e+00	   1.0000000e+00	   4.5710000e+03	
   2.0500000e+02	   2.1500000e+02	   1.0100000e+02	   1.0000000e+00	   1.0000000e+00	   4.1050000e+00	   4.1150000e+00	   3.4150000e+00	   1.0000000e+00	   3.0000000e+00	   2.0000000e+00	   1.0000000e+00	   2.4330000e+03	
   1.1300000e+02	   1.1600000e+02	   3.1100000e+02	   1.5000000e+01	   2.0000000e+00	   3.6100000e+00	   3.5500000e+00	   3.1500000e-01	   2.0000000e+00	   1.0000000e+00	   3.0000000e+00	   1.0000000e+00	   2.4880000e+03	
   1.1000000e+02	   1.1200000e+02	   2.1000000e+02	   7.0000000e+00	   1.0000000e+00	   3.5500000e+00	   3.5800000e+00	   1.0350000e+00	   1.0000000e+00	   3.0000000e+00	   2.0000000e+00	   3.0000000e+00	   1.6160000e+03	
   1.0600000e+02	   2.0700000e+02	   1.1400000e+02	   3.0000000e+00	   1.0000000e+00	   3.6150000e+00	   3.6500000e+00	   3.4900000e+00	   1.0000000e+00	   2.0000000e+00	   3.0000000e+00	   2.0000000e+00	   1.5470000e+03	
   1.0300000e+02	   2.1200000e+02	   1.0500000e+02	   2.0000000e+00	   4.0000000e+00	   3.7000000e+00	   4.1350000e+00	   3.4950000e+00	   2.0000000e+00	   3.0000000e+00	   1.0000000e+00	   1.0000000e+00	   3.4290000e+03	
   1.0300000e+02	   1.0800000e+02	   1.1400000e+02	   3.0000000e+00	   1.0000000e+00	   3.7000000e+00	   3.6500000e+00	   3.4900000e+00	   2.0000000e+00	   1.0000000e+00	   3.0000000e+00	   1.0000000e+00	   1.3780000e+03	
   1.0700000e+02	   1.1000000e+02	   2.1100000e+02	   8.0000000e+00	   3.0000000e+00	   3.8800000e+00	   3.5500000e+00	   1.3950000e+00	   1.0000000e+00	   3.0000000e+00	   2.0000000e+00	   1.0000000e+00	   3.8690000e+03	
   1.0300000e+02	   1.1000000e+02	   3.0400000e+02	   1.0000000e+01	   3.0000000e+00	   3.7000000e+00	   3.5500000e+00	   1.5750000e+00	   3.0000000e+00	   1.0000000e+00	   2.0000000e+00	   1.0000000e+00	   2.3410000e+03	
   1.1200000e+02	   1.1600000e+02	   3.0400000e+02	   1.0000000e+01	   1.0000000e+00	   3.5800000e+00	   3.5500000e+00	   1.5750000e+00	   2.0000000e+00	   3.0000000e+00	   1.0000000e+00	   2.0000000e+00	   3.9880000e+03	
   1.0300000e+02	   2.1200000e+02	   1.1500000e+02	   4.0000000e+00	   4.0000000e+00	   3.7000000e+00	   4.1350000e+00	   3.3300000e+00	   3.0000000e+00	   2.0000000e+00	   1.0000000e+00	   1.0000000e+00	   1.7950000e+03	
   1.0300000e+02	   1.1100000e+02	   1.1400000e+02	   3.0000000e+00	   3.0000000e+00	   3.7000000e+00	   4.0450000e+00	   3.4900000e+00	   3.0000000e+00	   1.0000000e+00	   2.0000000e+00	   2.0000000e+00	   3.9450000e+03	
   1.0800000e+02	   2.0700000e+02	   1.1500000e+02	   4.0000000e+00	   1.0000000e+00	   3.6500000e+00	   3.6500000e+00	   3.3300000e+00	   2.0000000e+00	   3.0000000e+00	   1.0000000e+00	   3.0000000e+00	   2.2890000e+03	
   1.0300000e+02	   1.1300000e+02	   3.0400000e+02	   1.0000000e+01	   2.0000000e+00	   3.7000000e+00	   3.6100000e+00	   1.5750000e+00	   2.0000000e+00	   3.0000000e+00	   1.0000000e+00	   3.0000000e+00	   7.7800000e+03	
   1.0600000e+02	   2.1200000e+02	   1.1500000e+02	   4.0000000e+00	   5.0000000e+00	   3.6150000e+00	   4.1350000e+00	   3.3300000e+00	   3.0000000e+00	   2.0000000e+00	   1.0000000e+00	   3.0000000e+00	   2.7760000e+03	
   1.1000000e+02	   2.1200000e+02	   3.1100000e+02	   1.5000000e+01	   5.0000000e+00	   3.5500000e+00	   4.1350000e+00	   3.1500000e-01	   1.0000000e+00	   3.0000000e+00	   2.0000000e+00	   1.0000000e+00	   4.2460000e+03	
   1.0700000e+02	   1.0800000e+02	   1.1400000e+02	   3.0000000e+00	   3.0000000e+00	   3.8800000e+00	   3.6500000e+00	   3.4900000e+00	   3.0000000e+00	   2.0000000e+00	   1.0000000e+00	   2.0000000e+00	   2.3790000e+03	
   1.1200000e+02	   2.1500000e+02	   2.0900000e+02	   6.0000000e+00	   5.0000000e+00	   3.5800000e+00	   4.1150000e+00	   2.0250000e+00	   1.0000000e+00	   2.0000000e+00	   3.0000000e+00	   1.0000000e+00	   2.6820000e+03	
   1.0400000e+02	   2.0700000e+02	   3.0900000e+02	   1.4000000e+01	   1.0000000e+00	   3.6650000e+00	   3.6500000e+00	   2.6150000e+00	   1.0000000e+00	   3.0000000e+00	   2.0000000e+00	   3.0000000e+00	   1.1700000e+03	
   1.0700000e+02	   1.1200000e+02	   3.1100000e+02	   1.5000000e+01	   3.0000000e+00	   3.8800000e+00	   3.5800000e+00	   3.1500000e-01	   3.0000000e+00	   1.0000000e+00	   2.0000000e+00	   1.0000000e+00	   2.1810000e+03	
   1.0600000e+02	   1.1000000e+02	   2.1000000e+02	   7.0000000e+00	   2.0000000e+00	   3.6150000e+00	   3.5500000e+00	   1.0350000e+00	   2.0000000e+00	   3.0000000e+00	   1.0000000e+00	   2.0000000e+00	   1.8810000e+03	
   1.1100000e+02	   2.0400000e+02	   3.1100000e+02	   1.5000000e+01	   1.0000000e+00	   4.0450000e+00	   4.0900000e+00	   3.1500000e-01	   3.0000000e+00	   1.0000000e+00	   2.0000000e+00	   1.0000000e+00	   2.3970000e+03	
   1.1300000e+02	   2.1200000e+02	   3.0800000e+02	   1.3000000e+01	   5.0000000e+00	   3.6100000e+00	   4.1350000e+00	   2.0900000e+00	   3.0000000e+00	   1.0000000e+00	   2.0000000e+00	   1.0000000e+00	   3.0460000e+03	
   1.0400000e+02	   1.0600000e+02	   1.0100000e+02	   1.0000000e+00	   2.0000000e+00	   3.6650000e+00	   3.6150000e+00	   3.4150000e+00	   2.0000000e+00	   3.0000000e+00	   1.0000000e+00	   3.0000000e+00	   1.6660000e+03	
   2.0500000e+02	   2.0700000e+02	   3.0800000e+02	   1.3000000e+01	   4.0000000e+00	   4.1050000e+00	   3.6500000e+00	   2.0900000e+00	   1.0000000e+00	   3.0000000e+00	   2.0000000e+00	   3.0000000e+00	   1.5280000e+03	
   1.0400000e+02	   1.1300000e+02	   1.0100000e+02	   1.0000000e+00	   2.0000000e+00	   3.6650000e+00	   3.6100000e+00	   3.4150000e+00	   2.0000000e+00	   1.0000000e+00	   3.0000000e+00	   2.0000000e+00	   2.8770000e+03	
   1.1200000e+02	   2.1200000e+02	   3.0900000e+02	   1.4000000e+01	   5.0000000e+00	   3.5800000e+00	   4.1350000e+00	   2.6150000e+00	   2.0000000e+00	   3.0000000e+00	   1.0000000e+00	   2.0000000e+00	   2.2200000e+03	
   1.1000000e+02	   1.1100000e+02	   3.0900000e+02	   1.4000000e+01	   5.0000000e+00	   3.5500000e+00	   4.0450000e+00	   2.6150000e+00	   1.0000000e+00	   2.0000000e+00	   3.0000000e+00	   1.0000000e+00	   2.6710000e+03	
   1.1200000e+02	   1.1300000e+02	   1.1500000e+02	   4.0000000e+00	   1.0000000e+00	   3.5800000e+00	   3.6100000e+00	   3.3300000e+00	   2.0000000e+00	   3.0000000e+00	   1.0000000e+00	   2.0000000e+00	   1.3000000e+03	
   1.0300000e+02	   1.0700000e+02	   3.0300000e+02	   9.0000000e+00	   3.0000000e+00	   3.7000000e+00	   3.8800000e+00	   1.4900000e+00	   1.0000000e+00	   2.0000000e+00	   3.0000000e+00	   2.0000000e+00	   2.3800000e+03	
   2.0400000e+02	   2.0700000e+02	   1.1400000e+02	   3.0000000e+00	   4.0000000e+00	   4.0900000e+00	   3.6500000e+00	   3.4900000e+00	   1.0000000e+00	   3.0000000e+00	   2.0000000e+00	   3.0000000e+00	   9.3300000e+02	
   1.1300000e+02	   1.1600000e+02	   2.0900000e+02	   6.0000000e+00	   2.0000000e+00	   3.6100000e+00	   3.5500000e+00	   2.0250000e+00	   1.0000000e+00	   2.0000000e+00	   3.0000000e+00	   2.0000000e+00	   1.3010000e+03	
   1.0300000e+02	   1.0400000e+02	   3.0600000e+02	   1.2000000e+01	   1.0000000e+00	   3.7000000e+00	   3.6650000e+00	   2.2950000e+00	   1.0000000e+00	   2.0000000e+00	   3.0000000e+00	   2.0000000e+00	   2.9930000e+03	
   1.0700000e+02	   1.1200000e+02	   1.1500000e+02	   4.0000000e+00	   3.0000000e+00	   3.8800000e+00	   3.5800000e+00	   3.3300000e+00	   2.0000000e+00	   3.0000000e+00	   1.0000000e+00	   3.0000000e+00	   4.3420000e+03	
   1.0400000e+02	   1.1000000e+02	   1.0100000e+02	   1.0000000e+00	   2.0000000e+00	   3.6650000e+00	   3.5500000e+00	   3.4150000e+00	   1.0000000e+00	   2.0000000e+00	   3.0000000e+00	   1.0000000e+00	   7.1090000e+03	
   1.1100000e+02	   2.1500000e+02	   3.1100000e+02	   1.5000000e+01	   2.0000000e+00	   4.0450000e+00	   4.1150000e+00	   3.1500000e-01	   2.0000000e+00	   3.0000000e+00	   1.0000000e+00	   3.0000000e+00	   2.5110000e+03	
   1.1000000e+02	   1.1200000e+02	   3.0500000e+02	   1.1000000e+01	   1.0000000e+00	   3.5500000e+00	   3.5800000e+00	   1.9650000e+00	   1.0000000e+00	   2.0000000e+00	   3.0000000e+00	   2.0000000e+00	   3.1650000e+03	
   1.0600000e+02	   2.0500000e+02	   3.0800000e+02	   1.3000000e+01	   5.0000000e+00	   3.6150000e+00	   4.1050000e+00	   2.0900000e+00	   3.0000000e+00	   2.0000000e+00	   1.0000000e+00	   2.0000000e+00	   4.6040000e+03	
   1.1300000e+02	   2.1200000e+02	   1.1400000e+02	   3.0000000e+00	   5.0000000e+00	   3.6100000e+00	   4.1350000e+00	   3.4900000e+00	   2.0000000e+00	   3.0000000e+00	   1.0000000e+00	   3.0000000e+00	   2.9220000e+03	
   1.1200000e+02	   1.1600000e+02	   2.1000000e+02	   7.0000000e+00	   1.0000000e+00	   3.5800000e+00	   3.5500000e+00	   1.0350000e+00	   3.0000000e+00	   2.0000000e+00	   1.0000000e+00	   3.0000000e+00	   2.1810000e+03	
   1.0600000e+02	   1.1100000e+02	   3.0600000e+02	   1.2000000e+01	   4.0000000e+00	   3.6150000e+00	   4.0450000e+00	   2.2950000e+00	   2.0000000e+00	   3.0000000e+00	   1.0000000e+00	   2.0000000e+00	   3.7750000e+03	
   1.1100000e+02	   2.0400000e+02	   3.0300000e+02	   9.0000000e+00	   1.0000000e+00	   4.0450000e+00	   4.0900000e+00	   1.4900000e+00	   3.0000000e+00	   1.0000000e+00	   2.0000000e+00	   1.0000000e+00	   2.4770000e+03	
   1.1200000e+02	   2.0500000e+02	   3.0400000e+02	   1.0000000e+01	   5.0000000e+00	   3.5800000e+00	   4.1050000e+00	   1.5750000e+00	   3.0000000e+00	   1.0000000e+00	   2.0000000e+00	   1.0000000e+00	   2.5340000e+03	
   1.1300000e+02	   2.1500000e+02	   3.0800000e+02	   1.3000000e+01	   5.0000000e+00	   3.6100000e+00	   4.1150000e+00	   2.0900000e+00	   2.0000000e+00	   3.0000000e+00	   1.0000000e+00	   3.0000000e+00	   2.3960000e+03	
   1.0800000e+02	   2.0500000e+02	   2.1000000e+02	   7.0000000e+00	   4.0000000e+00	   3.6500000e+00	   4.1050000e+00	   1.0350000e+00	   2.0000000e+00	   1.0000000e+00	   3.0000000e+00	   2.0000000e+00	   1.4620000e+03	
   1.0600000e+02	   1.1100000e+02	   2.0800000e+02	   5.0000000e+00	   4.0000000e+00	   3.6150000e+00	   4.0450000e+00	   8.0000000e-01	   3.0000000e+00	   1.0000000e+00	   2.0000000e+00	   3.0000000e+00	   1.3380000e+03	
   1.0600000e+02	   2.0700000e+02	   3.0400000e+02	   1.0000000e+01	   1.0000000e+00	   3.6150000e+00	   3.6500000e+00	   1.5750000e+00	   2.0000000e+00	   1.0000000e+00	   3.0000000e+00	   1.0000000e+00	   1.7390000e+03	
   1.0300000e+02	   1.1300000e+02	   3.0300000e+02	   9.0000000e+00	   2.0000000e+00	   3.7000000e+00	   3.6100000e+00	   1.4900000e+00	   3.0000000e+00	   1.0000000e+00	   2.0000000e+00	   1.0000000e+00	   4.9660000e+03	
   1.0300000e+02	   1.0700000e+02	   3.0800000e+02	   1.3000000e+01	   3.0000000e+00	   3.7000000e+00	   3.8800000e+00	   2.0900000e+00	   2.0000000e+00	   1.0000000e+00	   3.0000000e+00	   1.0000000e+00	   2.7610000e+03	
   1.0800000e+02	   1.1100000e+02	   3.0500000e+02	   1.1000000e+01	   4.0000000e+00	   3.6500000e+00	   4.0450000e+00	   1.9650000e+00	   3.0000000e+00	   2.0000000e+00	   1.0000000e+00	   3.0000000e+00	   2.4140000e+03	
   1.0800000e+02	   1.1200000e+02	   1.1500000e+02	   4.0000000e+00	   2.0000000e+00	   3.6500000e+00	   3.5800000e+00	   3.3300000e+00	   1.0000000e+00	   3.0000000e+00	   2.0000000e+00	   1.0000000e+00	   2.5240000e+03	
   1.0300000e+02	   1.1000000e+02	   3.0600000e+02	   1.2000000e+01	   3.0000000e+00	   3.7000000e+00	   3.5500000e+00	   2.2950000e+00	   2.0000000e+00	   1.0000000e+00	   3.0000000e+00	   1.0000000e+00	   2.7560000e+03	
   1.0600000e+02	   1.0800000e+02	   3.0300000e+02	   9.0000000e+00	   1.0000000e+00	   3.6150000e+00	   3.6500000e+00	   1.4900000e+00	   3.0000000e+00	   1.0000000e+00	   2.0000000e+00	   1.0000000e+00	   2.1070000e+03	
   1.1100000e+02	   1.1200000e+02	   3.1100000e+02	   1.5000000e+01	   4.0000000e+00	   4.0450000e+00	   3.5800000e+00	   3.1500000e-01	   2.0000000e+00	   1.0000000e+00	   3.0000000e+00	   1.0000000e+00	   4.9340000e+03	
   1.0600000e+02	   2.0400000e+02	   3.0500000e+02	   1.1000000e+01	   4.0000000e+00	   3.6150000e+00	   4.0900000e+00	   1.9650000e+00	   3.0000000e+00	   2.0000000e+00	   1.0000000e+00	   3.0000000e+00	   2.5950000e+03	
   1.1200000e+02	   2.0400000e+02	   1.1500000e+02	   4.0000000e+00	   5.0000000e+00	   3.5800000e+00	   4.0900000e+00	   3.3300000e+00	   2.0000000e+00	   3.0000000e+00	   1.0000000e+00	   2.0000000e+00	   4.4790000e+03	
   1.0800000e+02	   1.1200000e+02	   2.1000000e+02	   7.0000000e+00	   2.0000000e+00	   3.6500000e+00	   3.5800000e+00	   1.0350000e+00	   3.0000000e+00	   2.0000000e+00	   1.0000000e+00	   3.0000000e+00	   1.4360000e+03	
   1.0300000e+02	   1.0600000e+02	   3.0400000e+02	   1.0000000e+01	   2.0000000e+00	   3.7000000e+00	   3.6150000e+00	   1.5750000e+00	   2.0000000e+00	   1.0000000e+00	   3.0000000e+00	   1.0000000e+00	   2.2600000e+03	
   1.1100000e+02	   1.1600000e+02	   3.1100000e+02	   1.5000000e+01	   5.0000000e+00	   4.0450000e+00	   3.5500000e+00	   3.1500000e-01	   2.0000000e+00	   1.0000000e+00	   3.0000000e+00	   1.0000000e+00	   4.0160000e+03	
   1.0600000e+02	   1.0800000e+02	   2.0900000e+02	   6.0000000e+00	   1.0000000e+00	   3.6150000e+00	   3.6500000e+00	   2.0250000e+00	   1.0000000e+00	   3.0000000e+00	   2.0000000e+00	   3.0000000e+00	   2.0430000e+03	
   1.1100000e+02	   1.1300000e+02	   1.0100000e+02	   1.0000000e+00	   4.0000000e+00	   4.0450000e+00	   3.6100000e+00	   3.4150000e+00	   2.0000000e+00	   1.0000000e+00	   3.0000000e+00	   1.0000000e+00	   3.6250000e+03	
   1.0600000e+02	   1.0700000e+02	   2.1000000e+02	   7.0000000e+00	   3.0000000e+00	   3.6150000e+00	   3.8800000e+00	   1.0350000e+00	   3.0000000e+00	   2.0000000e+00	   1.0000000e+00	   3.0000000e+00	   1.4860000e+03	
   1.0400000e+02	   2.1200000e+02	   1.0500000e+02	   2.0000000e+00	   4.0000000e+00	   3.6650000e+00	   4.1350000e+00	   3.4950000e+00	   3.0000000e+00	   2.0000000e+00	   1.0000000e+00	   3.0000000e+00	   3.4130000e+03	
   1.0300000e+02	   2.1200000e+02	   2.1100000e+02	   8.0000000e+00	   4.0000000e+00	   3.7000000e+00	   4.1350000e+00	   1.3950000e+00	   2.0000000e+00	   3.0000000e+00	   1.0000000e+00	   3.0000000e+00	   2.3760000e+03	
   1.0300000e+02	   1.1600000e+02	   3.0300000e+02	   9.0000000e+00	   3.0000000e+00	   3.7000000e+00	   3.5500000e+00	   1.4900000e+00	   3.0000000e+00	   1.0000000e+00	   2.0000000e+00	   1.0000000e+00	   3.4840000e+03	
   1.0400000e+02	   1.0800000e+02	   3.0500000e+02	   1.1000000e+01	   1.0000000e+00	   3.6650000e+00	   3.6500000e+00	   1.9650000e+00	   2.0000000e+00	   1.0000000e+00	   3.0000000e+00	   1.0000000e+00	   1.3310000e+03	
   1.0300000e+02	   1.0600000e+02	   2.0900000e+02	   6.0000000e+00	   2.0000000e+00	   3.7000000e+00	   3.6150000e+00	   2.0250000e+00	   1.0000000e+00	   2.0000000e+00	   3.0000000e+00	   2.0000000e+00	   1.7520000e+03	
   1.0700000e+02	   2.0400000e+02	   3.0300000e+02	   9.0000000e+00	   3.0000000e+00	   3.8800000e+00	   4.0900000e+00	   1.4900000e+00	   3.0000000e+00	   1.0000000e+00	   2.0000000e+00	   1.0000000e+00	   3.0720000e+03	
   1.0600000e+02	   2.0700000e+02	   3.0300000e+02	   9.0000000e+00	   1.0000000e+00	   3.6150000e+00	   3.6500000e+00	   1.4900000e+00	   3.0000000e+00	   1.0000000e+00	   2.0000000e+00	   3.0000000e+00	   1.0980000e+03	
   2.1200000e+02	   2.1500000e+02	   1.0500000e+02	   2.0000000e+00	   1.0000000e+00	   4.1350000e+00	   4.1150000e+00	   3.4950000e+00	   2.0000000e+00	   3.0000000e+00	   1.0000000e+00	   3.0000000e+00	   3.7040000e+03	
   1.0700000e+02	   1.1200000e+02	   3.0500000e+02	   1.1000000e+01	   3.0000000e+00	   3.8800000e+00	   3.5800000e+00	   1.9650000e+00	   2.0000000e+00	   1.0000000e+00	   3.0000000e+00	   1.0000000e+00	   2.9190000e+03	
   1.1200000e+02	   2.1200000e+02	   1.0500000e+02	   2.0000000e+00	   5.0000000e+00	   3.5800000e+00	   4.1350000e+00	   3.4950000e+00	   1.0000000e+00	   2.0000000e+00	   3.0000000e+00	   1.0000000e+00	   5.4540000e+03	
   1.0800000e+02	   2.0500000e+02	   1.0100000e+02	   1.0000000e+00	   4.0000000e+00	   3.6500000e+00	   4.1050000e+00	   3.4150000e+00	   1.0000000e+00	   2.0000000e+00	   3.0000000e+00	   2.0000000e+00	   1.6800000e+03	
   1.0700000e+02	   2.0700000e+02	   2.1000000e+02	   7.0000000e+00	   3.0000000e+00	   3.8800000e+00	   3.6500000e+00	   1.0350000e+00	   3.0000000e+00	   1.0000000e+00	   2.0000000e+00	   1.0000000e+00	   1.6030000e+03	
   1.0400000e+02	   1.0600000e+02	   2.1000000e+02	   7.0000000e+00	   2.0000000e+00	   3.6650000e+00	   3.6150000e+00	   1.0350000e+00	   2.0000000e+00	   1.0000000e+00	   3.0000000e+00	   1.0000000e+00	   2.0980000e+03	
   1.0700000e+02	   2.1500000e+02	   3.0300000e+02	   9.0000000e+00	   3.0000000e+00	   3.8800000e+00	   4.1150000e+00	   1.4900000e+00	   1.0000000e+00	   2.0000000e+00	   3.0000000e+00	   2.0000000e+00	   1.5110000e+03	
   1.0400000e+02	   1.1300000e+02	   2.0800000e+02	   5.0000000e+00	   2.0000000e+00	   3.6650000e+00	   3.6100000e+00	   8.0000000e-01	   1.0000000e+00	   3.0000000e+00	   2.0000000e+00	   1.0000000e+00	   2.1840000e+03	
   1.0600000e+02	   2.0500000e+02	   2.1000000e+02	   7.0000000e+00	   5.0000000e+00	   3.6150000e+00	   4.1050000e+00	   1.0350000e+00	   2.0000000e+00	   1.0000000e+00	   3.0000000e+00	   1.0000000e+00	   2.4950000e+03	
   1.0700000e+02	   1.1000000e+02	   3.0400000e+02	   1.0000000e+01	   3.0000000e+00	   3.8800000e+00	   3.5500000e+00	   1.5750000e+00	   2.0000000e+00	   3.0000000e+00	   1.0000000e+00	   3.0000000e+00	   6.7320000e+03	
   1.1200000e+02	   2.1500000e+02	   2.1000000e+02	   7.0000000e+00	   5.0000000e+00	   3.5800000e+00	   4.1150000e+00	   1.0350000e+00	   3.0000000e+00	   2.0000000e+00	   1.0000000e+00	   2.0000000e+00	   4.3700000e+03	
   1.1100000e+02	   2.0500000e+02	   1.1500000e+02	   4.0000000e+00	   2.0000000e+00	   4.0450000e+00	   4.1050000e+00	   3.3300000e+00	   3.0000000e+00	   1.0000000e+00	   2.0000000e+00	   1.0000000e+00	   2.0150000e+03	
   1.0400000e+02	   1.1300000e+02	   3.0900000e+02	   1.4000000e+01	   2.0000000e+00	   3.6650000e+00	   3.6100000e+00	   2.6150000e+00	   3.0000000e+00	   1.0000000e+00	   2.0000000e+00	   3.0000000e+00	   3.1840000e+03	
   1.0800000e+02	   1.1200000e+02	   3.0600000e+02	   1.2000000e+01	   2.0000000e+00	   3.6500000e+00	   3.5800000e+00	   2.2950000e+00	   1.0000000e+00	   3.0000000e+00	   2.0000000e+00	   1.0000000e+00	   1.8340000e+03	
   1.0700000e+02	   1.1300000e+02	   2.0900000e+02	   6.0000000e+00	   3.0000000e+00	   3.8800000e+00	   3.6100000e+00	   2.0250000e+00	   3.0000000e+00	   2.0000000e+00	   1.0000000e+00	   3.0000000e+00	   2.4290000e+03	
   1.0400000e+02	   1.1200000e+02	   1.0500000e+02	   2.0000000e+00	   2.0000000e+00	   3.6650000e+00	   3.5800000e+00	   3.4950000e+00	   2.0000000e+00	   1.0000000e+00	   3.0000000e+00	   2.0000000e+00	   3.2790000e+03	
   1.1200000e+02	   2.0500000e+02	   2.0900000e+02	   6.0000000e+00	   5.0000000e+00	   3.5800000e+00	   4.1050000e+00	   2.0250000e+00	   2.0000000e+00	   1.0000000e+00	   3.0000000e+00	   1.0000000e+00	   2.3070000e+03	
   1.1100000e+02	   2.1200000e+02	   3.0400000e+02	   1.0000000e+01	   2.0000000e+00	   4.0450000e+00	   4.1350000e+00	   1.5750000e+00	   3.0000000e+00	   1.0000000e+00	   2.0000000e+00	   1.0000000e+00	   3.0450000e+03	
   1.0700000e+02	   2.0700000e+02	   1.1500000e+02	   4.0000000e+00	   3.0000000e+00	   3.8800000e+00	   3.6500000e+00	   3.3300000e+00	   3.0000000e+00	   2.0000000e+00	   1.0000000e+00	   2.0000000e+00	   1.2510000e+03	
   1.1200000e+02	   2.1200000e+02	   3.0500000e+02	   1.1000000e+01	   5.0000000e+00	   3.5800000e+00	   4.1350000e+00	   1.9650000e+00	   3.0000000e+00	   1.0000000e+00	   2.0000000e+00	   1.0000000e+00	   2.6130000e+03	
   1.1000000e+02	   2.1500000e+02	   2.0800000e+02	   5.0000000e+00	   5.0000000e+00	   3.5500000e+00	   4.1150000e+00	   8.0000000e-01	   1.0000000e+00	   2.0000000e+00	   3.0000000e+00	   2.0000000e+00	   1.7930000e+03	
   1.1300000e+02	   2.0400000e+02	   3.0300000e+02	   9.0000000e+00	   4.0000000e+00	   3.6100000e+00	   4.0900000e+00	   1.4900000e+00	   2.0000000e+00	   3.0000000e+00	   1.0000000e+00	   3.0000000e+00	   3.2400000e+03	
   1.0700000e+02	   1.0800000e+02	   2.0800000e+02	   5.0000000e+00	   3.0000000e+00	   3.8800000e+00	   3.6500000e+00	   8.0000000e-01	   2.0000000e+00	   1.0000000e+00	   3.0000000e+00	   1.0000000e+00	   1.7170000e+03	
   1.0400000e+02	   2.0700000e+02	   3.0400000e+02	   1.0000000e+01	   1.0000000e+00	   3.6650000e+00	   3.6500000e+00	   1.5750000e+00	   1.0000000e+00	   3.0000000e+00	   2.0000000e+00	   3.0000000e+00	   2.0110000e+03	
   1.1100000e+02	   2.1200000e+02	   1.1400000e+02	   3.0000000e+00	   2.0000000e+00	   4.0450000e+00	   4.1350000e+00	   3.4900000e+00	   1.0000000e+00	   2.0000000e+00	   3.0000000e+00	   2.0000000e+00	   4.6040000e+03	
   1.1300000e+02	   2.1500000e+02	   1.0500000e+02	   2.0000000e+00	   5.0000000e+00	   3.6100000e+00	   4.1150000e+00	   3.4950000e+00	   2.0000000e+00	   3.0000000e+00	   1.0000000e+00	   3.0000000e+00	   3.0070000e+03	
   1.0800000e+02	   1.1600000e+02	   3.0800000e+02	   1.3000000e+01	   2.0000000e+00	   3.6500000e+00	   3.5500000e+00	   2.0900000e+00	   3.0000000e+00	   2.0000000e+00	   1.0000000e+00	   3.0000000e+00	   1.1280000e+03	
   1.0700000e+02	   2.1500000e+02	   2.0800000e+02	   5.0000000e+00	   3.0000000e+00	   3.8800000e+00	   4.1150000e+00	   8.0000000e-01	   2.0000000e+00	   1.0000000e+00	   3.0000000e+00	   1.0000000e+00	   2.2850000e+03	
   1.1100000e+02	   2.0700000e+02	   3.1100000e+02	   1.5000000e+01	   4.0000000e+00	   4.0450000e+00	   3.6500000e+00	   3.1500000e-01	   3.0000000e+00	   1.0000000e+00	   2.0000000e+00	   1.0000000e+00	   9.3400000e+02	
   1.0600000e+02	   1.1300000e+02	   3.0900000e+02	   1.4000000e+01	   1.0000000e+00	   3.6150000e+00	   3.6100000e+00	   2.6150000e+00	   1.0000000e+00	   3.0000000e+00	   2.0000000e+00	   1.0000000e+00	   1.9900000e+03	
   1.0700000e+02	   1.1000000e+02	   3.0500000e+02	   1.1000000e+01	   3.0000000e+00	   3.8800000e+00	   3.5500000e+00	   1.9650000e+00	   1.0000000e+00	   2.0000000e+00	   3.0000000e+00	   2.0000000e+00	   4.4960000e+03	
   1.0300000e+02	   1.0600000e+02	   3.0500000e+02	   1.1000000e+01	   2.0000000e+00	   3.7000000e+00	   3.6150000e+00	   1.9650000e+00	   3.0000000e+00	   2.0000000e+00	   1.0000000e+00	   2.0000000e+00	   1.8740000e+03	
   1.1100000e+02	   2.0700000e+02	   1.0100000e+02	   1.0000000e+00	   4.0000000e+00	   4.0450000e+00	   3.6500000e+00	   3.4150000e+00	   2.0000000e+00	   1.0000000e+00	   3.0000000e+00	   1.0000000e+00	   1.2180000e+03	
   1.0600000e+02	   2.0500000e+02	   3.0400000e+02	   1.0000000e+01	   5.0000000e+00	   3.6150000e+00	   4.1050000e+00	   1.5750000e+00	   2.0000000e+00	   3.0000000e+00	   1.0000000e+00	   3.0000000e+00	   1.3420000e+03	
   1.1600000e+02	   2.1500000e+02	   2.1100000e+02	   8.0000000e+00	   5.0000000e+00	   3.5500000e+00	   4.1150000e+00	   1.3950000e+00	   3.0000000e+00	   2.0000000e+00	   1.0000000e+00	   2.0000000e+00	   2.2580000e+03	
   1.0600000e+02	   1.1300000e+02	   3.0600000e+02	   1.2000000e+01	   1.0000000e+00	   3.6150000e+00	   3.6100000e+00	   2.2950000e+00	   3.0000000e+00	   1.0000000e+00	   2.0000000e+00	   3.0000000e+00	   1.9120000e+03	
   2.0400000e+02	   2.0700000e+02	   3.0400000e+02	   1.0000000e+01	   4.0000000e+00	   4.0900000e+00	   3.6500000e+00	   1.5750000e+00	   3.0000000e+00	   2.0000000e+00	   1.0000000e+00	   2.0000000e+00	   1.0770000e+03	
   1.0400000e+02	   2.0700000e+02	   3.0600000e+02	   1.2000000e+01	   1.0000000e+00	   3.6650000e+00	   3.6500000e+00	   2.2950000e+00	   1.0000000e+00	   2.0000000e+00	   3.0000000e+00	   2.0000000e+00	   8.8300000e+02	
   1.0300000e+02	   1.1200000e+02	   2.1000000e+02	   7.0000000e+00	   3.0000000e+00	   3.7000000e+00	   3.5800000e+00	   1.0350000e+00	   3.0000000e+00	   2.0000000e+00	   1.0000000e+00	   2.0000000e+00	   2.0100000e+03	
   1.0700000e+02	   1.1300000e+02	   2.1000000e+02	   7.0000000e+00	   3.0000000e+00	   3.8800000e+00	   3.6100000e+00	   1.0350000e+00	   1.0000000e+00	   2.0000000e+00	   3.0000000e+00	   1.0000000e+00	   2.0190000e+03	
   2.0400000e+02	   2.0700000e+02	   2.0900000e+02	   6.0000000e+00	   4.0000000e+00	   4.0900000e+00	   3.6500000e+00	   2.0250000e+00	   3.0000000e+00	   1.0000000e+00	   2.0000000e+00	   1.0000000e+00	   9.9200000e+02	
   1.1000000e+02	   2.0400000e+02	   3.0500000e+02	   1.1000000e+01	   5.0000000e+00	   3.5500000e+00	   4.0900000e+00	   1.9650000e+00	   1.0000000e+00	   3.0000000e+00	   2.0000000e+00	   1.0000000e+00	   4.0180000e+03	
   1.1100000e+02	   1.1200000e+02	   2.1000000e+02	   7.0000000e+00	   4.0000000e+00	   4.0450000e+00	   3.5800000e+00	   1.0350000e+00	   2.0000000e+00	   3.0000000e+00	   1.0000000e+00	   3.0000000e+00	   1.8810000e+03	
   1.0800000e+02	   1.1200000e+02	   3.1100000e+02	   1.5000000e+01	   2.0000000e+00	   3.6500000e+00	   3.5800000e+00	   3.1500000e-01	   3.0000000e+00	   1.0000000e+00	   2.0000000e+00	   3.0000000e+00	   3.2330000e+03	
   1.1100000e+02	   2.1200000e+02	   2.1100000e+02	   8.0000000e+00	   2.0000000e+00	   4.0450000e+00	   4.1350000e+00	   1.3950000e+00	   1.0000000e+00	   3.0000000e+00	   2.0000000e+00	   3.0000000e+00	   5.8990000e+03	
   1.0300000e+02	   2.0500000e+02	   1.1400000e+02	   3.0000000e+00	   4.0000000e+00	   3.7000000e+00	   4.1050000e+00	   3.4900000e+00	   2.0000000e+00	   3.0000000e+00	   1.0000000e+00	   3.0000000e+00	   1.5380000e+03	
   1.1100000e+02	   1.1200000e+02	   1.1500000e+02	   4.0000000e+00	   4.0000000e+00	   4.0450000e+00	   3.5800000e+00	   3.3300000e+00	   1.0000000e+00	   3.0000000e+00	   2.0000000e+00	   3.0000000e+00	   2.7030000e+03	
   1.0800000e+02	   2.0700000e+02	   3.0500000e+02	   1.1000000e+01	   1.0000000e+00	   3.6500000e+00	   3.6500000e+00	   1.9650000e+00	   1.0000000e+00	   2.0000000e+00	   3.0000000e+00	   2.0000000e+00	   9.4100000e+02	
   1.0800000e+02	   1.1600000e+02	   1.1500000e+02	   4.0000000e+00	   2.0000000e+00	   3.6500000e+00	   3.5500000e+00	   3.3300000e+00	   1.0000000e+00	   3.0000000e+00	   2.0000000e+00	   1.0000000e+00	   1.5850000e+03	
   1.0400000e+02	   2.0400000e+02	   3.0900000e+02	   1.4000000e+01	   4.0000000e+00	   3.6650000e+00	   4.0900000e+00	   2.6150000e+00	   1.0000000e+00	   2.0000000e+00	   3.0000000e+00	   1.0000000e+00	   1.7220000e+03	
   1.1000000e+02	   2.0700000e+02	   1.0500000e+02	   2.0000000e+00	   2.0000000e+00	   3.5500000e+00	   3.6500000e+00	   3.4950000e+00	   2.0000000e+00	   3.0000000e+00	   1.0000000e+00	   3.0000000e+00	   1.7990000e+03	
   1.0300000e+02	   1.1600000e+02	   3.0400000e+02	   1.0000000e+01	   3.0000000e+00	   3.7000000e+00	   3.5500000e+00	   1.5750000e+00	   3.0000000e+00	   1.0000000e+00	   2.0000000e+00	   1.0000000e+00	   4.2460000e+03	
   1.0600000e+02	   1.0700000e+02	   1.0500000e+02	   2.0000000e+00	   3.0000000e+00	   3.6150000e+00	   3.8800000e+00	   3.4950000e+00	   2.0000000e+00	   1.0000000e+00	   3.0000000e+00	   2.0000000e+00	   2.0460000e+03	
   1.1000000e+02	   2.1500000e+02	   1.1400000e+02	   3.0000000e+00	   5.0000000e+00	   3.5500000e+00	   4.1150000e+00	   3.4900000e+00	   2.0000000e+00	   1.0000000e+00	   3.0000000e+00	   1.0000000e+00	   1.9180000e+03	
   1.0600000e+02	   2.1200000e+02	   2.1100000e+02	   8.0000000e+00	   5.0000000e+00	   3.6150000e+00	   4.1350000e+00	   1.3950000e+00	   2.0000000e+00	   1.0000000e+00	   3.0000000e+00	   2.0000000e+00	   1.8730000e+03	
   1.0300000e+02	   2.0700000e+02	   3.0600000e+02	   1.2000000e+01	   2.0000000e+00	   3.7000000e+00	   3.6500000e+00	   2.2950000e+00	   1.0000000e+00	   3.0000000e+00	   2.0000000e+00	   3.0000000e+00	   1.6520000e+03	
   1.0600000e+02	   1.1200000e+02	   3.1100000e+02	   1.5000000e+01	   1.0000000e+00	   3.6150000e+00	   3.5800000e+00	   3.1500000e-01	   1.0000000e+00	   3.0000000e+00	   2.0000000e+00	   3.0000000e+00	   1.8420000e+03	
   1.0800000e+02	   2.1200000e+02	   3.0900000e+02	   1.4000000e+01	   4.0000000e+00	   3.6500000e+00	   4.1350000e+00	   2.6150000e+00	   2.0000000e+00	   1.0000000e+00	   3.0000000e+00	   2.0000000e+00	   1.1610000e+03	
   1.0700000e+02	   2.0700000e+02	   3.0400000e+02	   1.0000000e+01	   3.0000000e+00	   3.8800000e+00	   3.6500000e+00	   1.5750000e+00	   1.0000000e+00	   3.0000000e+00	   2.0000000e+00	   3.0000000e+00	   7.0800000e+02	
   1.0600000e+02	   2.0700000e+02	   1.0100000e+02	   1.0000000e+00	   1.0000000e+00	   3.6150000e+00	   3.6500000e+00	   3.4150000e+00	   3.0000000e+00	   2.0000000e+00	   1.0000000e+00	   2.0000000e+00	   9.7500000e+02	
   1.0700000e+02	   1.1200000e+02	   2.0900000e+02	   6.0000000e+00	   3.0000000e+00	   3.8800000e+00	   3.5800000e+00	   2.0250000e+00	   2.0000000e+00	   1.0000000e+00	   3.0000000e+00	   1.0000000e+00	   1.7690000e+03	
   1.0700000e+02	   2.0400000e+02	   3.0600000e+02	   1.2000000e+01	   3.0000000e+00	   3.8800000e+00	   4.0900000e+00	   2.2950000e+00	   2.0000000e+00	   3.0000000e+00	   1.0000000e+00	   2.0000000e+00	   3.8610000e+03	
   1.0700000e+02	   2.0700000e+02	   2.1100000e+02	   8.0000000e+00	   3.0000000e+00	   3.8800000e+00	   3.6500000e+00	   1.3950000e+00	   1.0000000e+00	   3.0000000e+00	   2.0000000e+00	   3.0000000e+00	   9.2200000e+02	
   2.0400000e+02	   2.0700000e+02	   2.1000000e+02	   7.0000000e+00	   4.0000000e+00	   4.0900000e+00	   3.6500000e+00	   1.0350000e+00	   1.0000000e+00	   2.0000000e+00	   3.0000000e+00	   2.0000000e+00	   9.7300000e+02	
   1.1200000e+02	   2.1500000e+02	   2.0800000e+02	   5.0000000e+00	   5.0000000e+00	   3.5800000e+00	   4.1150000e+00	   8.0000000e-01	   2.0000000e+00	   1.0000000e+00	   3.0000000e+00	   1.0000000e+00	   4.8590000e+03	
   1.1600000e+02	   2.1500000e+02	   1.0100000e+02	   1.0000000e+00	   5.0000000e+00	   3.5500000e+00	   4.1150000e+00	   3.4150000e+00	   3.0000000e+00	   2.0000000e+00	   1.0000000e+00	   3.0000000e+00	   1.8050000e+03	
   1.0600000e+02	   2.0500000e+02	   3.1100000e+02	   1.5000000e+01	   5.0000000e+00	   3.6150000e+00	   4.1050000e+00	   3.1500000e-01	   3.0000000e+00	   1.0000000e+00	   2.0000000e+00	   1.0000000e+00	   2.1980000e+03	
   1.1100000e+02	   2.0500000e+02	   1.1400000e+02	   3.0000000e+00	   2.0000000e+00	   4.0450000e+00	   4.1050000e+00	   3.4900000e+00	   2.0000000e+00	   1.0000000e+00	   3.0000000e+00	   1.0000000e+00	   2.0880000e+03	
   1.0400000e+02	   2.0500000e+02	   3.1100000e+02	   1.5000000e+01	   4.0000000e+00	   3.6650000e+00	   4.1050000e+00	   3.1500000e-01	   2.0000000e+00	   3.0000000e+00	   1.0000000e+00	   3.0000000e+00	   8.3600000e+02	
   1.0800000e+02	   1.1300000e+02	   1.0500000e+02	   2.0000000e+00	   1.0000000e+00	   3.6500000e+00	   3.6100000e+00	   3.4950000e+00	   1.0000000e+00	   2.0000000e+00	   3.0000000e+00	   1.0000000e+00	   1.2390000e+03	
   1.1200000e+02	   1.1300000e+02	   2.1100000e+02	   8.0000000e+00	   1.0000000e+00	   3.5800000e+00	   3.6100000e+00	   1.3950000e+00	   2.0000000e+00	   1.0000000e+00	   3.0000000e+00	   2.0000000e+00	   1.1720000e+03	
   1.0600000e+02	   1.0700000e+02	   1.0100000e+02	   1.0000000e+00	   3.0000000e+00	   3.6150000e+00	   3.8800000e+00	   3.4150000e+00	   2.0000000e+00	   1.0000000e+00	   3.0000000e+00	   2.0000000e+00	   4.1100000e+03	
   2.1200000e+02	   2.1500000e+02	   3.0600000e+02	   1.2000000e+01	   1.0000000e+00	   4.1350000e+00	   4.1150000e+00	   2.2950000e+00	   3.0000000e+00	   1.0000000e+00	   2.0000000e+00	   1.0000000e+00	   2.4650000e+03	
   1.1300000e+02	   1.1600000e+02	   1.1400000e+02	   3.0000000e+00	   2.0000000e+00	   3.6100000e+00	   3.5500000e+00	   3.4900000e+00	   3.0000000e+00	   1.0000000e+00	   2.0000000e+00	   1.0000000e+00	   1.6090000e+03	
   1.0400000e+02	   1.0600000e+02	   3.0300000e+02	   9.0000000e+00	   2.0000000e+00	   3.6650000e+00	   3.6150000e+00	   1.4900000e+00	   3.0000000e+00	   2.0000000e+00	   1.0000000e+00	   2.0000000e+00	   1.3860000e+03	
   1.0400000e+02	   1.1300000e+02	   1.0500000e+02	   2.0000000e+00	   2.0000000e+00	   3.6650000e+00	   3.6100000e+00	   3.4950000e+00	   3.0000000e+00	   2.0000000e+00	   1.0000000e+00	   3.0000000e+00	   4.5830000e+03	
   1.0400000e+02	   2.0400000e+02	   2.0800000e+02	   5.0000000e+00	   4.0000000e+00	   3.6650000e+00	   4.0900000e+00	   8.0000000e-01	   2.0000000e+00	   1.0000000e+00	   3.0000000e+00	   2.0000000e+00	   2.4720000e+03	
   1.0300000e+02	   2.1500000e+02	   1.1400000e+02	   3.0000000e+00	   4.0000000e+00	   3.7000000e+00	   4.1150000e+00	   3.4900000e+00	   1.0000000e+00	   3.0000000e+00	   2.0000000e+00	   3.0000000e+00	   2.2130000e+03	
   1.0400000e+02	   1.0700000e+02	   2.0900000e+02	   6.0000000e+00	   3.0000000e+00	   3.6650000e+00	   3.8800000e+00	   2.0250000e+00	   1.0000000e+00	   2.0000000e+00	   3.0000000e+00	   1.0000000e+00	   2.1760000e+03	
   1.0800000e+02	   1.1000000e+02	   2.0800000e+02	   5.0000000e+00	   2.0000000e+00	   3.6500000e+00	   3.5500000e+00	   8.0000000e-01	   1.0000000e+00	   3.0000000e+00	   2.0000000e+00	   1.0000000e+00	   9.9200000e+02	
   1.0400000e+02	   2.1200000e+02	   2.1100000e+02	   8.0000000e+00	   4.0000000e+00	   3.6650000e+00	   4.1350000e+00	   1.3950000e+00	   3.0000000e+00	   2.0000000e+00	   1.0000000e+00	   3.0000000e+00	   2.4220000e+03	
   1.0400000e+02	   1.0600000e+02	   2.1100000e+02	   8.0000000e+00	   2.0000000e+00	   3.6650000e+00	   3.6150000e+00	   1.3950000e+00	   1.0000000e+00	   3.0000000e+00	   2.0000000e+00	   1.0000000e+00	   1.9480000e+03	
   1.0700000e+02	   2.0400000e+02	   2.0800000e+02	   5.0000000e+00	   3.0000000e+00	   3.8800000e+00	   4.0900000e+00	   8.0000000e-01	   1.0000000e+00	   3.0000000e+00	   2.0000000e+00	   3.0000000e+00	   4.6460000e+03	
   1.1300000e+02	   2.0500000e+02	   3.0400000e+02	   1.0000000e+01	   5.0000000e+00	   3.6100000e+00	   4.1050000e+00	   1.5750000e+00	   1.0000000e+00	   2.0000000e+00	   3.0000000e+00	   2.0000000e+00	   2.0870000e+03	
   1.0400000e+02	   2.0700000e+02	   1.1500000e+02	   4.0000000e+00	   1.0000000e+00	   3.6650000e+00	   3.6500000e+00	   3.3300000e+00	   1.0000000e+00	   2.0000000e+00	   3.0000000e+00	   2.0000000e+00	   6.8900000e+02	
   1.1000000e+02	   2.1200000e+02	   2.1100000e+02	   8.0000000e+00	   5.0000000e+00	   3.5500000e+00	   4.1350000e+00	   1.3950000e+00	   2.0000000e+00	   1.0000000e+00	   3.0000000e+00	   2.0000000e+00	   4.0430000e+03	
   1.0600000e+02	   1.0700000e+02	   3.0600000e+02	   1.2000000e+01	   3.0000000e+00	   3.6150000e+00	   3.8800000e+00	   2.2950000e+00	   2.0000000e+00	   1.0000000e+00	   3.0000000e+00	   2.0000000e+00	   2.2300000e+03	
   2.0700000e+02	   2.1500000e+02	   2.0900000e+02	   6.0000000e+00	   4.0000000e+00	   3.6500000e+00	   4.1150000e+00	   2.0250000e+00	   3.0000000e+00	   2.0000000e+00	   1.0000000e+00	   3.0000000e+00	   1.8560000e+03	
   1.0300000e+02	   1.0600000e+02	   3.0900000e+02	   1.4000000e+01	   2.0000000e+00	   3.7000000e+00	   3.6150000e+00	   2.6150000e+00	   2.0000000e+00	   3.0000000e+00	   1.0000000e+00	   3.0000000e+00	   2.3860000e+03	
   1.1000000e+02	   1.1300000e+02	   2.0900000e+02	   6.0000000e+00	   2.0000000e+00	   3.5500000e+00	   3.6100000e+00	   2.0250000e+00	   1.0000000e+00	   3.0000000e+00	   2.0000000e+00	   1.0000000e+00	   2.9740000e+03	
   1.0700000e+02	   1.1200000e+02	   3.0900000e+02	   1.4000000e+01	   3.0000000e+00	   3.8800000e+00	   3.5800000e+00	   2.6150000e+00	   3.0000000e+00	   1.0000000e+00	   2.0000000e+00	   1.0000000e+00	   3.2170000e+03	
   1.0700000e+02	   1.1000000e+02	   1.1400000e+02	   3.0000000e+00	   3.0000000e+00	   3.8800000e+00	   3.5500000e+00	   3.4900000e+00	   3.0000000e+00	   1.0000000e+00	   2.0000000e+00	   1.0000000e+00	   2.4190000e+03	
   2.0400000e+02	   2.1200000e+02	   2.0800000e+02	   5.0000000e+00	   1.0000000e+00	   4.0900000e+00	   4.1350000e+00	   8.0000000e-01	   2.0000000e+00	   3.0000000e+00	   1.0000000e+00	   3.0000000e+00	   3.2720000e+03	
   1.1000000e+02	   2.0500000e+02	   3.0300000e+02	   9.0000000e+00	   5.0000000e+00	   3.5500000e+00	   4.1050000e+00	   1.4900000e+00	   3.0000000e+00	   1.0000000e+00	   2.0000000e+00	   1.0000000e+00	   1.0960000e+03	
   1.0300000e+02	   1.1100000e+02	   3.0600000e+02	   1.2000000e+01	   3.0000000e+00	   3.7000000e+00	   4.0450000e+00	   2.2950000e+00	   1.0000000e+00	   3.0000000e+00	   2.0000000e+00	   3.0000000e+00	   4.4310000e+03	
   1.0800000e+02	   1.1200000e+02	   1.0500000e+02	   2.0000000e+00	   2.0000000e+00	   3.6500000e+00	   3.5800000e+00	   3.4950000e+00	   3.0000000e+00	   1.0000000e+00	   2.0000000e+00	   3.0000000e+00	   1.3440000e+03	
   1.0300000e+02	   1.0400000e+02	   1.1500000e+02	   4.0000000e+00	   1.0000000e+00	   3.7000000e+00	   3.6650000e+00	   3.3300000e+00	   3.0000000e+00	   2.0000000e+00	   1.0000000e+00	   2.0000000e+00	   1.5100000e+03	
   1.0600000e+02	   2.0400000e+02	   1.1400000e+02	   3.0000000e+00	   4.0000000e+00	   3.6150000e+00	   4.0900000e+00	   3.4900000e+00	   1.0000000e+00	   3.0000000e+00	   2.0000000e+00	   1.0000000e+00	   1.4750000e+03	
   1.1000000e+02	   2.0700000e+02	   3.1100000e+02	   1.5000000e+01	   2.0000000e+00	   3.5500000e+00	   3.6500000e+00	   3.1500000e-01	   2.0000000e+00	   3.0000000e+00	   1.0000000e+00	   3.0000000e+00	   9.3200000e+02	
   1.0700000e+02	   1.1200000e+02	   1.1400000e+02	   3.0000000e+00	   3.0000000e+00	   3.8800000e+00	   3.5800000e+00	   3.4900000e+00	   2.0000000e+00	   1.0000000e+00	   3.0000000e+00	   1.0000000e+00	   2.1780000e+03	
   1.1100000e+02	   2.0400000e+02	   2.0800000e+02	   5.0000000e+00	   1.0000000e+00	   4.0450000e+00	   4.0900000e+00	   8.0000000e-01	   3.0000000e+00	   2.0000000e+00	   1.0000000e+00	   2.0000000e+00	   2.7910000e+03	
   2.0700000e+02	   2.1500000e+02	   3.0400000e+02	   1.0000000e+01	   4.0000000e+00	   3.6500000e+00	   4.1150000e+00	   1.5750000e+00	   2.0000000e+00	   1.0000000e+00	   3.0000000e+00	   2.0000000e+00	   9.4500000e+02	
   1.1300000e+02	   2.0500000e+02	   3.0600000e+02	   1.2000000e+01	   5.0000000e+00	   3.6100000e+00	   4.1050000e+00	   2.2950000e+00	   3.0000000e+00	   2.0000000e+00	   1.0000000e+00	   2.0000000e+00	   1.1120000e+03	
   1.1100000e+02	   2.1200000e+02	   2.0900000e+02	   6.0000000e+00	   2.0000000e+00	   4.0450000e+00	   4.1350000e+00	   2.0250000e+00	   2.0000000e+00	   1.0000000e+00	   3.0000000e+00	   2.0000000e+00	   3.2390000e+03	
   1.1000000e+02	   1.1300000e+02	   3.0900000e+02	   1.4000000e+01	   2.0000000e+00	   3.5500000e+00	   3.6100000e+00	   2.6150000e+00	   2.0000000e+00	   3.0000000e+00	   1.0000000e+00	   2.0000000e+00	   1.7350000e+03	
   1.1200000e+02	   1.1300000e+02	   3.0800000e+02	   1.3000000e+01	   1.0000000e+00	   3.5800000e+00	   3.6100000e+00	   2.0900000e+00	   1.0000000e+00	   2.0000000e+00	   3.0000000e+00	   1.0000000e+00	   1.6430000e+03	
   1.1200000e+02	   2.1500000e+02	   2.1100000e+02	   8.0000000e+00	   5.0000000e+00	   3.5800000e+00	   4.1150000e+00	   1.3950000e+00	   2.0000000e+00	   3.0000000e+00	   1.0000000e+00	   3.0000000e+00	   5.0920000e+03	
   1.0400000e+02	   1.1000000e+02	   3.0300000e+02	   9.0000000e+00	   2.0000000e+00	   3.6650000e+00	   3.5500000e+00	   1.4900000e+00	   2.0000000e+00	   3.0000000e+00	   1.0000000e+00	   2.0000000e+00	   2.7250000e+03	
   1.1300000e+02	   2.0400000e+02	   3.0900000e+02	   1.4000000e+01	   4.0000000e+00	   3.6100000e+00	   4.0900000e+00	   2.6150000e+00	   2.0000000e+00	   1.0000000e+00	   3.0000000e+00	   1.0000000e+00	   3.4500000e+03	
   1.0600000e+02	   1.0700000e+02	   3.0800000e+02	   1.3000000e+01	   3.0000000e+00	   3.6150000e+00	   3.8800000e+00	   2.0900000e+00	   3.0000000e+00	   2.0000000e+00	   1.0000000e+00	   3.0000000e+00	   2.2720000e+03	
   1.0300000e+02	   1.1200000e+02	   3.1100000e+02	   1.5000000e+01	   3.0000000e+00	   3.7000000e+00	   3.5800000e+00	   3.1500000e-01	   1.0000000e+00	   3.0000000e+00	   2.0000000e+00	   3.0000000e+00	   1.2570000e+03	
   1.0300000e+02	   2.1500000e+02	   3.0500000e+02	   1.1000000e+01	   4.0000000e+00	   3.7000000e+00	   4.1150000e+00	   1.9650000e+00	   1.0000000e+00	   2.0000000e+00	   3.0000000e+00	   2.0000000e+00	   1.6860000e+03	
   1.0700000e+02	   1.1600000e+02	   3.0900000e+02	   1.4000000e+01	   3.0000000e+00	   3.8800000e+00	   3.5500000e+00	   2.6150000e+00	   1.0000000e+00	   2.0000000e+00	   3.0000000e+00	   2.0000000e+00	   2.2370000e+03	
   1.0300000e+02	   1.1000000e+02	   3.0500000e+02	   1.1000000e+01	   3.0000000e+00	   3.7000000e+00	   3.5500000e+00	   1.9650000e+00	   3.0000000e+00	   1.0000000e+00	   2.0000000e+00	   1.0000000e+00	   3.1520000e+03	
   2.0500000e+02	   2.1500000e+02	   2.0900000e+02	   6.0000000e+00	   1.0000000e+00	   4.1050000e+00	   4.1150000e+00	   2.0250000e+00	   3.0000000e+00	   2.0000000e+00	   1.0000000e+00	   3.0000000e+00	   2.3460000e+03	
   1.0400000e+02	   1.0800000e+02	   1.1400000e+02	   3.0000000e+00	   1.0000000e+00	   3.6650000e+00	   3.6500000e+00	   3.4900000e+00	   1.0000000e+00	   2.0000000e+00	   3.0000000e+00	   2.0000000e+00	   1.2170000e+03	
   1.0700000e+02	   1.1000000e+02	   1.0100000e+02	   1.0000000e+00	   3.0000000e+00	   3.8800000e+00	   3.5500000e+00	   3.4150000e+00	   2.0000000e+00	   3.0000000e+00	   1.0000000e+00	   3.0000000e+00	   4.0420000e+03	
   1.0400000e+02	   2.1200000e+02	   3.0500000e+02	   1.1000000e+01	   4.0000000e+00	   3.6650000e+00	   4.1350000e+00	   1.9650000e+00	   1.0000000e+00	   2.0000000e+00	   3.0000000e+00	   1.0000000e+00	   1.4300000e+03	
   1.0400000e+02	   1.1100000e+02	   3.0800000e+02	   1.3000000e+01	   3.0000000e+00	   3.6650000e+00	   4.0450000e+00	   2.0900000e+00	   2.0000000e+00	   3.0000000e+00	   1.0000000e+00	   2.0000000e+00	   2.6080000e+03	
   1.1300000e+02	   2.0500000e+02	   2.0800000e+02	   5.0000000e+00	   5.0000000e+00	   3.6100000e+00	   4.1050000e+00	   8.0000000e-01	   2.0000000e+00	   3.0000000e+00	   1.0000000e+00	   3.0000000e+00	   1.3260000e+03	
   1.0800000e+02	   2.0700000e+02	   3.0900000e+02	   1.4000000e+01	   1.0000000e+00	   3.6500000e+00	   3.6500000e+00	   2.6150000e+00	   3.0000000e+00	   1.0000000e+00	   2.0000000e+00	   1.0000000e+00	   9.5000000e+02	
   1.1300000e+02	   2.1200000e+02	   1.0100000e+02	   1.0000000e+00	   5.0000000e+00	   3.6100000e+00	   4.1350000e+00	   3.4150000e+00	   1.0000000e+00	   3.0000000e+00	   2.0000000e+00	   3.0000000e+00	   2.7230000e+03	
   1.0800000e+02	   2.0500000e+02	   3.0400000e+02	   1.0000000e+01	   4.0000000e+00	   3.6500000e+00	   4.1050000e+00	   1.5750000e+00	   2.0000000e+00	   1.0000000e+00	   3.0000000e+00	   1.0000000e+00	   1.4430000e+03	
   1.0700000e+02	   1.1100000e+02	   2.0800000e+02	   5.0000000e+00	   3.0000000e+00	   3.8800000e+00	   4.0450000e+00	   8.0000000e-01	   1.0000000e+00	   2.0000000e+00	   3.0000000e+00	   1.0000000e+00	   2.7620000e+03	
   1.1200000e+02	   1.1600000e+02	   3.1100000e+02	   1.5000000e+01	   1.0000000e+00	   3.5800000e+00	   3.5500000e+00	   3.1500000e-01	   3.0000000e+00	   2.0000000e+00	   1.0000000e+00	   2.0000000e+00	   2.9320000e+03	
   1.0600000e+02	   1.1300000e+02	   2.0800000e+02	   5.0000000e+00	   1.0000000e+00	   3.6150000e+00	   3.6100000e+00	   8.0000000e-01	   1.0000000e+00	   2.0000000e+00	   3.0000000e+00	   1.0000000e+00	   1.7560000e+03	
   1.0800000e+02	   1.1000000e+02	   2.1100000e+02	   8.0000000e+00	   2.0000000e+00	   3.6500000e+00	   3.5500000e+00	   1.3950000e+00	   2.0000000e+00	   3.0000000e+00	   1.0000000e+00	   2.0000000e+00	   1.7420000e+03	
   1.1100000e+02	   1.1300000e+02	   3.1100000e+02	   1.5000000e+01	   4.0000000e+00	   4.0450000e+00	   3.6100000e+00	   3.1500000e-01	   1.0000000e+00	   2.0000000e+00	   3.0000000e+00	   1.0000000e+00	   2.9800000e+03	
   1.1200000e+02	   2.0700000e+02	   3.0600000e+02	   1.2000000e+01	   2.0000000e+00	   3.5800000e+00	   3.6500000e+00	   2.2950000e+00	   2.0000000e+00	   3.0000000e+00	   1.0000000e+00	   3.0000000e+00	   1.7740000e+03	
   1.1300000e+02	   2.0500000e+02	   2.0900000e+02	   6.0000000e+00	   5.0000000e+00	   3.6100000e+00	   4.1050000e+00	   2.0250000e+00	   2.0000000e+00	   1.0000000e+00	   3.0000000e+00	   1.0000000e+00	   1.8220000e+03	
   1.0600000e+02	   1.1200000e+02	   3.0800000e+02	   1.3000000e+01	   1.0000000e+00	   3.6150000e+00	   3.5800000e+00	   2.0900000e+00	   1.0000000e+00	   2.0000000e+00	   3.0000000e+00	   1.0000000e+00	   3.7250000e+03	
   1.0800000e+02	   1.1100000e+02	   3.0600000e+02	   1.2000000e+01	   4.0000000e+00	   3.6500000e+00	   4.0450000e+00	   2.2950000e+00	   1.0000000e+00	   2.0000000e+00	   3.0000000e+00	   1.0000000e+00	   1.0020000e+03	
   1.0600000e+02	   1.0700000e+02	   2.1100000e+02	   8.0000000e+00	   3.0000000e+00	   3.6150000e+00	   3.8800000e+00	   1.3950000e+00	   2.0000000e+00	   3.0000000e+00	   1.0000000e+00	   2.0000000e+00	   3.1980000e+03	
   2.0700000e+02	   2.1500000e+02	   2.1100000e+02	   8.0000000e+00	   4.0000000e+00	   3.6500000e+00	   4.1150000e+00	   1.3950000e+00	   2.0000000e+00	   1.0000000e+00	   3.0000000e+00	   2.0000000e+00	   1.7220000e+03	
   1.0800000e+02	   1.1100000e+02	   1.1500000e+02	   4.0000000e+00	   4.0000000e+00	   3.6500000e+00	   4.0450000e+00	   3.3300000e+00	   1.0000000e+00	   3.0000000e+00	   2.0000000e+00	   1.0000000e+00	   1.5960000e+03	
   1.0800000e+02	   1.1300000e+02	   2.1100000e+02	   8.0000000e+00	   1.0000000e+00	   3.6500000e+00	   3.6100000e+00	   1.3950000e+00	   1.0000000e+00	   2.0000000e+00	   3.0000000e+00	   1.0000000e+00	   1.7890000e+03	
   1.1000000e+02	   2.1200000e+02	   1.1400000e+02	   3.0000000e+00	   5.0000000e+00	   3.5500000e+00	   4.1350000e+00	   3.4900000e+00	   1.0000000e+00	   2.0000000e+00	   3.0000000e+00	   2.0000000e+00	   2.6060000e+03	
   1.1200000e+02	   2.1500000e+02	   3.1100000e+02	   1.5000000e+01	   5.0000000e+00	   3.5800000e+00	   4.1150000e+00	   3.1500000e-01	   2.0000000e+00	   1.0000000e+00	   3.0000000e+00	   2.0000000e+00	   2.3200000e+03	
   1.0400000e+02	   1.1100000e+02	   3.0900000e+02	   1.4000000e+01	   3.0000000e+00	   3.6650000e+00	   4.0450000e+00	   2.6150000e+00	   1.0000000e+00	   2.0000000e+00	   3.0000000e+00	   1.0000000e+00	   1.8600000e+03	
   1.1300000e+02	   2.1500000e+02	   1.1500000e+02	   4.0000000e+00	   5.0000000e+00	   3.6100000e+00	   4.1150000e+00	   3.3300000e+00	   1.0000000e+00	   3.0000000e+00	   2.0000000e+00	   3.0000000e+00	   2.5980000e+03	
   1.0400000e+02	   2.1200000e+02	   2.0900000e+02	   6.0000000e+00	   4.0000000e+00	   3.6650000e+00	   4.1350000e+00	   2.0250000e+00	   1.0000000e+00	   2.0000000e+00	   3.0000000e+00	   1.0000000e+00	   2.1690000e+03	
   2.0700000e+02	   2.1200000e+02	   2.1000000e+02	   7.0000000e+00	   5.0000000e+00	   3.6500000e+00	   4.1350000e+00	   1.0350000e+00	   2.0000000e+00	   3.0000000e+00	   1.0000000e+00	   2.0000000e+00	   1.4960000e+03	
   1.0700000e+02	   1.1300000e+02	   2.1100000e+02	   8.0000000e+00	   3.0000000e+00	   3.8800000e+00	   3.6100000e+00	   1.3950000e+00	   3.0000000e+00	   2.0000000e+00	   1.0000000e+00	   3.0000000e+00	   1.9010000e+03	
   1.0300000e+02	   1.1600000e+02	   1.0500000e+02	   2.0000000e+00	   3.0000000e+00	   3.7000000e+00	   3.5500000e+00	   3.4950000e+00	   3.0000000e+00	   2.0000000e+00	   1.0000000e+00	   2.0000000e+00	   2.4570000e+03	
   1.0800000e+02	   2.0700000e+02	   3.0300000e+02	   9.0000000e+00	   1.0000000e+00	   3.6500000e+00	   3.6500000e+00	   1.4900000e+00	   3.0000000e+00	   1.0000000e+00	   2.0000000e+00	   1.0000000e+00	   1.2450000e+03	
   1.0400000e+02	   1.1100000e+02	   3.0500000e+02	   1.1000000e+01	   3.0000000e+00	   3.6650000e+00	   4.0450000e+00	   1.9650000e+00	   2.0000000e+00	   3.0000000e+00	   1.0000000e+00	   2.0000000e+00	   1.9920000e+03	
   1.1100000e+02	   1.1200000e+02	   3.0300000e+02	   9.0000000e+00	   4.0000000e+00	   4.0450000e+00	   3.5800000e+00	   1.4900000e+00	   1.0000000e+00	   2.0000000e+00	   3.0000000e+00	   2.0000000e+00	   2.4210000e+03	
   1.1000000e+02	   2.0400000e+02	   1.0500000e+02	   2.0000000e+00	   5.0000000e+00	   3.5500000e+00	   4.0900000e+00	   3.4950000e+00	   3.0000000e+00	   2.0000000e+00	   1.0000000e+00	   2.0000000e+00	   3.3750000e+03	
   2.0700000e+02	   2.1500000e+02	   2.0800000e+02	   5.0000000e+00	   4.0000000e+00	   3.6500000e+00	   4.1150000e+00	   8.0000000e-01	   2.0000000e+00	   1.0000000e+00	   3.0000000e+00	   2.0000000e+00	   1.5830000e+03	
   1.0600000e+02	   1.1200000e+02	   3.0400000e+02	   1.0000000e+01	   1.0000000e+00	   3.6150000e+00	   3.5800000e+00	   1.5750000e+00	   3.0000000e+00	   1.0000000e+00	   2.0000000e+00	   3.0000000e+00	   2.6010000e+03	
   1.1100000e+02	   1.1200000e+02	   3.0900000e+02	   1.4000000e+01	   4.0000000e+00	   4.0450000e+00	   3.5800000e+00	   2.6150000e+00	   2.0000000e+00	   1.0000000e+00	   3.0000000e+00	   1.0000000e+00	   4.8130000e+03	
   1.0800000e+02	   2.1500000e+02	   3.0400000e+02	   1.0000000e+01	   4.0000000e+00	   3.6500000e+00	   4.1150000e+00	   1.5750000e+00	   2.0000000e+00	   1.0000000e+00	   3.0000000e+00	   2.0000000e+00	   1.5080000e+03	
   1.1200000e+02	   1.1300000e+02	   2.0900000e+02	   6.0000000e+00	   1.0000000e+00	   3.5800000e+00	   3.6100000e+00	   2.0250000e+00	   1.0000000e+00	   3.0000000e+00	   2.0000000e+00	   1.0000000e+00	   2.9170000e+03	
   1.0400000e+02	   2.0500000e+02	   2.0800000e+02	   5.0000000e+00	   4.0000000e+00	   3.6650000e+00	   4.1050000e+00	   8.0000000e-01	   1.0000000e+00	   2.0000000e+00	   3.0000000e+00	   2.0000000e+00	   1.4540000e+03	
   1.1000000e+02	   1.1100000e+02	   1.1400000e+02	   3.0000000e+00	   5.0000000e+00	   3.5500000e+00	   4.0450000e+00	   3.4900000e+00	   1.0000000e+00	   2.0000000e+00	   3.0000000e+00	   1.0000000e+00	   2.5470000e+03	
   1.0800000e+02	   2.1500000e+02	   3.0800000e+02	   1.3000000e+01	   4.0000000e+00	   3.6500000e+00	   4.1150000e+00	   2.0900000e+00	   1.0000000e+00	   3.0000000e+00	   2.0000000e+00	   1.0000000e+00	   1.0750000e+03	
   1.0600000e+02	   2.1200000e+02	   3.0600000e+02	   1.2000000e+01	   5.0000000e+00	   3.6150000e+00	   4.1350000e+00	   2.2950000e+00	   3.0000000e+00	   2.0000000e+00	   1.0000000e+00	   3.0000000e+00	   3.3690000e+03	
   1.1100000e+02	   2.0700000e+02	   3.0600000e+02	   1.2000000e+01	   4.0000000e+00	   4.0450000e+00	   3.6500000e+00	   2.2950000e+00	   2.0000000e+00	   3.0000000e+00	   1.0000000e+00	   3.0000000e+00	   1.4360000e+03	
   1.1300000e+02	   2.1500000e+02	   2.1000000e+02	   7.0000000e+00	   5.0000000e+00	   3.6100000e+00	   4.1150000e+00	   1.0350000e+00	   2.0000000e+00	   1.0000000e+00	   3.0000000e+00	   1.0000000e+00	   2.8760000e+03	
   1.1000000e+02	   1.1300000e+02	   2.0800000e+02	   5.0000000e+00	   2.0000000e+00	   3.5500000e+00	   3.6100000e+00	   8.0000000e-01	   2.0000000e+00	   3.0000000e+00	   1.0000000e+00	   2.0000000e+00	   2.1140000e+03	
   2.0400000e+02	   2.1500000e+02	   1.0100000e+02	   1.0000000e+00	   1.0000000e+00	   4.0900000e+00	   4.1150000e+00	   3.4150000e+00	   1.0000000e+00	   2.0000000e+00	   3.0000000e+00	   2.0000000e+00	   2.0000000e+03	
   1.1200000e+02	   2.0400000e+02	   3.0500000e+02	   1.1000000e+01	   5.0000000e+00	   3.5800000e+00	   4.0900000e+00	   1.9650000e+00	   3.0000000e+00	   1.0000000e+00	   2.0000000e+00	   1.0000000e+00	   3.8400000e+03	
   1.0400000e+02	   1.1600000e+02	   1.0500000e+02	   2.0000000e+00	   3.0000000e+00	   3.6650000e+00	   3.5500000e+00	   3.4950000e+00	   3.0000000e+00	   2.0000000e+00	   1.0000000e+00	   3.0000000e+00	   1.8690000e+03	
   1.1000000e+02	   1.1100000e+02	   3.0300000e+02	   9.0000000e+00	   5.0000000e+00	   3.5500000e+00	   4.0450000e+00	   1.4900000e+00	   1.0000000e+00	   3.0000000e+00	   2.0000000e+00	   1.0000000e+00	   3.3680000e+03	
   1.1000000e+02	   1.1200000e+02	   3.0800000e+02	   1.3000000e+01	   1.0000000e+00	   3.5500000e+00	   3.5800000e+00	   2.0900000e+00	   1.0000000e+00	   2.0000000e+00	   3.0000000e+00	   2.0000000e+00	   3.0610000e+03	
   1.0600000e+02	   1.1600000e+02	   3.0300000e+02	   9.0000000e+00	   2.0000000e+00	   3.6150000e+00	   3.5500000e+00	   1.4900000e+00	   3.0000000e+00	   1.0000000e+00	   2.0000000e+00	   3.0000000e+00	   1.0870000e+03	
   1.0300000e+02	   1.1100000e+02	   3.1100000e+02	   1.5000000e+01	   3.0000000e+00	   3.7000000e+00	   4.0450000e+00	   3.1500000e-01	   3.0000000e+00	   1.0000000e+00	   2.0000000e+00	   1.0000000e+00	   3.8140000e+03	
   1.1600000e+02	   2.0700000e+02	   1.1400000e+02	   3.0000000e+00	   2.0000000e+00	   3.5500000e+00	   3.6500000e+00	   3.4900000e+00	   1.0000000e+00	   3.0000000e+00	   2.0000000e+00	   3.0000000e+00	   1.5770000e+03	
   1.0300000e+02	   2.0700000e+02	   1.1500000e+02	   4.0000000e+00	   2.0000000e+00	   3.7000000e+00	   3.6500000e+00	   3.3300000e+00	   2.0000000e+00	   1.0000000e+00	   3.0000000e+00	   1.0000000e+00	   1.4940000e+03	
   1.0700000e+02	   2.0500000e+02	   1.1500000e+02	   4.0000000e+00	   3.0000000e+00	   3.8800000e+00	   4.1050000e+00	   3.3300000e+00	   3.0000000e+00	   2.0000000e+00	   1.0000000e+00	   2.0000000e+00	   1.4890000e+03	
   1.1000000e+02	   1.1100000e+02	   3.0600000e+02	   1.2000000e+01	   5.0000000e+00	   3.5500000e+00	   4.0450000e+00	   2.2950000e+00	   1.0000000e+00	   2.0000000e+00	   3.0000000e+00	   2.0000000e+00	   5.0280000e+03	
   1.0800000e+02	   1.1200000e+02	   2.1100000e+02	   8.0000000e+00	   2.0000000e+00	   3.6500000e+00	   3.5800000e+00	   1.3950000e+00	   2.0000000e+00	   1.0000000e+00	   3.0000000e+00	   2.0000000e+00	   1.6330000e+03	
