   1.0000000e+00	   3.0300000e+02	   3.0000000e+00	   3.7000000e-01	   1.9319000e+04	   2.3600000e+00	   3.1057000e+04	
   2.0000000e+00	   2.0200000e+02	   2.0000000e+00	   3.4100000e+00	   1.8816000e+04	   2.5000000e+00	   1.0830000e+04	
   3.0000000e+00	   2.0600000e+02	   2.0000000e+00	   3.3000000e-01	   6.4530000e+03	   3.2400000e+00	   6.0990000e+03	
   4.0000000e+00	   3.0600000e+02	   3.0000000e+00	   3.5000000e-01	   4.1220000e+03	   1.4300000e+00	   2.9320000e+03	
   5.0000000e+00	   2.0100000e+02	   2.0000000e+00	   3.5900000e+00	   5.7890000e+03	   3.6100000e+00	   2.4990000e+03	
   6.0000000e+00	   2.0400000e+02	   2.0000000e+00	   3.2600000e+00	   6.1210000e+03	   2.5000000e+00	   2.8660000e+03	
   7.0000000e+00	   2.0500000e+02	   2.0000000e+00	   3.5600000e+00	   1.6910000e+03	   3.6700000e+00	   6.9980000e+03	
   8.0000000e+00	   3.0900000e+02	   3.0000000e+00	   1.4400000e+00	   4.9540000e+03	   1.5900000e+00	   2.6320000e+03	
   9.0000000e+00	   2.1400000e+02	   2.0000000e+00	   3.3600000e+00	   5.6560000e+03	   3.5700000e+00	   1.3000000e+03	
   1.0000000e+01	   2.0700000e+02	   2.0000000e+00	   4.3700000e+00	   3.7040000e+03	   3.4100000e+00	   3.7650000e+03	
   1.1000000e+01	   2.1100000e+02	   2.0000000e+00	   3.8000000e-01	   1.7240000e+03	   1.4600000e+00	   2.2000000e+03	
   1.2000000e+01	   3.1000000e+02	   3.0000000e+00	   5.4000000e-01	   1.8890000e+03	   1.7900000e+00	   4.1650000e+03	
   1.3000000e+01	   1.1400000e+02	   1.0000000e+00	   3.7500000e+00	   2.3560000e+03	   2.5900000e+00	   3.5660000e+03	
   1.4000000e+01	   1.0100000e+02	   1.0000000e+00	   3.3000000e+00	   1.9230000e+03	   2.2300000e+00	   1.7990000e+03	
   1.5000000e+01	   2.0800000e+02	   2.0000000e+00	   5.3000000e-01	   2.1890000e+03	   1.1200000e+00	   1.8660000e+03	
   1.6000000e+01	   2.1200000e+02	   2.0000000e+00	   3.1100000e+00	   2.4900000e+03	   3.5500000e+00	   1.2340000e+03	
   1.7000000e+01	   1.0300000e+02	   1.0000000e+00	   3.6000000e-01	   2.0890000e+03	   2.7500000e+00	   1.5000000e+03	
   1.8000000e+01	   1.0600000e+02	   1.0000000e+00	   3.3700000e+00	   1.6230000e+03	   3.0900000e+00	   3.2990000e+03	
   1.9000000e+01	   3.0700000e+02	   3.0000000e+00	   4.1000000e-01	   3.3220000e+03	   2.6100000e+00	   2.9330000e+03	
   2.0000000e+01	   1.1200000e+02	   1.0000000e+00	   3.3200000e+00	   1.9890000e+03	   2.5000000e+00	   3.5650000e+03	
   2.1000000e+01	   3.1200000e+02	   3.0000000e+00	   1.3600000e+00	   2.8550000e+03	   3.2900000e+00	   3.8660000e+03	
   2.2000000e+01	   2.1500000e+02	   2.0000000e+00	   3.5600000e+00	   3.7560000e+03	   3.3600000e+00	   3.0990000e+03	
   2.3000000e+01	   2.0300000e+02	   2.0000000e+00	   7.6000000e-01	   5.8200000e+03	   1.7900000e+00	   3.0330000e+03	
   2.4000000e+01	   3.0500000e+02	   3.0000000e+00	   2.5000000e+00	   3.9550000e+03	   2.5000000e+00	   2.6660000e+03	
   2.5000000e+01	   1.0200000e+02	   1.0000000e+00	   3.2900000e+00	   3.5220000e+03	   2.5000000e+00	   2.4000000e+03	
   2.6000000e+01	   3.0200000e+02	   3.0000000e+00	   2.5000000e+00	   6.1870000e+03	   3.2900000e+00	   5.1990000e+03	
   2.7000000e+01	   1.1500000e+02	   1.0000000e+00	   3.6200000e+00	   1.8050000e+03	   3.4100000e+00	   1.5895000e+04	
   2.8000000e+01	   2.1000000e+02	   2.0000000e+00	   4.5000000e-01	   1.6570000e+03	   2.5800000e+00	   1.6330000e+03	
   2.9000000e+01	   3.0400000e+02	   3.0000000e+00	   1.3200000e+00	   4.3210000e+03	   2.5000000e+00	   1.6660000e+03	
   3.0000000e+01	   3.1400000e+02	   3.0000000e+00	   1.4400000e+00	   2.7390000e+03	   2.7100000e+00	   1.0964000e+04	
   3.1000000e+01	   1.1300000e+02	   1.0000000e+00	   3.6100000e+00	   4.9550000e+03	   1.5400000e+00	   1.7660000e+03	
   3.2000000e+01	   1.0900000e+02	   1.0000000e+00	   3.4900000e+00	   1.5720000e+03	   3.6100000e+00	   2.3660000e+03	
   3.3000000e+01	   1.0400000e+02	   1.0000000e+00	   3.6700000e+00	   1.4230000e+03	   3.2800000e+00	   1.1660000e+03	
   3.4000000e+01	   1.0700000e+02	   1.0000000e+00	   3.4800000e+00	   2.0560000e+03	   3.4900000e+00	   1.5320000e+03	
   3.5000000e+01	   3.1300000e+02	   3.0000000e+00	   2.4900000e+00	   1.7570000e+03	   3.2100000e+00	   3.1330000e+03	
   3.6000000e+01	   3.1100000e+02	   3.0000000e+00	   1.7000000e+00	   1.9560000e+03	   3.7900000e+00	   1.0660000e+03	
   3.7000000e+01	   1.1100000e+02	   1.0000000e+00	   3.6500000e+00	   2.8050000e+03	   3.0900000e+00	   3.7320000e+03	
   3.8000000e+01	   1.0500000e+02	   1.0000000e+00	   3.4700000e+00	   2.3890000e+03	   4.7000000e+00	   1.0330000e+03	
   3.9000000e+01	   2.0900000e+02	   2.0000000e+00	   6.7000000e-01	   2.8040000e+03	   3.6800000e+00	   1.2660000e+03	
   4.0000000e+01	   3.0800000e+02	   3.0000000e+00	   1.1400000e+00	   1.6220000e+03	   3.6800000e+00	   9.3300000e+02	
   4.1000000e+01	   2.1300000e+02	   2.0000000e+00	   7.0000000e-01	   1.7550000e+03	   3.8700000e+00	   1.0000000e+03	
   4.2000000e+01	   3.0100000e+02	   3.0000000e+00	   5.9000000e-01	   2.3560000e+03	   2.7500000e+00	   3.2320000e+03	
   4.3000000e+01	   1.1000000e+02	   1.0000000e+00	   3.5200000e+00	   3.2700000e+03	   3.4900000e+00	   1.2670000e+03	
   4.4000000e+01	   1.0800000e+02	   1.0000000e+00	   3.6500000e+00	   1.6370000e+03	   4.4600000e+00	   3.5670000e+03	
   4.5000000e+01	   1.1600000e+02	   1.0000000e+00	   3.7900000e+00	   3.8040000e+03	   4.7700000e+00	   1.4650000e+03	
