   1.0000000e+00	   1.0000000e+00	   2.1500000e+02	   0.0000000e+00	   2.2290000e+03	
   1.0000000e+00	   2.0000000e+00	   2.0200000e+02	   2.5000000e+00	   4.5250000e+03	
   1.0000000e+00	   3.0000000e+00	   1.0100000e+02	   1.0200000e+00	   9.1540000e+03	
   1.0000000e+00	   4.0000000e+00	   2.0100000e+02	   0.0000000e+00	   1.7260000e+03	
   1.0000000e+00	   5.0000000e+00	   2.0600000e+02	   5.2000000e-01	   7.7610000e+03	
   1.0000000e+00	   6.0000000e+00	   2.0900000e+02	   2.0100000e+00	   4.7920000e+03	
   1.0000000e+00	   7.0000000e+00	   1.1300000e+02	   1.0200000e+00	   5.7100000e+03	
   1.0000000e+00	   8.0000000e+00	   3.1100000e+02	   2.5000000e+00	   3.6260000e+03	
   1.0000000e+00	   9.0000000e+00	   1.0300000e+02	   1.0100000e+00	   2.2600000e+03	
   1.0000000e+00	   1.0000000e+01	   2.0700000e+02	   1.5100000e+00	   6.0260000e+03	
   1.0000000e+00	   1.1000000e+01	   1.0600000e+02	   5.0000000e+00	   6.6590000e+03	
   1.0000000e+00	   1.2000000e+01	   1.1100000e+02	   0.0000000e+00	   3.0930000e+03	
   1.0000000e+00	   1.3000000e+01	   3.0800000e+02	   0.0000000e+00	   3.1940000e+03	
   1.0000000e+00	   1.4000000e+01	   2.1400000e+02	   3.9800000e+00	   5.0280000e+03	
   1.0000000e+00	   1.5000000e+01	   2.1100000e+02	   3.2500000e+00	   1.1258000e+04	
   1.0000000e+00	   1.6000000e+01	   1.0900000e+02	   3.0200000e+00	   8.2920000e+03	
   1.0000000e+00	   1.7000000e+01	   2.1000000e+02	   0.0000000e+00	   1.7600000e+03	
   1.0000000e+00	   1.8000000e+01	   1.0800000e+02	   0.0000000e+00	   1.6610000e+03	
   1.0000000e+00	   1.9000000e+01	   1.0200000e+02	   0.0000000e+00	   1.6270000e+03	
   1.0000000e+00	   2.0000000e+01	   3.0900000e+02	   1.0200000e+00	   7.5910000e+03	
   1.0000000e+00	   2.1000000e+01	   3.1300000e+02	   0.0000000e+00	   1.4930000e+03	
   1.0000000e+00	   2.2000000e+01	   2.0300000e+02	   0.0000000e+00	   2.0930000e+03	
   1.0000000e+00	   2.3000000e+01	   3.0100000e+02	   3.0200000e+00	   5.7260000e+03	
   1.0000000e+00	   2.4000000e+01	   3.1000000e+02	   1.5500000e+00	   9.1570000e+03	
   1.0000000e+00	   2.5000000e+01	   1.1200000e+02	   0.0000000e+00	   1.3610000e+03	
   1.0000000e+00	   2.6000000e+01	   1.0700000e+02	   2.5300000e+00	   5.3930000e+03	
   1.0000000e+00	   2.7000000e+01	   1.1000000e+02	   0.0000000e+00	   1.6260000e+03	
   1.0000000e+00	   2.8000000e+01	   3.1200000e+02	   0.0000000e+00	   1.4610000e+03	
   1.0000000e+00	   2.9000000e+01	   1.1500000e+02	   0.0000000e+00	   2.2260000e+03	
   1.0000000e+00	   3.0000000e+01	   2.0500000e+02	   0.0000000e+00	   1.6260000e+03	
   1.0000000e+00	   3.1000000e+01	   3.0400000e+02	   1.5300000e+00	   6.9920000e+03	
   1.0000000e+00	   3.2000000e+01	   1.0500000e+02	   3.0200000e+00	   8.0260000e+03	
   1.0000000e+00	   3.3000000e+01	   3.0300000e+02	   0.0000000e+00	   1.4260000e+03	
   1.0000000e+00	   3.4000000e+01	   2.0800000e+02	   2.2400000e+00	   5.4930000e+03	
   1.0000000e+00	   3.5000000e+01	   2.0400000e+02	   3.0000000e+00	   9.2910000e+03	
   1.0000000e+00	   3.6000000e+01	   1.1600000e+02	   0.0000000e+00	   1.8260000e+03	
   1.0000000e+00	   3.7000000e+01	   2.1200000e+02	   0.0000000e+00	   1.3440000e+03	
   1.0000000e+00	   3.8000000e+01	   3.0600000e+02	   0.0000000e+00	   1.0940000e+03	
   1.0000000e+00	   3.9000000e+01	   2.1300000e+02	   2.9900000e+00	   4.2590000e+03	
   1.0000000e+00	   4.0000000e+01	   3.0500000e+02	   4.7000000e-01	   5.2920000e+03	
   1.0000000e+00	   4.1000000e+01	   3.1400000e+02	   4.7000000e-01	   3.0940000e+03	
   1.0000000e+00	   4.2000000e+01	   3.0700000e+02	   0.0000000e+00	   1.2600000e+03	
   1.0000000e+00	   4.3000000e+01	   1.0400000e+02	   0.0000000e+00	   1.6590000e+03	
   1.0000000e+00	   4.4000000e+01	   1.1400000e+02	   2.0000000e-02	   1.4940000e+03	
   1.0000000e+00	   4.5000000e+01	   3.0200000e+02	   0.0000000e+00	   1.5260000e+03	
   2.0000000e+00	   1.0000000e+00	   2.1100000e+02	   3.0200000e+00	   4.6510000e+03	
   2.0000000e+00	   2.0000000e+00	   3.0100000e+02	   3.0100000e+00	   3.5280000e+03	
   2.0000000e+00	   3.0000000e+00	   2.1500000e+02	   0.0000000e+00	   1.1280000e+03	
   2.0000000e+00	   4.0000000e+00	   1.0100000e+02	   0.0000000e+00	   1.4950000e+03	
   2.0000000e+00	   5.0000000e+00	   1.0400000e+02	   0.0000000e+00	   1.1940000e+03	
   2.0000000e+00	   6.0000000e+00	   3.0500000e+02	   4.7000000e-01	   4.3270000e+03	
   2.0000000e+00	   7.0000000e+00	   2.0800000e+02	   3.0100000e+00	   2.2630000e+03	
   2.0000000e+00	   8.0000000e+00	   3.1000000e+02	   4.9000000e-01	   2.3270000e+03	
   2.0000000e+00	   9.0000000e+00	   1.1100000e+02	   0.0000000e+00	   9.9500000e+02	
   2.0000000e+00	   1.0000000e+01	   1.0500000e+02	   3.5200000e+00	   3.8930000e+03	
   2.0000000e+00	   1.1000000e+01	   3.0300000e+02	   0.0000000e+00	   1.0950000e+03	
   2.0000000e+00	   1.2000000e+01	   2.1300000e+02	   3.4900000e+00	   3.1290000e+03	
   2.0000000e+00	   1.3000000e+01	   1.0800000e+02	   0.0000000e+00	   9.6100000e+02	
   2.0000000e+00	   1.4000000e+01	   3.1200000e+02	   0.0000000e+00	   1.0280000e+03	
   2.0000000e+00	   1.5000000e+01	   1.1300000e+02	   1.0100000e+00	   5.7920000e+03	
   2.0000000e+00	   1.6000000e+01	   3.0200000e+02	   0.0000000e+00	   1.0290000e+03	
   2.0000000e+00	   1.7000000e+01	   1.1500000e+02	   0.0000000e+00	   2.0280000e+03	
   2.0000000e+00	   1.8000000e+01	   2.0600000e+02	   4.7000000e-01	   3.1280000e+03	
   2.0000000e+00	   1.9000000e+01	   1.1200000e+02	   0.0000000e+00	   1.0280000e+03	
   2.0000000e+00	   2.0000000e+01	   3.1400000e+02	   5.0000000e-01	   3.2270000e+03	
   2.0000000e+00	   2.1000000e+01	   3.0900000e+02	   5.0000000e-01	   2.5620000e+03	
   2.0000000e+00	   2.2000000e+01	   1.0300000e+02	   1.0200000e+00	   4.4260000e+03	
   2.0000000e+00	   2.3000000e+01	   1.1400000e+02	   0.0000000e+00	   1.7940000e+03	
   2.0000000e+00	   2.4000000e+01	   1.0600000e+02	   5.0000000e+00	   1.2950000e+03	
   2.0000000e+00	   2.5000000e+01	   2.1000000e+02	   0.0000000e+00	   1.0950000e+03	
   2.0000000e+00	   2.6000000e+01	   2.1400000e+02	   4.0000000e+00	   6.8270000e+03	
   2.0000000e+00	   2.7000000e+01	   2.0300000e+02	   0.0000000e+00	   1.0270000e+03	
   2.0000000e+00	   2.8000000e+01	   2.1200000e+02	   0.0000000e+00	   1.0620000e+03	
   2.0000000e+00	   2.9000000e+01	   2.0200000e+02	   2.5400000e+00	   2.2290000e+03	
   2.0000000e+00	   3.0000000e+01	   2.0700000e+02	   1.5200000e+00	   2.5610000e+03	
   2.0000000e+00	   3.1000000e+01	   3.0800000e+02	   0.0000000e+00	   1.1110000e+03	
   2.0000000e+00	   3.2000000e+01	   2.0400000e+02	   2.5000000e+00	   1.6280000e+03	
   2.0000000e+00	   3.3000000e+01	   1.0700000e+02	   1.5400000e+00	   3.6280000e+03	
   2.0000000e+00	   3.4000000e+01	   3.1300000e+02	   0.0000000e+00	   9.9500000e+02	
   2.0000000e+00	   3.5000000e+01	   1.0900000e+02	   2.5000000e+00	   3.8600000e+03	
   2.0000000e+00	   3.6000000e+01	   1.0200000e+02	   0.0000000e+00	   1.0610000e+03	
   2.0000000e+00	   3.7000000e+01	   1.1600000e+02	   0.0000000e+00	   9.9500000e+02	
   2.0000000e+00	   3.8000000e+01	   3.1100000e+02	   3.5600000e+00	   5.1600000e+03	
   2.0000000e+00	   3.9000000e+01	   2.0900000e+02	   2.7500000e+00	   7.4600000e+03	
   2.0000000e+00	   4.0000000e+01	   1.1000000e+02	   0.0000000e+00	   9.9400000e+02	
   2.0000000e+00	   4.1000000e+01	   3.0700000e+02	   0.0000000e+00	   1.0620000e+03	
   2.0000000e+00	   4.2000000e+01	   2.0100000e+02	   1.0000000e-02	   9.9400000e+02	
   2.0000000e+00	   4.3000000e+01	   3.0600000e+02	   0.0000000e+00	   8.6400000e+02	
   2.0000000e+00	   4.4000000e+01	   3.0400000e+02	   4.9000000e-01	   5.4930000e+03	
   2.0000000e+00	   4.5000000e+01	   2.0500000e+02	   0.0000000e+00	   9.2700000e+02	
