   2.0900000e+02	   3.1000000e+02	   2.0300000e+02	   7.0000000e+00	   4.0000000e+00	   2.3800000e+00	   1.0200000e+00	   0.0000000e+00	   3.0000000e+00	   1.0000000e+00	   2.0000000e+00	   3.0000000e+00	   2.6290000e+03	
   2.1300000e+02	   3.1100000e+02	   3.0300000e+02	   1.1000000e+01	   1.0000000e+00	   3.2400000e+00	   3.0300000e+00	   0.0000000e+00	   2.0000000e+00	   3.0000000e+00	   1.0000000e+00	   2.0000000e+00	   3.5810000e+03	
   2.0900000e+02	   2.1100000e+02	   2.1000000e+02	   9.0000000e+00	   3.0000000e+00	   2.3800000e+00	   3.1350000e+00	   0.0000000e+00	   1.0000000e+00	   3.0000000e+00	   2.0000000e+00	   1.0000000e+00	   1.5770000e+03	
   1.0500000e+02	   2.1400000e+02	   1.0300000e+02	   2.0000000e+00	   3.0000000e+00	   3.2700000e+00	   3.9900000e+00	   1.0150000e+00	   2.0000000e+00	   1.0000000e+00	   3.0000000e+00	   1.0000000e+00	   1.8510000e+03	
   1.0500000e+02	   2.1100000e+02	   2.1500000e+02	   1.0000000e+01	   1.0000000e+00	   3.2700000e+00	   3.1350000e+00	   0.0000000e+00	   2.0000000e+00	   1.0000000e+00	   3.0000000e+00	   1.0000000e+00	   3.5190000e+03	
   1.0700000e+02	   2.0400000e+02	   2.0300000e+02	   7.0000000e+00	   3.0000000e+00	   2.0350000e+00	   2.7500000e+00	   0.0000000e+00	   1.0000000e+00	   3.0000000e+00	   2.0000000e+00	   3.0000000e+00	   4.4200000e+03	
   1.0900000e+02	   2.0700000e+02	   2.0300000e+02	   7.0000000e+00	   4.0000000e+00	   2.7600000e+00	   1.5150000e+00	   0.0000000e+00	   1.0000000e+00	   3.0000000e+00	   2.0000000e+00	   1.0000000e+00	   1.9350000e+03	
   2.0800000e+02	   3.1100000e+02	   2.0100000e+02	   6.0000000e+00	   2.0000000e+00	   2.6250000e+00	   3.0300000e+00	   5.0000000e-03	   1.0000000e+00	   3.0000000e+00	   2.0000000e+00	   3.0000000e+00	   1.4060000e+03	
   1.0900000e+02	   2.0800000e+02	   3.0500000e+02	   1.2000000e+01	   1.0000000e+00	   2.7600000e+00	   2.6250000e+00	   4.7000000e-01	   2.0000000e+00	   3.0000000e+00	   1.0000000e+00	   2.0000000e+00	   3.7070000e+03	
   2.0900000e+02	   2.1400000e+02	   1.1100000e+02	   4.0000000e+00	   4.0000000e+00	   2.3800000e+00	   3.9900000e+00	   0.0000000e+00	   1.0000000e+00	   2.0000000e+00	   3.0000000e+00	   2.0000000e+00	   1.8660000e+03	
   2.0800000e+02	   3.1100000e+02	   2.1000000e+02	   9.0000000e+00	   2.0000000e+00	   2.6250000e+00	   3.0300000e+00	   0.0000000e+00	   2.0000000e+00	   1.0000000e+00	   3.0000000e+00	   1.0000000e+00	   1.2600000e+03	
   3.0100000e+02	   3.1000000e+02	   2.0300000e+02	   7.0000000e+00	   5.0000000e+00	   3.0150000e+00	   1.0200000e+00	   0.0000000e+00	   2.0000000e+00	   1.0000000e+00	   3.0000000e+00	   2.0000000e+00	   1.8500000e+03	
   2.1100000e+02	   3.1100000e+02	   1.1100000e+02	   4.0000000e+00	   1.0000000e+00	   3.1350000e+00	   3.0300000e+00	   0.0000000e+00	   3.0000000e+00	   2.0000000e+00	   1.0000000e+00	   2.0000000e+00	   1.5320000e+03	
   1.0900000e+02	   3.1000000e+02	   1.0300000e+02	   2.0000000e+00	   4.0000000e+00	   2.7600000e+00	   1.0200000e+00	   1.0150000e+00	   2.0000000e+00	   1.0000000e+00	   3.0000000e+00	   2.0000000e+00	   1.9650000e+03	
   1.0500000e+02	   2.0400000e+02	   3.0300000e+02	   1.1000000e+01	   2.0000000e+00	   3.2700000e+00	   2.7500000e+00	   0.0000000e+00	   3.0000000e+00	   1.0000000e+00	   2.0000000e+00	   3.0000000e+00	   7.4070000e+03	
   1.0900000e+02	   2.1300000e+02	   1.0800000e+02	   3.0000000e+00	   2.0000000e+00	   2.7600000e+00	   3.2400000e+00	   0.0000000e+00	   3.0000000e+00	   1.0000000e+00	   2.0000000e+00	   1.0000000e+00	   1.5680000e+03	
   2.0800000e+02	   2.0900000e+02	   3.0700000e+02	   1.3000000e+01	   1.0000000e+00	   2.6250000e+00	   2.3800000e+00	   0.0000000e+00	   2.0000000e+00	   3.0000000e+00	   1.0000000e+00	   3.0000000e+00	   1.3330000e+03	
   1.0900000e+02	   3.1100000e+02	   3.1200000e+02	   1.5000000e+01	   1.0000000e+00	   2.7600000e+00	   3.0300000e+00	   0.0000000e+00	   3.0000000e+00	   2.0000000e+00	   1.0000000e+00	   3.0000000e+00	   1.1960000e+03	
   2.0700000e+02	   2.0800000e+02	   3.0700000e+02	   1.3000000e+01	   4.0000000e+00	   1.5150000e+00	   2.6250000e+00	   0.0000000e+00	   2.0000000e+00	   1.0000000e+00	   3.0000000e+00	   1.0000000e+00	   7.3230000e+03	
   3.0100000e+02	   3.1100000e+02	   3.0500000e+02	   1.2000000e+01	   1.0000000e+00	   3.0150000e+00	   3.0300000e+00	   4.7000000e-01	   1.0000000e+00	   3.0000000e+00	   2.0000000e+00	   3.0000000e+00	   1.8840000e+03	
   2.1400000e+02	   3.1000000e+02	   1.0200000e+02	   1.0000000e+00	   5.0000000e+00	   3.9900000e+00	   1.0200000e+00	   0.0000000e+00	   2.0000000e+00	   1.0000000e+00	   3.0000000e+00	   2.0000000e+00	   1.3450000e+03	
   1.0900000e+02	   2.0400000e+02	   1.0800000e+02	   3.0000000e+00	   1.0000000e+00	   2.7600000e+00	   2.7500000e+00	   0.0000000e+00	   2.0000000e+00	   3.0000000e+00	   1.0000000e+00	   2.0000000e+00	   3.4910000e+03	
   1.0500000e+02	   2.0800000e+02	   1.0800000e+02	   3.0000000e+00	   3.0000000e+00	   3.2700000e+00	   2.6250000e+00	   0.0000000e+00	   2.0000000e+00	   1.0000000e+00	   3.0000000e+00	   2.0000000e+00	   2.7210000e+03	
   1.0900000e+02	   2.1400000e+02	   2.0600000e+02	   8.0000000e+00	   4.0000000e+00	   2.7600000e+00	   3.9900000e+00	   4.9500000e-01	   3.0000000e+00	   2.0000000e+00	   1.0000000e+00	   2.0000000e+00	   1.2720000e+03	
   1.0700000e+02	   2.0900000e+02	   2.1000000e+02	   9.0000000e+00	   2.0000000e+00	   2.0350000e+00	   2.3800000e+00	   0.0000000e+00	   1.0000000e+00	   3.0000000e+00	   2.0000000e+00	   3.0000000e+00	   1.2940000e+03	
   1.0500000e+02	   2.0400000e+02	   3.0500000e+02	   1.2000000e+01	   2.0000000e+00	   3.2700000e+00	   2.7500000e+00	   4.7000000e-01	   2.0000000e+00	   1.0000000e+00	   3.0000000e+00	   1.0000000e+00	   7.6900000e+03	
   2.1100000e+02	   2.1300000e+02	   3.0900000e+02	   1.4000000e+01	   1.0000000e+00	   3.1350000e+00	   3.2400000e+00	   7.6000000e-01	   3.0000000e+00	   1.0000000e+00	   2.0000000e+00	   1.0000000e+00	   1.2590000e+03	
   2.0800000e+02	   2.1400000e+02	   2.1000000e+02	   9.0000000e+00	   4.0000000e+00	   2.6250000e+00	   3.9900000e+00	   0.0000000e+00	   3.0000000e+00	   1.0000000e+00	   2.0000000e+00	   1.0000000e+00	   8.9300000e+02	
   2.0800000e+02	   3.1000000e+02	   3.1200000e+02	   1.5000000e+01	   4.0000000e+00	   2.6250000e+00	   1.0200000e+00	   0.0000000e+00	   1.0000000e+00	   2.0000000e+00	   3.0000000e+00	   1.0000000e+00	   2.5920000e+03	
   2.1100000e+02	   3.1100000e+02	   3.1200000e+02	   1.5000000e+01	   1.0000000e+00	   3.1350000e+00	   3.0300000e+00	   0.0000000e+00	   2.0000000e+00	   3.0000000e+00	   1.0000000e+00	   3.0000000e+00	   1.1140000e+03	
   2.0800000e+02	   2.1300000e+02	   2.0300000e+02	   7.0000000e+00	   2.0000000e+00	   2.6250000e+00	   3.2400000e+00	   0.0000000e+00	   1.0000000e+00	   2.0000000e+00	   3.0000000e+00	   2.0000000e+00	   1.5560000e+03	
   2.1100000e+02	   2.1300000e+02	   3.0700000e+02	   1.3000000e+01	   1.0000000e+00	   3.1350000e+00	   3.2400000e+00	   0.0000000e+00	   3.0000000e+00	   1.0000000e+00	   2.0000000e+00	   1.0000000e+00	   1.2660000e+03	
   1.0600000e+02	   2.0900000e+02	   2.1000000e+02	   9.0000000e+00	   5.0000000e+00	   5.0000000e+00	   2.3800000e+00	   0.0000000e+00	   3.0000000e+00	   2.0000000e+00	   1.0000000e+00	   3.0000000e+00	   1.1090000e+03	
   2.1300000e+02	   3.0100000e+02	   1.0200000e+02	   1.0000000e+00	   1.0000000e+00	   3.2400000e+00	   3.0150000e+00	   0.0000000e+00	   3.0000000e+00	   2.0000000e+00	   1.0000000e+00	   3.0000000e+00	   1.3340000e+03	
   2.0200000e+02	   2.0400000e+02	   1.0300000e+02	   2.0000000e+00	   1.0000000e+00	   2.5200000e+00	   2.7500000e+00	   1.0150000e+00	   3.0000000e+00	   2.0000000e+00	   1.0000000e+00	   3.0000000e+00	   1.8970000e+03	
   2.0400000e+02	   2.1300000e+02	   3.1200000e+02	   1.5000000e+01	   2.0000000e+00	   2.7500000e+00	   3.2400000e+00	   0.0000000e+00	   2.0000000e+00	   1.0000000e+00	   3.0000000e+00	   1.0000000e+00	   1.1410000e+03	
   2.0700000e+02	   3.1100000e+02	   3.0500000e+02	   1.2000000e+01	   4.0000000e+00	   1.5150000e+00	   3.0300000e+00	   4.7000000e-01	   1.0000000e+00	   3.0000000e+00	   2.0000000e+00	   3.0000000e+00	   1.3140000e+03	
   2.0400000e+02	   2.0900000e+02	   3.0900000e+02	   1.4000000e+01	   2.0000000e+00	   2.7500000e+00	   2.3800000e+00	   7.6000000e-01	   2.0000000e+00	   1.0000000e+00	   3.0000000e+00	   1.0000000e+00	   8.6000000e+02	
   2.0200000e+02	   3.1000000e+02	   1.0200000e+02	   1.0000000e+00	   4.0000000e+00	   2.5200000e+00	   1.0200000e+00	   0.0000000e+00	   1.0000000e+00	   3.0000000e+00	   2.0000000e+00	   1.0000000e+00	   1.7210000e+03	
   2.0800000e+02	   3.0100000e+02	   2.0300000e+02	   7.0000000e+00	   2.0000000e+00	   2.6250000e+00	   3.0150000e+00	   0.0000000e+00	   2.0000000e+00	   3.0000000e+00	   1.0000000e+00	   3.0000000e+00	   1.3890000e+03	
   2.1300000e+02	   2.1400000e+02	   3.1200000e+02	   1.5000000e+01	   3.0000000e+00	   3.2400000e+00	   3.9900000e+00	   0.0000000e+00	   2.0000000e+00	   1.0000000e+00	   3.0000000e+00	   1.0000000e+00	   1.1360000e+03	
   1.0700000e+02	   2.0800000e+02	   1.0300000e+02	   2.0000000e+00	   2.0000000e+00	   2.0350000e+00	   2.6250000e+00	   1.0150000e+00	   1.0000000e+00	   2.0000000e+00	   3.0000000e+00	   1.0000000e+00	   3.3780000e+03	
   2.0200000e+02	   2.1300000e+02	   2.0600000e+02	   8.0000000e+00	   3.0000000e+00	   2.5200000e+00	   3.2400000e+00	   4.9500000e-01	   3.0000000e+00	   2.0000000e+00	   1.0000000e+00	   2.0000000e+00	   1.9990000e+03	
   1.0700000e+02	   3.1000000e+02	   3.0700000e+02	   1.3000000e+01	   3.0000000e+00	   2.0350000e+00	   1.0200000e+00	   0.0000000e+00	   3.0000000e+00	   2.0000000e+00	   1.0000000e+00	   3.0000000e+00	   1.3810000e+03	
   2.0900000e+02	   2.1400000e+02	   1.0800000e+02	   3.0000000e+00	   4.0000000e+00	   2.3800000e+00	   3.9900000e+00	   0.0000000e+00	   2.0000000e+00	   1.0000000e+00	   3.0000000e+00	   1.0000000e+00	   1.1550000e+03	
   2.0800000e+02	   3.1000000e+02	   2.0100000e+02	   6.0000000e+00	   4.0000000e+00	   2.6250000e+00	   1.0200000e+00	   5.0000000e-03	   1.0000000e+00	   3.0000000e+00	   2.0000000e+00	   1.0000000e+00	   4.0570000e+03	
   1.0600000e+02	   1.0900000e+02	   1.0800000e+02	   3.0000000e+00	   5.0000000e+00	   5.0000000e+00	   2.7600000e+00	   0.0000000e+00	   1.0000000e+00	   3.0000000e+00	   2.0000000e+00	   1.0000000e+00	   7.6600000e+02	
   2.0700000e+02	   2.0800000e+02	   2.1500000e+02	   1.0000000e+01	   4.0000000e+00	   1.5150000e+00	   2.6250000e+00	   0.0000000e+00	   2.0000000e+00	   1.0000000e+00	   3.0000000e+00	   2.0000000e+00	   2.3380000e+03	
   1.0600000e+02	   3.1000000e+02	   3.0900000e+02	   1.4000000e+01	   5.0000000e+00	   5.0000000e+00	   1.0200000e+00	   7.6000000e-01	   1.0000000e+00	   3.0000000e+00	   2.0000000e+00	   1.0000000e+00	   7.5500000e+02	
   1.0700000e+02	   3.1100000e+02	   3.0900000e+02	   1.4000000e+01	   3.0000000e+00	   2.0350000e+00	   3.0300000e+00	   7.6000000e-01	   3.0000000e+00	   1.0000000e+00	   2.0000000e+00	   1.0000000e+00	   1.4380000e+03	
   2.0200000e+02	   2.0400000e+02	   1.0800000e+02	   3.0000000e+00	   1.0000000e+00	   2.5200000e+00	   2.7500000e+00	   0.0000000e+00	   1.0000000e+00	   3.0000000e+00	   2.0000000e+00	   1.0000000e+00	   3.8040000e+03	
   2.1100000e+02	   3.1100000e+02	   2.0100000e+02	   6.0000000e+00	   1.0000000e+00	   3.1350000e+00	   3.0300000e+00	   5.0000000e-03	   3.0000000e+00	   2.0000000e+00	   1.0000000e+00	   2.0000000e+00	   1.4340000e+03	
   1.0600000e+02	   2.1100000e+02	   1.0200000e+02	   1.0000000e+00	   5.0000000e+00	   5.0000000e+00	   3.1350000e+00	   0.0000000e+00	   2.0000000e+00	   3.0000000e+00	   1.0000000e+00	   2.0000000e+00	   8.2100000e+02	
   2.0200000e+02	   3.1100000e+02	   2.0600000e+02	   8.0000000e+00	   2.0000000e+00	   2.5200000e+00	   3.0300000e+00	   4.9500000e-01	   3.0000000e+00	   1.0000000e+00	   2.0000000e+00	   1.0000000e+00	   1.2450000e+03	
   1.0700000e+02	   2.0200000e+02	   1.0300000e+02	   2.0000000e+00	   2.0000000e+00	   2.0350000e+00	   2.5200000e+00	   1.0150000e+00	   3.0000000e+00	   1.0000000e+00	   2.0000000e+00	   1.0000000e+00	   2.3070000e+03	
   2.0700000e+02	   3.0100000e+02	   1.0200000e+02	   1.0000000e+00	   4.0000000e+00	   1.5150000e+00	   3.0150000e+00	   0.0000000e+00	   2.0000000e+00	   3.0000000e+00	   1.0000000e+00	   3.0000000e+00	   1.2430000e+03	
   1.0600000e+02	   2.1100000e+02	   2.0300000e+02	   7.0000000e+00	   5.0000000e+00	   5.0000000e+00	   3.1350000e+00	   0.0000000e+00	   3.0000000e+00	   1.0000000e+00	   2.0000000e+00	   3.0000000e+00	   6.8700000e+02	
   1.0900000e+02	   3.1000000e+02	   2.0100000e+02	   6.0000000e+00	   4.0000000e+00	   2.7600000e+00	   1.0200000e+00	   5.0000000e-03	   1.0000000e+00	   3.0000000e+00	   2.0000000e+00	   1.0000000e+00	   1.5940000e+03	
   2.1100000e+02	   2.1400000e+02	   2.0600000e+02	   8.0000000e+00	   3.0000000e+00	   3.1350000e+00	   3.9900000e+00	   4.9500000e-01	   1.0000000e+00	   2.0000000e+00	   3.0000000e+00	   2.0000000e+00	   7.3600000e+02	
   2.0400000e+02	   2.0800000e+02	   2.1500000e+02	   1.0000000e+01	   1.0000000e+00	   2.7500000e+00	   2.6250000e+00	   0.0000000e+00	   2.0000000e+00	   1.0000000e+00	   3.0000000e+00	   2.0000000e+00	   2.3220000e+03	
   2.0400000e+02	   2.1300000e+02	   1.0800000e+02	   3.0000000e+00	   2.0000000e+00	   2.7500000e+00	   3.2400000e+00	   0.0000000e+00	   2.0000000e+00	   3.0000000e+00	   1.0000000e+00	   3.0000000e+00	   8.8800000e+02	
   2.0800000e+02	   2.1300000e+02	   2.1000000e+02	   9.0000000e+00	   2.0000000e+00	   2.6250000e+00	   3.2400000e+00	   0.0000000e+00	   3.0000000e+00	   2.0000000e+00	   1.0000000e+00	   2.0000000e+00	   1.3010000e+03	
   1.0500000e+02	   1.0700000e+02	   2.0100000e+02	   6.0000000e+00	   4.0000000e+00	   3.2700000e+00	   2.0350000e+00	   5.0000000e-03	   3.0000000e+00	   2.0000000e+00	   1.0000000e+00	   3.0000000e+00	   2.0450000e+03	
   2.1300000e+02	   3.0100000e+02	   3.0300000e+02	   1.1000000e+01	   1.0000000e+00	   3.2400000e+00	   3.0150000e+00	   0.0000000e+00	   1.0000000e+00	   2.0000000e+00	   3.0000000e+00	   1.0000000e+00	   1.2170000e+03	
   2.0200000e+02	   2.0900000e+02	   2.0600000e+02	   8.0000000e+00	   1.0000000e+00	   2.5200000e+00	   2.3800000e+00	   4.9500000e-01	   3.0000000e+00	   1.0000000e+00	   2.0000000e+00	   1.0000000e+00	   1.6180000e+03	
   2.0400000e+02	   2.0700000e+02	   3.0900000e+02	   1.4000000e+01	   4.0000000e+00	   2.7500000e+00	   1.5150000e+00	   7.6000000e-01	   2.0000000e+00	   1.0000000e+00	   3.0000000e+00	   1.0000000e+00	   1.4400000e+03	
   2.0200000e+02	   2.0700000e+02	   3.0700000e+02	   1.3000000e+01	   3.0000000e+00	   2.5200000e+00	   1.5150000e+00	   0.0000000e+00	   1.0000000e+00	   2.0000000e+00	   3.0000000e+00	   1.0000000e+00	   1.1660000e+03	
   2.0900000e+02	   2.1300000e+02	   2.1500000e+02	   1.0000000e+01	   3.0000000e+00	   2.3800000e+00	   3.2400000e+00	   0.0000000e+00	   3.0000000e+00	   2.0000000e+00	   1.0000000e+00	   2.0000000e+00	   1.2990000e+03	
   1.0900000e+02	   3.1000000e+02	   3.0900000e+02	   1.4000000e+01	   4.0000000e+00	   2.7600000e+00	   1.0200000e+00	   7.6000000e-01	   1.0000000e+00	   3.0000000e+00	   2.0000000e+00	   1.0000000e+00	   1.9860000e+03	
   2.1100000e+02	   3.1100000e+02	   3.0700000e+02	   1.3000000e+01	   1.0000000e+00	   3.1350000e+00	   3.0300000e+00	   0.0000000e+00	   3.0000000e+00	   2.0000000e+00	   1.0000000e+00	   2.0000000e+00	   8.1300000e+02	
   2.0800000e+02	   2.1100000e+02	   2.0100000e+02	   6.0000000e+00	   2.0000000e+00	   2.6250000e+00	   3.1350000e+00	   5.0000000e-03	   3.0000000e+00	   1.0000000e+00	   2.0000000e+00	   1.0000000e+00	   1.3660000e+03	
   1.0900000e+02	   2.0900000e+02	   3.0500000e+02	   1.2000000e+01	   2.0000000e+00	   2.7600000e+00	   2.3800000e+00	   4.7000000e-01	   2.0000000e+00	   3.0000000e+00	   1.0000000e+00	   3.0000000e+00	   9.7400000e+02	
   1.0600000e+02	   1.0900000e+02	   1.0300000e+02	   2.0000000e+00	   5.0000000e+00	   5.0000000e+00	   2.7600000e+00	   1.0150000e+00	   1.0000000e+00	   2.0000000e+00	   3.0000000e+00	   1.0000000e+00	   5.7600000e+02	
   1.0700000e+02	   3.0100000e+02	   1.0800000e+02	   3.0000000e+00	   3.0000000e+00	   2.0350000e+00	   3.0150000e+00	   0.0000000e+00	   3.0000000e+00	   1.0000000e+00	   2.0000000e+00	   1.0000000e+00	   1.3050000e+03	
   2.1100000e+02	   3.1000000e+02	   3.0700000e+02	   1.3000000e+01	   5.0000000e+00	   3.1350000e+00	   1.0200000e+00	   0.0000000e+00	   1.0000000e+00	   3.0000000e+00	   2.0000000e+00	   1.0000000e+00	   1.6840000e+03	
   1.0500000e+02	   3.0100000e+02	   1.0300000e+02	   2.0000000e+00	   1.0000000e+00	   3.2700000e+00	   3.0150000e+00	   1.0150000e+00	   1.0000000e+00	   2.0000000e+00	   3.0000000e+00	   1.0000000e+00	   1.1250000e+03	
   1.0600000e+02	   3.1000000e+02	   1.1500000e+02	   5.0000000e+00	   5.0000000e+00	   5.0000000e+00	   1.0200000e+00	   0.0000000e+00	   3.0000000e+00	   1.0000000e+00	   2.0000000e+00	   3.0000000e+00	   7.4600000e+02	
   1.0500000e+02	   3.1000000e+02	   3.0900000e+02	   1.4000000e+01	   5.0000000e+00	   3.2700000e+00	   1.0200000e+00	   7.6000000e-01	   1.0000000e+00	   2.0000000e+00	   3.0000000e+00	   1.0000000e+00	   7.3700000e+02	
   1.0700000e+02	   2.0400000e+02	   1.0200000e+02	   1.0000000e+00	   3.0000000e+00	   2.0350000e+00	   2.7500000e+00	   0.0000000e+00	   1.0000000e+00	   3.0000000e+00	   2.0000000e+00	   1.0000000e+00	   1.0800000e+03	
   1.0600000e+02	   3.0100000e+02	   1.0300000e+02	   2.0000000e+00	   5.0000000e+00	   5.0000000e+00	   3.0150000e+00	   1.0150000e+00	   2.0000000e+00	   1.0000000e+00	   3.0000000e+00	   2.0000000e+00	   9.0000000e+02	
   1.0700000e+02	   3.1000000e+02	   2.0300000e+02	   7.0000000e+00	   3.0000000e+00	   2.0350000e+00	   1.0200000e+00	   0.0000000e+00	   1.0000000e+00	   2.0000000e+00	   3.0000000e+00	   1.0000000e+00	   1.1800000e+03	
   1.0900000e+02	   2.1100000e+02	   1.0200000e+02	   1.0000000e+00	   2.0000000e+00	   2.7600000e+00	   3.1350000e+00	   0.0000000e+00	   1.0000000e+00	   2.0000000e+00	   3.0000000e+00	   2.0000000e+00	   1.9270000e+03	
   2.1100000e+02	   3.0100000e+02	   1.1100000e+02	   4.0000000e+00	   1.0000000e+00	   3.1350000e+00	   3.0150000e+00	   0.0000000e+00	   2.0000000e+00	   1.0000000e+00	   3.0000000e+00	   1.0000000e+00	   1.5780000e+03	
   2.0200000e+02	   3.0100000e+02	   1.0200000e+02	   1.0000000e+00	   2.0000000e+00	   2.5200000e+00	   3.0150000e+00	   0.0000000e+00	   1.0000000e+00	   2.0000000e+00	   3.0000000e+00	   1.0000000e+00	   1.9450000e+03	
   1.0500000e+02	   2.0800000e+02	   2.0600000e+02	   8.0000000e+00	   3.0000000e+00	   3.2700000e+00	   2.6250000e+00	   4.9500000e-01	   1.0000000e+00	   2.0000000e+00	   3.0000000e+00	   1.0000000e+00	   1.3270000e+03	
   2.0800000e+02	   2.0900000e+02	   1.0200000e+02	   1.0000000e+00	   1.0000000e+00	   2.6250000e+00	   2.3800000e+00	   0.0000000e+00	   1.0000000e+00	   3.0000000e+00	   2.0000000e+00	   3.0000000e+00	   1.3750000e+03	
   1.0600000e+02	   2.1400000e+02	   1.1100000e+02	   4.0000000e+00	   3.0000000e+00	   5.0000000e+00	   3.9900000e+00	   0.0000000e+00	   2.0000000e+00	   3.0000000e+00	   1.0000000e+00	   2.0000000e+00	   8.3100000e+02	
   1.0700000e+02	   2.1400000e+02	   1.0200000e+02	   1.0000000e+00	   5.0000000e+00	   2.0350000e+00	   3.9900000e+00	   0.0000000e+00	   2.0000000e+00	   1.0000000e+00	   3.0000000e+00	   1.0000000e+00	   1.0210000e+03	
   2.0200000e+02	   3.1100000e+02	   1.0200000e+02	   1.0000000e+00	   2.0000000e+00	   2.5200000e+00	   3.0300000e+00	   0.0000000e+00	   2.0000000e+00	   1.0000000e+00	   3.0000000e+00	   2.0000000e+00	   2.1310000e+03	
   2.0700000e+02	   3.1000000e+02	   3.0900000e+02	   1.4000000e+01	   2.0000000e+00	   1.5150000e+00	   1.0200000e+00	   7.6000000e-01	   2.0000000e+00	   1.0000000e+00	   3.0000000e+00	   2.0000000e+00	   1.2910000e+03	
   1.0600000e+02	   2.0200000e+02	   1.0300000e+02	   2.0000000e+00	   5.0000000e+00	   5.0000000e+00	   2.5200000e+00	   1.0150000e+00	   2.0000000e+00	   3.0000000e+00	   1.0000000e+00	   2.0000000e+00	   7.6200000e+02	
   1.0700000e+02	   2.0200000e+02	   2.0600000e+02	   8.0000000e+00	   2.0000000e+00	   2.0350000e+00	   2.5200000e+00	   4.9500000e-01	   3.0000000e+00	   1.0000000e+00	   2.0000000e+00	   1.0000000e+00	   1.3700000e+03	
   1.0500000e+02	   2.1100000e+02	   2.1000000e+02	   9.0000000e+00	   1.0000000e+00	   3.2700000e+00	   3.1350000e+00	   0.0000000e+00	   1.0000000e+00	   2.0000000e+00	   3.0000000e+00	   1.0000000e+00	   7.5900000e+02	
   2.1300000e+02	   3.0100000e+02	   2.1000000e+02	   9.0000000e+00	   1.0000000e+00	   3.2400000e+00	   3.0150000e+00	   0.0000000e+00	   1.0000000e+00	   2.0000000e+00	   3.0000000e+00	   1.0000000e+00	   7.4700000e+02	
   2.0800000e+02	   3.1000000e+02	   1.0800000e+02	   3.0000000e+00	   4.0000000e+00	   2.6250000e+00	   1.0200000e+00	   0.0000000e+00	   2.0000000e+00	   3.0000000e+00	   1.0000000e+00	   2.0000000e+00	   1.9590000e+03	
   2.0200000e+02	   3.1100000e+02	   1.1100000e+02	   4.0000000e+00	   2.0000000e+00	   2.5200000e+00	   3.0300000e+00	   0.0000000e+00	   3.0000000e+00	   1.0000000e+00	   2.0000000e+00	   1.0000000e+00	   1.4470000e+03	
   1.0600000e+02	   2.0400000e+02	   3.0300000e+02	   1.1000000e+01	   5.0000000e+00	   5.0000000e+00	   2.7500000e+00	   0.0000000e+00	   1.0000000e+00	   2.0000000e+00	   3.0000000e+00	   1.0000000e+00	   8.0400000e+02	
   1.0700000e+02	   3.1100000e+02	   1.1100000e+02	   4.0000000e+00	   3.0000000e+00	   2.0350000e+00	   3.0300000e+00	   0.0000000e+00	   2.0000000e+00	   3.0000000e+00	   1.0000000e+00	   3.0000000e+00	   1.2290000e+03	
   2.0700000e+02	   2.1300000e+02	   3.0300000e+02	   1.1000000e+01	   4.0000000e+00	   1.5150000e+00	   3.2400000e+00	   0.0000000e+00	   3.0000000e+00	   1.0000000e+00	   2.0000000e+00	   1.0000000e+00	   1.3510000e+03	
   1.0700000e+02	   1.0900000e+02	   3.1200000e+02	   1.5000000e+01	   3.0000000e+00	   2.0350000e+00	   2.7600000e+00	   0.0000000e+00	   1.0000000e+00	   2.0000000e+00	   3.0000000e+00	   2.0000000e+00	   2.0360000e+03	
   1.0700000e+02	   2.1100000e+02	   1.1100000e+02	   4.0000000e+00	   4.0000000e+00	   2.0350000e+00	   3.1350000e+00	   0.0000000e+00	   2.0000000e+00	   3.0000000e+00	   1.0000000e+00	   3.0000000e+00	   1.1340000e+03	
   2.1400000e+02	   3.1100000e+02	   2.1000000e+02	   9.0000000e+00	   3.0000000e+00	   3.9900000e+00	   3.0300000e+00	   0.0000000e+00	   3.0000000e+00	   1.0000000e+00	   2.0000000e+00	   3.0000000e+00	   7.1400000e+02	
   1.0500000e+02	   1.0600000e+02	   3.0500000e+02	   1.2000000e+01	   4.0000000e+00	   3.2700000e+00	   5.0000000e+00	   4.7000000e-01	   1.0000000e+00	   2.0000000e+00	   3.0000000e+00	   2.0000000e+00	   1.0350000e+03	
   2.0800000e+02	   3.1000000e+02	   2.0600000e+02	   8.0000000e+00	   4.0000000e+00	   2.6250000e+00	   1.0200000e+00	   4.9500000e-01	   1.0000000e+00	   3.0000000e+00	   2.0000000e+00	   1.0000000e+00	   1.7430000e+03	
   2.0400000e+02	   2.1100000e+02	   2.0300000e+02	   7.0000000e+00	   2.0000000e+00	   2.7500000e+00	   3.1350000e+00	   0.0000000e+00	   2.0000000e+00	   1.0000000e+00	   3.0000000e+00	   1.0000000e+00	   1.5200000e+03	
   2.0800000e+02	   3.0100000e+02	   1.1100000e+02	   4.0000000e+00	   2.0000000e+00	   2.6250000e+00	   3.0150000e+00	   0.0000000e+00	   2.0000000e+00	   3.0000000e+00	   1.0000000e+00	   3.0000000e+00	   1.0540000e+03	
   2.0700000e+02	   2.1100000e+02	   2.1500000e+02	   1.0000000e+01	   4.0000000e+00	   1.5150000e+00	   3.1350000e+00	   0.0000000e+00	   3.0000000e+00	   1.0000000e+00	   2.0000000e+00	   1.0000000e+00	   1.3880000e+03	
   1.0600000e+02	   2.1100000e+02	   1.0800000e+02	   3.0000000e+00	   5.0000000e+00	   5.0000000e+00	   3.1350000e+00	   0.0000000e+00	   3.0000000e+00	   2.0000000e+00	   1.0000000e+00	   3.0000000e+00	   6.7100000e+02	
   2.0400000e+02	   2.1100000e+02	   2.0100000e+02	   6.0000000e+00	   2.0000000e+00	   2.7500000e+00	   3.1350000e+00	   5.0000000e-03	   1.0000000e+00	   2.0000000e+00	   3.0000000e+00	   2.0000000e+00	   1.4240000e+03	
   2.0700000e+02	   2.0900000e+02	   1.0300000e+02	   2.0000000e+00	   3.0000000e+00	   1.5150000e+00	   2.3800000e+00	   1.0150000e+00	   2.0000000e+00	   1.0000000e+00	   3.0000000e+00	   1.0000000e+00	   1.0310000e+03	
   2.0700000e+02	   3.0100000e+02	   3.0500000e+02	   1.2000000e+01	   4.0000000e+00	   1.5150000e+00	   3.0150000e+00	   4.7000000e-01	   2.0000000e+00	   1.0000000e+00	   3.0000000e+00	   1.0000000e+00	   2.3320000e+03	
   2.0900000e+02	   2.1100000e+02	   1.0200000e+02	   1.0000000e+00	   3.0000000e+00	   2.3800000e+00	   3.1350000e+00	   0.0000000e+00	   2.0000000e+00	   3.0000000e+00	   1.0000000e+00	   2.0000000e+00	   1.4900000e+03	
   2.0900000e+02	   3.0100000e+02	   2.0300000e+02	   7.0000000e+00	   3.0000000e+00	   2.3800000e+00	   3.0150000e+00	   0.0000000e+00	   1.0000000e+00	   3.0000000e+00	   2.0000000e+00	   1.0000000e+00	   1.6980000e+03	
   2.1300000e+02	   3.1000000e+02	   3.0700000e+02	   1.3000000e+01	   5.0000000e+00	   3.2400000e+00	   1.0200000e+00	   0.0000000e+00	   1.0000000e+00	   2.0000000e+00	   3.0000000e+00	   1.0000000e+00	   1.0550000e+03	
   2.1100000e+02	   3.0100000e+02	   3.0900000e+02	   1.4000000e+01	   1.0000000e+00	   3.1350000e+00	   3.0150000e+00	   7.6000000e-01	   3.0000000e+00	   2.0000000e+00	   1.0000000e+00	   3.0000000e+00	   1.3230000e+03	
   1.0900000e+02	   3.0100000e+02	   2.1000000e+02	   9.0000000e+00	   1.0000000e+00	   2.7600000e+00	   3.0150000e+00	   0.0000000e+00	   1.0000000e+00	   2.0000000e+00	   3.0000000e+00	   1.0000000e+00	   2.4070000e+03	
   2.0700000e+02	   2.1300000e+02	   1.0200000e+02	   1.0000000e+00	   4.0000000e+00	   1.5150000e+00	   3.2400000e+00	   0.0000000e+00	   1.0000000e+00	   2.0000000e+00	   3.0000000e+00	   2.0000000e+00	   1.1350000e+03	
   2.1400000e+02	   3.0100000e+02	   1.1500000e+02	   5.0000000e+00	   3.0000000e+00	   3.9900000e+00	   3.0150000e+00	   0.0000000e+00	   3.0000000e+00	   1.0000000e+00	   2.0000000e+00	   3.0000000e+00	   1.3270000e+03	
   1.0600000e+02	   2.1100000e+02	   3.1200000e+02	   1.5000000e+01	   5.0000000e+00	   5.0000000e+00	   3.1350000e+00	   0.0000000e+00	   2.0000000e+00	   1.0000000e+00	   3.0000000e+00	   2.0000000e+00	   7.6200000e+02	
   1.0900000e+02	   2.0700000e+02	   1.0300000e+02	   2.0000000e+00	   4.0000000e+00	   2.7600000e+00	   1.5150000e+00	   1.0150000e+00	   3.0000000e+00	   1.0000000e+00	   2.0000000e+00	   3.0000000e+00	   3.5830000e+03	
   1.0700000e+02	   3.1000000e+02	   2.1500000e+02	   1.0000000e+01	   3.0000000e+00	   2.0350000e+00	   1.0200000e+00	   0.0000000e+00	   1.0000000e+00	   2.0000000e+00	   3.0000000e+00	   1.0000000e+00	   1.4630000e+03	
   2.0700000e+02	   3.0100000e+02	   1.1500000e+02	   5.0000000e+00	   4.0000000e+00	   1.5150000e+00	   3.0150000e+00	   0.0000000e+00	   1.0000000e+00	   3.0000000e+00	   2.0000000e+00	   3.0000000e+00	   2.0150000e+03	
   1.0600000e+02	   2.1400000e+02	   3.0500000e+02	   1.2000000e+01	   3.0000000e+00	   5.0000000e+00	   3.9900000e+00	   4.7000000e-01	   3.0000000e+00	   2.0000000e+00	   1.0000000e+00	   3.0000000e+00	   7.4700000e+02	
   1.0700000e+02	   3.1100000e+02	   2.0100000e+02	   6.0000000e+00	   3.0000000e+00	   2.0350000e+00	   3.0300000e+00	   5.0000000e-03	   1.0000000e+00	   3.0000000e+00	   2.0000000e+00	   3.0000000e+00	   1.1390000e+03	
   2.1400000e+02	   3.0100000e+02	   3.0700000e+02	   1.3000000e+01	   3.0000000e+00	   3.9900000e+00	   3.0150000e+00	   0.0000000e+00	   2.0000000e+00	   1.0000000e+00	   3.0000000e+00	   2.0000000e+00	   9.2900000e+02	
   1.0900000e+02	   3.0100000e+02	   1.1500000e+02	   5.0000000e+00	   1.0000000e+00	   2.7600000e+00	   3.0150000e+00	   0.0000000e+00	   1.0000000e+00	   2.0000000e+00	   3.0000000e+00	   1.0000000e+00	   2.1030000e+03	
   2.0800000e+02	   2.1300000e+02	   3.0300000e+02	   1.1000000e+01	   2.0000000e+00	   2.6250000e+00	   3.2400000e+00	   0.0000000e+00	   2.0000000e+00	   1.0000000e+00	   3.0000000e+00	   1.0000000e+00	   1.0200000e+03	
   1.0900000e+02	   2.0900000e+02	   1.1500000e+02	   5.0000000e+00	   2.0000000e+00	   2.7600000e+00	   2.3800000e+00	   0.0000000e+00	   2.0000000e+00	   1.0000000e+00	   3.0000000e+00	   1.0000000e+00	   7.8300000e+02	
   3.0100000e+02	   3.1000000e+02	   3.0300000e+02	   1.1000000e+01	   5.0000000e+00	   3.0150000e+00	   1.0200000e+00	   0.0000000e+00	   2.0000000e+00	   3.0000000e+00	   1.0000000e+00	   2.0000000e+00	   1.4850000e+03	
   1.0500000e+02	   2.1100000e+02	   3.0900000e+02	   1.4000000e+01	   1.0000000e+00	   3.2700000e+00	   3.1350000e+00	   7.6000000e-01	   2.0000000e+00	   3.0000000e+00	   1.0000000e+00	   2.0000000e+00	   9.3300000e+02	
   1.0700000e+02	   1.0900000e+02	   2.1500000e+02	   1.0000000e+01	   3.0000000e+00	   2.0350000e+00	   2.7600000e+00	   0.0000000e+00	   1.0000000e+00	   2.0000000e+00	   3.0000000e+00	   2.0000000e+00	   2.2350000e+03	
   1.0500000e+02	   1.0900000e+02	   3.0500000e+02	   1.2000000e+01	   2.0000000e+00	   3.2700000e+00	   2.7600000e+00	   4.7000000e-01	   1.0000000e+00	   3.0000000e+00	   2.0000000e+00	   1.0000000e+00	   1.3160000e+03	
   2.0900000e+02	   3.0100000e+02	   3.1200000e+02	   1.5000000e+01	   3.0000000e+00	   2.3800000e+00	   3.0150000e+00	   0.0000000e+00	   2.0000000e+00	   3.0000000e+00	   1.0000000e+00	   2.0000000e+00	   1.0670000e+03	
   2.1400000e+02	   3.1000000e+02	   2.1000000e+02	   9.0000000e+00	   5.0000000e+00	   3.9900000e+00	   1.0200000e+00	   0.0000000e+00	   3.0000000e+00	   2.0000000e+00	   1.0000000e+00	   3.0000000e+00	   1.4680000e+03	
   2.0900000e+02	   3.0100000e+02	   2.0100000e+02	   6.0000000e+00	   3.0000000e+00	   2.3800000e+00	   3.0150000e+00	   5.0000000e-03	   1.0000000e+00	   2.0000000e+00	   3.0000000e+00	   1.0000000e+00	   3.2390000e+03	
   1.0900000e+02	   2.0400000e+02	   2.1000000e+02	   9.0000000e+00	   1.0000000e+00	   2.7600000e+00	   2.7500000e+00	   0.0000000e+00	   3.0000000e+00	   1.0000000e+00	   2.0000000e+00	   1.0000000e+00	   2.4950000e+03	
   2.0800000e+02	   3.0100000e+02	   1.1500000e+02	   5.0000000e+00	   2.0000000e+00	   2.6250000e+00	   3.0150000e+00	   0.0000000e+00	   3.0000000e+00	   2.0000000e+00	   1.0000000e+00	   2.0000000e+00	   1.3460000e+03	
   1.0900000e+02	   2.1400000e+02	   3.0300000e+02	   1.1000000e+01	   4.0000000e+00	   2.7600000e+00	   3.9900000e+00	   0.0000000e+00	   1.0000000e+00	   3.0000000e+00	   2.0000000e+00	   3.0000000e+00	   1.1510000e+03	
   2.0200000e+02	   2.0900000e+02	   2.0100000e+02	   6.0000000e+00	   1.0000000e+00	   2.5200000e+00	   2.3800000e+00	   5.0000000e-03	   2.0000000e+00	   3.0000000e+00	   1.0000000e+00	   3.0000000e+00	   1.4880000e+03	
   1.0500000e+02	   3.1100000e+02	   2.0300000e+02	   7.0000000e+00	   1.0000000e+00	   3.2700000e+00	   3.0300000e+00	   0.0000000e+00	   2.0000000e+00	   3.0000000e+00	   1.0000000e+00	   3.0000000e+00	   1.2000000e+03	
   2.0700000e+02	   3.1000000e+02	   1.1500000e+02	   5.0000000e+00	   2.0000000e+00	   1.5150000e+00	   1.0200000e+00	   0.0000000e+00	   2.0000000e+00	   1.0000000e+00	   3.0000000e+00	   2.0000000e+00	   1.7710000e+03	
   1.0600000e+02	   3.1100000e+02	   2.0100000e+02	   6.0000000e+00	   5.0000000e+00	   5.0000000e+00	   3.0300000e+00	   5.0000000e-03	   2.0000000e+00	   3.0000000e+00	   1.0000000e+00	   2.0000000e+00	   1.1060000e+03	
   1.0600000e+02	   2.1300000e+02	   2.1500000e+02	   1.0000000e+01	   5.0000000e+00	   5.0000000e+00	   3.2400000e+00	   0.0000000e+00	   3.0000000e+00	   2.0000000e+00	   1.0000000e+00	   3.0000000e+00	   6.9900000e+02	
   2.0200000e+02	   2.0400000e+02	   1.1500000e+02	   5.0000000e+00	   1.0000000e+00	   2.5200000e+00	   2.7500000e+00	   0.0000000e+00	   2.0000000e+00	   3.0000000e+00	   1.0000000e+00	   2.0000000e+00	   1.8840000e+03	
   2.0200000e+02	   2.1100000e+02	   2.0100000e+02	   6.0000000e+00	   2.0000000e+00	   2.5200000e+00	   3.1350000e+00	   5.0000000e-03	   3.0000000e+00	   1.0000000e+00	   2.0000000e+00	   1.0000000e+00	   2.3290000e+03	
   2.0900000e+02	   3.1100000e+02	   1.1500000e+02	   5.0000000e+00	   3.0000000e+00	   2.3800000e+00	   3.0300000e+00	   0.0000000e+00	   2.0000000e+00	   1.0000000e+00	   3.0000000e+00	   1.0000000e+00	   1.0920000e+03	
   1.0500000e+02	   3.0100000e+02	   3.0500000e+02	   1.2000000e+01	   1.0000000e+00	   3.2700000e+00	   3.0150000e+00	   4.7000000e-01	   2.0000000e+00	   3.0000000e+00	   1.0000000e+00	   2.0000000e+00	   1.1100000e+03	
   1.0600000e+02	   2.0900000e+02	   1.1100000e+02	   4.0000000e+00	   5.0000000e+00	   5.0000000e+00	   2.3800000e+00	   0.0000000e+00	   1.0000000e+00	   3.0000000e+00	   2.0000000e+00	   1.0000000e+00	   7.3500000e+02	
   1.0900000e+02	   2.0400000e+02	   2.0600000e+02	   8.0000000e+00	   1.0000000e+00	   2.7600000e+00	   2.7500000e+00	   4.9500000e-01	   3.0000000e+00	   1.0000000e+00	   2.0000000e+00	   3.0000000e+00	   1.6700000e+03	
   2.0700000e+02	   2.0900000e+02	   1.1100000e+02	   4.0000000e+00	   3.0000000e+00	   1.5150000e+00	   2.3800000e+00	   0.0000000e+00	   3.0000000e+00	   1.0000000e+00	   2.0000000e+00	   1.0000000e+00	   2.9380000e+03	
   1.0700000e+02	   2.0400000e+02	   3.0300000e+02	   1.1000000e+01	   3.0000000e+00	   2.0350000e+00	   2.7500000e+00	   0.0000000e+00	   2.0000000e+00	   3.0000000e+00	   1.0000000e+00	   3.0000000e+00	   1.6100000e+03	
   2.0900000e+02	   2.1300000e+02	   3.0900000e+02	   1.4000000e+01	   3.0000000e+00	   2.3800000e+00	   3.2400000e+00	   7.6000000e-01	   1.0000000e+00	   3.0000000e+00	   2.0000000e+00	   3.0000000e+00	   1.4000000e+03	
   2.1100000e+02	   2.1400000e+02	   3.0500000e+02	   1.2000000e+01	   3.0000000e+00	   3.1350000e+00	   3.9900000e+00	   4.7000000e-01	   1.0000000e+00	   2.0000000e+00	   3.0000000e+00	   2.0000000e+00	   1.1270000e+03	
   2.1100000e+02	   3.0100000e+02	   2.0300000e+02	   7.0000000e+00	   1.0000000e+00	   3.1350000e+00	   3.0150000e+00	   0.0000000e+00	   1.0000000e+00	   3.0000000e+00	   2.0000000e+00	   1.0000000e+00	   1.9010000e+03	
   1.0500000e+02	   1.0600000e+02	   1.0300000e+02	   2.0000000e+00	   4.0000000e+00	   3.2700000e+00	   5.0000000e+00	   1.0150000e+00	   3.0000000e+00	   2.0000000e+00	   1.0000000e+00	   3.0000000e+00	   6.9600000e+02	
   2.0200000e+02	   3.1000000e+02	   2.1000000e+02	   9.0000000e+00	   4.0000000e+00	   2.5200000e+00	   1.0200000e+00	   0.0000000e+00	   3.0000000e+00	   1.0000000e+00	   2.0000000e+00	   3.0000000e+00	   3.9910000e+03	
   2.0700000e+02	   2.1300000e+02	   3.1200000e+02	   1.5000000e+01	   4.0000000e+00	   1.5150000e+00	   3.2400000e+00	   0.0000000e+00	   1.0000000e+00	   3.0000000e+00	   2.0000000e+00	   3.0000000e+00	   1.1620000e+03	
   1.0900000e+02	   2.0900000e+02	   1.1100000e+02	   4.0000000e+00	   2.0000000e+00	   2.7600000e+00	   2.3800000e+00	   0.0000000e+00	   2.0000000e+00	   3.0000000e+00	   1.0000000e+00	   3.0000000e+00	   1.0930000e+03	
   3.0100000e+02	   3.1000000e+02	   2.0100000e+02	   6.0000000e+00	   5.0000000e+00	   3.0150000e+00	   1.0200000e+00	   5.0000000e-03	   2.0000000e+00	   1.0000000e+00	   3.0000000e+00	   2.0000000e+00	   1.4280000e+03	
   2.0200000e+02	   2.1400000e+02	   3.0900000e+02	   1.4000000e+01	   4.0000000e+00	   2.5200000e+00	   3.9900000e+00	   7.6000000e-01	   1.0000000e+00	   2.0000000e+00	   3.0000000e+00	   2.0000000e+00	   1.0660000e+03	
   2.0200000e+02	   2.0800000e+02	   1.1100000e+02	   4.0000000e+00	   1.0000000e+00	   2.5200000e+00	   2.6250000e+00	   0.0000000e+00	   1.0000000e+00	   3.0000000e+00	   2.0000000e+00	   1.0000000e+00	   1.2660000e+03	
   2.0700000e+02	   2.1300000e+02	   1.0800000e+02	   3.0000000e+00	   4.0000000e+00	   1.5150000e+00	   3.2400000e+00	   0.0000000e+00	   3.0000000e+00	   2.0000000e+00	   1.0000000e+00	   2.0000000e+00	   1.1130000e+03	
   2.0400000e+02	   3.1100000e+02	   1.0300000e+02	   2.0000000e+00	   2.0000000e+00	   2.7500000e+00	   3.0300000e+00	   1.0150000e+00	   3.0000000e+00	   1.0000000e+00	   2.0000000e+00	   1.0000000e+00	   1.5730000e+03	
   1.0500000e+02	   2.0400000e+02	   2.1500000e+02	   1.0000000e+01	   2.0000000e+00	   3.2700000e+00	   2.7500000e+00	   0.0000000e+00	   3.0000000e+00	   1.0000000e+00	   2.0000000e+00	   3.0000000e+00	   2.2930000e+03	
   2.0700000e+02	   2.1400000e+02	   1.1100000e+02	   4.0000000e+00	   5.0000000e+00	   1.5150000e+00	   3.9900000e+00	   0.0000000e+00	   2.0000000e+00	   1.0000000e+00	   3.0000000e+00	   1.0000000e+00	   1.0220000e+03	
   1.0900000e+02	   3.1000000e+02	   1.1500000e+02	   5.0000000e+00	   4.0000000e+00	   2.7600000e+00	   1.0200000e+00	   0.0000000e+00	   2.0000000e+00	   3.0000000e+00	   1.0000000e+00	   2.0000000e+00	   1.5500000e+03	
   1.0900000e+02	   2.0700000e+02	   3.0300000e+02	   1.1000000e+01	   4.0000000e+00	   2.7600000e+00	   1.5150000e+00	   0.0000000e+00	   2.0000000e+00	   3.0000000e+00	   1.0000000e+00	   2.0000000e+00	   1.4600000e+03	
   2.0400000e+02	   3.1100000e+02	   1.1100000e+02	   4.0000000e+00	   2.0000000e+00	   2.7500000e+00	   3.0300000e+00	   0.0000000e+00	   2.0000000e+00	   1.0000000e+00	   3.0000000e+00	   1.0000000e+00	   1.1070000e+03	
   2.0800000e+02	   2.1300000e+02	   3.0700000e+02	   1.3000000e+01	   2.0000000e+00	   2.6250000e+00	   3.2400000e+00	   0.0000000e+00	   2.0000000e+00	   1.0000000e+00	   3.0000000e+00	   1.0000000e+00	   1.2020000e+03	
   2.1100000e+02	   2.1300000e+02	   3.0300000e+02	   1.1000000e+01	   1.0000000e+00	   3.1350000e+00	   3.2400000e+00	   0.0000000e+00	   3.0000000e+00	   1.0000000e+00	   2.0000000e+00	   1.0000000e+00	   2.6300000e+03	
   2.0400000e+02	   2.0900000e+02	   2.0300000e+02	   7.0000000e+00	   2.0000000e+00	   2.7500000e+00	   2.3800000e+00	   0.0000000e+00	   3.0000000e+00	   1.0000000e+00	   2.0000000e+00	   1.0000000e+00	   1.7360000e+03	
   2.1300000e+02	   3.1100000e+02	   1.0300000e+02	   2.0000000e+00	   1.0000000e+00	   3.2400000e+00	   3.0300000e+00	   1.0150000e+00	   1.0000000e+00	   2.0000000e+00	   3.0000000e+00	   1.0000000e+00	   3.9980000e+03	
   2.0800000e+02	   2.1100000e+02	   3.0700000e+02	   1.3000000e+01	   2.0000000e+00	   2.6250000e+00	   3.1350000e+00	   0.0000000e+00	   1.0000000e+00	   2.0000000e+00	   3.0000000e+00	   2.0000000e+00	   3.1720000e+03	
   1.0900000e+02	   2.0800000e+02	   1.1100000e+02	   4.0000000e+00	   1.0000000e+00	   2.7600000e+00	   2.6250000e+00	   0.0000000e+00	   3.0000000e+00	   1.0000000e+00	   2.0000000e+00	   3.0000000e+00	   1.8660000e+03	
   2.0400000e+02	   3.0100000e+02	   2.0300000e+02	   7.0000000e+00	   1.0000000e+00	   2.7500000e+00	   3.0150000e+00	   0.0000000e+00	   2.0000000e+00	   1.0000000e+00	   3.0000000e+00	   1.0000000e+00	   1.0500000e+03	
   1.0600000e+02	   2.0400000e+02	   2.0600000e+02	   8.0000000e+00	   5.0000000e+00	   5.0000000e+00	   2.7500000e+00	   4.9500000e-01	   2.0000000e+00	   3.0000000e+00	   1.0000000e+00	   2.0000000e+00	   1.0130000e+03	
   1.0700000e+02	   2.1400000e+02	   3.0500000e+02	   1.2000000e+01	   5.0000000e+00	   2.0350000e+00	   3.9900000e+00	   4.7000000e-01	   1.0000000e+00	   2.0000000e+00	   3.0000000e+00	   2.0000000e+00	   1.1490000e+03	
   2.1100000e+02	   3.0100000e+02	   2.0100000e+02	   6.0000000e+00	   1.0000000e+00	   3.1350000e+00	   3.0150000e+00	   5.0000000e-03	   3.0000000e+00	   2.0000000e+00	   1.0000000e+00	   3.0000000e+00	   1.1220000e+03	
   2.0700000e+02	   2.1300000e+02	   3.0700000e+02	   1.3000000e+01	   4.0000000e+00	   1.5150000e+00	   3.2400000e+00	   0.0000000e+00	   3.0000000e+00	   1.0000000e+00	   2.0000000e+00	   1.0000000e+00	   1.4080000e+03	
   1.0500000e+02	   2.1400000e+02	   3.0300000e+02	   1.1000000e+01	   3.0000000e+00	   3.2700000e+00	   3.9900000e+00	   0.0000000e+00	   1.0000000e+00	   3.0000000e+00	   2.0000000e+00	   3.0000000e+00	   1.1120000e+03	
   2.0700000e+02	   3.1000000e+02	   3.0300000e+02	   1.1000000e+01	   2.0000000e+00	   1.5150000e+00	   1.0200000e+00	   0.0000000e+00	   3.0000000e+00	   2.0000000e+00	   1.0000000e+00	   3.0000000e+00	   1.9870000e+03	
   1.0500000e+02	   2.0700000e+02	   3.1200000e+02	   1.5000000e+01	   5.0000000e+00	   3.2700000e+00	   1.5150000e+00	   0.0000000e+00	   2.0000000e+00	   3.0000000e+00	   1.0000000e+00	   2.0000000e+00	   2.5090000e+03	
   2.0900000e+02	   3.1000000e+02	   1.0800000e+02	   3.0000000e+00	   4.0000000e+00	   2.3800000e+00	   1.0200000e+00	   0.0000000e+00	   3.0000000e+00	   2.0000000e+00	   1.0000000e+00	   3.0000000e+00	   1.1120000e+03	
   1.0700000e+02	   2.0900000e+02	   3.1200000e+02	   1.5000000e+01	   2.0000000e+00	   2.0350000e+00	   2.3800000e+00	   0.0000000e+00	   1.0000000e+00	   3.0000000e+00	   2.0000000e+00	   3.0000000e+00	   9.7200000e+02	
   1.0900000e+02	   3.0100000e+02	   1.0200000e+02	   1.0000000e+00	   1.0000000e+00	   2.7600000e+00	   3.0150000e+00	   0.0000000e+00	   2.0000000e+00	   1.0000000e+00	   3.0000000e+00	   1.0000000e+00	   1.1680000e+03	
   2.0200000e+02	   2.0800000e+02	   1.1500000e+02	   5.0000000e+00	   1.0000000e+00	   2.5200000e+00	   2.6250000e+00	   0.0000000e+00	   1.0000000e+00	   3.0000000e+00	   2.0000000e+00	   1.0000000e+00	   1.1700000e+03	
   1.0500000e+02	   3.1000000e+02	   1.1500000e+02	   5.0000000e+00	   5.0000000e+00	   3.2700000e+00	   1.0200000e+00	   0.0000000e+00	   2.0000000e+00	   1.0000000e+00	   3.0000000e+00	   2.0000000e+00	   1.6360000e+03	
   1.0700000e+02	   2.0900000e+02	   1.1500000e+02	   5.0000000e+00	   2.0000000e+00	   2.0350000e+00	   2.3800000e+00	   0.0000000e+00	   3.0000000e+00	   2.0000000e+00	   1.0000000e+00	   2.0000000e+00	   1.0400000e+03	
   2.0700000e+02	   2.1400000e+02	   1.0800000e+02	   3.0000000e+00	   5.0000000e+00	   1.5150000e+00	   3.9900000e+00	   0.0000000e+00	   1.0000000e+00	   3.0000000e+00	   2.0000000e+00	   3.0000000e+00	   1.7430000e+03	
   2.0400000e+02	   2.0900000e+02	   3.0700000e+02	   1.3000000e+01	   2.0000000e+00	   2.7500000e+00	   2.3800000e+00	   0.0000000e+00	   3.0000000e+00	   1.0000000e+00	   2.0000000e+00	   1.0000000e+00	   1.2470000e+03	
   2.0400000e+02	   2.1400000e+02	   1.0200000e+02	   1.0000000e+00	   4.0000000e+00	   2.7500000e+00	   3.9900000e+00	   0.0000000e+00	   3.0000000e+00	   1.0000000e+00	   2.0000000e+00	   1.0000000e+00	   8.0400000e+02	
   2.0200000e+02	   2.1100000e+02	   1.0800000e+02	   3.0000000e+00	   2.0000000e+00	   2.5200000e+00	   3.1350000e+00	   0.0000000e+00	   3.0000000e+00	   2.0000000e+00	   1.0000000e+00	   3.0000000e+00	   1.0540000e+03	
   1.0600000e+02	   1.0700000e+02	   1.1500000e+02	   5.0000000e+00	   5.0000000e+00	   5.0000000e+00	   2.0350000e+00	   0.0000000e+00	   1.0000000e+00	   2.0000000e+00	   3.0000000e+00	   1.0000000e+00	   6.6100000e+02	
   2.0700000e+02	   2.1400000e+02	   3.0900000e+02	   1.4000000e+01	   5.0000000e+00	   1.5150000e+00	   3.9900000e+00	   7.6000000e-01	   1.0000000e+00	   3.0000000e+00	   2.0000000e+00	   3.0000000e+00	   6.6300000e+02	
   1.0700000e+02	   2.0400000e+02	   3.0500000e+02	   1.2000000e+01	   3.0000000e+00	   2.0350000e+00	   2.7500000e+00	   4.7000000e-01	   3.0000000e+00	   2.0000000e+00	   1.0000000e+00	   2.0000000e+00	   1.5030000e+03	
   1.0600000e+02	   2.1300000e+02	   1.1100000e+02	   4.0000000e+00	   5.0000000e+00	   5.0000000e+00	   3.2400000e+00	   0.0000000e+00	   3.0000000e+00	   2.0000000e+00	   1.0000000e+00	   3.0000000e+00	   6.3600000e+02	
   2.0200000e+02	   2.0900000e+02	   3.0900000e+02	   1.4000000e+01	   1.0000000e+00	   2.5200000e+00	   2.3800000e+00	   7.6000000e-01	   2.0000000e+00	   3.0000000e+00	   1.0000000e+00	   3.0000000e+00	   3.5060000e+03	
   1.0600000e+02	   2.0700000e+02	   3.1200000e+02	   1.5000000e+01	   5.0000000e+00	   5.0000000e+00	   1.5150000e+00	   0.0000000e+00	   2.0000000e+00	   1.0000000e+00	   3.0000000e+00	   2.0000000e+00	   7.7800000e+02	
   2.0700000e+02	   2.1100000e+02	   2.0300000e+02	   7.0000000e+00	   4.0000000e+00	   1.5150000e+00	   3.1350000e+00	   0.0000000e+00	   2.0000000e+00	   1.0000000e+00	   3.0000000e+00	   1.0000000e+00	   1.2430000e+03	
   2.0400000e+02	   2.0700000e+02	   3.1200000e+02	   1.5000000e+01	   4.0000000e+00	   2.7500000e+00	   1.5150000e+00	   0.0000000e+00	   1.0000000e+00	   2.0000000e+00	   3.0000000e+00	   1.0000000e+00	   1.2910000e+03	
   2.1100000e+02	   3.1000000e+02	   2.1500000e+02	   1.0000000e+01	   5.0000000e+00	   3.1350000e+00	   1.0200000e+00	   0.0000000e+00	   2.0000000e+00	   3.0000000e+00	   1.0000000e+00	   2.0000000e+00	   7.1000000e+02	
   2.0200000e+02	   2.1400000e+02	   2.0100000e+02	   6.0000000e+00	   4.0000000e+00	   2.5200000e+00	   3.9900000e+00	   5.0000000e-03	   1.0000000e+00	   3.0000000e+00	   2.0000000e+00	   3.0000000e+00	   8.7800000e+02	
   1.0500000e+02	   2.0900000e+02	   1.0800000e+02	   3.0000000e+00	   3.0000000e+00	   3.2700000e+00	   2.3800000e+00	   0.0000000e+00	   3.0000000e+00	   2.0000000e+00	   1.0000000e+00	   2.0000000e+00	   1.6140000e+03	
   1.0500000e+02	   2.0700000e+02	   3.0500000e+02	   1.2000000e+01	   5.0000000e+00	   3.2700000e+00	   1.5150000e+00	   4.7000000e-01	   2.0000000e+00	   1.0000000e+00	   3.0000000e+00	   2.0000000e+00	   8.5800000e+02	
   2.0400000e+02	   2.1100000e+02	   1.0800000e+02	   3.0000000e+00	   2.0000000e+00	   2.7500000e+00	   3.1350000e+00	   0.0000000e+00	   2.0000000e+00	   1.0000000e+00	   3.0000000e+00	   1.0000000e+00	   1.2920000e+03	
   1.0600000e+02	   2.0800000e+02	   2.1000000e+02	   9.0000000e+00	   5.0000000e+00	   5.0000000e+00	   2.6250000e+00	   0.0000000e+00	   3.0000000e+00	   2.0000000e+00	   1.0000000e+00	   3.0000000e+00	   7.2800000e+02	
   2.0900000e+02	   3.0100000e+02	   1.1100000e+02	   4.0000000e+00	   3.0000000e+00	   2.3800000e+00	   3.0150000e+00	   0.0000000e+00	   1.0000000e+00	   3.0000000e+00	   2.0000000e+00	   1.0000000e+00	   9.5800000e+02	
   1.0900000e+02	   2.0800000e+02	   2.0600000e+02	   8.0000000e+00	   1.0000000e+00	   2.7600000e+00	   2.6250000e+00	   4.9500000e-01	   2.0000000e+00	   1.0000000e+00	   3.0000000e+00	   2.0000000e+00	   4.6010000e+03	
   2.0700000e+02	   2.1300000e+02	   2.0300000e+02	   7.0000000e+00	   4.0000000e+00	   1.5150000e+00	   3.2400000e+00	   0.0000000e+00	   2.0000000e+00	   1.0000000e+00	   3.0000000e+00	   1.0000000e+00	   9.1800000e+02	
   1.0500000e+02	   3.1100000e+02	   2.0600000e+02	   8.0000000e+00	   1.0000000e+00	   3.2700000e+00	   3.0300000e+00	   4.9500000e-01	   3.0000000e+00	   1.0000000e+00	   2.0000000e+00	   1.0000000e+00	   9.7400000e+02	
   1.0700000e+02	   2.1100000e+02	   1.1500000e+02	   5.0000000e+00	   4.0000000e+00	   2.0350000e+00	   3.1350000e+00	   0.0000000e+00	   2.0000000e+00	   1.0000000e+00	   3.0000000e+00	   1.0000000e+00	   9.5500000e+02	
   2.0400000e+02	   2.0700000e+02	   1.0300000e+02	   2.0000000e+00	   4.0000000e+00	   2.7500000e+00	   1.5150000e+00	   1.0150000e+00	   1.0000000e+00	   3.0000000e+00	   2.0000000e+00	   1.0000000e+00	   1.0460000e+03	
   1.0600000e+02	   1.0900000e+02	   1.1500000e+02	   5.0000000e+00	   5.0000000e+00	   5.0000000e+00	   2.7600000e+00	   0.0000000e+00	   1.0000000e+00	   3.0000000e+00	   2.0000000e+00	   1.0000000e+00	   8.6100000e+02	
   2.0400000e+02	   2.1400000e+02	   2.1500000e+02	   1.0000000e+01	   4.0000000e+00	   2.7500000e+00	   3.9900000e+00	   0.0000000e+00	   2.0000000e+00	   1.0000000e+00	   3.0000000e+00	   1.0000000e+00	   1.3890000e+03	
   1.0500000e+02	   1.0600000e+02	   2.1000000e+02	   9.0000000e+00	   4.0000000e+00	   3.2700000e+00	   5.0000000e+00	   0.0000000e+00	   2.0000000e+00	   3.0000000e+00	   1.0000000e+00	   3.0000000e+00	   6.7400000e+02	
   2.0200000e+02	   3.0100000e+02	   3.0700000e+02	   1.3000000e+01	   2.0000000e+00	   2.5200000e+00	   3.0150000e+00	   0.0000000e+00	   3.0000000e+00	   1.0000000e+00	   2.0000000e+00	   3.0000000e+00	   1.7550000e+03	
   1.0500000e+02	   2.0900000e+02	   3.0700000e+02	   1.3000000e+01	   3.0000000e+00	   3.2700000e+00	   2.3800000e+00	   0.0000000e+00	   2.0000000e+00	   1.0000000e+00	   3.0000000e+00	   1.0000000e+00	   1.8200000e+03	
   1.0900000e+02	   2.1300000e+02	   3.0300000e+02	   1.1000000e+01	   2.0000000e+00	   2.7600000e+00	   3.2400000e+00	   0.0000000e+00	   3.0000000e+00	   2.0000000e+00	   1.0000000e+00	   2.0000000e+00	   8.9400000e+02	
   2.0800000e+02	   2.1100000e+02	   3.1200000e+02	   1.5000000e+01	   2.0000000e+00	   2.6250000e+00	   3.1350000e+00	   0.0000000e+00	   2.0000000e+00	   1.0000000e+00	   3.0000000e+00	   1.0000000e+00	   9.5600000e+02	
   1.0500000e+02	   3.1000000e+02	   2.0100000e+02	   6.0000000e+00	   5.0000000e+00	   3.2700000e+00	   1.0200000e+00	   5.0000000e-03	   1.0000000e+00	   2.0000000e+00	   3.0000000e+00	   1.0000000e+00	   1.7000000e+03	
   2.1400000e+02	   3.0100000e+02	   2.1000000e+02	   9.0000000e+00	   3.0000000e+00	   3.9900000e+00	   3.0150000e+00	   0.0000000e+00	   3.0000000e+00	   2.0000000e+00	   1.0000000e+00	   3.0000000e+00	   6.5700000e+02	
   2.0200000e+02	   2.1400000e+02	   2.0600000e+02	   8.0000000e+00	   4.0000000e+00	   2.5200000e+00	   3.9900000e+00	   4.9500000e-01	   3.0000000e+00	   2.0000000e+00	   1.0000000e+00	   2.0000000e+00	   7.9500000e+02	
   2.1400000e+02	   3.1000000e+02	   3.0300000e+02	   1.1000000e+01	   5.0000000e+00	   3.9900000e+00	   1.0200000e+00	   0.0000000e+00	   3.0000000e+00	   2.0000000e+00	   1.0000000e+00	   3.0000000e+00	   1.4930000e+03	
   2.0400000e+02	   2.0900000e+02	   2.1500000e+02	   1.0000000e+01	   2.0000000e+00	   2.7500000e+00	   2.3800000e+00	   0.0000000e+00	   2.0000000e+00	   3.0000000e+00	   1.0000000e+00	   3.0000000e+00	   1.1200000e+03	
   1.0600000e+02	   2.0900000e+02	   3.0700000e+02	   1.3000000e+01	   5.0000000e+00	   5.0000000e+00	   2.3800000e+00	   0.0000000e+00	   3.0000000e+00	   1.0000000e+00	   2.0000000e+00	   3.0000000e+00	   6.9800000e+02	
   1.0700000e+02	   3.0100000e+02	   1.1500000e+02	   5.0000000e+00	   3.0000000e+00	   2.0350000e+00	   3.0150000e+00	   0.0000000e+00	   1.0000000e+00	   3.0000000e+00	   2.0000000e+00	   3.0000000e+00	   1.6130000e+03	
   1.0600000e+02	   2.1100000e+02	   2.1500000e+02	   1.0000000e+01	   5.0000000e+00	   5.0000000e+00	   3.1350000e+00	   0.0000000e+00	   1.0000000e+00	   2.0000000e+00	   3.0000000e+00	   1.0000000e+00	   7.2600000e+02	
   2.0700000e+02	   3.0100000e+02	   1.1100000e+02	   4.0000000e+00	   4.0000000e+00	   1.5150000e+00	   3.0150000e+00	   0.0000000e+00	   1.0000000e+00	   2.0000000e+00	   3.0000000e+00	   2.0000000e+00	   1.9870000e+03	
   1.0700000e+02	   1.0900000e+02	   3.0900000e+02	   1.4000000e+01	   3.0000000e+00	   2.0350000e+00	   2.7600000e+00	   7.6000000e-01	   2.0000000e+00	   1.0000000e+00	   3.0000000e+00	   1.0000000e+00	   1.4290000e+03	
   2.1300000e+02	   3.1000000e+02	   1.0800000e+02	   3.0000000e+00	   5.0000000e+00	   3.2400000e+00	   1.0200000e+00	   0.0000000e+00	   1.0000000e+00	   2.0000000e+00	   3.0000000e+00	   1.0000000e+00	   1.1150000e+03	
   1.0600000e+02	   2.0700000e+02	   2.0600000e+02	   8.0000000e+00	   5.0000000e+00	   5.0000000e+00	   1.5150000e+00	   4.9500000e-01	   1.0000000e+00	   2.0000000e+00	   3.0000000e+00	   1.0000000e+00	   5.7400000e+02	
   1.0600000e+02	   3.0100000e+02	   3.0300000e+02	   1.1000000e+01	   5.0000000e+00	   5.0000000e+00	   3.0150000e+00	   0.0000000e+00	   2.0000000e+00	   1.0000000e+00	   3.0000000e+00	   2.0000000e+00	   7.2900000e+02	
   1.0700000e+02	   3.1000000e+02	   3.0900000e+02	   1.4000000e+01	   3.0000000e+00	   2.0350000e+00	   1.0200000e+00	   7.6000000e-01	   3.0000000e+00	   1.0000000e+00	   2.0000000e+00	   3.0000000e+00	   1.2380000e+03	
   2.1300000e+02	   2.1400000e+02	   1.1500000e+02	   5.0000000e+00	   3.0000000e+00	   3.2400000e+00	   3.9900000e+00	   0.0000000e+00	   3.0000000e+00	   2.0000000e+00	   1.0000000e+00	   3.0000000e+00	   2.5650000e+03	
   1.0500000e+02	   2.0700000e+02	   2.0300000e+02	   7.0000000e+00	   5.0000000e+00	   3.2700000e+00	   1.5150000e+00	   0.0000000e+00	   1.0000000e+00	   2.0000000e+00	   3.0000000e+00	   1.0000000e+00	   9.5400000e+02	
   2.0800000e+02	   3.1100000e+02	   3.0900000e+02	   1.4000000e+01	   2.0000000e+00	   2.6250000e+00	   3.0300000e+00	   7.6000000e-01	   3.0000000e+00	   2.0000000e+00	   1.0000000e+00	   2.0000000e+00	   8.6100000e+02	
   1.0900000e+02	   2.1100000e+02	   3.0900000e+02	   1.4000000e+01	   2.0000000e+00	   2.7600000e+00	   3.1350000e+00	   7.6000000e-01	   3.0000000e+00	   2.0000000e+00	   1.0000000e+00	   2.0000000e+00	   7.4700000e+02	
   1.0500000e+02	   1.0600000e+02	   3.0300000e+02	   1.1000000e+01	   4.0000000e+00	   3.2700000e+00	   5.0000000e+00	   0.0000000e+00	   3.0000000e+00	   2.0000000e+00	   1.0000000e+00	   2.0000000e+00	   8.9800000e+02	
   2.0700000e+02	   3.1000000e+02	   3.0500000e+02	   1.2000000e+01	   2.0000000e+00	   1.5150000e+00	   1.0200000e+00	   4.7000000e-01	   1.0000000e+00	   3.0000000e+00	   2.0000000e+00	   1.0000000e+00	   1.1480000e+03	
   1.0500000e+02	   1.0900000e+02	   1.0200000e+02	   1.0000000e+00	   2.0000000e+00	   3.2700000e+00	   2.7600000e+00	   0.0000000e+00	   2.0000000e+00	   3.0000000e+00	   1.0000000e+00	   2.0000000e+00	   1.2570000e+03	
   2.0200000e+02	   2.0800000e+02	   3.1200000e+02	   1.5000000e+01	   1.0000000e+00	   2.5200000e+00	   2.6250000e+00	   0.0000000e+00	   2.0000000e+00	   3.0000000e+00	   1.0000000e+00	   2.0000000e+00	   1.1280000e+03	
   2.0400000e+02	   2.0800000e+02	   3.0700000e+02	   1.3000000e+01	   1.0000000e+00	   2.7500000e+00	   2.6250000e+00	   0.0000000e+00	   1.0000000e+00	   2.0000000e+00	   3.0000000e+00	   1.0000000e+00	   1.1400000e+03	
   3.0100000e+02	   3.1100000e+02	   2.0100000e+02	   6.0000000e+00	   1.0000000e+00	   3.0150000e+00	   3.0300000e+00	   5.0000000e-03	   3.0000000e+00	   2.0000000e+00	   1.0000000e+00	   3.0000000e+00	   1.3010000e+03	
   2.0700000e+02	   2.0800000e+02	   3.0500000e+02	   1.2000000e+01	   4.0000000e+00	   1.5150000e+00	   2.6250000e+00	   4.7000000e-01	   1.0000000e+00	   3.0000000e+00	   2.0000000e+00	   1.0000000e+00	   1.2640000e+03	
   2.0400000e+02	   2.0800000e+02	   1.0200000e+02	   1.0000000e+00	   1.0000000e+00	   2.7500000e+00	   2.6250000e+00	   0.0000000e+00	   2.0000000e+00	   1.0000000e+00	   3.0000000e+00	   2.0000000e+00	   1.3120000e+03	
   2.0400000e+02	   3.0100000e+02	   1.1500000e+02	   5.0000000e+00	   1.0000000e+00	   2.7500000e+00	   3.0150000e+00	   0.0000000e+00	   1.0000000e+00	   2.0000000e+00	   3.0000000e+00	   1.0000000e+00	   1.9310000e+03	
   1.0500000e+02	   2.0800000e+02	   2.1500000e+02	   1.0000000e+01	   3.0000000e+00	   3.2700000e+00	   2.6250000e+00	   0.0000000e+00	   3.0000000e+00	   1.0000000e+00	   2.0000000e+00	   3.0000000e+00	   1.0410000e+03	
   2.0700000e+02	   2.0900000e+02	   2.0600000e+02	   8.0000000e+00	   3.0000000e+00	   1.5150000e+00	   2.3800000e+00	   4.9500000e-01	   2.0000000e+00	   1.0000000e+00	   3.0000000e+00	   1.0000000e+00	   6.9400000e+02	
   2.0800000e+02	   3.0100000e+02	   2.1500000e+02	   1.0000000e+01	   2.0000000e+00	   2.6250000e+00	   3.0150000e+00	   0.0000000e+00	   1.0000000e+00	   2.0000000e+00	   3.0000000e+00	   2.0000000e+00	   1.4560000e+03	
   3.0100000e+02	   3.1100000e+02	   1.0300000e+02	   2.0000000e+00	   1.0000000e+00	   3.0150000e+00	   3.0300000e+00	   1.0150000e+00	   1.0000000e+00	   3.0000000e+00	   2.0000000e+00	   3.0000000e+00	   1.2380000e+03	
   2.0900000e+02	   2.1100000e+02	   1.0800000e+02	   3.0000000e+00	   3.0000000e+00	   2.3800000e+00	   3.1350000e+00	   0.0000000e+00	   3.0000000e+00	   1.0000000e+00	   2.0000000e+00	   3.0000000e+00	   8.7800000e+02	
   1.0700000e+02	   3.1000000e+02	   3.0300000e+02	   1.1000000e+01	   3.0000000e+00	   2.0350000e+00	   1.0200000e+00	   0.0000000e+00	   2.0000000e+00	   3.0000000e+00	   1.0000000e+00	   2.0000000e+00	   1.3840000e+03	
   2.0200000e+02	   2.1300000e+02	   3.1200000e+02	   1.5000000e+01	   3.0000000e+00	   2.5200000e+00	   3.2400000e+00	   0.0000000e+00	   2.0000000e+00	   3.0000000e+00	   1.0000000e+00	   3.0000000e+00	   1.0780000e+03	
   1.0900000e+02	   2.0700000e+02	   2.1500000e+02	   1.0000000e+01	   4.0000000e+00	   2.7600000e+00	   1.5150000e+00	   0.0000000e+00	   3.0000000e+00	   2.0000000e+00	   1.0000000e+00	   2.0000000e+00	   1.9650000e+03	
   2.0900000e+02	   2.1300000e+02	   2.1000000e+02	   9.0000000e+00	   3.0000000e+00	   2.3800000e+00	   3.2400000e+00	   0.0000000e+00	   2.0000000e+00	   3.0000000e+00	   1.0000000e+00	   3.0000000e+00	   1.1570000e+03	
   1.0600000e+02	   3.1100000e+02	   3.0900000e+02	   1.4000000e+01	   5.0000000e+00	   5.0000000e+00	   3.0300000e+00	   7.6000000e-01	   3.0000000e+00	   2.0000000e+00	   1.0000000e+00	   3.0000000e+00	   7.8600000e+02	
   2.0700000e+02	   3.1000000e+02	   3.1200000e+02	   1.5000000e+01	   2.0000000e+00	   1.5150000e+00	   1.0200000e+00	   0.0000000e+00	   1.0000000e+00	   2.0000000e+00	   3.0000000e+00	   1.0000000e+00	   1.6500000e+03	
   2.0200000e+02	   2.1400000e+02	   2.1000000e+02	   9.0000000e+00	   4.0000000e+00	   2.5200000e+00	   3.9900000e+00	   0.0000000e+00	   3.0000000e+00	   1.0000000e+00	   2.0000000e+00	   1.0000000e+00	   6.9500000e+02	
   1.0500000e+02	   1.0700000e+02	   1.1500000e+02	   5.0000000e+00	   4.0000000e+00	   3.2700000e+00	   2.0350000e+00	   0.0000000e+00	   3.0000000e+00	   1.0000000e+00	   2.0000000e+00	   3.0000000e+00	   1.1300000e+03	
   1.0500000e+02	   3.0100000e+02	   2.0300000e+02	   7.0000000e+00	   1.0000000e+00	   3.2700000e+00	   3.0150000e+00	   0.0000000e+00	   3.0000000e+00	   1.0000000e+00	   2.0000000e+00	   3.0000000e+00	   3.6180000e+03	
   1.0900000e+02	   2.0900000e+02	   2.1500000e+02	   1.0000000e+01	   2.0000000e+00	   2.7600000e+00	   2.3800000e+00	   0.0000000e+00	   1.0000000e+00	   3.0000000e+00	   2.0000000e+00	   3.0000000e+00	   8.5800000e+02	
   1.0600000e+02	   2.0200000e+02	   2.1500000e+02	   1.0000000e+01	   5.0000000e+00	   5.0000000e+00	   2.5200000e+00	   0.0000000e+00	   1.0000000e+00	   2.0000000e+00	   3.0000000e+00	   1.0000000e+00	   7.0100000e+02	
   1.0600000e+02	   3.0100000e+02	   2.0300000e+02	   7.0000000e+00	   5.0000000e+00	   5.0000000e+00	   3.0150000e+00	   0.0000000e+00	   2.0000000e+00	   3.0000000e+00	   1.0000000e+00	   2.0000000e+00	   1.1980000e+03	
   2.1100000e+02	   2.1400000e+02	   1.0200000e+02	   1.0000000e+00	   3.0000000e+00	   3.1350000e+00	   3.9900000e+00	   0.0000000e+00	   2.0000000e+00	   3.0000000e+00	   1.0000000e+00	   3.0000000e+00	   7.0400000e+02	
   1.0700000e+02	   3.0100000e+02	   2.0100000e+02	   6.0000000e+00	   3.0000000e+00	   2.0350000e+00	   3.0150000e+00	   5.0000000e-03	   1.0000000e+00	   3.0000000e+00	   2.0000000e+00	   3.0000000e+00	   1.9800000e+03	
   2.0700000e+02	   3.1100000e+02	   3.1200000e+02	   1.5000000e+01	   4.0000000e+00	   1.5150000e+00	   3.0300000e+00	   0.0000000e+00	   1.0000000e+00	   2.0000000e+00	   3.0000000e+00	   2.0000000e+00	   1.1100000e+03	
   2.0200000e+02	   3.0100000e+02	   2.1000000e+02	   9.0000000e+00	   2.0000000e+00	   2.5200000e+00	   3.0150000e+00	   0.0000000e+00	   1.0000000e+00	   3.0000000e+00	   2.0000000e+00	   1.0000000e+00	   1.8110000e+03	
   2.1300000e+02	   3.1000000e+02	   2.0100000e+02	   6.0000000e+00	   5.0000000e+00	   3.2400000e+00	   1.0200000e+00	   5.0000000e-03	   1.0000000e+00	   3.0000000e+00	   2.0000000e+00	   1.0000000e+00	   1.3020000e+03	
   1.0900000e+02	   2.0400000e+02	   2.1500000e+02	   1.0000000e+01	   1.0000000e+00	   2.7600000e+00	   2.7500000e+00	   0.0000000e+00	   1.0000000e+00	   2.0000000e+00	   3.0000000e+00	   2.0000000e+00	   1.5870000e+03	
   1.0600000e+02	   3.1000000e+02	   3.0500000e+02	   1.2000000e+01	   5.0000000e+00	   5.0000000e+00	   1.0200000e+00	   4.7000000e-01	   2.0000000e+00	   3.0000000e+00	   1.0000000e+00	   2.0000000e+00	   7.7700000e+02	
   2.0900000e+02	   3.1100000e+02	   2.0300000e+02	   7.0000000e+00	   3.0000000e+00	   2.3800000e+00	   3.0300000e+00	   0.0000000e+00	   2.0000000e+00	   3.0000000e+00	   1.0000000e+00	   3.0000000e+00	   9.0200000e+02	
   2.0900000e+02	   2.1400000e+02	   2.0600000e+02	   8.0000000e+00	   4.0000000e+00	   2.3800000e+00	   3.9900000e+00	   4.9500000e-01	   2.0000000e+00	   3.0000000e+00	   1.0000000e+00	   3.0000000e+00	   5.3100000e+02	
   2.0800000e+02	   3.1100000e+02	   2.0600000e+02	   8.0000000e+00	   2.0000000e+00	   2.6250000e+00	   3.0300000e+00	   4.9500000e-01	   1.0000000e+00	   3.0000000e+00	   2.0000000e+00	   3.0000000e+00	   6.2100000e+02	
   2.0200000e+02	   2.0400000e+02	   2.1500000e+02	   1.0000000e+01	   1.0000000e+00	   2.5200000e+00	   2.7500000e+00	   0.0000000e+00	   2.0000000e+00	   3.0000000e+00	   1.0000000e+00	   2.0000000e+00	   8.8700000e+02	
   1.0900000e+02	   2.0200000e+02	   3.0300000e+02	   1.1000000e+01	   1.0000000e+00	   2.7600000e+00	   2.5200000e+00	   0.0000000e+00	   3.0000000e+00	   2.0000000e+00	   1.0000000e+00	   2.0000000e+00	   1.1310000e+03	
   2.0900000e+02	   2.1300000e+02	   2.0100000e+02	   6.0000000e+00	   3.0000000e+00	   2.3800000e+00	   3.2400000e+00	   5.0000000e-03	   3.0000000e+00	   1.0000000e+00	   2.0000000e+00	   3.0000000e+00	   8.0900000e+02	
   1.0500000e+02	   3.0100000e+02	   1.0800000e+02	   3.0000000e+00	   1.0000000e+00	   3.2700000e+00	   3.0150000e+00	   0.0000000e+00	   1.0000000e+00	   3.0000000e+00	   2.0000000e+00	   1.0000000e+00	   1.0770000e+03	
   1.0500000e+02	   3.1000000e+02	   3.1200000e+02	   1.5000000e+01	   5.0000000e+00	   3.2700000e+00	   1.0200000e+00	   0.0000000e+00	   2.0000000e+00	   1.0000000e+00	   3.0000000e+00	   2.0000000e+00	   1.4840000e+03	
   1.0500000e+02	   1.0700000e+02	   3.0900000e+02	   1.4000000e+01	   4.0000000e+00	   3.2700000e+00	   2.0350000e+00	   7.6000000e-01	   2.0000000e+00	   3.0000000e+00	   1.0000000e+00	   2.0000000e+00	   1.3580000e+03	
   3.0100000e+02	   3.1000000e+02	   3.0500000e+02	   1.2000000e+01	   5.0000000e+00	   3.0150000e+00	   1.0200000e+00	   4.7000000e-01	   3.0000000e+00	   1.0000000e+00	   2.0000000e+00	   3.0000000e+00	   2.4310000e+03	
   1.0500000e+02	   2.0800000e+02	   1.0200000e+02	   1.0000000e+00	   3.0000000e+00	   3.2700000e+00	   2.6250000e+00	   0.0000000e+00	   1.0000000e+00	   3.0000000e+00	   2.0000000e+00	   3.0000000e+00	   7.9800000e+02	
   2.1300000e+02	   3.0100000e+02	   1.0800000e+02	   3.0000000e+00	   1.0000000e+00	   3.2400000e+00	   3.0150000e+00	   0.0000000e+00	   3.0000000e+00	   1.0000000e+00	   2.0000000e+00	   3.0000000e+00	   9.1800000e+02	
   1.0600000e+02	   2.1400000e+02	   1.0300000e+02	   2.0000000e+00	   3.0000000e+00	   5.0000000e+00	   3.9900000e+00	   1.0150000e+00	   1.0000000e+00	   2.0000000e+00	   3.0000000e+00	   1.0000000e+00	   4.6500000e+02	
   1.0900000e+02	   2.0400000e+02	   3.0500000e+02	   1.2000000e+01	   1.0000000e+00	   2.7600000e+00	   2.7500000e+00	   4.7000000e-01	   3.0000000e+00	   2.0000000e+00	   1.0000000e+00	   2.0000000e+00	   1.5420000e+03	
   1.0500000e+02	   1.0600000e+02	   1.1100000e+02	   4.0000000e+00	   4.0000000e+00	   3.2700000e+00	   5.0000000e+00	   0.0000000e+00	   3.0000000e+00	   1.0000000e+00	   2.0000000e+00	   1.0000000e+00	   8.0200000e+02	
   2.1100000e+02	   3.1000000e+02	   2.1000000e+02	   9.0000000e+00	   5.0000000e+00	   3.1350000e+00	   1.0200000e+00	   0.0000000e+00	   3.0000000e+00	   1.0000000e+00	   2.0000000e+00	   3.0000000e+00	   8.8500000e+02	
   1.0600000e+02	   2.1300000e+02	   3.0700000e+02	   1.3000000e+01	   5.0000000e+00	   5.0000000e+00	   3.2400000e+00	   0.0000000e+00	   1.0000000e+00	   2.0000000e+00	   3.0000000e+00	   1.0000000e+00	   5.9700000e+02	
   1.0900000e+02	   2.1300000e+02	   2.0600000e+02	   8.0000000e+00	   2.0000000e+00	   2.7600000e+00	   3.2400000e+00	   4.9500000e-01	   3.0000000e+00	   2.0000000e+00	   1.0000000e+00	   3.0000000e+00	   1.2690000e+03	
   2.1300000e+02	   2.1400000e+02	   1.0300000e+02	   2.0000000e+00	   3.0000000e+00	   3.2400000e+00	   3.9900000e+00	   1.0150000e+00	   2.0000000e+00	   1.0000000e+00	   3.0000000e+00	   1.0000000e+00	   7.8700000e+02	
   1.0700000e+02	   3.1100000e+02	   3.0300000e+02	   1.1000000e+01	   3.0000000e+00	   2.0350000e+00	   3.0300000e+00	   0.0000000e+00	   3.0000000e+00	   1.0000000e+00	   2.0000000e+00	   1.0000000e+00	   1.0750000e+03	
   1.0600000e+02	   1.0700000e+02	   1.0300000e+02	   2.0000000e+00	   5.0000000e+00	   5.0000000e+00	   2.0350000e+00	   1.0150000e+00	   1.0000000e+00	   3.0000000e+00	   2.0000000e+00	   1.0000000e+00	   1.1010000e+03	
   2.0900000e+02	   3.0100000e+02	   3.0500000e+02	   1.2000000e+01	   3.0000000e+00	   2.3800000e+00	   3.0150000e+00	   4.7000000e-01	   3.0000000e+00	   1.0000000e+00	   2.0000000e+00	   3.0000000e+00	   1.0770000e+03	
   1.0600000e+02	   3.1100000e+02	   2.0600000e+02	   8.0000000e+00	   5.0000000e+00	   5.0000000e+00	   3.0300000e+00	   4.9500000e-01	   2.0000000e+00	   1.0000000e+00	   3.0000000e+00	   2.0000000e+00	   8.3900000e+02	
   1.0500000e+02	   1.0700000e+02	   3.0700000e+02	   1.3000000e+01	   4.0000000e+00	   3.2700000e+00	   2.0350000e+00	   0.0000000e+00	   3.0000000e+00	   1.0000000e+00	   2.0000000e+00	   3.0000000e+00	   1.1200000e+03	
   1.0600000e+02	   1.0900000e+02	   1.1100000e+02	   4.0000000e+00	   5.0000000e+00	   5.0000000e+00	   2.7600000e+00	   0.0000000e+00	   2.0000000e+00	   1.0000000e+00	   3.0000000e+00	   2.0000000e+00	   9.2700000e+02	
   2.0200000e+02	   2.1100000e+02	   1.0300000e+02	   2.0000000e+00	   2.0000000e+00	   2.5200000e+00	   3.1350000e+00	   1.0150000e+00	   3.0000000e+00	   1.0000000e+00	   2.0000000e+00	   1.0000000e+00	   1.1340000e+03	
   1.0500000e+02	   2.0700000e+02	   1.0200000e+02	   1.0000000e+00	   5.0000000e+00	   3.2700000e+00	   1.5150000e+00	   0.0000000e+00	   2.0000000e+00	   3.0000000e+00	   1.0000000e+00	   2.0000000e+00	   1.0450000e+03	
   2.0800000e+02	   2.0900000e+02	   3.1200000e+02	   1.5000000e+01	   1.0000000e+00	   2.6250000e+00	   2.3800000e+00	   0.0000000e+00	   2.0000000e+00	   3.0000000e+00	   1.0000000e+00	   3.0000000e+00	   1.0410000e+03	
   2.1100000e+02	   3.1000000e+02	   2.0600000e+02	   8.0000000e+00	   5.0000000e+00	   3.1350000e+00	   1.0200000e+00	   4.9500000e-01	   2.0000000e+00	   3.0000000e+00	   1.0000000e+00	   2.0000000e+00	   1.2030000e+03	
   2.0800000e+02	   3.1000000e+02	   3.0700000e+02	   1.3000000e+01	   4.0000000e+00	   2.6250000e+00	   1.0200000e+00	   0.0000000e+00	   1.0000000e+00	   3.0000000e+00	   2.0000000e+00	   1.0000000e+00	   5.2510000e+03	
