   1.0000000e+00	   1.0100000e+02	   1.0000000e+00	   5.0000000e+00	   4.3030000e+03	   2.9900000e+00	   6.2980000e+03	
   2.0000000e+00	   3.0600000e+02	   3.0000000e+00	   5.0000000e+00	   6.8700000e+03	   3.0100000e+00	   5.0640000e+03	
   3.0000000e+00	   2.1400000e+02	   2.0000000e+00	   5.0000000e+00	   1.6020000e+03	   1.5800000e+00	   6.7640000e+03	
   4.0000000e+00	   2.1200000e+02	   2.0000000e+00	   0.0000000e+00	   3.0380000e+03	   9.7000000e-01	   4.2980000e+03	
   5.0000000e+00	   3.0700000e+02	   3.0000000e+00	   2.0400000e+00	   7.0020000e+03	   4.0500000e+00	   3.5670000e+03	
   6.0000000e+00	   2.0500000e+02	   2.0000000e+00	   0.0000000e+00	   1.3360000e+03	   0.0000000e+00	   1.6660000e+03	
   7.0000000e+00	   2.1300000e+02	   2.0000000e+00	   5.0000000e+00	   1.7560000e+03	   3.5400000e+00	   2.6320000e+03	
   8.0000000e+00	   2.0400000e+02	   2.0000000e+00	   0.0000000e+00	   2.2560000e+03	   5.3000000e-01	   2.1000000e+03	
   9.0000000e+00	   1.0600000e+02	   1.0000000e+00	   5.0000000e+00	   1.0900000e+03	   1.4900000e+00	   4.2990000e+03	
   1.0000000e+01	   2.0800000e+02	   2.0000000e+00	   5.0000000e+00	   1.3230000e+03	   3.0100000e+00	   2.5980000e+03	
   1.1000000e+01	   3.1400000e+02	   3.0000000e+00	   5.0000000e+00	   4.3570000e+03	   2.5100000e+00	   2.3990000e+03	
   1.2000000e+01	   2.1000000e+02	   2.0000000e+00	   5.0000000e+00	   1.2900000e+03	   5.2000000e-01	   3.5320000e+03	
   1.3000000e+01	   2.0700000e+02	   2.0000000e+00	   3.3900000e+00	   3.4890000e+03	   3.0000000e-01	   1.7320000e+03	
   1.4000000e+01	   3.0800000e+02	   3.0000000e+00	   0.0000000e+00	   1.2570000e+03	   1.6900000e+00	   2.5650000e+03	
   1.5000000e+01	   1.1300000e+02	   1.0000000e+00	   5.0000000e+00	   1.3250000e+03	   1.1500000e+00	   1.1990000e+03	
   1.6000000e+01	   1.0500000e+02	   1.0000000e+00	   0.0000000e+00	   1.6230000e+03	   5.2000000e-01	   1.9990000e+03	
   1.7000000e+01	   3.1000000e+02	   3.0000000e+00	   1.0200000e+00	   5.0890000e+03	   3.4000000e-01	   1.8660000e+03	
   1.8000000e+01	   1.0400000e+02	   1.0000000e+00	   1.3500000e+00	   2.3230000e+03	   6.6000000e-01	   2.0650000e+03	
   1.9000000e+01	   3.0900000e+02	   3.0000000e+00	   0.0000000e+00	   1.9230000e+03	   5.8000000e-01	   4.1990000e+03	
   2.0000000e+01	   1.1200000e+02	   1.0000000e+00	   5.0000000e+00	   1.4230000e+03	   4.8000000e-01	   1.1670000e+03	
   2.1000000e+01	   2.0100000e+02	   2.0000000e+00	   2.5000000e+00	   2.0560000e+03	   1.3400000e+00	   1.8990000e+03	
   2.2000000e+01	   3.0300000e+02	   3.0000000e+00	   5.0000000e+00	   1.3560000e+03	   2.5000000e+00	   2.8990000e+03	
   2.3000000e+01	   2.1500000e+02	   2.0000000e+00	   3.0200000e+00	   4.1230000e+03	   5.8000000e-01	   2.8330000e+03	
   2.4000000e+01	   3.0200000e+02	   3.0000000e+00	   3.5500000e+00	   2.0890000e+03	   3.5400000e+00	   2.5330000e+03	
   2.5000000e+01	   1.1000000e+02	   1.0000000e+00	   0.0000000e+00	   1.1060000e+03	   0.0000000e+00	   1.5340000e+03	
   2.6000000e+01	   1.1400000e+02	   1.0000000e+00	   0.0000000e+00	   1.8900000e+03	   0.0000000e+00	   1.4330000e+03	
   2.7000000e+01	   3.0400000e+02	   3.0000000e+00	   5.0000000e+00	   1.5230000e+03	   2.4800000e+00	   2.1660000e+03	
   2.8000000e+01	   2.0900000e+02	   2.0000000e+00	   5.0000000e+00	   1.1890000e+03	   5.5000000e-01	   2.5330000e+03	
   2.9000000e+01	   1.1100000e+02	   1.0000000e+00	   2.9700000e+00	   3.3380000e+03	   1.4200000e+00	   1.2990000e+03	
   3.0000000e+01	   1.0900000e+02	   1.0000000e+00	   5.0000000e+00	   1.0900000e+03	   3.5700000e+00	   2.4660000e+03	
   3.1000000e+01	   1.0200000e+02	   1.0000000e+00	   5.0000000e+00	   1.3900000e+03	   1.5300000e+00	   1.3660000e+03	
   3.2000000e+01	   2.0600000e+02	   2.0000000e+00	   5.0000000e+00	   2.0570000e+03	   1.6900000e+00	   1.8660000e+03	
   3.3000000e+01	   1.0700000e+02	   1.0000000e+00	   3.4600000e+00	   2.8890000e+03	   1.4600000e+00	   1.7000000e+03	
   3.4000000e+01	   3.1200000e+02	   3.0000000e+00	   1.4800000e+00	   2.0040000e+03	   2.5000000e+00	   3.3650000e+03	
   3.5000000e+01	   2.0300000e+02	   2.0000000e+00	   0.0000000e+00	   1.1570000e+03	   1.3900000e+00	   1.4660000e+03	
   3.6000000e+01	   2.0200000e+02	   2.0000000e+00	   5.0000000e+00	   1.1890000e+03	   5.3000000e-01	   1.8660000e+03	
   3.7000000e+01	   1.0800000e+02	   1.0000000e+00	   5.0000000e+00	   1.1890000e+03	   0.0000000e+00	   1.5000000e+03	
   3.8000000e+01	   3.1300000e+02	   3.0000000e+00	   5.0000000e+00	   1.4710000e+03	   0.0000000e+00	   9.0000000e+02	
   3.9000000e+01	   3.0500000e+02	   3.0000000e+00	   5.0000000e+00	   1.1050000e+03	   2.0500000e+00	   3.5330000e+03	
   4.0000000e+01	   3.0100000e+02	   3.0000000e+00	   5.0000000e+00	   1.0220000e+03	   1.3200000e+00	   2.0990000e+03	
   4.1000000e+01	   3.1100000e+02	   3.0000000e+00	   3.3600000e+00	   2.2230000e+03	   3.5500000e+00	   5.6980000e+03	
   4.2000000e+01	   1.0300000e+02	   1.0000000e+00	   5.0000000e+00	   1.4240000e+03	   1.5500000e+00	   1.6660000e+03	
   4.3000000e+01	   1.1600000e+02	   1.0000000e+00	   5.0000000e+00	   1.0230000e+03	   0.0000000e+00	   8.0000000e+02	
   4.4000000e+01	   1.1500000e+02	   1.0000000e+00	   0.0000000e+00	   2.6710000e+03	   1.7700000e+00	   1.8000000e+03	
   4.5000000e+01	   2.1100000e+02	   2.0000000e+00	   5.0000000e+00	   1.2880000e+03	   4.8000000e-01	   1.3670000e+03	
