   1.0000000e+00	   1.0000000e+00	   2.1100000e+02	   1.0200000e+00	   5.4650000e+03	
   1.0000000e+00	   2.0000000e+00	   1.1500000e+02	   1.4500000e+00	   3.9910000e+03	
   1.0000000e+00	   3.0000000e+00	   3.0900000e+02	   1.1000000e-01	   2.8610000e+03	
   1.0000000e+00	   4.0000000e+00	   3.0600000e+02	   8.0000000e-02	   3.3750000e+03	
   1.0000000e+00	   5.0000000e+00	   1.0800000e+02	   9.8000000e-01	   3.1950000e+03	
   1.0000000e+00	   6.0000000e+00	   3.0200000e+02	   2.0300000e+00	   3.9280000e+03	
   1.0000000e+00	   7.0000000e+00	   1.1400000e+02	   1.4800000e+00	   2.9770000e+03	
   1.0000000e+00	   8.0000000e+00	   2.0200000e+02	   2.0100000e+00	   4.8770000e+03	
   1.0000000e+00	   9.0000000e+00	   3.1300000e+02	   2.0200000e+00	   4.0940000e+03	
   1.0000000e+00	   1.0000000e+01	   3.0400000e+02	   2.0100000e+00	   3.7280000e+03	
   1.0000000e+00	   1.1000000e+01	   2.0800000e+02	   2.3200000e+00	   7.0590000e+03	
   1.0000000e+00	   1.2000000e+01	   3.0700000e+02	   1.9900000e+00	   6.3270000e+03	
   1.0000000e+00	   1.3000000e+01	   1.0100000e+02	   2.8900000e+00	   6.1600000e+03	
   1.0000000e+00	   1.4000000e+01	   3.1100000e+02	   1.4500000e+00	   5.2930000e+03	
   1.0000000e+00	   1.5000000e+01	   3.0500000e+02	   1.9900000e+00	   6.9260000e+03	
   1.0000000e+00	   1.6000000e+01	   1.1000000e+02	   1.2000000e-01	   8.2920000e+03	
   1.0000000e+00	   1.7000000e+01	   1.0400000e+02	   3.5700000e+00	   7.2580000e+03	
   1.0000000e+00	   1.8000000e+01	   2.0600000e+02	   5.0000000e+00	   5.8280000e+03	
   1.0000000e+00	   1.9000000e+01	   1.0200000e+02	   3.0200000e+00	   2.9600000e+03	
   1.0000000e+00	   2.0000000e+01	   1.0900000e+02	   9.8000000e-01	   1.6610000e+03	
   1.0000000e+00	   2.1000000e+01	   3.1400000e+02	   9.8000000e-01	   3.4930000e+03	
   1.0000000e+00	   2.2000000e+01	   2.0100000e+02	   2.9700000e+00	   1.7972000e+04	
   1.0000000e+00	   2.3000000e+01	   1.0500000e+02	   1.2200000e+00	   1.2290000e+04	
   1.0000000e+00	   2.4000000e+01	   1.0300000e+02	   1.9600000e+00	   3.3270000e+03	
   1.0000000e+00	   2.5000000e+01	   3.0300000e+02	   9.5000000e-01	   2.3940000e+03	
   1.0000000e+00	   2.6000000e+01	   1.1300000e+02	   1.9700000e+00	   2.4940000e+03	
   1.0000000e+00	   2.7000000e+01	   2.0400000e+02	   3.6000000e-01	   5.1260000e+03	
   1.0000000e+00	   2.8000000e+01	   2.1300000e+02	   3.9400000e+00	   3.7600000e+03	
   1.0000000e+00	   2.9000000e+01	   2.1000000e+02	   1.7400000e+00	   1.8270000e+03	
   1.0000000e+00	   3.0000000e+01	   3.1000000e+02	   0.0000000e+00	   2.0930000e+03	
   1.0000000e+00	   3.1000000e+01	   2.1500000e+02	   2.1600000e+00	   2.8930000e+03	
   1.0000000e+00	   3.2000000e+01	   2.0900000e+02	   2.5000000e+00	   1.6940000e+03	
   1.0000000e+00	   3.3000000e+01	   2.1200000e+02	   4.0200000e+00	   4.1940000e+03	
   1.0000000e+00	   3.4000000e+01	   1.0600000e+02	   2.1400000e+00	   8.5240000e+03	
   1.0000000e+00	   3.5000000e+01	   1.1100000e+02	   1.9600000e+00	   2.1610000e+03	
   1.0000000e+00	   3.6000000e+01	   3.0100000e+02	   1.5100000e+00	   8.5570000e+03	
   1.0000000e+00	   3.7000000e+01	   3.1200000e+02	   4.9900000e+00	   3.9600000e+03	
   1.0000000e+00	   3.8000000e+01	   3.0800000e+02	   2.5000000e+00	   8.0930000e+03	
   1.0000000e+00	   3.9000000e+01	   1.1200000e+02	   2.9900000e+00	   3.2270000e+03	
   1.0000000e+00	   4.0000000e+01	   2.1400000e+02	   2.9800000e+00	   1.2724000e+04	
   1.0000000e+00	   4.1000000e+01	   1.1600000e+02	   2.5000000e+00	   1.6270000e+03	
   1.0000000e+00	   4.2000000e+01	   2.0700000e+02	   2.5000000e+00	   2.1600000e+03	
   1.0000000e+00	   4.3000000e+01	   1.0700000e+02	   2.0200000e+00	   2.5940000e+03	
   1.0000000e+00	   4.4000000e+01	   2.0300000e+02	   1.1400000e+00	   4.2260000e+03	
   1.0000000e+00	   4.5000000e+01	   2.0500000e+02	   2.5000000e+00	   1.6940000e+03	
   2.0000000e+00	   1.0000000e+00	   3.0300000e+02	   1.4700000e+00	   5.7650000e+03	
   2.0000000e+00	   2.0000000e+00	   3.0900000e+02	   1.9000000e-01	   2.6940000e+03	
   2.0000000e+00	   3.0000000e+00	   2.1000000e+02	   2.0400000e+00	   3.1940000e+03	
   2.0000000e+00	   4.0000000e+00	   1.0700000e+02	   1.5800000e+00	   1.7280000e+03	
   2.0000000e+00	   5.0000000e+00	   2.0100000e+02	   2.4800000e+00	   4.4610000e+03	
   2.0000000e+00	   6.0000000e+00	   1.1300000e+02	   2.0600000e+00	   4.4280000e+03	
   2.0000000e+00	   7.0000000e+00	   3.1000000e+02	   0.0000000e+00	   1.5940000e+03	
   2.0000000e+00	   8.0000000e+00	   3.0600000e+02	   5.3000000e-01	   3.1270000e+03	
   2.0000000e+00	   9.0000000e+00	   3.0800000e+02	   2.5000000e+00	   1.2290000e+03	
   2.0000000e+00	   1.0000000e+01	   1.1200000e+02	   3.0500000e+00	   2.5610000e+03	
   2.0000000e+00	   1.1000000e+01	   3.1100000e+02	   4.1000000e-01	   4.8600000e+03	
   2.0000000e+00	   1.2000000e+01	   3.0500000e+02	   1.4100000e+00	   2.6280000e+03	
   2.0000000e+00	   1.3000000e+01	   1.1100000e+02	   1.8800000e+00	   1.6620000e+03	
   2.0000000e+00	   1.4000000e+01	   1.0500000e+02	   1.9800000e+00	   2.8940000e+03	
   2.0000000e+00	   1.5000000e+01	   1.1600000e+02	   2.5200000e+00	   2.2422000e+04	
   2.0000000e+00	   1.6000000e+01	   1.0600000e+02	   2.2900000e+00	   1.7940000e+03	
   2.0000000e+00	   1.7000000e+01	   1.0900000e+02	   9.8000000e-01	   2.7620000e+03	
   2.0000000e+00	   1.8000000e+01	   3.0700000e+02	   1.5700000e+00	   2.9270000e+03	
   2.0000000e+00	   1.9000000e+01	   2.0700000e+02	   2.5000000e+00	   1.2280000e+03	
   2.0000000e+00	   2.0000000e+01	   2.0600000e+02	   5.0000000e+00	   1.5280000e+03	
   2.0000000e+00	   2.1000000e+01	   1.1500000e+02	   2.0100000e+00	   2.3960000e+03	
   2.0000000e+00	   2.2000000e+01	   3.1200000e+02	   5.0000000e+00	   2.7270000e+03	
   2.0000000e+00	   2.3000000e+01	   2.0400000e+02	   6.9000000e-01	   1.5610000e+03	
   2.0000000e+00	   2.4000000e+01	   2.1500000e+02	   2.5500000e+00	   3.2610000e+03	
   2.0000000e+00	   2.5000000e+01	   2.0800000e+02	   2.1700000e+00	   4.2610000e+03	
   2.0000000e+00	   2.6000000e+01	   2.1300000e+02	   3.4100000e+00	   2.5940000e+03	
   2.0000000e+00	   2.7000000e+01	   3.1300000e+02	   2.0100000e+00	   3.2610000e+03	
   2.0000000e+00	   2.8000000e+01	   2.1200000e+02	   3.5500000e+00	   2.4940000e+03	
   2.0000000e+00	   2.9000000e+01	   2.0200000e+02	   1.9600000e+00	   2.0950000e+03	
   2.0000000e+00	   3.0000000e+01	   2.1400000e+02	   2.7000000e+00	   4.2940000e+03	
   2.0000000e+00	   3.1000000e+01	   1.0300000e+02	   2.0600000e+00	   3.8940000e+03	
   2.0000000e+00	   3.2000000e+01	   3.0400000e+02	   1.4400000e+00	   2.5610000e+03	
   2.0000000e+00	   3.3000000e+01	   1.1400000e+02	   1.4100000e+00	   1.8290000e+03	
   2.0000000e+00	   3.4000000e+01	   2.0900000e+02	   2.5000000e+00	   9.6200000e+02	
   2.0000000e+00	   3.5000000e+01	   2.1100000e+02	   5.4000000e-01	   3.2930000e+03	
   2.0000000e+00	   3.6000000e+01	   2.0500000e+02	   2.5000000e+00	   1.4610000e+03	
   2.0000000e+00	   3.7000000e+01	   3.0100000e+02	   1.3400000e+00	   1.8280000e+03	
   2.0000000e+00	   3.8000000e+01	   1.0400000e+02	   3.6800000e+00	   2.5620000e+03	
   2.0000000e+00	   3.9000000e+01	   1.0800000e+02	   2.5000000e+00	   1.0620000e+03	
   2.0000000e+00	   4.0000000e+01	   1.1000000e+02	   2.5000000e-01	   2.2940000e+03	
   2.0000000e+00	   4.1000000e+01	   1.0100000e+02	   3.7100000e+00	   1.6940000e+03	
   2.0000000e+00	   4.2000000e+01	   2.0300000e+02	   5.2000000e-01	   1.9280000e+03	
   2.0000000e+00	   4.3000000e+01	   1.0200000e+02	   2.5000000e+00	   3.2950000e+03	
   2.0000000e+00	   4.4000000e+01	   3.1400000e+02	   8.9000000e-01	   3.0940000e+03	
   2.0000000e+00	   4.5000000e+01	   3.0200000e+02	   2.3800000e+00	   2.9610000e+03	
