   1.0000000e+00	   1.0000000e+00	   3.0700000e+02	   0.0000000e+00	   3.0540000e+03	
   1.0000000e+00	   2.0000000e+00	   3.1100000e+02	   0.0000000e+00	   1.4600000e+03	
   1.0000000e+00	   3.0000000e+00	   2.0500000e+02	   4.9800000e+00	   1.3220000e+03	
   1.0000000e+00	   4.0000000e+00	   3.1400000e+02	   0.0000000e+00	   1.4250000e+03	
   1.0000000e+00	   5.0000000e+00	   1.1500000e+02	   3.4800000e+00	   1.4940000e+03	
   1.0000000e+00	   6.0000000e+00	   1.0400000e+02	   4.3700000e+00	   1.4930000e+03	
   1.0000000e+00	   7.0000000e+00	   2.0800000e+02	   0.0000000e+00	   1.4280000e+03	
   1.0000000e+00	   8.0000000e+00	   3.0400000e+02	   4.0000000e-02	   1.3960000e+03	
   1.0000000e+00	   9.0000000e+00	   2.1500000e+02	   0.0000000e+00	   1.6600000e+03	
   1.0000000e+00	   1.0000000e+01	   2.1200000e+02	   5.0000000e+00	   1.8940000e+03	
   1.0000000e+00	   1.1000000e+01	   2.0700000e+02	   3.0500000e+00	   1.3300000e+03	
   1.0000000e+00	   1.2000000e+01	   1.0500000e+02	   1.1800000e+00	   2.0930000e+03	
   1.0000000e+00	   1.3000000e+01	   1.0900000e+02	   4.0100000e+00	   1.2610000e+03	
   1.0000000e+00	   1.4000000e+01	   2.0400000e+02	   4.1200000e+00	   4.5600000e+03	
   1.0000000e+00	   1.5000000e+01	   3.1000000e+02	   1.1000000e-01	   1.4610000e+03	
   1.0000000e+00	   1.6000000e+01	   3.0500000e+02	   9.9000000e-01	   1.8620000e+03	
   1.0000000e+00	   1.7000000e+01	   1.1100000e+02	   5.0000000e+00	   1.9260000e+03	
   1.0000000e+00	   1.8000000e+01	   1.0100000e+02	   2.3000000e-01	   1.7960000e+03	
   1.0000000e+00	   1.9000000e+01	   3.1300000e+02	   0.0000000e+00	   2.1600000e+03	
   1.0000000e+00	   2.0000000e+01	   1.0300000e+02	   2.8900000e+00	   2.2930000e+03	
   1.0000000e+00	   2.1000000e+01	   2.0300000e+02	   1.0000000e-02	   1.4600000e+03	
   1.0000000e+00	   2.2000000e+01	   2.1000000e+02	   2.3000000e-01	   1.7280000e+03	
   1.0000000e+00	   2.3000000e+01	   3.0600000e+02	   5.2000000e-01	   1.6270000e+03	
   1.0000000e+00	   2.4000000e+01	   1.1000000e+02	   2.4700000e+00	   3.9270000e+03	
   1.0000000e+00	   2.5000000e+01	   2.0900000e+02	   5.8000000e-01	   1.2940000e+03	
   1.0000000e+00	   2.6000000e+01	   3.0200000e+02	   3.0000000e-02	   1.5940000e+03	
   1.0000000e+00	   2.7000000e+01	   1.0700000e+02	   4.4500000e+00	   2.1930000e+03	
   1.0000000e+00	   2.8000000e+01	   1.1300000e+02	   4.9800000e+00	   1.3290000e+03	
   1.0000000e+00	   2.9000000e+01	   1.0600000e+02	   6.5000000e-01	   1.4600000e+03	
   1.0000000e+00	   3.0000000e+01	   1.1200000e+02	   4.9800000e+00	   1.5940000e+03	
   1.0000000e+00	   3.1000000e+01	   2.1400000e+02	   7.0000000e-02	   2.4260000e+03	
   1.0000000e+00	   3.2000000e+01	   1.1600000e+02	   4.7700000e+00	   1.6940000e+03	
   1.0000000e+00	   3.3000000e+01	   3.0100000e+02	   2.5000000e-01	   2.2940000e+03	
   1.0000000e+00	   3.4000000e+01	   3.0900000e+02	   3.7500000e+00	   1.5600000e+03	
   1.0000000e+00	   3.5000000e+01	   3.0800000e+02	   0.0000000e+00	   2.2950000e+03	
   1.0000000e+00	   3.6000000e+01	   1.0200000e+02	   8.0000000e-02	   1.7590000e+03	
   1.0000000e+00	   3.7000000e+01	   1.1400000e+02	   2.3400000e+00	   2.9260000e+03	
   1.0000000e+00	   3.8000000e+01	   2.1300000e+02	   1.5000000e-01	   1.7960000e+03	
   1.0000000e+00	   3.9000000e+01	   3.1200000e+02	   2.0000000e-01	   1.9950000e+03	
   1.0000000e+00	   4.0000000e+01	   2.0600000e+02	   4.5700000e+00	   1.9610000e+03	
   1.0000000e+00	   4.1000000e+01	   2.0200000e+02	   4.7000000e-01	   1.9260000e+03	
   1.0000000e+00	   4.2000000e+01	   2.0100000e+02	   4.7800000e+00	   1.8270000e+03	
   1.0000000e+00	   4.3000000e+01	   3.0300000e+02	   6.0000000e-02	   2.0620000e+03	
   1.0000000e+00	   4.4000000e+01	   2.1100000e+02	   4.8800000e+00	   1.9260000e+03	
   1.0000000e+00	   4.5000000e+01	   1.0800000e+02	   4.7000000e+00	   2.7930000e+03	
   2.0000000e+00	   1.0000000e+00	   1.1100000e+02	   4.8300000e+00	   1.8320000e+03	
   2.0000000e+00	   2.0000000e+00	   2.1000000e+02	   1.3000000e-01	   1.2610000e+03	
   2.0000000e+00	   3.0000000e+00	   2.0500000e+02	   4.9400000e+00	   2.0280000e+03	
   2.0000000e+00	   4.0000000e+00	   2.0200000e+02	   0.0000000e+00	   1.8610000e+03	
   2.0000000e+00	   5.0000000e+00	   3.0800000e+02	   3.0000000e-02	   1.3610000e+03	
   2.0000000e+00	   6.0000000e+00	   1.1400000e+02	   0.0000000e+00	   1.6630000e+03	
   2.0000000e+00	   7.0000000e+00	   3.0200000e+02	   0.0000000e+00	   1.4940000e+03	
   2.0000000e+00	   8.0000000e+00	   3.1400000e+02	   1.0000000e-02	   1.8280000e+03	
   2.0000000e+00	   9.0000000e+00	   2.0400000e+02	   4.9300000e+00	   2.2940000e+03	
   2.0000000e+00	   1.0000000e+01	   2.0600000e+02	   4.4900000e+00	   1.6280000e+03	
   2.0000000e+00	   1.1000000e+01	   1.1000000e+02	   2.9800000e+00	   5.0280000e+03	
   2.0000000e+00	   1.2000000e+01	   2.0800000e+02	   2.5000000e-01	   3.0270000e+03	
   2.0000000e+00	   1.3000000e+01	   2.1300000e+02	   4.0000000e-02	   2.4940000e+03	
   2.0000000e+00	   1.4000000e+01	   3.1300000e+02	   1.2000000e-01	   2.1610000e+03	
   2.0000000e+00	   1.5000000e+01	   1.1600000e+02	   4.7900000e+00	   2.1620000e+03	
   2.0000000e+00	   1.6000000e+01	   1.0500000e+02	   2.8900000e+00	   1.5640000e+03	
   2.0000000e+00	   1.7000000e+01	   3.1200000e+02	   8.0000000e-02	   1.3280000e+03	
   2.0000000e+00	   1.8000000e+01	   1.0800000e+02	   4.4400000e+00	   2.0940000e+03	
   2.0000000e+00	   1.9000000e+01	   2.0300000e+02	   2.1000000e-01	   1.8960000e+03	
   2.0000000e+00	   2.0000000e+01	   1.0200000e+02	   8.8000000e-01	   3.2270000e+03	
   2.0000000e+00	   2.1000000e+01	   1.0400000e+02	   3.3300000e+00	   2.7940000e+03	
   2.0000000e+00	   2.2000000e+01	   1.0300000e+02	   3.4400000e+00	   1.8620000e+03	
   2.0000000e+00	   2.3000000e+01	   3.0900000e+02	   3.6200000e+00	   1.8610000e+03	
   2.0000000e+00	   2.4000000e+01	   1.1200000e+02	   5.0000000e+00	   1.6630000e+03	
   2.0000000e+00	   2.5000000e+01	   1.1500000e+02	   3.5800000e+00	   1.5600000e+03	
   2.0000000e+00	   2.6000000e+01	   3.0400000e+02	   0.0000000e+00	   1.6940000e+03	
   2.0000000e+00	   2.7000000e+01	   3.0700000e+02	   0.0000000e+00	   1.6280000e+03	
   2.0000000e+00	   2.8000000e+01	   1.0700000e+02	   3.3800000e+00	   1.5280000e+03	
   2.0000000e+00	   2.9000000e+01	   1.0900000e+02	   4.1200000e+00	   1.8940000e+03	
   2.0000000e+00	   3.0000000e+01	   1.1300000e+02	   5.0000000e+00	   1.5960000e+03	
   2.0000000e+00	   3.1000000e+01	   3.0100000e+02	   0.0000000e+00	   2.5270000e+03	
   2.0000000e+00	   3.2000000e+01	   2.0900000e+02	   0.0000000e+00	   1.7290000e+03	
   2.0000000e+00	   3.3000000e+01	   3.0600000e+02	   0.0000000e+00	   1.7270000e+03	
   2.0000000e+00	   3.4000000e+01	   3.1000000e+02	   0.0000000e+00	   1.2960000e+03	
   2.0000000e+00	   3.5000000e+01	   2.0100000e+02	   5.0000000e+00	   3.7610000e+03	
   2.0000000e+00	   3.6000000e+01	   3.1100000e+02	   1.1000000e-01	   6.9920000e+03	
   2.0000000e+00	   3.7000000e+01	   3.0300000e+02	   0.0000000e+00	   1.9610000e+03	
   2.0000000e+00	   3.8000000e+01	   2.1500000e+02	   5.0000000e+00	   3.7290000e+03	
   2.0000000e+00	   3.9000000e+01	   2.1100000e+02	   4.9900000e+00	   1.7270000e+03	
   2.0000000e+00	   4.0000000e+01	   2.1400000e+02	   2.9000000e-01	   6.1600000e+03	
   2.0000000e+00	   4.1000000e+01	   2.0700000e+02	   3.4600000e+00	   1.3940000e+03	
   2.0000000e+00	   4.2000000e+01	   1.0100000e+02	   4.0000000e-02	   1.7290000e+03	
   2.0000000e+00	   4.3000000e+01	   2.1200000e+02	   4.4600000e+00	   2.8610000e+03	
   2.0000000e+00	   4.4000000e+01	   1.0600000e+02	   1.2600000e+00	   1.9610000e+03	
   2.0000000e+00	   4.5000000e+01	   3.0500000e+02	   1.3500000e+00	   1.6280000e+03	
