   1.1600000e+02	   2.0600000e+02	   3.0200000e+02	   9.0000000e+00	   2.0000000e+00	   4.7800000e+00	   4.5300000e+00	   1.5000000e-02	   3.0000000e+00	   2.0000000e+00	   1.0000000e+00	   3.0000000e+00	   2.0140000e+03	
   1.1200000e+02	   1.1600000e+02	   3.0600000e+02	   1.1000000e+01	   2.0000000e+00	   4.9900000e+00	   4.7800000e+00	   2.6000000e-01	   3.0000000e+00	   2.0000000e+00	   1.0000000e+00	   3.0000000e+00	   2.5770000e+03	
   1.0900000e+02	   2.1200000e+02	   3.1300000e+02	   1.5000000e+01	   4.0000000e+00	   4.0650000e+00	   4.7300000e+00	   6.0000000e-02	   1.0000000e+00	   3.0000000e+00	   2.0000000e+00	   1.0000000e+00	   3.4660000e+03	
   1.1600000e+02	   2.0100000e+02	   3.0200000e+02	   9.0000000e+00	   1.0000000e+00	   4.7800000e+00	   4.8900000e+00	   1.5000000e-02	   3.0000000e+00	   1.0000000e+00	   2.0000000e+00	   1.0000000e+00	   2.7210000e+03	
   1.1100000e+02	   1.1300000e+02	   3.0100000e+02	   8.0000000e+00	   1.0000000e+00	   4.9150000e+00	   4.9900000e+00	   1.2500000e-01	   1.0000000e+00	   2.0000000e+00	   3.0000000e+00	   1.0000000e+00	   2.6310000e+03	
   1.1200000e+02	   2.1100000e+02	   3.0100000e+02	   8.0000000e+00	   1.0000000e+00	   4.9900000e+00	   4.9350000e+00	   1.2500000e-01	   2.0000000e+00	   3.0000000e+00	   1.0000000e+00	   2.0000000e+00	   2.2880000e+03	
   1.0700000e+02	   2.0400000e+02	   3.0100000e+02	   8.0000000e+00	   4.0000000e+00	   3.9150000e+00	   4.5250000e+00	   1.2500000e-01	   1.0000000e+00	   3.0000000e+00	   2.0000000e+00	   3.0000000e+00	   2.1170000e+03	
   1.0400000e+02	   1.0700000e+02	   3.1000000e+02	   1.3000000e+01	   1.0000000e+00	   3.8500000e+00	   3.9150000e+00	   5.5000000e-02	   1.0000000e+00	   3.0000000e+00	   2.0000000e+00	   3.0000000e+00	   2.5400000e+03	
   1.0400000e+02	   1.0700000e+02	   3.0600000e+02	   1.1000000e+01	   1.0000000e+00	   3.8500000e+00	   3.9150000e+00	   2.6000000e-01	   2.0000000e+00	   3.0000000e+00	   1.0000000e+00	   3.0000000e+00	   2.7960000e+03	
   1.0900000e+02	   1.1100000e+02	   3.0200000e+02	   9.0000000e+00	   4.0000000e+00	   4.0650000e+00	   4.9150000e+00	   1.5000000e-02	   1.0000000e+00	   2.0000000e+00	   3.0000000e+00	   2.0000000e+00	   2.2470000e+03	
   1.0800000e+02	   2.0500000e+02	   2.1400000e+02	   7.0000000e+00	   3.0000000e+00	   4.5700000e+00	   4.9600000e+00	   1.8000000e-01	   3.0000000e+00	   1.0000000e+00	   2.0000000e+00	   1.0000000e+00	   2.0990000e+03	
   1.0400000e+02	   2.0100000e+02	   3.1200000e+02	   1.4000000e+01	   5.0000000e+00	   3.8500000e+00	   4.8900000e+00	   1.4000000e-01	   2.0000000e+00	   3.0000000e+00	   1.0000000e+00	   3.0000000e+00	   2.9900000e+03	
   1.0800000e+02	   2.0100000e+02	   1.0200000e+02	   1.0000000e+00	   3.0000000e+00	   4.5700000e+00	   4.8900000e+00	   4.8000000e-01	   1.0000000e+00	   3.0000000e+00	   2.0000000e+00	   3.0000000e+00	   2.1100000e+03	
   1.0800000e+02	   3.0900000e+02	   3.1300000e+02	   1.5000000e+01	   4.0000000e+00	   4.5700000e+00	   3.6850000e+00	   6.0000000e-02	   2.0000000e+00	   1.0000000e+00	   3.0000000e+00	   1.0000000e+00	   3.0130000e+03	
   1.0400000e+02	   2.1200000e+02	   1.0200000e+02	   1.0000000e+00	   4.0000000e+00	   3.8500000e+00	   4.7300000e+00	   4.8000000e-01	   2.0000000e+00	   3.0000000e+00	   1.0000000e+00	   3.0000000e+00	   3.1380000e+03	
   1.1300000e+02	   2.0500000e+02	   3.0600000e+02	   1.1000000e+01	   1.0000000e+00	   4.9900000e+00	   4.9600000e+00	   2.6000000e-01	   2.0000000e+00	   1.0000000e+00	   3.0000000e+00	   2.0000000e+00	   2.1060000e+03	
   1.0800000e+02	   2.1100000e+02	   3.1300000e+02	   1.5000000e+01	   3.0000000e+00	   4.5700000e+00	   4.9350000e+00	   6.0000000e-02	   3.0000000e+00	   1.0000000e+00	   2.0000000e+00	   1.0000000e+00	   2.2060000e+03	
   1.0700000e+02	   2.0500000e+02	   3.0100000e+02	   8.0000000e+00	   5.0000000e+00	   3.9150000e+00	   4.9600000e+00	   1.2500000e-01	   1.0000000e+00	   3.0000000e+00	   2.0000000e+00	   3.0000000e+00	   2.3320000e+03	
   1.0900000e+02	   3.0900000e+02	   1.1400000e+02	   4.0000000e+00	   3.0000000e+00	   4.0650000e+00	   3.6850000e+00	   1.1700000e+00	   2.0000000e+00	   1.0000000e+00	   3.0000000e+00	   2.0000000e+00	   2.5970000e+03	
   1.1600000e+02	   2.0100000e+02	   2.0300000e+02	   5.0000000e+00	   1.0000000e+00	   4.7800000e+00	   4.8900000e+00	   1.1000000e-01	   3.0000000e+00	   2.0000000e+00	   1.0000000e+00	   2.0000000e+00	   1.9820000e+03	
   1.0400000e+02	   1.1300000e+02	   3.0100000e+02	   8.0000000e+00	   5.0000000e+00	   3.8500000e+00	   4.9900000e+00	   1.2500000e-01	   2.0000000e+00	   1.0000000e+00	   3.0000000e+00	   1.0000000e+00	   1.7660000e+03	
   1.0700000e+02	   1.0900000e+02	   1.0500000e+02	   2.0000000e+00	   2.0000000e+00	   3.9150000e+00	   4.0650000e+00	   2.0350000e+00	   1.0000000e+00	   2.0000000e+00	   3.0000000e+00	   2.0000000e+00	   2.6810000e+03	
   1.1100000e+02	   2.0500000e+02	   3.0700000e+02	   1.2000000e+01	   1.0000000e+00	   4.9150000e+00	   4.9600000e+00	   0.0000000e+00	   1.0000000e+00	   3.0000000e+00	   2.0000000e+00	   3.0000000e+00	   1.6420000e+03	
   1.1300000e+02	   1.1600000e+02	   3.0600000e+02	   1.1000000e+01	   2.0000000e+00	   4.9900000e+00	   4.7800000e+00	   2.6000000e-01	   1.0000000e+00	   2.0000000e+00	   3.0000000e+00	   1.0000000e+00	   3.4030000e+03	
   1.1600000e+02	   3.0900000e+02	   3.0200000e+02	   9.0000000e+00	   5.0000000e+00	   4.7800000e+00	   3.6850000e+00	   1.5000000e-02	   3.0000000e+00	   2.0000000e+00	   1.0000000e+00	   3.0000000e+00	   2.0390000e+03	
   2.0600000e+02	   2.1200000e+02	   1.0200000e+02	   1.0000000e+00	   2.0000000e+00	   4.5300000e+00	   4.7300000e+00	   4.8000000e-01	   3.0000000e+00	   1.0000000e+00	   2.0000000e+00	   3.0000000e+00	   2.3090000e+03	
   1.1600000e+02	   2.1100000e+02	   3.1000000e+02	   1.3000000e+01	   2.0000000e+00	   4.7800000e+00	   4.9350000e+00	   5.5000000e-02	   2.0000000e+00	   1.0000000e+00	   3.0000000e+00	   2.0000000e+00	   2.3300000e+03	
   1.1100000e+02	   3.0900000e+02	   2.0700000e+02	   6.0000000e+00	   5.0000000e+00	   4.9150000e+00	   3.6850000e+00	   3.2550000e+00	   3.0000000e+00	   1.0000000e+00	   2.0000000e+00	   3.0000000e+00	   3.3110000e+03	
   1.1300000e+02	   2.0500000e+02	   1.0500000e+02	   2.0000000e+00	   1.0000000e+00	   4.9900000e+00	   4.9600000e+00	   2.0350000e+00	   2.0000000e+00	   3.0000000e+00	   1.0000000e+00	   2.0000000e+00	   3.0330000e+03	
   1.0400000e+02	   2.0500000e+02	   1.1400000e+02	   4.0000000e+00	   5.0000000e+00	   3.8500000e+00	   4.9600000e+00	   1.1700000e+00	   2.0000000e+00	   1.0000000e+00	   3.0000000e+00	   1.0000000e+00	   3.3460000e+03	
   1.0800000e+02	   1.1100000e+02	   3.1200000e+02	   1.4000000e+01	   3.0000000e+00	   4.5700000e+00	   4.9150000e+00	   1.4000000e-01	   1.0000000e+00	   2.0000000e+00	   3.0000000e+00	   2.0000000e+00	   2.4230000e+03	
   1.1100000e+02	   2.1200000e+02	   3.0200000e+02	   9.0000000e+00	   2.0000000e+00	   4.9150000e+00	   4.7300000e+00	   1.5000000e-02	   2.0000000e+00	   1.0000000e+00	   3.0000000e+00	   2.0000000e+00	   1.5030000e+03	
   1.1300000e+02	   2.1200000e+02	   2.0700000e+02	   6.0000000e+00	   2.0000000e+00	   4.9900000e+00	   4.7300000e+00	   3.2550000e+00	   3.0000000e+00	   2.0000000e+00	   1.0000000e+00	   3.0000000e+00	   1.8210000e+03	
   1.0700000e+02	   1.1300000e+02	   1.0200000e+02	   1.0000000e+00	   5.0000000e+00	   3.9150000e+00	   4.9900000e+00	   4.8000000e-01	   2.0000000e+00	   1.0000000e+00	   3.0000000e+00	   1.0000000e+00	   2.7550000e+03	
   2.0500000e+02	   2.0600000e+02	   3.0700000e+02	   1.2000000e+01	   3.0000000e+00	   4.9600000e+00	   4.5300000e+00	   0.0000000e+00	   2.0000000e+00	   1.0000000e+00	   3.0000000e+00	   1.0000000e+00	   2.1670000e+03	
   2.0600000e+02	   2.1200000e+02	   2.1400000e+02	   7.0000000e+00	   2.0000000e+00	   4.5300000e+00	   4.7300000e+00	   1.8000000e-01	   3.0000000e+00	   2.0000000e+00	   1.0000000e+00	   2.0000000e+00	   3.3230000e+03	
   1.1600000e+02	   2.0100000e+02	   2.0700000e+02	   6.0000000e+00	   1.0000000e+00	   4.7800000e+00	   4.8900000e+00	   3.2550000e+00	   1.0000000e+00	   3.0000000e+00	   2.0000000e+00	   3.0000000e+00	   4.3380000e+03	
   1.0400000e+02	   1.1100000e+02	   1.1400000e+02	   4.0000000e+00	   5.0000000e+00	   3.8500000e+00	   4.9150000e+00	   1.1700000e+00	   2.0000000e+00	   1.0000000e+00	   3.0000000e+00	   1.0000000e+00	   2.5050000e+03	
   1.1100000e+02	   2.1200000e+02	   1.1400000e+02	   4.0000000e+00	   2.0000000e+00	   4.9150000e+00	   4.7300000e+00	   1.1700000e+00	   1.0000000e+00	   2.0000000e+00	   3.0000000e+00	   1.0000000e+00	   2.5750000e+03	
   1.1300000e+02	   2.0100000e+02	   2.1400000e+02	   7.0000000e+00	   1.0000000e+00	   4.9900000e+00	   4.8900000e+00	   1.8000000e-01	   1.0000000e+00	   3.0000000e+00	   2.0000000e+00	   3.0000000e+00	   2.9260000e+03	
   1.0800000e+02	   2.1200000e+02	   3.1000000e+02	   1.3000000e+01	   2.0000000e+00	   4.5700000e+00	   4.7300000e+00	   5.5000000e-02	   3.0000000e+00	   2.0000000e+00	   1.0000000e+00	   2.0000000e+00	   2.9750000e+03	
   1.1100000e+02	   2.0400000e+02	   3.1300000e+02	   1.5000000e+01	   3.0000000e+00	   4.9150000e+00	   4.5250000e+00	   6.0000000e-02	   3.0000000e+00	   1.0000000e+00	   2.0000000e+00	   1.0000000e+00	   5.6770000e+03	
   2.0100000e+02	   2.0500000e+02	   2.0300000e+02	   5.0000000e+00	   1.0000000e+00	   4.8900000e+00	   4.9600000e+00	   1.1000000e-01	   2.0000000e+00	   1.0000000e+00	   3.0000000e+00	   2.0000000e+00	   2.4060000e+03	
   1.0900000e+02	   2.1100000e+02	   3.0600000e+02	   1.1000000e+01	   4.0000000e+00	   4.0650000e+00	   4.9350000e+00	   2.6000000e-01	   1.0000000e+00	   3.0000000e+00	   2.0000000e+00	   3.0000000e+00	   2.1160000e+03	
   1.0700000e+02	   1.1200000e+02	   3.0200000e+02	   9.0000000e+00	   5.0000000e+00	   3.9150000e+00	   4.9900000e+00	   1.5000000e-02	   1.0000000e+00	   2.0000000e+00	   3.0000000e+00	   2.0000000e+00	   1.5310000e+03	
   2.0100000e+02	   2.0600000e+02	   3.1300000e+02	   1.5000000e+01	   3.0000000e+00	   4.8900000e+00	   4.5300000e+00	   6.0000000e-02	   3.0000000e+00	   1.0000000e+00	   2.0000000e+00	   3.0000000e+00	   1.5410000e+03	
   2.0400000e+02	   2.0500000e+02	   1.0500000e+02	   2.0000000e+00	   3.0000000e+00	   4.5250000e+00	   4.9600000e+00	   2.0350000e+00	   2.0000000e+00	   3.0000000e+00	   1.0000000e+00	   2.0000000e+00	   4.9500000e+03	
   1.1100000e+02	   3.0900000e+02	   2.0300000e+02	   5.0000000e+00	   5.0000000e+00	   4.9150000e+00	   3.6850000e+00	   1.1000000e-01	   3.0000000e+00	   2.0000000e+00	   1.0000000e+00	   3.0000000e+00	   1.7190000e+03	
   1.0400000e+02	   2.1100000e+02	   3.0700000e+02	   1.2000000e+01	   5.0000000e+00	   3.8500000e+00	   4.9350000e+00	   0.0000000e+00	   3.0000000e+00	   2.0000000e+00	   1.0000000e+00	   2.0000000e+00	   2.1080000e+03	
   1.1600000e+02	   2.0500000e+02	   3.1200000e+02	   1.4000000e+01	   2.0000000e+00	   4.7800000e+00	   4.9600000e+00	   1.4000000e-01	   3.0000000e+00	   2.0000000e+00	   1.0000000e+00	   3.0000000e+00	   3.5670000e+03	
   1.0700000e+02	   2.0100000e+02	   3.1300000e+02	   1.5000000e+01	   5.0000000e+00	   3.9150000e+00	   4.8900000e+00	   6.0000000e-02	   3.0000000e+00	   1.0000000e+00	   2.0000000e+00	   1.0000000e+00	   2.2030000e+03	
   1.0400000e+02	   1.1600000e+02	   2.0300000e+02	   5.0000000e+00	   5.0000000e+00	   3.8500000e+00	   4.7800000e+00	   1.1000000e-01	   2.0000000e+00	   3.0000000e+00	   1.0000000e+00	   3.0000000e+00	   1.9860000e+03	
   1.1600000e+02	   2.1200000e+02	   3.1300000e+02	   1.5000000e+01	   1.0000000e+00	   4.7800000e+00	   4.7300000e+00	   6.0000000e-02	   2.0000000e+00	   3.0000000e+00	   1.0000000e+00	   2.0000000e+00	   3.6020000e+03	
   1.0900000e+02	   2.0100000e+02	   2.1400000e+02	   7.0000000e+00	   4.0000000e+00	   4.0650000e+00	   4.8900000e+00	   1.8000000e-01	   3.0000000e+00	   2.0000000e+00	   1.0000000e+00	   2.0000000e+00	   1.6520000e+03	
   1.1600000e+02	   2.1200000e+02	   1.0500000e+02	   2.0000000e+00	   1.0000000e+00	   4.7800000e+00	   4.7300000e+00	   2.0350000e+00	   2.0000000e+00	   1.0000000e+00	   3.0000000e+00	   2.0000000e+00	   1.9110000e+03	
   1.0800000e+02	   3.0900000e+02	   3.1200000e+02	   1.4000000e+01	   4.0000000e+00	   4.5700000e+00	   3.6850000e+00	   1.4000000e-01	   1.0000000e+00	   2.0000000e+00	   3.0000000e+00	   1.0000000e+00	   3.7540000e+03	
   1.1100000e+02	   1.1200000e+02	   3.0400000e+02	   1.0000000e+01	   1.0000000e+00	   4.9150000e+00	   4.9900000e+00	   2.0000000e-02	   3.0000000e+00	   1.0000000e+00	   2.0000000e+00	   1.0000000e+00	   1.9460000e+03	
   1.1200000e+02	   2.0600000e+02	   1.1400000e+02	   4.0000000e+00	   3.0000000e+00	   4.9900000e+00	   4.5300000e+00	   1.1700000e+00	   2.0000000e+00	   3.0000000e+00	   1.0000000e+00	   2.0000000e+00	   2.0470000e+03	
   1.1100000e+02	   2.0100000e+02	   3.0700000e+02	   1.2000000e+01	   1.0000000e+00	   4.9150000e+00	   4.8900000e+00	   0.0000000e+00	   1.0000000e+00	   3.0000000e+00	   2.0000000e+00	   3.0000000e+00	   3.0370000e+03	
   1.0400000e+02	   1.0800000e+02	   1.0500000e+02	   2.0000000e+00	   4.0000000e+00	   3.8500000e+00	   4.5700000e+00	   2.0350000e+00	   1.0000000e+00	   2.0000000e+00	   3.0000000e+00	   2.0000000e+00	   3.9260000e+03	
   2.0400000e+02	   2.1200000e+02	   1.1400000e+02	   4.0000000e+00	   2.0000000e+00	   4.5250000e+00	   4.7300000e+00	   1.1700000e+00	   3.0000000e+00	   1.0000000e+00	   2.0000000e+00	   3.0000000e+00	   2.8580000e+03	
   2.0600000e+02	   3.0900000e+02	   1.0500000e+02	   2.0000000e+00	   4.0000000e+00	   4.5300000e+00	   3.6850000e+00	   2.0350000e+00	   1.0000000e+00	   3.0000000e+00	   2.0000000e+00	   1.0000000e+00	   2.3010000e+03	
   1.1200000e+02	   2.0500000e+02	   1.0500000e+02	   2.0000000e+00	   1.0000000e+00	   4.9900000e+00	   4.9600000e+00	   2.0350000e+00	   2.0000000e+00	   1.0000000e+00	   3.0000000e+00	   2.0000000e+00	   2.1570000e+03	
   2.0500000e+02	   2.1200000e+02	   2.1400000e+02	   7.0000000e+00	   2.0000000e+00	   4.9600000e+00	   4.7300000e+00	   1.8000000e-01	   1.0000000e+00	   2.0000000e+00	   3.0000000e+00	   1.0000000e+00	   2.7020000e+03	
   1.0800000e+02	   2.1100000e+02	   3.0200000e+02	   9.0000000e+00	   3.0000000e+00	   4.5700000e+00	   4.9350000e+00	   1.5000000e-02	   1.0000000e+00	   3.0000000e+00	   2.0000000e+00	   3.0000000e+00	   1.7810000e+03	
   2.0400000e+02	   2.1100000e+02	   1.1000000e+02	   3.0000000e+00	   3.0000000e+00	   4.5250000e+00	   4.9350000e+00	   2.7250000e+00	   2.0000000e+00	   1.0000000e+00	   3.0000000e+00	   1.0000000e+00	   2.4110000e+03	
   1.1100000e+02	   2.0100000e+02	   2.0700000e+02	   6.0000000e+00	   1.0000000e+00	   4.9150000e+00	   4.8900000e+00	   3.2550000e+00	   1.0000000e+00	   3.0000000e+00	   2.0000000e+00	   3.0000000e+00	   1.9720000e+03	
   1.1300000e+02	   2.0400000e+02	   3.0200000e+02	   9.0000000e+00	   3.0000000e+00	   4.9900000e+00	   4.5250000e+00	   1.5000000e-02	   1.0000000e+00	   2.0000000e+00	   3.0000000e+00	   2.0000000e+00	   4.8990000e+03	
   1.0900000e+02	   1.1200000e+02	   3.0400000e+02	   1.0000000e+01	   4.0000000e+00	   4.0650000e+00	   4.9900000e+00	   2.0000000e-02	   3.0000000e+00	   2.0000000e+00	   1.0000000e+00	   2.0000000e+00	   1.8970000e+03	
   1.0800000e+02	   1.1300000e+02	   2.0300000e+02	   5.0000000e+00	   3.0000000e+00	   4.5700000e+00	   4.9900000e+00	   1.1000000e-01	   2.0000000e+00	   1.0000000e+00	   3.0000000e+00	   1.0000000e+00	   4.0500000e+03	
   1.0800000e+02	   2.0500000e+02	   3.0400000e+02	   1.0000000e+01	   3.0000000e+00	   4.5700000e+00	   4.9600000e+00	   2.0000000e-02	   2.0000000e+00	   1.0000000e+00	   3.0000000e+00	   1.0000000e+00	   2.5580000e+03	
   1.0900000e+02	   2.1200000e+02	   3.1000000e+02	   1.3000000e+01	   4.0000000e+00	   4.0650000e+00	   4.7300000e+00	   5.5000000e-02	   2.0000000e+00	   3.0000000e+00	   1.0000000e+00	   2.0000000e+00	   2.4620000e+03	
   1.0400000e+02	   1.1200000e+02	   1.1400000e+02	   4.0000000e+00	   5.0000000e+00	   3.8500000e+00	   4.9900000e+00	   1.1700000e+00	   1.0000000e+00	   3.0000000e+00	   2.0000000e+00	   3.0000000e+00	   1.8820000e+03	
   1.0400000e+02	   2.0400000e+02	   3.0200000e+02	   9.0000000e+00	   4.0000000e+00	   3.8500000e+00	   4.5250000e+00	   1.5000000e-02	   3.0000000e+00	   2.0000000e+00	   1.0000000e+00	   2.0000000e+00	   1.6300000e+03	
   1.0900000e+02	   3.0900000e+02	   1.1000000e+02	   3.0000000e+00	   3.0000000e+00	   4.0650000e+00	   3.6850000e+00	   2.7250000e+00	   1.0000000e+00	   3.0000000e+00	   2.0000000e+00	   1.0000000e+00	   3.4460000e+03	
   1.1600000e+02	   2.0500000e+02	   3.1300000e+02	   1.5000000e+01	   2.0000000e+00	   4.7800000e+00	   4.9600000e+00	   6.0000000e-02	   3.0000000e+00	   2.0000000e+00	   1.0000000e+00	   3.0000000e+00	   1.0560000e+03	
   1.0800000e+02	   1.1100000e+02	   3.1000000e+02	   1.3000000e+01	   3.0000000e+00	   4.5700000e+00	   4.9150000e+00	   5.5000000e-02	   2.0000000e+00	   3.0000000e+00	   1.0000000e+00	   3.0000000e+00	   2.2650000e+03	
   1.0700000e+02	   2.0500000e+02	   3.0600000e+02	   1.1000000e+01	   5.0000000e+00	   3.9150000e+00	   4.9600000e+00	   2.6000000e-01	   3.0000000e+00	   2.0000000e+00	   1.0000000e+00	   2.0000000e+00	   2.1270000e+03	
   2.0600000e+02	   2.1200000e+02	   3.0600000e+02	   1.1000000e+01	   2.0000000e+00	   4.5300000e+00	   4.7300000e+00	   2.6000000e-01	   3.0000000e+00	   2.0000000e+00	   1.0000000e+00	   2.0000000e+00	   2.6650000e+03	
   1.1200000e+02	   3.0900000e+02	   2.0300000e+02	   5.0000000e+00	   5.0000000e+00	   4.9900000e+00	   3.6850000e+00	   1.1000000e-01	   1.0000000e+00	   2.0000000e+00	   3.0000000e+00	   1.0000000e+00	   1.7710000e+03	
   2.0100000e+02	   2.0600000e+02	   3.0100000e+02	   8.0000000e+00	   3.0000000e+00	   4.8900000e+00	   4.5300000e+00	   1.2500000e-01	   1.0000000e+00	   2.0000000e+00	   3.0000000e+00	   1.0000000e+00	   1.7530000e+03	
   1.1200000e+02	   3.0900000e+02	   3.1000000e+02	   1.3000000e+01	   5.0000000e+00	   4.9900000e+00	   3.6850000e+00	   5.5000000e-02	   1.0000000e+00	   3.0000000e+00	   2.0000000e+00	   1.0000000e+00	   1.4610000e+03	
   1.1100000e+02	   1.1600000e+02	   3.1200000e+02	   1.4000000e+01	   1.0000000e+00	   4.9150000e+00	   4.7800000e+00	   1.4000000e-01	   3.0000000e+00	   2.0000000e+00	   1.0000000e+00	   3.0000000e+00	   1.1130000e+03	
   1.0900000e+02	   2.0400000e+02	   1.0500000e+02	   2.0000000e+00	   3.0000000e+00	   4.0650000e+00	   4.5250000e+00	   2.0350000e+00	   1.0000000e+00	   2.0000000e+00	   3.0000000e+00	   2.0000000e+00	   1.9150000e+03	
   1.0900000e+02	   2.1200000e+02	   1.1400000e+02	   4.0000000e+00	   4.0000000e+00	   4.0650000e+00	   4.7300000e+00	   1.1700000e+00	   3.0000000e+00	   2.0000000e+00	   1.0000000e+00	   2.0000000e+00	   5.0270000e+03	
   1.0700000e+02	   1.1200000e+02	   2.0700000e+02	   6.0000000e+00	   5.0000000e+00	   3.9150000e+00	   4.9900000e+00	   3.2550000e+00	   2.0000000e+00	   1.0000000e+00	   3.0000000e+00	   1.0000000e+00	   3.9810000e+03	
   1.0400000e+02	   1.1300000e+02	   3.0700000e+02	   1.2000000e+01	   5.0000000e+00	   3.8500000e+00	   4.9900000e+00	   0.0000000e+00	   2.0000000e+00	   3.0000000e+00	   1.0000000e+00	   3.0000000e+00	   1.2280000e+03	
   2.0100000e+02	   2.0400000e+02	   3.0100000e+02	   8.0000000e+00	   3.0000000e+00	   4.8900000e+00	   4.5250000e+00	   1.2500000e-01	   2.0000000e+00	   1.0000000e+00	   3.0000000e+00	   2.0000000e+00	   1.5400000e+03	
   1.0900000e+02	   2.1100000e+02	   2.0700000e+02	   6.0000000e+00	   4.0000000e+00	   4.0650000e+00	   4.9350000e+00	   3.2550000e+00	   2.0000000e+00	   1.0000000e+00	   3.0000000e+00	   1.0000000e+00	   2.2170000e+03	
   1.1300000e+02	   2.0600000e+02	   3.0600000e+02	   1.1000000e+01	   3.0000000e+00	   4.9900000e+00	   4.5300000e+00	   2.6000000e-01	   1.0000000e+00	   3.0000000e+00	   2.0000000e+00	   1.0000000e+00	   2.6330000e+03	
   1.0700000e+02	   2.0100000e+02	   3.1200000e+02	   1.4000000e+01	   5.0000000e+00	   3.9150000e+00	   4.8900000e+00	   1.4000000e-01	   2.0000000e+00	   1.0000000e+00	   3.0000000e+00	   1.0000000e+00	   1.4850000e+03	
   1.1600000e+02	   2.0600000e+02	   2.1400000e+02	   7.0000000e+00	   2.0000000e+00	   4.7800000e+00	   4.5300000e+00	   1.8000000e-01	   2.0000000e+00	   3.0000000e+00	   1.0000000e+00	   2.0000000e+00	   1.9540000e+03	
   1.0900000e+02	   3.0900000e+02	   1.0500000e+02	   2.0000000e+00	   3.0000000e+00	   4.0650000e+00	   3.6850000e+00	   2.0350000e+00	   2.0000000e+00	   1.0000000e+00	   3.0000000e+00	   2.0000000e+00	   4.2620000e+03	
   1.0800000e+02	   1.1200000e+02	   3.1200000e+02	   1.4000000e+01	   3.0000000e+00	   4.5700000e+00	   4.9900000e+00	   1.4000000e-01	   1.0000000e+00	   2.0000000e+00	   3.0000000e+00	   2.0000000e+00	   1.3770000e+03	
   1.0800000e+02	   1.0900000e+02	   1.0500000e+02	   2.0000000e+00	   4.0000000e+00	   4.5700000e+00	   4.0650000e+00	   2.0350000e+00	   3.0000000e+00	   2.0000000e+00	   1.0000000e+00	   3.0000000e+00	   1.9790000e+03	
   1.1300000e+02	   2.1200000e+02	   1.0200000e+02	   1.0000000e+00	   2.0000000e+00	   4.9900000e+00	   4.7300000e+00	   4.8000000e-01	   2.0000000e+00	   3.0000000e+00	   1.0000000e+00	   2.0000000e+00	   1.5980000e+03	
   1.0400000e+02	   2.0400000e+02	   3.0100000e+02	   8.0000000e+00	   4.0000000e+00	   3.8500000e+00	   4.5250000e+00	   1.2500000e-01	   3.0000000e+00	   2.0000000e+00	   1.0000000e+00	   2.0000000e+00	   2.3180000e+03	
   2.0500000e+02	   2.1200000e+02	   3.0600000e+02	   1.1000000e+01	   2.0000000e+00	   4.9600000e+00	   4.7300000e+00	   2.6000000e-01	   3.0000000e+00	   1.0000000e+00	   2.0000000e+00	   3.0000000e+00	   1.4400000e+03	
   1.0700000e+02	   2.1100000e+02	   3.1200000e+02	   1.4000000e+01	   5.0000000e+00	   3.9150000e+00	   4.9350000e+00	   1.4000000e-01	   1.0000000e+00	   3.0000000e+00	   2.0000000e+00	   3.0000000e+00	   1.1420000e+03	
   1.0800000e+02	   3.0900000e+02	   1.0200000e+02	   1.0000000e+00	   4.0000000e+00	   4.5700000e+00	   3.6850000e+00	   4.8000000e-01	   2.0000000e+00	   3.0000000e+00	   1.0000000e+00	   2.0000000e+00	   1.5990000e+03	
   1.0700000e+02	   2.1100000e+02	   1.0500000e+02	   2.0000000e+00	   5.0000000e+00	   3.9150000e+00	   4.9350000e+00	   2.0350000e+00	   3.0000000e+00	   2.0000000e+00	   1.0000000e+00	   2.0000000e+00	   1.4360000e+03	
   1.0900000e+02	   1.1300000e+02	   3.1200000e+02	   1.4000000e+01	   4.0000000e+00	   4.0650000e+00	   4.9900000e+00	   1.4000000e-01	   3.0000000e+00	   2.0000000e+00	   1.0000000e+00	   2.0000000e+00	   1.5700000e+03	
   1.1600000e+02	   2.1100000e+02	   1.0500000e+02	   2.0000000e+00	   2.0000000e+00	   4.7800000e+00	   4.9350000e+00	   2.0350000e+00	   3.0000000e+00	   2.0000000e+00	   1.0000000e+00	   3.0000000e+00	   1.2910000e+03	
   1.0400000e+02	   2.0600000e+02	   2.1400000e+02	   7.0000000e+00	   4.0000000e+00	   3.8500000e+00	   4.5300000e+00	   1.8000000e-01	   3.0000000e+00	   2.0000000e+00	   1.0000000e+00	   3.0000000e+00	   1.2880000e+03	
   2.0100000e+02	   2.0400000e+02	   3.1200000e+02	   1.4000000e+01	   3.0000000e+00	   4.8900000e+00	   4.5250000e+00	   1.4000000e-01	   2.0000000e+00	   3.0000000e+00	   1.0000000e+00	   2.0000000e+00	   2.1380000e+03	
   1.0400000e+02	   1.1600000e+02	   2.1400000e+02	   7.0000000e+00	   5.0000000e+00	   3.8500000e+00	   4.7800000e+00	   1.8000000e-01	   2.0000000e+00	   1.0000000e+00	   3.0000000e+00	   1.0000000e+00	   2.6490000e+03	
   1.0800000e+02	   2.1100000e+02	   3.1000000e+02	   1.3000000e+01	   3.0000000e+00	   4.5700000e+00	   4.9350000e+00	   5.5000000e-02	   3.0000000e+00	   2.0000000e+00	   1.0000000e+00	   2.0000000e+00	   2.2810000e+03	
   1.1200000e+02	   2.0100000e+02	   3.0600000e+02	   1.1000000e+01	   1.0000000e+00	   4.9900000e+00	   4.8900000e+00	   2.6000000e-01	   1.0000000e+00	   3.0000000e+00	   2.0000000e+00	   3.0000000e+00	   3.6080000e+03	
   1.0900000e+02	   2.0600000e+02	   3.0400000e+02	   1.0000000e+01	   3.0000000e+00	   4.0650000e+00	   4.5300000e+00	   2.0000000e-02	   3.0000000e+00	   2.0000000e+00	   1.0000000e+00	   3.0000000e+00	   4.4480000e+03	
   1.0700000e+02	   2.0600000e+02	   3.0700000e+02	   1.2000000e+01	   4.0000000e+00	   3.9150000e+00	   4.5300000e+00	   0.0000000e+00	   3.0000000e+00	   2.0000000e+00	   1.0000000e+00	   3.0000000e+00	   3.0320000e+03	
   2.0100000e+02	   2.1200000e+02	   1.0200000e+02	   1.0000000e+00	   2.0000000e+00	   4.8900000e+00	   4.7300000e+00	   4.8000000e-01	   1.0000000e+00	   3.0000000e+00	   2.0000000e+00	   1.0000000e+00	   2.4880000e+03	
   1.0400000e+02	   2.0600000e+02	   1.1400000e+02	   4.0000000e+00	   4.0000000e+00	   3.8500000e+00	   4.5300000e+00	   1.1700000e+00	   1.0000000e+00	   3.0000000e+00	   2.0000000e+00	   3.0000000e+00	   2.2450000e+03	
   1.0400000e+02	   1.1600000e+02	   2.0700000e+02	   6.0000000e+00	   5.0000000e+00	   3.8500000e+00	   4.7800000e+00	   3.2550000e+00	   1.0000000e+00	   2.0000000e+00	   3.0000000e+00	   2.0000000e+00	   1.8520000e+03	
   1.0700000e+02	   3.0900000e+02	   1.0200000e+02	   1.0000000e+00	   2.0000000e+00	   3.9150000e+00	   3.6850000e+00	   4.8000000e-01	   1.0000000e+00	   3.0000000e+00	   2.0000000e+00	   1.0000000e+00	   1.6910000e+03	
   1.0800000e+02	   2.0500000e+02	   3.0700000e+02	   1.2000000e+01	   3.0000000e+00	   4.5700000e+00	   4.9600000e+00	   0.0000000e+00	   3.0000000e+00	   1.0000000e+00	   2.0000000e+00	   1.0000000e+00	   1.8350000e+03	
   2.0100000e+02	   2.1200000e+02	   2.0700000e+02	   6.0000000e+00	   2.0000000e+00	   4.8900000e+00	   4.7300000e+00	   3.2550000e+00	   1.0000000e+00	   3.0000000e+00	   2.0000000e+00	   1.0000000e+00	   2.0660000e+03	
   1.0800000e+02	   1.1200000e+02	   3.0100000e+02	   8.0000000e+00	   3.0000000e+00	   4.5700000e+00	   4.9900000e+00	   1.2500000e-01	   2.0000000e+00	   1.0000000e+00	   3.0000000e+00	   1.0000000e+00	   1.6070000e+03	
   1.1200000e+02	   2.0500000e+02	   3.0200000e+02	   9.0000000e+00	   1.0000000e+00	   4.9900000e+00	   4.9600000e+00	   1.5000000e-02	   3.0000000e+00	   1.0000000e+00	   2.0000000e+00	   3.0000000e+00	   1.7780000e+03	
   1.1100000e+02	   1.1600000e+02	   3.0400000e+02	   1.0000000e+01	   1.0000000e+00	   4.9150000e+00	   4.7800000e+00	   2.0000000e-02	   3.0000000e+00	   2.0000000e+00	   1.0000000e+00	   2.0000000e+00	   1.8570000e+03	
   1.1100000e+02	   2.1200000e+02	   1.1000000e+02	   3.0000000e+00	   2.0000000e+00	   4.9150000e+00	   4.7300000e+00	   2.7250000e+00	   2.0000000e+00	   1.0000000e+00	   3.0000000e+00	   2.0000000e+00	   1.6400000e+03	
   1.0800000e+02	   2.0600000e+02	   1.0500000e+02	   2.0000000e+00	   1.0000000e+00	   4.5700000e+00	   4.5300000e+00	   2.0350000e+00	   3.0000000e+00	   1.0000000e+00	   2.0000000e+00	   3.0000000e+00	   1.5120000e+03	
   1.1300000e+02	   3.0900000e+02	   3.0400000e+02	   1.0000000e+01	   5.0000000e+00	   4.9900000e+00	   3.6850000e+00	   2.0000000e-02	   2.0000000e+00	   1.0000000e+00	   3.0000000e+00	   2.0000000e+00	   2.8590000e+03	
   1.1100000e+02	   2.0500000e+02	   2.0300000e+02	   5.0000000e+00	   1.0000000e+00	   4.9150000e+00	   4.9600000e+00	   1.1000000e-01	   3.0000000e+00	   1.0000000e+00	   2.0000000e+00	   3.0000000e+00	   1.6600000e+03	
   1.0900000e+02	   1.1300000e+02	   1.1400000e+02	   4.0000000e+00	   4.0000000e+00	   4.0650000e+00	   4.9900000e+00	   1.1700000e+00	   1.0000000e+00	   3.0000000e+00	   2.0000000e+00	   3.0000000e+00	   1.0020000e+03	
   1.1100000e+02	   3.0900000e+02	   3.0100000e+02	   8.0000000e+00	   5.0000000e+00	   4.9150000e+00	   3.6850000e+00	   1.2500000e-01	   3.0000000e+00	   1.0000000e+00	   2.0000000e+00	   3.0000000e+00	   1.4510000e+03	
   2.0600000e+02	   2.1100000e+02	   3.0400000e+02	   1.0000000e+01	   3.0000000e+00	   4.5300000e+00	   4.9350000e+00	   2.0000000e-02	   3.0000000e+00	   2.0000000e+00	   1.0000000e+00	   2.0000000e+00	   2.5450000e+03	
   1.0400000e+02	   1.0700000e+02	   1.1000000e+02	   3.0000000e+00	   1.0000000e+00	   3.8500000e+00	   3.9150000e+00	   2.7250000e+00	   3.0000000e+00	   1.0000000e+00	   2.0000000e+00	   1.0000000e+00	   2.0940000e+03	
   1.0900000e+02	   1.1300000e+02	   2.0300000e+02	   5.0000000e+00	   4.0000000e+00	   4.0650000e+00	   4.9900000e+00	   1.1000000e-01	   2.0000000e+00	   3.0000000e+00	   1.0000000e+00	   3.0000000e+00	   2.5620000e+03	
   2.0500000e+02	   2.1100000e+02	   3.0100000e+02	   8.0000000e+00	   1.0000000e+00	   4.9600000e+00	   4.9350000e+00	   1.2500000e-01	   2.0000000e+00	   1.0000000e+00	   3.0000000e+00	   1.0000000e+00	   3.3880000e+03	
   1.1100000e+02	   2.0400000e+02	   2.0300000e+02	   5.0000000e+00	   3.0000000e+00	   4.9150000e+00	   4.5250000e+00	   1.1000000e-01	   2.0000000e+00	   1.0000000e+00	   3.0000000e+00	   1.0000000e+00	   7.4950000e+03	
   1.1300000e+02	   2.0500000e+02	   2.1400000e+02	   7.0000000e+00	   1.0000000e+00	   4.9900000e+00	   4.9600000e+00	   1.8000000e-01	   2.0000000e+00	   1.0000000e+00	   3.0000000e+00	   2.0000000e+00	   2.7320000e+03	
   1.0400000e+02	   1.1300000e+02	   1.0500000e+02	   2.0000000e+00	   5.0000000e+00	   3.8500000e+00	   4.9900000e+00	   2.0350000e+00	   3.0000000e+00	   2.0000000e+00	   1.0000000e+00	   2.0000000e+00	   1.5880000e+03	
   1.1100000e+02	   2.0600000e+02	   1.1000000e+02	   3.0000000e+00	   3.0000000e+00	   4.9150000e+00	   4.5300000e+00	   2.7250000e+00	   3.0000000e+00	   1.0000000e+00	   2.0000000e+00	   3.0000000e+00	   1.3350000e+03	
   1.1100000e+02	   2.0400000e+02	   1.0200000e+02	   1.0000000e+00	   3.0000000e+00	   4.9150000e+00	   4.5250000e+00	   4.8000000e-01	   3.0000000e+00	   2.0000000e+00	   1.0000000e+00	   2.0000000e+00	   1.8540000e+03	
   1.0800000e+02	   1.1200000e+02	   1.1400000e+02	   4.0000000e+00	   3.0000000e+00	   4.5700000e+00	   4.9900000e+00	   1.1700000e+00	   1.0000000e+00	   3.0000000e+00	   2.0000000e+00	   3.0000000e+00	   1.4170000e+03	
   1.0900000e+02	   2.0500000e+02	   1.1000000e+02	   3.0000000e+00	   4.0000000e+00	   4.0650000e+00	   4.9600000e+00	   2.7250000e+00	   1.0000000e+00	   3.0000000e+00	   2.0000000e+00	   3.0000000e+00	   1.6140000e+03	
   1.1100000e+02	   2.0400000e+02	   2.0700000e+02	   6.0000000e+00	   3.0000000e+00	   4.9150000e+00	   4.5250000e+00	   3.2550000e+00	   3.0000000e+00	   1.0000000e+00	   2.0000000e+00	   1.0000000e+00	   2.1160000e+03	
   1.1100000e+02	   2.0600000e+02	   1.0200000e+02	   1.0000000e+00	   3.0000000e+00	   4.9150000e+00	   4.5300000e+00	   4.8000000e-01	   1.0000000e+00	   2.0000000e+00	   3.0000000e+00	   1.0000000e+00	   1.9390000e+03	
   1.1200000e+02	   2.1200000e+02	   3.1000000e+02	   1.3000000e+01	   2.0000000e+00	   4.9900000e+00	   4.7300000e+00	   5.5000000e-02	   2.0000000e+00	   3.0000000e+00	   1.0000000e+00	   2.0000000e+00	   2.1620000e+03	
   1.0400000e+02	   2.1100000e+02	   3.1200000e+02	   1.4000000e+01	   5.0000000e+00	   3.8500000e+00	   4.9350000e+00	   1.4000000e-01	   3.0000000e+00	   2.0000000e+00	   1.0000000e+00	   2.0000000e+00	   2.0520000e+03	
   1.0400000e+02	   1.1200000e+02	   1.0200000e+02	   1.0000000e+00	   5.0000000e+00	   3.8500000e+00	   4.9900000e+00	   4.8000000e-01	   3.0000000e+00	   1.0000000e+00	   2.0000000e+00	   1.0000000e+00	   1.8360000e+03	
   1.0900000e+02	   2.1100000e+02	   3.1200000e+02	   1.4000000e+01	   4.0000000e+00	   4.0650000e+00	   4.9350000e+00	   1.4000000e-01	   1.0000000e+00	   3.0000000e+00	   2.0000000e+00	   3.0000000e+00	   1.8400000e+03	
   1.0900000e+02	   2.0100000e+02	   2.0700000e+02	   6.0000000e+00	   4.0000000e+00	   4.0650000e+00	   4.8900000e+00	   3.2550000e+00	   3.0000000e+00	   1.0000000e+00	   2.0000000e+00	   1.0000000e+00	   2.0120000e+03	
   1.1600000e+02	   2.0500000e+02	   2.0300000e+02	   5.0000000e+00	   2.0000000e+00	   4.7800000e+00	   4.9600000e+00	   1.1000000e-01	   1.0000000e+00	   3.0000000e+00	   2.0000000e+00	   1.0000000e+00	   1.6490000e+03	
   1.1100000e+02	   3.0900000e+02	   3.0400000e+02	   1.0000000e+01	   5.0000000e+00	   4.9150000e+00	   3.6850000e+00	   2.0000000e-02	   3.0000000e+00	   1.0000000e+00	   2.0000000e+00	   3.0000000e+00	   2.1540000e+03	
   1.1100000e+02	   1.1600000e+02	   1.1400000e+02	   4.0000000e+00	   1.0000000e+00	   4.9150000e+00	   4.7800000e+00	   1.1700000e+00	   2.0000000e+00	   3.0000000e+00	   1.0000000e+00	   3.0000000e+00	   3.2870000e+03	
   1.0900000e+02	   1.1300000e+02	   3.1300000e+02	   1.5000000e+01	   4.0000000e+00	   4.0650000e+00	   4.9900000e+00	   6.0000000e-02	   1.0000000e+00	   2.0000000e+00	   3.0000000e+00	   2.0000000e+00	   1.5270000e+03	
   1.0800000e+02	   2.0600000e+02	   1.1000000e+02	   3.0000000e+00	   1.0000000e+00	   4.5700000e+00	   4.5300000e+00	   2.7250000e+00	   3.0000000e+00	   1.0000000e+00	   2.0000000e+00	   3.0000000e+00	   2.0740000e+03	
   2.0400000e+02	   3.0900000e+02	   3.0700000e+02	   1.2000000e+01	   4.0000000e+00	   4.5250000e+00	   3.6850000e+00	   0.0000000e+00	   2.0000000e+00	   3.0000000e+00	   1.0000000e+00	   2.0000000e+00	   1.9380000e+03	
   1.1100000e+02	   2.0100000e+02	   1.1000000e+02	   3.0000000e+00	   1.0000000e+00	   4.9150000e+00	   4.8900000e+00	   2.7250000e+00	   1.0000000e+00	   2.0000000e+00	   3.0000000e+00	   2.0000000e+00	   1.6530000e+03	
   1.0400000e+02	   1.1200000e+02	   2.1400000e+02	   7.0000000e+00	   5.0000000e+00	   3.8500000e+00	   4.9900000e+00	   1.8000000e-01	   1.0000000e+00	   3.0000000e+00	   2.0000000e+00	   3.0000000e+00	   1.6630000e+03	
   1.1300000e+02	   2.1200000e+02	   3.1300000e+02	   1.5000000e+01	   2.0000000e+00	   4.9900000e+00	   4.7300000e+00	   6.0000000e-02	   2.0000000e+00	   1.0000000e+00	   3.0000000e+00	   2.0000000e+00	   1.6570000e+03	
   1.0400000e+02	   2.0500000e+02	   3.0700000e+02	   1.2000000e+01	   5.0000000e+00	   3.8500000e+00	   4.9600000e+00	   0.0000000e+00	   2.0000000e+00	   3.0000000e+00	   1.0000000e+00	   3.0000000e+00	   3.5910000e+03	
   1.0900000e+02	   1.1100000e+02	   3.1000000e+02	   1.3000000e+01	   4.0000000e+00	   4.0650000e+00	   4.9150000e+00	   5.5000000e-02	   3.0000000e+00	   1.0000000e+00	   2.0000000e+00	   1.0000000e+00	   1.3960000e+03	
   2.0500000e+02	   2.1100000e+02	   3.0200000e+02	   9.0000000e+00	   1.0000000e+00	   4.9600000e+00	   4.9350000e+00	   1.5000000e-02	   3.0000000e+00	   1.0000000e+00	   2.0000000e+00	   1.0000000e+00	   1.4300000e+03	
   1.0400000e+02	   1.1300000e+02	   1.0200000e+02	   1.0000000e+00	   5.0000000e+00	   3.8500000e+00	   4.9900000e+00	   4.8000000e-01	   3.0000000e+00	   2.0000000e+00	   1.0000000e+00	   2.0000000e+00	   2.0670000e+03	
   1.1100000e+02	   2.0500000e+02	   3.0200000e+02	   9.0000000e+00	   1.0000000e+00	   4.9150000e+00	   4.9600000e+00	   1.5000000e-02	   3.0000000e+00	   2.0000000e+00	   1.0000000e+00	   2.0000000e+00	   2.4090000e+03	
   2.0100000e+02	   2.1200000e+02	   3.0100000e+02	   8.0000000e+00	   2.0000000e+00	   4.8900000e+00	   4.7300000e+00	   1.2500000e-01	   3.0000000e+00	   2.0000000e+00	   1.0000000e+00	   3.0000000e+00	   1.7550000e+03	
   2.0100000e+02	   2.0400000e+02	   3.0200000e+02	   9.0000000e+00	   3.0000000e+00	   4.8900000e+00	   4.5250000e+00	   1.5000000e-02	   1.0000000e+00	   2.0000000e+00	   3.0000000e+00	   2.0000000e+00	   6.3540000e+03	
   2.0400000e+02	   2.0500000e+02	   2.1400000e+02	   7.0000000e+00	   3.0000000e+00	   4.5250000e+00	   4.9600000e+00	   1.8000000e-01	   3.0000000e+00	   1.0000000e+00	   2.0000000e+00	   3.0000000e+00	   3.1920000e+03	
   1.0400000e+02	   1.1600000e+02	   3.0600000e+02	   1.1000000e+01	   5.0000000e+00	   3.8500000e+00	   4.7800000e+00	   2.6000000e-01	   2.0000000e+00	   3.0000000e+00	   1.0000000e+00	   3.0000000e+00	   1.4440000e+03	
   1.1100000e+02	   3.0900000e+02	   1.1000000e+02	   3.0000000e+00	   5.0000000e+00	   4.9150000e+00	   3.6850000e+00	   2.7250000e+00	   1.0000000e+00	   3.0000000e+00	   2.0000000e+00	   1.0000000e+00	   2.3970000e+03	
   1.1300000e+02	   2.0400000e+02	   2.1400000e+02	   7.0000000e+00	   3.0000000e+00	   4.9900000e+00	   4.5250000e+00	   1.8000000e-01	   3.0000000e+00	   1.0000000e+00	   2.0000000e+00	   3.0000000e+00	   1.9880000e+03	
   1.1300000e+02	   2.0100000e+02	   3.1200000e+02	   1.4000000e+01	   1.0000000e+00	   4.9900000e+00	   4.8900000e+00	   1.4000000e-01	   2.0000000e+00	   1.0000000e+00	   3.0000000e+00	   1.0000000e+00	   1.6620000e+03	
   1.0700000e+02	   2.1200000e+02	   3.0400000e+02	   1.0000000e+01	   4.0000000e+00	   3.9150000e+00	   4.7300000e+00	   2.0000000e-02	   3.0000000e+00	   2.0000000e+00	   1.0000000e+00	   2.0000000e+00	   3.9600000e+03	
   1.0700000e+02	   1.1100000e+02	   3.1300000e+02	   1.5000000e+01	   5.0000000e+00	   3.9150000e+00	   4.9150000e+00	   6.0000000e-02	   3.0000000e+00	   1.0000000e+00	   2.0000000e+00	   1.0000000e+00	   1.3290000e+03	
   1.0800000e+02	   1.1600000e+02	   3.1000000e+02	   1.3000000e+01	   2.0000000e+00	   4.5700000e+00	   4.7800000e+00	   5.5000000e-02	   2.0000000e+00	   1.0000000e+00	   3.0000000e+00	   1.0000000e+00	   1.2930000e+03	
   1.0800000e+02	   2.0400000e+02	   3.1000000e+02	   1.3000000e+01	   1.0000000e+00	   4.5700000e+00	   4.5250000e+00	   5.5000000e-02	   1.0000000e+00	   3.0000000e+00	   2.0000000e+00	   3.0000000e+00	   1.4880000e+03	
   1.0800000e+02	   2.0500000e+02	   3.0200000e+02	   9.0000000e+00	   3.0000000e+00	   4.5700000e+00	   4.9600000e+00	   1.5000000e-02	   2.0000000e+00	   1.0000000e+00	   3.0000000e+00	   1.0000000e+00	   1.5550000e+03	
   1.0700000e+02	   3.0900000e+02	   3.0400000e+02	   1.0000000e+01	   2.0000000e+00	   3.9150000e+00	   3.6850000e+00	   2.0000000e-02	   1.0000000e+00	   3.0000000e+00	   2.0000000e+00	   1.0000000e+00	   2.4810000e+03	
   1.1100000e+02	   1.1300000e+02	   2.1400000e+02	   7.0000000e+00	   1.0000000e+00	   4.9150000e+00	   4.9900000e+00	   1.8000000e-01	   1.0000000e+00	   2.0000000e+00	   3.0000000e+00	   1.0000000e+00	   1.3070000e+03	
   1.0400000e+02	   1.0700000e+02	   3.1300000e+02	   1.5000000e+01	   1.0000000e+00	   3.8500000e+00	   3.9150000e+00	   6.0000000e-02	   1.0000000e+00	   2.0000000e+00	   3.0000000e+00	   2.0000000e+00	   4.6900000e+03	
   1.0800000e+02	   1.1200000e+02	   1.1000000e+02	   3.0000000e+00	   3.0000000e+00	   4.5700000e+00	   4.9900000e+00	   2.7250000e+00	   1.0000000e+00	   2.0000000e+00	   3.0000000e+00	   2.0000000e+00	   1.7610000e+03	
   1.1600000e+02	   2.0400000e+02	   3.1200000e+02	   1.4000000e+01	   2.0000000e+00	   4.7800000e+00	   4.5250000e+00	   1.4000000e-01	   3.0000000e+00	   2.0000000e+00	   1.0000000e+00	   2.0000000e+00	   4.8360000e+03	
   1.0700000e+02	   2.1200000e+02	   3.1300000e+02	   1.5000000e+01	   4.0000000e+00	   3.9150000e+00	   4.7300000e+00	   6.0000000e-02	   3.0000000e+00	   1.0000000e+00	   2.0000000e+00	   1.0000000e+00	   2.7620000e+03	
   1.0700000e+02	   1.1600000e+02	   3.0600000e+02	   1.1000000e+01	   4.0000000e+00	   3.9150000e+00	   4.7800000e+00	   2.6000000e-01	   3.0000000e+00	   2.0000000e+00	   1.0000000e+00	   2.0000000e+00	   1.3120000e+03	
   1.0800000e+02	   3.0900000e+02	   2.0300000e+02	   5.0000000e+00	   4.0000000e+00	   4.5700000e+00	   3.6850000e+00	   1.1000000e-01	   2.0000000e+00	   1.0000000e+00	   3.0000000e+00	   2.0000000e+00	   3.7620000e+03	
   1.0400000e+02	   1.1300000e+02	   3.0200000e+02	   9.0000000e+00	   5.0000000e+00	   3.8500000e+00	   4.9900000e+00	   1.5000000e-02	   2.0000000e+00	   3.0000000e+00	   1.0000000e+00	   3.0000000e+00	   1.9980000e+03	
   2.0500000e+02	   2.1200000e+02	   3.0400000e+02	   1.0000000e+01	   2.0000000e+00	   4.9600000e+00	   4.7300000e+00	   2.0000000e-02	   2.0000000e+00	   3.0000000e+00	   1.0000000e+00	   2.0000000e+00	   2.7360000e+03	
   2.1100000e+02	   3.0900000e+02	   2.1400000e+02	   7.0000000e+00	   5.0000000e+00	   4.9350000e+00	   3.6850000e+00	   1.8000000e-01	   3.0000000e+00	   2.0000000e+00	   1.0000000e+00	   3.0000000e+00	   1.5530000e+03	
   1.0900000e+02	   2.0100000e+02	   1.1000000e+02	   3.0000000e+00	   4.0000000e+00	   4.0650000e+00	   4.8900000e+00	   2.7250000e+00	   2.0000000e+00	   3.0000000e+00	   1.0000000e+00	   3.0000000e+00	   1.6530000e+03	
   1.1200000e+02	   2.0400000e+02	   2.0700000e+02	   6.0000000e+00	   3.0000000e+00	   4.9900000e+00	   4.5250000e+00	   3.2550000e+00	   3.0000000e+00	   2.0000000e+00	   1.0000000e+00	   2.0000000e+00	   1.0590000e+03	
   1.0400000e+02	   2.0100000e+02	   3.0600000e+02	   1.1000000e+01	   5.0000000e+00	   3.8500000e+00	   4.8900000e+00	   2.6000000e-01	   3.0000000e+00	   1.0000000e+00	   2.0000000e+00	   1.0000000e+00	   1.2820000e+03	
   2.0100000e+02	   2.1200000e+02	   3.0700000e+02	   1.2000000e+01	   2.0000000e+00	   4.8900000e+00	   4.7300000e+00	   0.0000000e+00	   3.0000000e+00	   1.0000000e+00	   2.0000000e+00	   3.0000000e+00	   1.7560000e+03	
   1.0400000e+02	   2.0600000e+02	   3.1000000e+02	   1.3000000e+01	   4.0000000e+00	   3.8500000e+00	   4.5300000e+00	   5.5000000e-02	   3.0000000e+00	   1.0000000e+00	   2.0000000e+00	   1.0000000e+00	   1.8400000e+03	
   1.0900000e+02	   2.1100000e+02	   1.0500000e+02	   2.0000000e+00	   4.0000000e+00	   4.0650000e+00	   4.9350000e+00	   2.0350000e+00	   1.0000000e+00	   2.0000000e+00	   3.0000000e+00	   2.0000000e+00	   1.7740000e+03	
   1.0700000e+02	   1.0800000e+02	   2.0300000e+02	   5.0000000e+00	   4.0000000e+00	   3.9150000e+00	   4.5700000e+00	   1.1000000e-01	   3.0000000e+00	   2.0000000e+00	   1.0000000e+00	   2.0000000e+00	   1.8660000e+03	
   2.0400000e+02	   2.0500000e+02	   3.0600000e+02	   1.1000000e+01	   3.0000000e+00	   4.5250000e+00	   4.9600000e+00	   2.6000000e-01	   1.0000000e+00	   3.0000000e+00	   2.0000000e+00	   1.0000000e+00	   4.7590000e+03	
   2.0500000e+02	   2.1200000e+02	   1.1400000e+02	   4.0000000e+00	   2.0000000e+00	   4.9600000e+00	   4.7300000e+00	   1.1700000e+00	   1.0000000e+00	   2.0000000e+00	   3.0000000e+00	   1.0000000e+00	   1.9330000e+03	
   1.0400000e+02	   1.1300000e+02	   3.0600000e+02	   1.1000000e+01	   5.0000000e+00	   3.8500000e+00	   4.9900000e+00	   2.6000000e-01	   1.0000000e+00	   2.0000000e+00	   3.0000000e+00	   2.0000000e+00	   1.4380000e+03	
   1.0900000e+02	   3.0900000e+02	   3.1000000e+02	   1.3000000e+01	   3.0000000e+00	   4.0650000e+00	   3.6850000e+00	   5.5000000e-02	   2.0000000e+00	   1.0000000e+00	   3.0000000e+00	   2.0000000e+00	   3.3750000e+03	
   1.0800000e+02	   1.1600000e+02	   2.0700000e+02	   6.0000000e+00	   2.0000000e+00	   4.5700000e+00	   4.7800000e+00	   3.2550000e+00	   1.0000000e+00	   3.0000000e+00	   2.0000000e+00	   3.0000000e+00	   1.1640000e+03	
   1.1300000e+02	   2.1200000e+02	   1.1000000e+02	   3.0000000e+00	   2.0000000e+00	   4.9900000e+00	   4.7300000e+00	   2.7250000e+00	   2.0000000e+00	   1.0000000e+00	   3.0000000e+00	   2.0000000e+00	   1.2710000e+03	
   1.0700000e+02	   1.1100000e+02	   1.1000000e+02	   3.0000000e+00	   5.0000000e+00	   3.9150000e+00	   4.9150000e+00	   2.7250000e+00	   1.0000000e+00	   3.0000000e+00	   2.0000000e+00	   3.0000000e+00	   1.1140000e+03	
   1.1200000e+02	   2.0500000e+02	   2.1400000e+02	   7.0000000e+00	   1.0000000e+00	   4.9900000e+00	   4.9600000e+00	   1.8000000e-01	   3.0000000e+00	   1.0000000e+00	   2.0000000e+00	   3.0000000e+00	   1.8240000e+03	
   1.1300000e+02	   2.0600000e+02	   1.0200000e+02	   1.0000000e+00	   3.0000000e+00	   4.9900000e+00	   4.5300000e+00	   4.8000000e-01	   1.0000000e+00	   2.0000000e+00	   3.0000000e+00	   1.0000000e+00	   1.1900000e+03	
   2.1100000e+02	   3.0900000e+02	   3.0400000e+02	   1.0000000e+01	   5.0000000e+00	   4.9350000e+00	   3.6850000e+00	   2.0000000e-02	   2.0000000e+00	   1.0000000e+00	   3.0000000e+00	   2.0000000e+00	   1.1870000e+03	
   1.1200000e+02	   2.1100000e+02	   2.0700000e+02	   6.0000000e+00	   1.0000000e+00	   4.9900000e+00	   4.9350000e+00	   3.2550000e+00	   1.0000000e+00	   2.0000000e+00	   3.0000000e+00	   1.0000000e+00	   1.1670000e+03	
   1.0400000e+02	   2.1200000e+02	   3.0100000e+02	   8.0000000e+00	   4.0000000e+00	   3.8500000e+00	   4.7300000e+00	   1.2500000e-01	   2.0000000e+00	   1.0000000e+00	   3.0000000e+00	   1.0000000e+00	   4.3110000e+03	
   1.0700000e+02	   3.0900000e+02	   2.1400000e+02	   7.0000000e+00	   2.0000000e+00	   3.9150000e+00	   3.6850000e+00	   1.8000000e-01	   1.0000000e+00	   3.0000000e+00	   2.0000000e+00	   1.0000000e+00	   1.5700000e+03	
   1.0400000e+02	   1.0800000e+02	   3.1200000e+02	   1.4000000e+01	   4.0000000e+00	   3.8500000e+00	   4.5700000e+00	   1.4000000e-01	   2.0000000e+00	   3.0000000e+00	   1.0000000e+00	   3.0000000e+00	   1.8430000e+03	
   1.0900000e+02	   2.0400000e+02	   3.0100000e+02	   8.0000000e+00	   3.0000000e+00	   4.0650000e+00	   4.5250000e+00	   1.2500000e-01	   1.0000000e+00	   3.0000000e+00	   2.0000000e+00	   3.0000000e+00	   1.3980000e+03	
   1.1200000e+02	   3.0900000e+02	   1.1400000e+02	   4.0000000e+00	   5.0000000e+00	   4.9900000e+00	   3.6850000e+00	   1.1700000e+00	   1.0000000e+00	   2.0000000e+00	   3.0000000e+00	   1.0000000e+00	   1.0930000e+03	
   1.1200000e+02	   2.0500000e+02	   2.0700000e+02	   6.0000000e+00	   1.0000000e+00	   4.9900000e+00	   4.9600000e+00	   3.2550000e+00	   2.0000000e+00	   1.0000000e+00	   3.0000000e+00	   2.0000000e+00	   2.4380000e+03	
   1.0700000e+02	   2.0400000e+02	   3.0400000e+02	   1.0000000e+01	   4.0000000e+00	   3.9150000e+00	   4.5250000e+00	   2.0000000e-02	   2.0000000e+00	   1.0000000e+00	   3.0000000e+00	   1.0000000e+00	   1.3790000e+03	
   1.1200000e+02	   2.0600000e+02	   2.0700000e+02	   6.0000000e+00	   3.0000000e+00	   4.9900000e+00	   4.5300000e+00	   3.2550000e+00	   1.0000000e+00	   2.0000000e+00	   3.0000000e+00	   1.0000000e+00	   1.7410000e+03	
   1.0900000e+02	   1.1600000e+02	   2.0700000e+02	   6.0000000e+00	   4.0000000e+00	   4.0650000e+00	   4.7800000e+00	   3.2550000e+00	   3.0000000e+00	   1.0000000e+00	   2.0000000e+00	   1.0000000e+00	   2.0870000e+03	
   1.0900000e+02	   1.1200000e+02	   1.1400000e+02	   4.0000000e+00	   4.0000000e+00	   4.0650000e+00	   4.9900000e+00	   1.1700000e+00	   2.0000000e+00	   3.0000000e+00	   1.0000000e+00	   3.0000000e+00	   1.3140000e+03	
   1.1600000e+02	   2.0400000e+02	   3.0100000e+02	   8.0000000e+00	   2.0000000e+00	   4.7800000e+00	   4.5250000e+00	   1.2500000e-01	   3.0000000e+00	   1.0000000e+00	   2.0000000e+00	   1.0000000e+00	   2.1350000e+03	
   2.0100000e+02	   2.1100000e+02	   1.0200000e+02	   1.0000000e+00	   1.0000000e+00	   4.8900000e+00	   4.9350000e+00	   4.8000000e-01	   1.0000000e+00	   3.0000000e+00	   2.0000000e+00	   1.0000000e+00	   2.1520000e+03	
   1.0400000e+02	   2.1200000e+02	   3.0600000e+02	   1.1000000e+01	   4.0000000e+00	   3.8500000e+00	   4.7300000e+00	   2.6000000e-01	   1.0000000e+00	   2.0000000e+00	   3.0000000e+00	   2.0000000e+00	   3.4060000e+03	
   2.0500000e+02	   2.1200000e+02	   3.1300000e+02	   1.5000000e+01	   2.0000000e+00	   4.9600000e+00	   4.7300000e+00	   6.0000000e-02	   1.0000000e+00	   2.0000000e+00	   3.0000000e+00	   2.0000000e+00	   3.5040000e+03	
   1.1600000e+02	   2.0100000e+02	   1.1400000e+02	   4.0000000e+00	   1.0000000e+00	   4.7800000e+00	   4.8900000e+00	   1.1700000e+00	   1.0000000e+00	   3.0000000e+00	   2.0000000e+00	   3.0000000e+00	   1.7560000e+03	
   1.0700000e+02	   2.1200000e+02	   1.0200000e+02	   1.0000000e+00	   4.0000000e+00	   3.9150000e+00	   4.7300000e+00	   4.8000000e-01	   2.0000000e+00	   1.0000000e+00	   3.0000000e+00	   1.0000000e+00	   2.6830000e+03	
   2.0100000e+02	   2.0400000e+02	   1.0500000e+02	   2.0000000e+00	   3.0000000e+00	   4.8900000e+00	   4.5250000e+00	   2.0350000e+00	   1.0000000e+00	   2.0000000e+00	   3.0000000e+00	   2.0000000e+00	   2.4200000e+03	
   2.0100000e+02	   3.0900000e+02	   3.1300000e+02	   1.5000000e+01	   5.0000000e+00	   4.8900000e+00	   3.6850000e+00	   6.0000000e-02	   3.0000000e+00	   1.0000000e+00	   2.0000000e+00	   3.0000000e+00	   1.5280000e+03	
   1.1100000e+02	   2.0600000e+02	   3.0400000e+02	   1.0000000e+01	   3.0000000e+00	   4.9150000e+00	   4.5300000e+00	   2.0000000e-02	   3.0000000e+00	   2.0000000e+00	   1.0000000e+00	   3.0000000e+00	   2.4210000e+03	
   1.0800000e+02	   2.0100000e+02	   2.0300000e+02	   5.0000000e+00	   3.0000000e+00	   4.5700000e+00	   4.8900000e+00	   1.1000000e-01	   1.0000000e+00	   3.0000000e+00	   2.0000000e+00	   3.0000000e+00	   2.1890000e+03	
   1.1200000e+02	   2.1200000e+02	   1.1000000e+02	   3.0000000e+00	   2.0000000e+00	   4.9900000e+00	   4.7300000e+00	   2.7250000e+00	   1.0000000e+00	   3.0000000e+00	   2.0000000e+00	   1.0000000e+00	   1.5940000e+03	
   1.1600000e+02	   2.0100000e+02	   3.1000000e+02	   1.3000000e+01	   1.0000000e+00	   4.7800000e+00	   4.8900000e+00	   5.5000000e-02	   1.0000000e+00	   2.0000000e+00	   3.0000000e+00	   2.0000000e+00	   1.9140000e+03	
   1.0400000e+02	   1.0900000e+02	   1.1000000e+02	   3.0000000e+00	   2.0000000e+00	   3.8500000e+00	   4.0650000e+00	   2.7250000e+00	   3.0000000e+00	   1.0000000e+00	   2.0000000e+00	   1.0000000e+00	   6.7650000e+03	
   2.0100000e+02	   2.0500000e+02	   1.0200000e+02	   1.0000000e+00	   1.0000000e+00	   4.8900000e+00	   4.9600000e+00	   4.8000000e-01	   2.0000000e+00	   3.0000000e+00	   1.0000000e+00	   2.0000000e+00	   1.9020000e+03	
   1.0700000e+02	   1.1600000e+02	   1.1000000e+02	   3.0000000e+00	   4.0000000e+00	   3.9150000e+00	   4.7800000e+00	   2.7250000e+00	   3.0000000e+00	   1.0000000e+00	   2.0000000e+00	   1.0000000e+00	   2.4100000e+03	
   1.1600000e+02	   2.1100000e+02	   3.1200000e+02	   1.4000000e+01	   2.0000000e+00	   4.7800000e+00	   4.9350000e+00	   1.4000000e-01	   2.0000000e+00	   3.0000000e+00	   1.0000000e+00	   3.0000000e+00	   1.3690000e+03	
   2.0500000e+02	   2.1100000e+02	   3.0600000e+02	   1.1000000e+01	   1.0000000e+00	   4.9600000e+00	   4.9350000e+00	   2.6000000e-01	   3.0000000e+00	   1.0000000e+00	   2.0000000e+00	   3.0000000e+00	   1.1680000e+03	
   1.0400000e+02	   1.0900000e+02	   3.0100000e+02	   8.0000000e+00	   2.0000000e+00	   3.8500000e+00	   4.0650000e+00	   1.2500000e-01	   1.0000000e+00	   3.0000000e+00	   2.0000000e+00	   3.0000000e+00	   3.9240000e+03	
   1.0800000e+02	   2.0500000e+02	   3.1000000e+02	   1.3000000e+01	   3.0000000e+00	   4.5700000e+00	   4.9600000e+00	   5.5000000e-02	   2.0000000e+00	   3.0000000e+00	   1.0000000e+00	   3.0000000e+00	   1.9310000e+03	
   1.0400000e+02	   2.0100000e+02	   3.0200000e+02	   9.0000000e+00	   5.0000000e+00	   3.8500000e+00	   4.8900000e+00	   1.5000000e-02	   1.0000000e+00	   3.0000000e+00	   2.0000000e+00	   3.0000000e+00	   1.5510000e+03	
   1.0900000e+02	   2.1100000e+02	   1.1000000e+02	   3.0000000e+00	   4.0000000e+00	   4.0650000e+00	   4.9350000e+00	   2.7250000e+00	   2.0000000e+00	   1.0000000e+00	   3.0000000e+00	   1.0000000e+00	   1.1520000e+03	
   1.1200000e+02	   2.1200000e+02	   2.0700000e+02	   6.0000000e+00	   2.0000000e+00	   4.9900000e+00	   4.7300000e+00	   3.2550000e+00	   1.0000000e+00	   3.0000000e+00	   2.0000000e+00	   1.0000000e+00	   1.7040000e+03	
   1.1300000e+02	   2.0500000e+02	   1.1400000e+02	   4.0000000e+00	   1.0000000e+00	   4.9900000e+00	   4.9600000e+00	   1.1700000e+00	   2.0000000e+00	   1.0000000e+00	   3.0000000e+00	   1.0000000e+00	   1.5920000e+03	
   1.0700000e+02	   2.0400000e+02	   2.1400000e+02	   7.0000000e+00	   4.0000000e+00	   3.9150000e+00	   4.5250000e+00	   1.8000000e-01	   1.0000000e+00	   2.0000000e+00	   3.0000000e+00	   2.0000000e+00	   1.2110000e+03	
   1.1300000e+02	   2.1100000e+02	   3.0700000e+02	   1.2000000e+01	   1.0000000e+00	   4.9900000e+00	   4.9350000e+00	   0.0000000e+00	   2.0000000e+00	   1.0000000e+00	   3.0000000e+00	   2.0000000e+00	   1.3730000e+03	
   1.0400000e+02	   2.0500000e+02	   3.1000000e+02	   1.3000000e+01	   5.0000000e+00	   3.8500000e+00	   4.9600000e+00	   5.5000000e-02	   1.0000000e+00	   3.0000000e+00	   2.0000000e+00	   3.0000000e+00	   1.8910000e+03	
   1.1100000e+02	   2.0500000e+02	   1.1400000e+02	   4.0000000e+00	   1.0000000e+00	   4.9150000e+00	   4.9600000e+00	   1.1700000e+00	   1.0000000e+00	   3.0000000e+00	   2.0000000e+00	   3.0000000e+00	   1.2270000e+03	
   1.0700000e+02	   1.0800000e+02	   1.0200000e+02	   1.0000000e+00	   4.0000000e+00	   3.9150000e+00	   4.5700000e+00	   4.8000000e-01	   2.0000000e+00	   3.0000000e+00	   1.0000000e+00	   2.0000000e+00	   2.1970000e+03	
   1.0400000e+02	   1.1200000e+02	   1.1000000e+02	   3.0000000e+00	   5.0000000e+00	   3.8500000e+00	   4.9900000e+00	   2.7250000e+00	   2.0000000e+00	   1.0000000e+00	   3.0000000e+00	   1.0000000e+00	   2.5760000e+03	
   1.1300000e+02	   2.1100000e+02	   1.0200000e+02	   1.0000000e+00	   1.0000000e+00	   4.9900000e+00	   4.9350000e+00	   4.8000000e-01	   2.0000000e+00	   1.0000000e+00	   3.0000000e+00	   2.0000000e+00	   2.7070000e+03	
   1.0700000e+02	   3.0900000e+02	   1.1400000e+02	   4.0000000e+00	   2.0000000e+00	   3.9150000e+00	   3.6850000e+00	   1.1700000e+00	   2.0000000e+00	   3.0000000e+00	   1.0000000e+00	   2.0000000e+00	   6.5380000e+03	
   1.0700000e+02	   2.1200000e+02	   2.0700000e+02	   6.0000000e+00	   4.0000000e+00	   3.9150000e+00	   4.7300000e+00	   3.2550000e+00	   1.0000000e+00	   2.0000000e+00	   3.0000000e+00	   2.0000000e+00	   2.7040000e+03	
   1.0800000e+02	   2.1200000e+02	   3.0700000e+02	   1.2000000e+01	   2.0000000e+00	   4.5700000e+00	   4.7300000e+00	   0.0000000e+00	   3.0000000e+00	   1.0000000e+00	   2.0000000e+00	   3.0000000e+00	   2.2140000e+03	
   1.0700000e+02	   2.0100000e+02	   3.1000000e+02	   1.3000000e+01	   5.0000000e+00	   3.9150000e+00	   4.8900000e+00	   5.5000000e-02	   3.0000000e+00	   1.0000000e+00	   2.0000000e+00	   1.0000000e+00	   1.3660000e+03	
   1.1300000e+02	   2.0400000e+02	   3.0700000e+02	   1.2000000e+01	   3.0000000e+00	   4.9900000e+00	   4.5250000e+00	   0.0000000e+00	   3.0000000e+00	   1.0000000e+00	   2.0000000e+00	   1.0000000e+00	   4.3470000e+03	
   1.1100000e+02	   3.0900000e+02	   3.1300000e+02	   1.5000000e+01	   5.0000000e+00	   4.9150000e+00	   3.6850000e+00	   6.0000000e-02	   3.0000000e+00	   2.0000000e+00	   1.0000000e+00	   3.0000000e+00	   1.2090000e+03	
   1.0700000e+02	   2.0500000e+02	   1.0200000e+02	   1.0000000e+00	   5.0000000e+00	   3.9150000e+00	   4.9600000e+00	   4.8000000e-01	   2.0000000e+00	   3.0000000e+00	   1.0000000e+00	   3.0000000e+00	   3.0640000e+03	
   2.0500000e+02	   2.1100000e+02	   3.1300000e+02	   1.5000000e+01	   1.0000000e+00	   4.9600000e+00	   4.9350000e+00	   6.0000000e-02	   2.0000000e+00	   3.0000000e+00	   1.0000000e+00	   3.0000000e+00	   1.1120000e+03	
   1.0400000e+02	   1.0700000e+02	   3.0700000e+02	   1.2000000e+01	   1.0000000e+00	   3.8500000e+00	   3.9150000e+00	   0.0000000e+00	   3.0000000e+00	   1.0000000e+00	   2.0000000e+00	   1.0000000e+00	   1.4260000e+03	
   1.1600000e+02	   2.1100000e+02	   3.0100000e+02	   8.0000000e+00	   2.0000000e+00	   4.7800000e+00	   4.9350000e+00	   1.2500000e-01	   1.0000000e+00	   3.0000000e+00	   2.0000000e+00	   1.0000000e+00	   1.3940000e+03	
   1.0400000e+02	   1.0800000e+02	   3.0400000e+02	   1.0000000e+01	   4.0000000e+00	   3.8500000e+00	   4.5700000e+00	   2.0000000e-02	   1.0000000e+00	   3.0000000e+00	   2.0000000e+00	   3.0000000e+00	   1.4220000e+03	
   2.1100000e+02	   2.1200000e+02	   3.1300000e+02	   1.5000000e+01	   2.0000000e+00	   4.9350000e+00	   4.7300000e+00	   6.0000000e-02	   3.0000000e+00	   1.0000000e+00	   2.0000000e+00	   3.0000000e+00	   1.2190000e+03	
   2.1200000e+02	   3.0900000e+02	   1.0500000e+02	   2.0000000e+00	   5.0000000e+00	   4.7300000e+00	   3.6850000e+00	   2.0350000e+00	   3.0000000e+00	   1.0000000e+00	   2.0000000e+00	   3.0000000e+00	   1.2810000e+03	
   1.1300000e+02	   1.1600000e+02	   3.0700000e+02	   1.2000000e+01	   2.0000000e+00	   4.9900000e+00	   4.7800000e+00	   0.0000000e+00	   1.0000000e+00	   3.0000000e+00	   2.0000000e+00	   3.0000000e+00	   1.7860000e+03	
   2.0500000e+02	   2.1200000e+02	   3.1200000e+02	   1.4000000e+01	   2.0000000e+00	   4.9600000e+00	   4.7300000e+00	   1.4000000e-01	   2.0000000e+00	   1.0000000e+00	   3.0000000e+00	   2.0000000e+00	   1.9030000e+03	
   2.0500000e+02	   3.0900000e+02	   3.0400000e+02	   1.0000000e+01	   5.0000000e+00	   4.9600000e+00	   3.6850000e+00	   2.0000000e-02	   2.0000000e+00	   1.0000000e+00	   3.0000000e+00	   2.0000000e+00	   9.8700000e+02	
   1.1300000e+02	   2.1200000e+02	   3.0400000e+02	   1.0000000e+01	   2.0000000e+00	   4.9900000e+00	   4.7300000e+00	   2.0000000e-02	   2.0000000e+00	   3.0000000e+00	   1.0000000e+00	   2.0000000e+00	   1.6400000e+03	
   1.1200000e+02	   2.0100000e+02	   3.1200000e+02	   1.4000000e+01	   1.0000000e+00	   4.9900000e+00	   4.8900000e+00	   1.4000000e-01	   1.0000000e+00	   2.0000000e+00	   3.0000000e+00	   2.0000000e+00	   2.8970000e+03	
   2.0400000e+02	   2.1200000e+02	   1.0500000e+02	   2.0000000e+00	   2.0000000e+00	   4.5250000e+00	   4.7300000e+00	   2.0350000e+00	   1.0000000e+00	   3.0000000e+00	   2.0000000e+00	   1.0000000e+00	   2.1000000e+03	
   1.1200000e+02	   1.1600000e+02	   1.0500000e+02	   2.0000000e+00	   2.0000000e+00	   4.9900000e+00	   4.7800000e+00	   2.0350000e+00	   3.0000000e+00	   2.0000000e+00	   1.0000000e+00	   3.0000000e+00	   3.9700000e+03	
   2.0400000e+02	   2.1200000e+02	   2.0300000e+02	   5.0000000e+00	   2.0000000e+00	   4.5250000e+00	   4.7300000e+00	   1.1000000e-01	   3.0000000e+00	   2.0000000e+00	   1.0000000e+00	   3.0000000e+00	   1.1950000e+03	
   1.0800000e+02	   1.0900000e+02	   3.1000000e+02	   1.3000000e+01	   4.0000000e+00	   4.5700000e+00	   4.0650000e+00	   5.5000000e-02	   1.0000000e+00	   2.0000000e+00	   3.0000000e+00	   2.0000000e+00	   1.6930000e+03	
   1.0700000e+02	   2.1200000e+02	   3.0600000e+02	   1.1000000e+01	   4.0000000e+00	   3.9150000e+00	   4.7300000e+00	   2.6000000e-01	   1.0000000e+00	   3.0000000e+00	   2.0000000e+00	   3.0000000e+00	   2.0330000e+03	
   1.1200000e+02	   2.1100000e+02	   3.1300000e+02	   1.5000000e+01	   1.0000000e+00	   4.9900000e+00	   4.9350000e+00	   6.0000000e-02	   2.0000000e+00	   3.0000000e+00	   1.0000000e+00	   3.0000000e+00	   1.1870000e+03	
   1.0400000e+02	   1.0700000e+02	   3.0100000e+02	   8.0000000e+00	   1.0000000e+00	   3.8500000e+00	   3.9150000e+00	   1.2500000e-01	   2.0000000e+00	   3.0000000e+00	   1.0000000e+00	   3.0000000e+00	   3.1440000e+03	
   1.0800000e+02	   2.0400000e+02	   3.1200000e+02	   1.4000000e+01	   1.0000000e+00	   4.5700000e+00	   4.5250000e+00	   1.4000000e-01	   2.0000000e+00	   1.0000000e+00	   3.0000000e+00	   1.0000000e+00	   2.1720000e+03	
   1.0700000e+02	   2.0500000e+02	   2.0300000e+02	   5.0000000e+00	   5.0000000e+00	   3.9150000e+00	   4.9600000e+00	   1.1000000e-01	   2.0000000e+00	   1.0000000e+00	   3.0000000e+00	   1.0000000e+00	   1.6380000e+03	
   1.1100000e+02	   1.1300000e+02	   1.1000000e+02	   3.0000000e+00	   1.0000000e+00	   4.9150000e+00	   4.9900000e+00	   2.7250000e+00	   3.0000000e+00	   1.0000000e+00	   2.0000000e+00	   1.0000000e+00	   4.6110000e+03	
   2.0500000e+02	   2.0600000e+02	   3.1200000e+02	   1.4000000e+01	   3.0000000e+00	   4.9600000e+00	   4.5300000e+00	   1.4000000e-01	   1.0000000e+00	   3.0000000e+00	   2.0000000e+00	   1.0000000e+00	   3.5480000e+03	
   1.0700000e+02	   1.1100000e+02	   2.1400000e+02	   7.0000000e+00	   5.0000000e+00	   3.9150000e+00	   4.9150000e+00	   1.8000000e-01	   2.0000000e+00	   1.0000000e+00	   3.0000000e+00	   1.0000000e+00	   2.2180000e+03	
   1.0400000e+02	   1.1300000e+02	   2.0700000e+02	   6.0000000e+00	   5.0000000e+00	   3.8500000e+00	   4.9900000e+00	   3.2550000e+00	   3.0000000e+00	   2.0000000e+00	   1.0000000e+00	   2.0000000e+00	   2.2430000e+03	
   1.0700000e+02	   2.0600000e+02	   2.0300000e+02	   5.0000000e+00	   4.0000000e+00	   3.9150000e+00	   4.5300000e+00	   1.1000000e-01	   2.0000000e+00	   3.0000000e+00	   1.0000000e+00	   2.0000000e+00	   2.7820000e+03	
   2.0400000e+02	   2.1200000e+02	   3.0400000e+02	   1.0000000e+01	   2.0000000e+00	   4.5250000e+00	   4.7300000e+00	   2.0000000e-02	   3.0000000e+00	   1.0000000e+00	   2.0000000e+00	   3.0000000e+00	   1.2910000e+03	
   1.1200000e+02	   2.0600000e+02	   3.1300000e+02	   1.5000000e+01	   3.0000000e+00	   4.9900000e+00	   4.5300000e+00	   6.0000000e-02	   2.0000000e+00	   3.0000000e+00	   1.0000000e+00	   2.0000000e+00	   1.1030000e+03	
   1.0900000e+02	   1.1200000e+02	   3.0700000e+02	   1.2000000e+01	   4.0000000e+00	   4.0650000e+00	   4.9900000e+00	   0.0000000e+00	   3.0000000e+00	   1.0000000e+00	   2.0000000e+00	   1.0000000e+00	   1.5990000e+03	
   2.0100000e+02	   2.0500000e+02	   3.0400000e+02	   1.0000000e+01	   1.0000000e+00	   4.8900000e+00	   4.9600000e+00	   2.0000000e-02	   3.0000000e+00	   2.0000000e+00	   1.0000000e+00	   3.0000000e+00	   1.0470000e+03	
   2.0400000e+02	   2.1200000e+02	   3.0700000e+02	   1.2000000e+01	   2.0000000e+00	   4.5250000e+00	   4.7300000e+00	   0.0000000e+00	   1.0000000e+00	   3.0000000e+00	   2.0000000e+00	   1.0000000e+00	   1.3320000e+03	
   1.0800000e+02	   3.0900000e+02	   3.0200000e+02	   9.0000000e+00	   4.0000000e+00	   4.5700000e+00	   3.6850000e+00	   1.5000000e-02	   2.0000000e+00	   1.0000000e+00	   3.0000000e+00	   2.0000000e+00	   3.3080000e+03	
   1.1100000e+02	   2.1100000e+02	   2.0300000e+02	   5.0000000e+00	   1.0000000e+00	   4.9150000e+00	   4.9350000e+00	   1.1000000e-01	   3.0000000e+00	   1.0000000e+00	   2.0000000e+00	   3.0000000e+00	   1.9670000e+03	
   1.1100000e+02	   2.0400000e+02	   2.1400000e+02	   7.0000000e+00	   3.0000000e+00	   4.9150000e+00	   4.5250000e+00	   1.8000000e-01	   3.0000000e+00	   2.0000000e+00	   1.0000000e+00	   3.0000000e+00	   1.2230000e+03	
   1.0700000e+02	   1.1200000e+02	   3.0100000e+02	   8.0000000e+00	   5.0000000e+00	   3.9150000e+00	   4.9900000e+00	   1.2500000e-01	   1.0000000e+00	   3.0000000e+00	   2.0000000e+00	   3.0000000e+00	   1.5140000e+03	
   1.1300000e+02	   2.1100000e+02	   3.1000000e+02	   1.3000000e+01	   1.0000000e+00	   4.9900000e+00	   4.9350000e+00	   5.5000000e-02	   2.0000000e+00	   3.0000000e+00	   1.0000000e+00	   3.0000000e+00	   2.0430000e+03	
   2.0400000e+02	   2.1200000e+02	   3.0200000e+02	   9.0000000e+00	   2.0000000e+00	   4.5250000e+00	   4.7300000e+00	   1.5000000e-02	   3.0000000e+00	   2.0000000e+00	   1.0000000e+00	   3.0000000e+00	   1.3880000e+03	
   1.0800000e+02	   1.1100000e+02	   3.0600000e+02	   1.1000000e+01	   3.0000000e+00	   4.5700000e+00	   4.9150000e+00	   2.6000000e-01	   1.0000000e+00	   2.0000000e+00	   3.0000000e+00	   2.0000000e+00	   9.6500000e+02	
   2.1100000e+02	   3.0900000e+02	   1.1000000e+02	   3.0000000e+00	   5.0000000e+00	   4.9350000e+00	   3.6850000e+00	   2.7250000e+00	   2.0000000e+00	   1.0000000e+00	   3.0000000e+00	   2.0000000e+00	   9.4700000e+02	
   1.0900000e+02	   1.1300000e+02	   3.0200000e+02	   9.0000000e+00	   4.0000000e+00	   4.0650000e+00	   4.9900000e+00	   1.5000000e-02	   3.0000000e+00	   1.0000000e+00	   2.0000000e+00	   3.0000000e+00	   1.4320000e+03	
   1.1200000e+02	   2.0100000e+02	   3.0400000e+02	   1.0000000e+01	   1.0000000e+00	   4.9900000e+00	   4.8900000e+00	   2.0000000e-02	   1.0000000e+00	   2.0000000e+00	   3.0000000e+00	   2.0000000e+00	   1.5560000e+03	
   1.0800000e+02	   2.0100000e+02	   1.1400000e+02	   4.0000000e+00	   3.0000000e+00	   4.5700000e+00	   4.8900000e+00	   1.1700000e+00	   2.0000000e+00	   1.0000000e+00	   3.0000000e+00	   1.0000000e+00	   1.3050000e+03	
   1.0800000e+02	   2.1100000e+02	   3.0600000e+02	   1.1000000e+01	   3.0000000e+00	   4.5700000e+00	   4.9350000e+00	   2.6000000e-01	   1.0000000e+00	   2.0000000e+00	   3.0000000e+00	   2.0000000e+00	   8.9900000e+02	
   2.0600000e+02	   3.0900000e+02	   2.1400000e+02	   7.0000000e+00	   4.0000000e+00	   4.5300000e+00	   3.6850000e+00	   1.8000000e-01	   2.0000000e+00	   1.0000000e+00	   3.0000000e+00	   2.0000000e+00	   2.3830000e+03	
   2.0100000e+02	   2.0400000e+02	   2.0300000e+02	   5.0000000e+00	   3.0000000e+00	   4.8900000e+00	   4.5250000e+00	   1.1000000e-01	   1.0000000e+00	   3.0000000e+00	   2.0000000e+00	   1.0000000e+00	   1.2970000e+03	
   1.0400000e+02	   2.0400000e+02	   3.0700000e+02	   1.2000000e+01	   4.0000000e+00	   3.8500000e+00	   4.5250000e+00	   0.0000000e+00	   3.0000000e+00	   1.0000000e+00	   2.0000000e+00	   1.0000000e+00	   9.1600000e+02	
   1.0800000e+02	   1.1300000e+02	   2.0700000e+02	   6.0000000e+00	   3.0000000e+00	   4.5700000e+00	   4.9900000e+00	   3.2550000e+00	   1.0000000e+00	   3.0000000e+00	   2.0000000e+00	   3.0000000e+00	   1.3060000e+03	
   1.1200000e+02	   1.1600000e+02	   2.0300000e+02	   5.0000000e+00	   2.0000000e+00	   4.9900000e+00	   4.7800000e+00	   1.1000000e-01	   2.0000000e+00	   3.0000000e+00	   1.0000000e+00	   3.0000000e+00	   1.0490000e+03	
   1.0700000e+02	   1.0900000e+02	   2.0300000e+02	   5.0000000e+00	   2.0000000e+00	   3.9150000e+00	   4.0650000e+00	   1.1000000e-01	   3.0000000e+00	   2.0000000e+00	   1.0000000e+00	   3.0000000e+00	   2.7040000e+03	
   1.0800000e+02	   1.1100000e+02	   3.0700000e+02	   1.2000000e+01	   3.0000000e+00	   4.5700000e+00	   4.9150000e+00	   0.0000000e+00	   3.0000000e+00	   1.0000000e+00	   2.0000000e+00	   1.0000000e+00	   3.1470000e+03	
   1.1200000e+02	   2.0100000e+02	   1.0200000e+02	   1.0000000e+00	   1.0000000e+00	   4.9900000e+00	   4.8900000e+00	   4.8000000e-01	   3.0000000e+00	   2.0000000e+00	   1.0000000e+00	   2.0000000e+00	   2.9350000e+03	
   2.1100000e+02	   3.0900000e+02	   3.1000000e+02	   1.3000000e+01	   5.0000000e+00	   4.9350000e+00	   3.6850000e+00	   5.5000000e-02	   1.0000000e+00	   3.0000000e+00	   2.0000000e+00	   1.0000000e+00	   1.2430000e+03	
   2.0600000e+02	   3.0900000e+02	   3.0100000e+02	   8.0000000e+00	   4.0000000e+00	   4.5300000e+00	   3.6850000e+00	   1.2500000e-01	   1.0000000e+00	   2.0000000e+00	   3.0000000e+00	   1.0000000e+00	   1.3410000e+03	
   1.1300000e+02	   3.0900000e+02	   1.0500000e+02	   2.0000000e+00	   5.0000000e+00	   4.9900000e+00	   3.6850000e+00	   2.0350000e+00	   3.0000000e+00	   1.0000000e+00	   2.0000000e+00	   3.0000000e+00	   1.0540000e+03	
   1.0700000e+02	   1.1100000e+02	   3.0700000e+02	   1.2000000e+01	   5.0000000e+00	   3.9150000e+00	   4.9150000e+00	   0.0000000e+00	   3.0000000e+00	   2.0000000e+00	   1.0000000e+00	   2.0000000e+00	   1.0110000e+03	
   1.1600000e+02	   2.0400000e+02	   3.0200000e+02	   9.0000000e+00	   2.0000000e+00	   4.7800000e+00	   4.5250000e+00	   1.5000000e-02	   2.0000000e+00	   3.0000000e+00	   1.0000000e+00	   3.0000000e+00	   1.2330000e+03	
