   1.0000000e+00	   3.1400000e+02	   3.0000000e+00	   3.8300000e+00	   3.9350000e+03	   5.1000000e-01	   3.0980000e+03	
   2.0000000e+00	   2.0200000e+02	   2.0000000e+00	   1.6100000e+00	   2.4020000e+03	   1.1900000e+00	   1.5990000e+03	
   3.0000000e+00	   1.0600000e+02	   1.0000000e+00	   3.4700000e+00	   1.8690000e+03	   9.0000000e-02	   9.6600000e+02	
   4.0000000e+00	   1.0100000e+02	   1.0000000e+00	   4.0600000e+00	   2.6380000e+03	   1.3600000e+00	   3.2990000e+03	
   5.0000000e+00	   1.1500000e+02	   1.0000000e+00	   3.3500000e+00	   4.7360000e+03	   5.7000000e-01	   1.1330000e+03	
   6.0000000e+00	   2.0700000e+02	   2.0000000e+00	   4.5600000e+00	   2.2710000e+03	   6.4000000e-01	   3.6330000e+03	
   7.0000000e+00	   3.0900000e+02	   3.0000000e+00	   4.6100000e+00	   3.4220000e+03	   7.0000000e-01	   1.2330000e+03	
   8.0000000e+00	   1.1600000e+02	   1.0000000e+00	   4.9300000e+00	   3.6890000e+03	   4.3100000e+00	   1.4660000e+03	
   9.0000000e+00	   2.0900000e+02	   2.0000000e+00	   4.1600000e+00	   2.0910000e+03	   1.1300000e+00	   1.5660000e+03	
   1.0000000e+01	   2.0100000e+02	   2.0000000e+00	   4.7100000e+00	   2.6560000e+03	   1.7800000e+00	   9.3300000e+02	
   1.1000000e+01	   3.0700000e+02	   3.0000000e+00	   4.1900000e+00	   1.8040000e+03	   1.8500000e+00	   2.1990000e+03	
   1.2000000e+01	   1.1400000e+02	   1.0000000e+00	   2.2400000e+00	   3.3900000e+03	   1.0900000e+00	   1.3330000e+03	
   1.3000000e+01	   2.1100000e+02	   2.0000000e+00	   4.1300000e+00	   2.1560000e+03	   8.9000000e-01	   1.3330000e+03	
   1.4000000e+01	   2.1200000e+02	   2.0000000e+00	   2.5600000e+00	   1.6890000e+03	   2.1000000e-01	   1.0330000e+03	
   1.5000000e+01	   2.1000000e+02	   2.0000000e+00	   3.6300000e+00	   2.7560000e+03	   3.7800000e+00	   1.9010000e+03	
   1.6000000e+01	   3.0800000e+02	   3.0000000e+00	   9.0000000e-01	   2.9710000e+03	   3.3200000e+00	   1.8990000e+03	
   1.7000000e+01	   3.0200000e+02	   3.0000000e+00	   2.6500000e+00	   2.3900000e+03	   8.7000000e-01	   1.0000000e+03	
   1.8000000e+01	   3.1100000e+02	   3.0000000e+00	   1.5700000e+00	   1.6220000e+03	   7.0000000e-01	   7.3400000e+02	
   1.9000000e+01	   3.0300000e+02	   3.0000000e+00	   8.1000000e-01	   1.3900000e+03	   1.4600000e+00	   7.9900000e+02	
   2.0000000e+01	   3.0400000e+02	   3.0000000e+00	   3.5100000e+00	   3.2220000e+03	   8.7000000e-01	   6.6600000e+02	
   2.1000000e+01	   3.0100000e+02	   3.0000000e+00	   1.1000000e+00	   2.6230000e+03	   5.5000000e-01	   8.3300000e+02	
   2.2000000e+01	   3.1000000e+02	   3.0000000e+00	   7.1000000e-01	   1.5550000e+03	   5.8000000e-01	   1.1670000e+03	
   2.3000000e+01	   1.1100000e+02	   1.0000000e+00	   4.7100000e+00	   2.2220000e+03	   2.9700000e+00	   1.3660000e+03	
   2.4000000e+01	   3.0600000e+02	   3.0000000e+00	   2.9200000e+00	   2.1220000e+03	   3.8000000e+00	   2.4990000e+03	
   2.5000000e+01	   1.0300000e+02	   1.0000000e+00	   3.4800000e+00	   1.7890000e+03	   3.5300000e+00	   1.2990000e+03	
   2.6000000e+01	   1.0900000e+02	   1.0000000e+00	   3.6100000e+00	   4.4900000e+03	   3.9400000e+00	   1.6660000e+03	
   2.7000000e+01	   1.1200000e+02	   1.0000000e+00	   4.8100000e+00	   1.3900000e+03	   2.9700000e+00	   2.6990000e+03	
   2.8000000e+01	   1.1000000e+02	   1.0000000e+00	   2.3100000e+00	   2.9890000e+03	   1.2600000e+00	   8.3400000e+02	
   2.9000000e+01	   2.0400000e+02	   2.0000000e+00	   4.5000000e-01	   1.2818000e+04	   4.5200000e+00	   2.3990000e+03	
   3.0000000e+01	   1.1300000e+02	   1.0000000e+00	   4.4900000e+00	   2.2890000e+03	   4.7200000e+00	   1.1990000e+03	
   3.1000000e+01	   1.0200000e+02	   1.0000000e+00	   3.6500000e+00	   1.7670000e+03	   3.7500000e+00	   9.3300000e+02	
   3.2000000e+01	   2.1300000e+02	   2.0000000e+00	   2.3000000e+00	   1.5560000e+03	   7.3000000e-01	   1.0680000e+03	
   3.3000000e+01	   2.0800000e+02	   2.0000000e+00	   2.3600000e+00	   1.5710000e+03	   8.7000000e-01	   7.3300000e+02	
   3.4000000e+01	   2.0600000e+02	   2.0000000e+00	   3.0900000e+00	   1.2230000e+03	   4.4500000e+00	   7.3400000e+02	
   3.5000000e+01	   2.1500000e+02	   2.0000000e+00	   1.0100000e+00	   6.7030000e+03	   2.3100000e+00	   2.2660000e+03	
   3.6000000e+01	   2.0500000e+02	   2.0000000e+00	   3.7500000e+00	   1.9880000e+03	   5.4000000e-01	   9.0100000e+02	
   3.7000000e+01	   3.1200000e+02	   3.0000000e+00	   3.3000000e-01	   1.5040000e+03	   2.0000000e-02	   8.6700000e+02	
   3.8000000e+01	   2.1400000e+02	   2.0000000e+00	   3.1000000e-01	   3.0040000e+03	   4.9000000e-01	   1.1670000e+03	
   3.9000000e+01	   3.1300000e+02	   3.0000000e+00	   3.6600000e+00	   2.8710000e+03	   3.9300000e+00	   1.3310000e+03	
   4.0000000e+01	   3.0500000e+02	   3.0000000e+00	   0.0000000e+00	   1.8230000e+03	   6.2000000e-01	   9.3300000e+02	
   4.1000000e+01	   1.0400000e+02	   1.0000000e+00	   9.8000000e-01	   1.2380000e+03	   3.6000000e-01	   1.2330000e+03	
   4.2000000e+01	   1.0700000e+02	   1.0000000e+00	   2.6600000e+00	   3.3560000e+03	   1.2400000e+00	   9.0000000e+02	
   4.3000000e+01	   2.0300000e+02	   2.0000000e+00	   4.3000000e-01	   2.2550000e+03	   4.3000000e-01	   9.0000000e+02	
   4.4000000e+01	   1.0800000e+02	   1.0000000e+00	   4.4200000e+00	   2.7220000e+03	   3.2600000e+00	   1.0990000e+03	
   4.5000000e+01	   1.0500000e+02	   1.0000000e+00	   1.2600000e+00	   3.2900000e+03	   3.6000000e-01	   8.0000000e+02	
