   1.0000000e+00	   1.0000000e+00	   2.1400000e+02	   1.0100000e+00	   6.0660000e+03	
   1.0000000e+00	   2.0000000e+00	   1.1500000e+02	   0.0000000e+00	   4.5900000e+03	
   1.0000000e+00	   3.0000000e+00	   2.0300000e+02	   4.3700000e+00	   9.2210000e+03	
   1.0000000e+00	   4.0000000e+00	   1.0400000e+02	   9.9000000e-01	   1.1488000e+04	
   1.0000000e+00	   5.0000000e+00	   1.0600000e+02	   0.0000000e+00	   3.2940000e+03	
   1.0000000e+00	   6.0000000e+00	   2.0600000e+02	   2.4700000e+00	   5.6910000e+03	
   1.0000000e+00	   7.0000000e+00	   2.0100000e+02	   5.0000000e+00	   1.0027000e+04	
   1.0000000e+00	   8.0000000e+00	   2.1500000e+02	   0.0000000e+00	   5.5260000e+03	
   1.0000000e+00	   9.0000000e+00	   1.0100000e+02	   0.0000000e+00	   8.0910000e+03	
   1.0000000e+00	   1.0000000e+01	   3.0400000e+02	   4.4500000e+00	   5.3920000e+03	
   1.0000000e+00	   1.1000000e+01	   1.0900000e+02	   4.6000000e-01	   5.8260000e+03	
   1.0000000e+00	   1.2000000e+01	   2.1300000e+02	   3.5200000e+00	   7.4260000e+03	
   1.0000000e+00	   1.3000000e+01	   1.1200000e+02	   4.0300000e+00	   6.2940000e+03	
   1.0000000e+00	   1.4000000e+01	   3.0600000e+02	   0.0000000e+00	   3.8600000e+03	
   1.0000000e+00	   1.5000000e+01	   1.0200000e+02	   0.0000000e+00	   3.4580000e+03	
   1.0000000e+00	   1.6000000e+01	   2.1000000e+02	   4.4800000e+00	   5.0610000e+03	
   1.0000000e+00	   1.7000000e+01	   3.0800000e+02	   1.4500000e+00	   4.5920000e+03	
   1.0000000e+00	   1.8000000e+01	   3.1400000e+02	   0.0000000e+00	   4.4270000e+03	
   1.0000000e+00	   1.9000000e+01	   2.0700000e+02	   5.0000000e+00	   4.4590000e+03	
   1.0000000e+00	   2.0000000e+01	   3.0300000e+02	   5.0000000e+00	   6.0920000e+03	
   1.0000000e+00	   2.1000000e+01	   1.1300000e+02	   2.5000000e+00	   5.6590000e+03	
   1.0000000e+00	   2.2000000e+01	   3.1200000e+02	   1.4500000e+00	   5.7750000e+03	
   1.0000000e+00	   2.3000000e+01	   2.0800000e+02	   4.5500000e+00	   6.3290000e+03	
   1.0000000e+00	   2.4000000e+01	   3.1000000e+02	   2.9900000e+00	   7.2410000e+03	
   1.0000000e+00	   2.5000000e+01	   1.0300000e+02	   5.0000000e+00	   4.4260000e+03	
   1.0000000e+00	   2.6000000e+01	   2.1100000e+02	   4.0100000e+00	   5.9260000e+03	
   1.0000000e+00	   2.7000000e+01	   2.0900000e+02	   1.4800000e+00	   5.3920000e+03	
   1.0000000e+00	   2.8000000e+01	   2.0200000e+02	   5.3000000e-01	   6.0610000e+03	
   1.0000000e+00	   2.9000000e+01	   3.0500000e+02	   1.0000000e-02	   5.6260000e+03	
   1.0000000e+00	   3.0000000e+01	   3.0200000e+02	   3.0100000e+00	   8.9250000e+03	
   1.0000000e+00	   3.1000000e+01	   3.0700000e+02	   0.0000000e+00	   3.9260000e+03	
   1.0000000e+00	   3.2000000e+01	   2.0500000e+02	   2.0100000e+00	   6.0920000e+03	
   1.0000000e+00	   3.3000000e+01	   1.1100000e+02	   4.9000000e-01	   4.6270000e+03	
   1.0000000e+00	   3.4000000e+01	   3.0900000e+02	   3.0200000e+00	   6.1920000e+03	
   1.0000000e+00	   3.5000000e+01	   3.1300000e+02	   5.0000000e+00	   5.5260000e+03	
   1.0000000e+00	   3.6000000e+01	   3.0100000e+02	   4.5200000e+00	   5.5580000e+03	
   1.0000000e+00	   3.7000000e+01	   1.1400000e+02	   0.0000000e+00	   2.4600000e+03	
   1.0000000e+00	   3.8000000e+01	   1.0700000e+02	   0.0000000e+00	   2.8270000e+03	
   1.0000000e+00	   3.9000000e+01	   1.1600000e+02	   3.5300000e+00	   4.2250000e+03	
   1.0000000e+00	   4.0000000e+01	   1.1000000e+02	   0.0000000e+00	   3.7250000e+03	
   1.0000000e+00	   4.1000000e+01	   1.0500000e+02	   0.0000000e+00	   3.8280000e+03	
   1.0000000e+00	   4.2000000e+01	   1.0800000e+02	   1.5000000e+00	   4.1590000e+03	
   1.0000000e+00	   4.3000000e+01	   2.0400000e+02	   0.0000000e+00	   3.3920000e+03	
   1.0000000e+00	   4.4000000e+01	   3.1100000e+02	   1.2900000e+00	   5.3910000e+03	
   1.0000000e+00	   4.5000000e+01	   2.1200000e+02	   0.0000000e+00	   3.6600000e+03	
   2.0000000e+00	   1.0000000e+00	   1.0400000e+02	   7.3000000e-01	   7.9320000e+03	
   2.0000000e+00	   2.0000000e+00	   2.1000000e+02	   5.0000000e+00	   3.9940000e+03	
   2.0000000e+00	   3.0000000e+00	   2.0400000e+02	   0.0000000e+00	   3.8610000e+03	
   2.0000000e+00	   4.0000000e+00	   2.0900000e+02	   1.3100000e+00	   5.0930000e+03	
   2.0000000e+00	   5.0000000e+00	   2.1200000e+02	   0.0000000e+00	   4.0940000e+03	
   2.0000000e+00	   6.0000000e+00	   3.0600000e+02	   0.0000000e+00	   3.0280000e+03	
   2.0000000e+00	   7.0000000e+00	   1.0300000e+02	   5.0000000e+00	   2.6620000e+03	
   2.0000000e+00	   8.0000000e+00	   1.1400000e+02	   0.0000000e+00	   3.4620000e+03	
   2.0000000e+00	   9.0000000e+00	   3.0100000e+02	   2.5400000e+00	   5.5260000e+03	
   2.0000000e+00	   1.0000000e+01	   3.0400000e+02	   4.4000000e+00	   4.0920000e+03	
   2.0000000e+00	   1.1000000e+01	   1.0600000e+02	   0.0000000e+00	   2.6970000e+03	
   2.0000000e+00	   1.2000000e+01	   2.0600000e+02	   3.9700000e+00	   3.6940000e+03	
   2.0000000e+00	   1.3000000e+01	   2.0200000e+02	   5.2000000e-01	   4.0610000e+03	
   2.0000000e+00	   1.4000000e+01	   3.1300000e+02	   4.5000000e+00	   3.4280000e+03	
   2.0000000e+00	   1.5000000e+01	   1.0700000e+02	   0.0000000e+00	   2.3940000e+03	
   2.0000000e+00	   1.6000000e+01	   1.1100000e+02	   6.3000000e-01	   3.7930000e+03	
   2.0000000e+00	   1.7000000e+01	   2.1500000e+02	   0.0000000e+00	   1.8960000e+03	
   2.0000000e+00	   1.8000000e+01	   2.1100000e+02	   3.5900000e+00	   2.8940000e+03	
   2.0000000e+00	   1.9000000e+01	   2.0700000e+02	   5.0000000e+00	   2.1610000e+03	
   2.0000000e+00	   2.0000000e+01	   3.0500000e+02	   0.0000000e+00	   2.5940000e+03	
   2.0000000e+00	   2.1000000e+01	   2.1300000e+02	   3.5200000e+00	   3.4950000e+03	
   2.0000000e+00	   2.2000000e+01	   1.0100000e+02	   0.0000000e+00	   2.1940000e+03	
   2.0000000e+00	   2.3000000e+01	   1.0800000e+02	   1.4200000e+00	   2.9610000e+03	
   2.0000000e+00	   2.4000000e+01	   3.1000000e+02	   3.2900000e+00	   1.9610000e+03	
   2.0000000e+00	   2.5000000e+01	   1.1600000e+02	   3.2200000e+00	   4.7110000e+03	
   2.0000000e+00	   2.6000000e+01	   2.0800000e+02	   4.0200000e+00	   3.4610000e+03	
   2.0000000e+00	   2.7000000e+01	   2.0300000e+02	   4.1000000e+00	   3.5610000e+03	
   2.0000000e+00	   2.8000000e+01	   3.0800000e+02	   2.5000000e+00	   2.6270000e+03	
   2.0000000e+00	   2.9000000e+01	   3.0900000e+02	   3.4500000e+00	   2.7290000e+03	
   2.0000000e+00	   3.0000000e+01	   3.1400000e+02	   0.0000000e+00	   2.3600000e+03	
   2.0000000e+00	   3.1000000e+01	   3.0700000e+02	   0.0000000e+00	   2.5610000e+03	
   2.0000000e+00	   3.2000000e+01	   1.0900000e+02	   4.2000000e-01	   2.2610000e+03	
   2.0000000e+00	   3.3000000e+01	   1.0500000e+02	   0.0000000e+00	   2.8290000e+03	
   2.0000000e+00	   3.4000000e+01	   1.1300000e+02	   1.4100000e+00	   3.7600000e+03	
   2.0000000e+00	   3.5000000e+01	   1.0200000e+02	   0.0000000e+00	   2.7940000e+03	
   2.0000000e+00	   3.6000000e+01	   2.1400000e+02	   1.3600000e+00	   4.9610000e+03	
   2.0000000e+00	   3.7000000e+01	   1.1500000e+02	   0.0000000e+00	   1.8610000e+03	
   2.0000000e+00	   3.8000000e+01	   1.1200000e+02	   3.1700000e+00	   3.5940000e+03	
   2.0000000e+00	   3.9000000e+01	   3.0200000e+02	   2.5000000e+00	   2.2280000e+03	
   2.0000000e+00	   4.0000000e+01	   3.1200000e+02	   1.1300000e+00	   3.9950000e+03	
   2.0000000e+00	   4.1000000e+01	   3.0300000e+02	   4.4900000e+00	   1.9610000e+03	
   2.0000000e+00	   4.2000000e+01	   3.1100000e+02	   1.3900000e+00	   2.5940000e+03	
   2.0000000e+00	   4.3000000e+01	   2.0100000e+02	   5.0000000e+00	   2.1610000e+03	
   2.0000000e+00	   4.4000000e+01	   1.1000000e+02	   0.0000000e+00	   2.2280000e+03	
   2.0000000e+00	   4.5000000e+01	   2.0500000e+02	   1.0400000e+00	   3.3280000e+03	
