   2.1100000e+02	   3.1300000e+02	   1.0700000e+02	   4.0000000e+00	   4.0000000e+00	   3.8000000e+00	   4.7500000e+00	   0.0000000e+00	   2.0000000e+00	   3.0000000e+00	   1.0000000e+00	   1.0000000e+00	   2.3850000e+03	
   1.1200000e+02	   3.0300000e+02	   2.1500000e+02	   1.0000000e+01	   4.0000000e+00	   3.6000000e+00	   4.7450000e+00	   0.0000000e+00	   3.0000000e+00	   1.0000000e+00	   2.0000000e+00	   1.0000000e+00	   2.2880000e+03	
   2.0100000e+02	   2.1300000e+02	   3.1000000e+02	   1.4000000e+01	   5.0000000e+00	   5.0000000e+00	   3.5200000e+00	   3.1400000e+00	   2.0000000e+00	   1.0000000e+00	   3.0000000e+00	   2.0000000e+00	   1.9730000e+03	
   2.1000000e+02	   3.0100000e+02	   1.0400000e+02	   2.0000000e+00	   4.0000000e+00	   4.7400000e+00	   3.5300000e+00	   8.6000000e-01	   1.0000000e+00	   2.0000000e+00	   3.0000000e+00	   1.0000000e+00	   2.4400000e+03	
   2.1300000e+02	   3.1300000e+02	   1.0500000e+02	   3.0000000e+00	   4.0000000e+00	   3.5200000e+00	   4.7500000e+00	   0.0000000e+00	   3.0000000e+00	   1.0000000e+00	   2.0000000e+00	   1.0000000e+00	   2.7900000e+03	
   2.1100000e+02	   3.0100000e+02	   3.0500000e+02	   1.1000000e+01	   2.0000000e+00	   3.8000000e+00	   3.5300000e+00	   5.0000000e-03	   1.0000000e+00	   3.0000000e+00	   2.0000000e+00	   1.0000000e+00	   2.8740000e+03	
   1.1600000e+02	   2.1000000e+02	   3.1200000e+02	   1.5000000e+01	   5.0000000e+00	   3.3750000e+00	   4.7400000e+00	   1.2900000e+00	   3.0000000e+00	   2.0000000e+00	   1.0000000e+00	   2.0000000e+00	   3.4640000e+03	
   3.0100000e+02	   3.0900000e+02	   3.1200000e+02	   1.5000000e+01	   2.0000000e+00	   3.5300000e+00	   3.2350000e+00	   1.2900000e+00	   3.0000000e+00	   1.0000000e+00	   2.0000000e+00	   3.0000000e+00	   6.5990000e+03	
   2.0800000e+02	   2.1000000e+02	   1.0700000e+02	   4.0000000e+00	   2.0000000e+00	   4.2850000e+00	   4.7400000e+00	   0.0000000e+00	   1.0000000e+00	   3.0000000e+00	   2.0000000e+00	   3.0000000e+00	   2.2390000e+03	
   1.0300000e+02	   2.1000000e+02	   2.1500000e+02	   1.0000000e+01	   2.0000000e+00	   5.0000000e+00	   4.7400000e+00	   0.0000000e+00	   1.0000000e+00	   3.0000000e+00	   2.0000000e+00	   1.0000000e+00	   4.2120000e+03	
   2.1100000e+02	   3.0400000e+02	   3.0800000e+02	   1.3000000e+01	   3.0000000e+00	   3.8000000e+00	   4.4250000e+00	   1.9750000e+00	   1.0000000e+00	   2.0000000e+00	   3.0000000e+00	   2.0000000e+00	   4.0080000e+03	
   1.1600000e+02	   3.0900000e+02	   2.1500000e+02	   1.0000000e+01	   1.0000000e+00	   3.3750000e+00	   3.2350000e+00	   0.0000000e+00	   2.0000000e+00	   1.0000000e+00	   3.0000000e+00	   1.0000000e+00	   5.9120000e+03	
   1.0300000e+02	   3.0400000e+02	   1.1400000e+02	   5.0000000e+00	   3.0000000e+00	   5.0000000e+00	   4.4250000e+00	   0.0000000e+00	   1.0000000e+00	   3.0000000e+00	   2.0000000e+00	   1.0000000e+00	   3.4310000e+03	
   2.0100000e+02	   2.1100000e+02	   1.0400000e+02	   2.0000000e+00	   4.0000000e+00	   5.0000000e+00	   3.8000000e+00	   8.6000000e-01	   1.0000000e+00	   3.0000000e+00	   2.0000000e+00	   1.0000000e+00	   2.7170000e+03	
   2.1300000e+02	   3.0400000e+02	   2.0500000e+02	   8.0000000e+00	   4.0000000e+00	   3.5200000e+00	   4.4250000e+00	   1.5250000e+00	   1.0000000e+00	   2.0000000e+00	   3.0000000e+00	   2.0000000e+00	   3.6750000e+03	
   2.1000000e+02	   3.0300000e+02	   1.0100000e+02	   1.0000000e+00	   1.0000000e+00	   4.7400000e+00	   4.7450000e+00	   0.0000000e+00	   2.0000000e+00	   3.0000000e+00	   1.0000000e+00	   3.0000000e+00	   4.7090000e+03	
   2.0700000e+02	   3.0900000e+02	   2.0900000e+02	   9.0000000e+00	   5.0000000e+00	   5.0000000e+00	   3.2350000e+00	   1.3950000e+00	   2.0000000e+00	   3.0000000e+00	   1.0000000e+00	   2.0000000e+00	   2.5500000e+03	
   2.0300000e+02	   2.1000000e+02	   2.0400000e+02	   7.0000000e+00	   2.0000000e+00	   4.2350000e+00	   4.7400000e+00	   0.0000000e+00	   3.0000000e+00	   2.0000000e+00	   1.0000000e+00	   2.0000000e+00	   4.6310000e+03	
   2.0100000e+02	   3.1300000e+02	   1.0700000e+02	   4.0000000e+00	   1.0000000e+00	   5.0000000e+00	   4.7500000e+00	   0.0000000e+00	   1.0000000e+00	   2.0000000e+00	   3.0000000e+00	   1.0000000e+00	   3.1500000e+03	
   1.0300000e+02	   3.0900000e+02	   3.1200000e+02	   1.5000000e+01	   5.0000000e+00	   5.0000000e+00	   3.2350000e+00	   1.2900000e+00	   2.0000000e+00	   3.0000000e+00	   1.0000000e+00	   2.0000000e+00	   2.1430000e+03	
   2.0800000e+02	   2.1300000e+02	   1.0500000e+02	   3.0000000e+00	   3.0000000e+00	   4.2850000e+00	   3.5200000e+00	   0.0000000e+00	   2.0000000e+00	   1.0000000e+00	   3.0000000e+00	   2.0000000e+00	   3.2320000e+03	
   1.1600000e+02	   2.0800000e+02	   2.0900000e+02	   9.0000000e+00	   4.0000000e+00	   3.3750000e+00	   4.2850000e+00	   1.3950000e+00	   2.0000000e+00	   3.0000000e+00	   1.0000000e+00	   3.0000000e+00	   3.1840000e+03	
   1.1200000e+02	   3.0900000e+02	   1.0400000e+02	   2.0000000e+00	   2.0000000e+00	   3.6000000e+00	   3.2350000e+00	   8.6000000e-01	   3.0000000e+00	   1.0000000e+00	   2.0000000e+00	   1.0000000e+00	   4.7660000e+03	
   2.1300000e+02	   3.0100000e+02	   2.0400000e+02	   7.0000000e+00	   1.0000000e+00	   3.5200000e+00	   3.5300000e+00	   0.0000000e+00	   3.0000000e+00	   2.0000000e+00	   1.0000000e+00	   3.0000000e+00	   6.4270000e+03	
   2.0100000e+02	   2.0800000e+02	   1.0100000e+02	   1.0000000e+00	   3.0000000e+00	   5.0000000e+00	   4.2850000e+00	   0.0000000e+00	   1.0000000e+00	   3.0000000e+00	   2.0000000e+00	   1.0000000e+00	   3.9150000e+03	
   2.0300000e+02	   3.0900000e+02	   3.1200000e+02	   1.5000000e+01	   4.0000000e+00	   4.2350000e+00	   3.2350000e+00	   1.2900000e+00	   3.0000000e+00	   2.0000000e+00	   1.0000000e+00	   3.0000000e+00	   3.0400000e+03	
   1.1600000e+02	   3.1300000e+02	   2.0900000e+02	   9.0000000e+00	   5.0000000e+00	   3.3750000e+00	   4.7500000e+00	   1.3950000e+00	   2.0000000e+00	   1.0000000e+00	   3.0000000e+00	   1.0000000e+00	   2.4560000e+03	
   3.0300000e+02	   3.0400000e+02	   2.0200000e+02	   6.0000000e+00	   2.0000000e+00	   4.7450000e+00	   4.4250000e+00	   5.2500000e-01	   2.0000000e+00	   1.0000000e+00	   3.0000000e+00	   2.0000000e+00	   8.4030000e+03	
   2.0300000e+02	   2.0700000e+02	   2.0400000e+02	   7.0000000e+00	   3.0000000e+00	   4.2350000e+00	   5.0000000e+00	   0.0000000e+00	   1.0000000e+00	   2.0000000e+00	   3.0000000e+00	   2.0000000e+00	   3.7830000e+03	
   1.1600000e+02	   3.0400000e+02	   1.1400000e+02	   5.0000000e+00	   4.0000000e+00	   3.3750000e+00	   4.4250000e+00	   0.0000000e+00	   3.0000000e+00	   1.0000000e+00	   2.0000000e+00	   1.0000000e+00	   1.9920000e+03	
   1.0300000e+02	   1.1600000e+02	   1.0400000e+02	   2.0000000e+00	   5.0000000e+00	   5.0000000e+00	   3.3750000e+00	   8.6000000e-01	   2.0000000e+00	   1.0000000e+00	   3.0000000e+00	   2.0000000e+00	   2.3770000e+03	
   1.1200000e+02	   3.0300000e+02	   1.1400000e+02	   5.0000000e+00	   4.0000000e+00	   3.6000000e+00	   4.7450000e+00	   0.0000000e+00	   1.0000000e+00	   2.0000000e+00	   3.0000000e+00	   2.0000000e+00	   3.5890000e+03	
   2.0700000e+02	   2.1000000e+02	   3.0500000e+02	   1.1000000e+01	   2.0000000e+00	   5.0000000e+00	   4.7400000e+00	   5.0000000e-03	   1.0000000e+00	   3.0000000e+00	   2.0000000e+00	   1.0000000e+00	   2.0380000e+03	
   2.0300000e+02	   3.1300000e+02	   1.0400000e+02	   2.0000000e+00	   3.0000000e+00	   4.2350000e+00	   4.7500000e+00	   8.6000000e-01	   1.0000000e+00	   3.0000000e+00	   2.0000000e+00	   1.0000000e+00	   3.1620000e+03	
   2.0300000e+02	   2.0800000e+02	   3.0800000e+02	   1.3000000e+01	   1.0000000e+00	   4.2350000e+00	   4.2850000e+00	   1.9750000e+00	   1.0000000e+00	   2.0000000e+00	   3.0000000e+00	   2.0000000e+00	   3.9740000e+03	
   2.0700000e+02	   3.0900000e+02	   1.0500000e+02	   3.0000000e+00	   5.0000000e+00	   5.0000000e+00	   3.2350000e+00	   0.0000000e+00	   1.0000000e+00	   2.0000000e+00	   3.0000000e+00	   1.0000000e+00	   2.2350000e+03	
   2.0300000e+02	   2.0800000e+02	   2.0500000e+02	   8.0000000e+00	   1.0000000e+00	   4.2350000e+00	   4.2850000e+00	   1.5250000e+00	   3.0000000e+00	   2.0000000e+00	   1.0000000e+00	   2.0000000e+00	   3.6200000e+03	
   1.0300000e+02	   2.1100000e+02	   2.0500000e+02	   8.0000000e+00	   4.0000000e+00	   5.0000000e+00	   3.8000000e+00	   1.5250000e+00	   1.0000000e+00	   2.0000000e+00	   3.0000000e+00	   1.0000000e+00	   3.0000000e+03	
   2.0700000e+02	   3.0900000e+02	   3.0500000e+02	   1.1000000e+01	   5.0000000e+00	   5.0000000e+00	   3.2350000e+00	   5.0000000e-03	   3.0000000e+00	   1.0000000e+00	   2.0000000e+00	   3.0000000e+00	   2.6400000e+03	
   2.1300000e+02	   3.0900000e+02	   2.0400000e+02	   7.0000000e+00	   2.0000000e+00	   3.5200000e+00	   3.2350000e+00	   0.0000000e+00	   3.0000000e+00	   2.0000000e+00	   1.0000000e+00	   3.0000000e+00	   3.6290000e+03	
   2.0700000e+02	   3.0400000e+02	   3.0500000e+02	   1.1000000e+01	   3.0000000e+00	   5.0000000e+00	   4.4250000e+00	   5.0000000e-03	   1.0000000e+00	   3.0000000e+00	   2.0000000e+00	   1.0000000e+00	   2.8220000e+03	
   3.0900000e+02	   3.1300000e+02	   1.1400000e+02	   5.0000000e+00	   5.0000000e+00	   3.2350000e+00	   4.7500000e+00	   0.0000000e+00	   1.0000000e+00	   2.0000000e+00	   3.0000000e+00	   2.0000000e+00	   3.0590000e+03	
   2.0700000e+02	   3.0900000e+02	   3.0800000e+02	   1.3000000e+01	   5.0000000e+00	   5.0000000e+00	   3.2350000e+00	   1.9750000e+00	   1.0000000e+00	   3.0000000e+00	   2.0000000e+00	   1.0000000e+00	   1.9110000e+03	
   2.1100000e+02	   3.0400000e+02	   1.0100000e+02	   1.0000000e+00	   3.0000000e+00	   3.8000000e+00	   4.4250000e+00	   0.0000000e+00	   2.0000000e+00	   3.0000000e+00	   1.0000000e+00	   3.0000000e+00	   2.6900000e+03	
   3.0100000e+02	   3.0400000e+02	   3.1200000e+02	   1.5000000e+01	   3.0000000e+00	   3.5300000e+00	   4.4250000e+00	   1.2900000e+00	   1.0000000e+00	   3.0000000e+00	   2.0000000e+00	   3.0000000e+00	   5.5440000e+03	
   1.1600000e+02	   2.1000000e+02	   1.0500000e+02	   3.0000000e+00	   5.0000000e+00	   3.3750000e+00	   4.7400000e+00	   0.0000000e+00	   2.0000000e+00	   3.0000000e+00	   1.0000000e+00	   3.0000000e+00	   2.7620000e+03	
   1.1200000e+02	   3.1300000e+02	   1.0500000e+02	   3.0000000e+00	   4.0000000e+00	   3.6000000e+00	   4.7500000e+00	   0.0000000e+00	   3.0000000e+00	   1.0000000e+00	   2.0000000e+00	   1.0000000e+00	   2.1290000e+03	
   2.0100000e+02	   2.0300000e+02	   2.0500000e+02	   8.0000000e+00	   3.0000000e+00	   5.0000000e+00	   4.2350000e+00	   1.5250000e+00	   1.0000000e+00	   2.0000000e+00	   3.0000000e+00	   1.0000000e+00	   4.9530000e+03	
   2.1100000e+02	   3.1300000e+02	   1.0100000e+02	   1.0000000e+00	   4.0000000e+00	   3.8000000e+00	   4.7500000e+00	   0.0000000e+00	   3.0000000e+00	   2.0000000e+00	   1.0000000e+00	   3.0000000e+00	   4.7070000e+03	
   3.0100000e+02	   3.0300000e+02	   2.0200000e+02	   6.0000000e+00	   4.0000000e+00	   3.5300000e+00	   4.7450000e+00	   5.2500000e-01	   2.0000000e+00	   3.0000000e+00	   1.0000000e+00	   3.0000000e+00	   4.2240000e+03	
   2.1100000e+02	   3.0300000e+02	   1.0400000e+02	   2.0000000e+00	   4.0000000e+00	   3.8000000e+00	   4.7450000e+00	   8.6000000e-01	   2.0000000e+00	   3.0000000e+00	   1.0000000e+00	   3.0000000e+00	   3.1760000e+03	
   2.0700000e+02	   2.1300000e+02	   1.0100000e+02	   1.0000000e+00	   5.0000000e+00	   5.0000000e+00	   3.5200000e+00	   0.0000000e+00	   1.0000000e+00	   2.0000000e+00	   3.0000000e+00	   1.0000000e+00	   3.8260000e+03	
   3.0100000e+02	   3.0300000e+02	   1.0100000e+02	   1.0000000e+00	   4.0000000e+00	   3.5300000e+00	   4.7450000e+00	   0.0000000e+00	   1.0000000e+00	   2.0000000e+00	   3.0000000e+00	   2.0000000e+00	   4.3390000e+03	
   2.1300000e+02	   3.0400000e+02	   3.0500000e+02	   1.1000000e+01	   4.0000000e+00	   3.5200000e+00	   4.4250000e+00	   5.0000000e-03	   2.0000000e+00	   1.0000000e+00	   3.0000000e+00	   1.0000000e+00	   2.9670000e+03	
   2.1100000e+02	   3.1300000e+02	   1.0500000e+02	   3.0000000e+00	   4.0000000e+00	   3.8000000e+00	   4.7500000e+00	   0.0000000e+00	   3.0000000e+00	   1.0000000e+00	   2.0000000e+00	   3.0000000e+00	   3.8790000e+03	
   2.0800000e+02	   3.0300000e+02	   1.0100000e+02	   1.0000000e+00	   2.0000000e+00	   4.2850000e+00	   4.7450000e+00	   0.0000000e+00	   1.0000000e+00	   2.0000000e+00	   3.0000000e+00	   2.0000000e+00	   4.2550000e+03	
   3.0100000e+02	   3.1300000e+02	   2.0400000e+02	   7.0000000e+00	   4.0000000e+00	   3.5300000e+00	   4.7500000e+00	   0.0000000e+00	   3.0000000e+00	   1.0000000e+00	   2.0000000e+00	   3.0000000e+00	   3.9710000e+03	
   1.1600000e+02	   2.1300000e+02	   3.0800000e+02	   1.3000000e+01	   1.0000000e+00	   3.3750000e+00	   3.5200000e+00	   1.9750000e+00	   2.0000000e+00	   1.0000000e+00	   3.0000000e+00	   1.0000000e+00	   2.7310000e+03	
   1.0300000e+02	   2.0300000e+02	   2.0200000e+02	   6.0000000e+00	   3.0000000e+00	   5.0000000e+00	   4.2350000e+00	   5.2500000e-01	   1.0000000e+00	   3.0000000e+00	   2.0000000e+00	   1.0000000e+00	   3.2280000e+03	
   2.0300000e+02	   3.0900000e+02	   3.1000000e+02	   1.4000000e+01	   4.0000000e+00	   4.2350000e+00	   3.2350000e+00	   3.1400000e+00	   2.0000000e+00	   3.0000000e+00	   1.0000000e+00	   2.0000000e+00	   2.4830000e+03	
   2.0100000e+02	   3.0400000e+02	   3.1200000e+02	   1.5000000e+01	   3.0000000e+00	   5.0000000e+00	   4.4250000e+00	   1.2900000e+00	   1.0000000e+00	   2.0000000e+00	   3.0000000e+00	   1.0000000e+00	   5.0400000e+03	
   1.1200000e+02	   3.0300000e+02	   3.0500000e+02	   1.1000000e+01	   4.0000000e+00	   3.6000000e+00	   4.7450000e+00	   5.0000000e-03	   1.0000000e+00	   3.0000000e+00	   2.0000000e+00	   3.0000000e+00	   3.0430000e+03	
   1.0300000e+02	   1.1600000e+02	   3.1000000e+02	   1.4000000e+01	   5.0000000e+00	   5.0000000e+00	   3.3750000e+00	   3.1400000e+00	   1.0000000e+00	   2.0000000e+00	   3.0000000e+00	   1.0000000e+00	   2.5760000e+03	
   2.1000000e+02	   3.0400000e+02	   3.0800000e+02	   1.3000000e+01	   2.0000000e+00	   4.7400000e+00	   4.4250000e+00	   1.9750000e+00	   1.0000000e+00	   2.0000000e+00	   3.0000000e+00	   1.0000000e+00	   2.2150000e+03	
   2.1100000e+02	   2.1300000e+02	   3.0700000e+02	   1.2000000e+01	   2.0000000e+00	   3.8000000e+00	   3.5200000e+00	   0.0000000e+00	   3.0000000e+00	   2.0000000e+00	   1.0000000e+00	   2.0000000e+00	   4.4490000e+03	
   2.0800000e+02	   2.1100000e+02	   3.1000000e+02	   1.4000000e+01	   2.0000000e+00	   4.2850000e+00	   3.8000000e+00	   3.1400000e+00	   3.0000000e+00	   1.0000000e+00	   2.0000000e+00	   3.0000000e+00	   2.2200000e+03	
   2.1000000e+02	   3.1300000e+02	   3.1200000e+02	   1.5000000e+01	   1.0000000e+00	   4.7400000e+00	   4.7500000e+00	   1.2900000e+00	   1.0000000e+00	   2.0000000e+00	   3.0000000e+00	   1.0000000e+00	   1.3160000e+03	
   2.0700000e+02	   2.1000000e+02	   3.0800000e+02	   1.3000000e+01	   2.0000000e+00	   5.0000000e+00	   4.7400000e+00	   1.9750000e+00	   2.0000000e+00	   1.0000000e+00	   3.0000000e+00	   2.0000000e+00	   2.1810000e+03	
   2.0300000e+02	   2.0800000e+02	   1.1400000e+02	   5.0000000e+00	   1.0000000e+00	   4.2350000e+00	   4.2850000e+00	   0.0000000e+00	   2.0000000e+00	   3.0000000e+00	   1.0000000e+00	   3.0000000e+00	   3.5100000e+03	
   2.0100000e+02	   3.0100000e+02	   3.0700000e+02	   1.2000000e+01	   5.0000000e+00	   5.0000000e+00	   3.5300000e+00	   0.0000000e+00	   1.0000000e+00	   3.0000000e+00	   2.0000000e+00	   1.0000000e+00	   3.6640000e+03	
   2.0800000e+02	   3.0100000e+02	   3.1000000e+02	   1.4000000e+01	   3.0000000e+00	   4.2850000e+00	   3.5300000e+00	   3.1400000e+00	   1.0000000e+00	   3.0000000e+00	   2.0000000e+00	   1.0000000e+00	   3.0770000e+03	
   1.0300000e+02	   2.1300000e+02	   1.0500000e+02	   3.0000000e+00	   5.0000000e+00	   5.0000000e+00	   3.5200000e+00	   0.0000000e+00	   2.0000000e+00	   1.0000000e+00	   3.0000000e+00	   2.0000000e+00	   1.7840000e+03	
   3.0100000e+02	   3.1300000e+02	   3.0700000e+02	   1.2000000e+01	   4.0000000e+00	   3.5300000e+00	   4.7500000e+00	   0.0000000e+00	   3.0000000e+00	   1.0000000e+00	   2.0000000e+00	   1.0000000e+00	   4.7040000e+03	
   2.0800000e+02	   2.1300000e+02	   3.0700000e+02	   1.2000000e+01	   3.0000000e+00	   4.2850000e+00	   3.5200000e+00	   0.0000000e+00	   3.0000000e+00	   1.0000000e+00	   2.0000000e+00	   3.0000000e+00	   2.1710000e+03	
   3.0100000e+02	   3.0900000e+02	   3.0700000e+02	   1.2000000e+01	   2.0000000e+00	   3.5300000e+00	   3.2350000e+00	   0.0000000e+00	   3.0000000e+00	   1.0000000e+00	   2.0000000e+00	   3.0000000e+00	   3.5930000e+03	
   3.0100000e+02	   3.1300000e+02	   1.0700000e+02	   4.0000000e+00	   4.0000000e+00	   3.5300000e+00	   4.7500000e+00	   0.0000000e+00	   1.0000000e+00	   2.0000000e+00	   3.0000000e+00	   1.0000000e+00	   3.4220000e+03	
   2.0800000e+02	   2.1000000e+02	   2.1500000e+02	   1.0000000e+01	   2.0000000e+00	   4.2850000e+00	   4.7400000e+00	   0.0000000e+00	   1.0000000e+00	   2.0000000e+00	   3.0000000e+00	   2.0000000e+00	   3.2770000e+03	
   2.0100000e+02	   2.0800000e+02	   2.0900000e+02	   9.0000000e+00	   3.0000000e+00	   5.0000000e+00	   4.2850000e+00	   1.3950000e+00	   3.0000000e+00	   1.0000000e+00	   2.0000000e+00	   3.0000000e+00	   2.2390000e+03	
   2.0700000e+02	   3.0100000e+02	   2.0200000e+02	   6.0000000e+00	   5.0000000e+00	   5.0000000e+00	   3.5300000e+00	   5.2500000e-01	   1.0000000e+00	   3.0000000e+00	   2.0000000e+00	   1.0000000e+00	   9.2500000e+02	
   1.0300000e+02	   3.0300000e+02	   1.0100000e+02	   1.0000000e+00	   1.0000000e+00	   5.0000000e+00	   4.7450000e+00	   0.0000000e+00	   2.0000000e+00	   3.0000000e+00	   1.0000000e+00	   2.0000000e+00	   2.3350000e+03	
   1.0300000e+02	   2.1100000e+02	   2.0900000e+02	   9.0000000e+00	   4.0000000e+00	   5.0000000e+00	   3.8000000e+00	   1.3950000e+00	   1.0000000e+00	   2.0000000e+00	   3.0000000e+00	   1.0000000e+00	   3.1910000e+03	
   2.0700000e+02	   3.0300000e+02	   1.0700000e+02	   4.0000000e+00	   2.0000000e+00	   5.0000000e+00	   4.7450000e+00	   0.0000000e+00	   1.0000000e+00	   3.0000000e+00	   2.0000000e+00	   1.0000000e+00	   3.5350000e+03	
   1.0300000e+02	   3.0900000e+02	   2.0400000e+02	   7.0000000e+00	   5.0000000e+00	   5.0000000e+00	   3.2350000e+00	   0.0000000e+00	   2.0000000e+00	   3.0000000e+00	   1.0000000e+00	   2.0000000e+00	   1.6680000e+03	
   2.0100000e+02	   3.0400000e+02	   1.0700000e+02	   4.0000000e+00	   3.0000000e+00	   5.0000000e+00	   4.4250000e+00	   0.0000000e+00	   3.0000000e+00	   2.0000000e+00	   1.0000000e+00	   3.0000000e+00	   1.6940000e+03	
   1.1600000e+02	   3.1300000e+02	   3.0800000e+02	   1.3000000e+01	   5.0000000e+00	   3.3750000e+00	   4.7500000e+00	   1.9750000e+00	   3.0000000e+00	   2.0000000e+00	   1.0000000e+00	   2.0000000e+00	   2.8890000e+03	
   3.0100000e+02	   3.0900000e+02	   1.1400000e+02	   5.0000000e+00	   2.0000000e+00	   3.5300000e+00	   3.2350000e+00	   0.0000000e+00	   1.0000000e+00	   2.0000000e+00	   3.0000000e+00	   1.0000000e+00	   2.5440000e+03	
   2.1300000e+02	   3.0300000e+02	   3.0700000e+02	   1.2000000e+01	   4.0000000e+00	   3.5200000e+00	   4.7450000e+00	   0.0000000e+00	   3.0000000e+00	   2.0000000e+00	   1.0000000e+00	   2.0000000e+00	   3.3810000e+03	
   1.0300000e+02	   3.1300000e+02	   2.0400000e+02	   7.0000000e+00	   1.0000000e+00	   5.0000000e+00	   4.7500000e+00	   0.0000000e+00	   2.0000000e+00	   1.0000000e+00	   3.0000000e+00	   2.0000000e+00	   2.4290000e+03	
   2.1300000e+02	   3.0100000e+02	   3.1200000e+02	   1.5000000e+01	   1.0000000e+00	   3.5200000e+00	   3.5300000e+00	   1.2900000e+00	   1.0000000e+00	   3.0000000e+00	   2.0000000e+00	   1.0000000e+00	   3.1380000e+03	
   1.1600000e+02	   3.0400000e+02	   2.1500000e+02	   1.0000000e+01	   4.0000000e+00	   3.3750000e+00	   4.4250000e+00	   0.0000000e+00	   2.0000000e+00	   3.0000000e+00	   1.0000000e+00	   3.0000000e+00	   1.2790000e+03	
   3.0100000e+02	   3.1300000e+02	   2.0500000e+02	   8.0000000e+00	   4.0000000e+00	   3.5300000e+00	   4.7500000e+00	   1.5250000e+00	   1.0000000e+00	   3.0000000e+00	   2.0000000e+00	   1.0000000e+00	   2.2120000e+03	
   2.0800000e+02	   3.0300000e+02	   2.0900000e+02	   9.0000000e+00	   2.0000000e+00	   4.2850000e+00	   4.7450000e+00	   1.3950000e+00	   2.0000000e+00	   3.0000000e+00	   1.0000000e+00	   3.0000000e+00	   4.0340000e+03	
   2.1100000e+02	   3.0100000e+02	   1.0100000e+02	   1.0000000e+00	   2.0000000e+00	   3.8000000e+00	   3.5300000e+00	   0.0000000e+00	   2.0000000e+00	   3.0000000e+00	   1.0000000e+00	   2.0000000e+00	   3.3450000e+03	
   2.0800000e+02	   3.0400000e+02	   3.1000000e+02	   1.4000000e+01	   1.0000000e+00	   4.2850000e+00	   4.4250000e+00	   3.1400000e+00	   1.0000000e+00	   2.0000000e+00	   3.0000000e+00	   2.0000000e+00	   3.6250000e+03	
   2.0100000e+02	   2.1100000e+02	   3.1200000e+02	   1.5000000e+01	   4.0000000e+00	   5.0000000e+00	   3.8000000e+00	   1.2900000e+00	   2.0000000e+00	   1.0000000e+00	   3.0000000e+00	   2.0000000e+00	   2.1660000e+03	
   1.1600000e+02	   3.1300000e+02	   2.0400000e+02	   7.0000000e+00	   5.0000000e+00	   3.3750000e+00	   4.7500000e+00	   0.0000000e+00	   2.0000000e+00	   3.0000000e+00	   1.0000000e+00	   3.0000000e+00	   1.8530000e+03	
   1.0300000e+02	   3.1300000e+02	   3.0700000e+02	   1.2000000e+01	   1.0000000e+00	   5.0000000e+00	   4.7500000e+00	   0.0000000e+00	   2.0000000e+00	   1.0000000e+00	   3.0000000e+00	   2.0000000e+00	   1.1210000e+03	
   1.0300000e+02	   2.1100000e+02	   1.0500000e+02	   3.0000000e+00	   4.0000000e+00	   5.0000000e+00	   3.8000000e+00	   0.0000000e+00	   3.0000000e+00	   1.0000000e+00	   2.0000000e+00	   3.0000000e+00	   1.1640000e+03	
   1.0300000e+02	   2.0800000e+02	   2.0200000e+02	   6.0000000e+00	   3.0000000e+00	   5.0000000e+00	   4.2850000e+00	   5.2500000e-01	   1.0000000e+00	   3.0000000e+00	   2.0000000e+00	   1.0000000e+00	   3.3470000e+03	
   1.0300000e+02	   1.1200000e+02	   2.1500000e+02	   1.0000000e+01	   5.0000000e+00	   5.0000000e+00	   3.6000000e+00	   0.0000000e+00	   2.0000000e+00	   3.0000000e+00	   1.0000000e+00	   2.0000000e+00	   3.5850000e+03	
   3.0400000e+02	   3.0900000e+02	   2.0900000e+02	   9.0000000e+00	   4.0000000e+00	   4.4250000e+00	   3.2350000e+00	   1.3950000e+00	   1.0000000e+00	   3.0000000e+00	   2.0000000e+00	   1.0000000e+00	   2.0320000e+03	
   1.1600000e+02	   3.0300000e+02	   1.0400000e+02	   2.0000000e+00	   5.0000000e+00	   3.3750000e+00	   4.7450000e+00	   8.6000000e-01	   3.0000000e+00	   1.0000000e+00	   2.0000000e+00	   1.0000000e+00	   2.4280000e+03	
   3.0300000e+02	   3.1300000e+02	   2.0500000e+02	   8.0000000e+00	   1.0000000e+00	   4.7450000e+00	   4.7500000e+00	   1.5250000e+00	   2.0000000e+00	   1.0000000e+00	   3.0000000e+00	   2.0000000e+00	   1.9290000e+03	
   2.0700000e+02	   3.1300000e+02	   3.1000000e+02	   1.4000000e+01	   1.0000000e+00	   5.0000000e+00	   4.7500000e+00	   3.1400000e+00	   1.0000000e+00	   2.0000000e+00	   3.0000000e+00	   1.0000000e+00	   1.5660000e+03	
   2.1000000e+02	   3.0300000e+02	   3.1000000e+02	   1.4000000e+01	   1.0000000e+00	   4.7400000e+00	   4.7450000e+00	   3.1400000e+00	   1.0000000e+00	   2.0000000e+00	   3.0000000e+00	   1.0000000e+00	   1.4830000e+03	
   1.0300000e+02	   3.1300000e+02	   1.0500000e+02	   3.0000000e+00	   1.0000000e+00	   5.0000000e+00	   4.7500000e+00	   0.0000000e+00	   2.0000000e+00	   1.0000000e+00	   3.0000000e+00	   2.0000000e+00	   1.2990000e+03	
   1.1600000e+02	   3.0900000e+02	   1.0100000e+02	   1.0000000e+00	   1.0000000e+00	   3.3750000e+00	   3.2350000e+00	   0.0000000e+00	   1.0000000e+00	   3.0000000e+00	   2.0000000e+00	   3.0000000e+00	   4.3170000e+03	
   1.0300000e+02	   3.0300000e+02	   2.0400000e+02	   7.0000000e+00	   1.0000000e+00	   5.0000000e+00	   4.7450000e+00	   0.0000000e+00	   3.0000000e+00	   2.0000000e+00	   1.0000000e+00	   3.0000000e+00	   1.3250000e+03	
   1.1600000e+02	   2.1100000e+02	   3.1000000e+02	   1.4000000e+01	   2.0000000e+00	   3.3750000e+00	   3.8000000e+00	   3.1400000e+00	   3.0000000e+00	   1.0000000e+00	   2.0000000e+00	   1.0000000e+00	   1.8360000e+03	
   3.0400000e+02	   3.0900000e+02	   2.0500000e+02	   8.0000000e+00	   4.0000000e+00	   4.4250000e+00	   3.2350000e+00	   1.5250000e+00	   1.0000000e+00	   2.0000000e+00	   3.0000000e+00	   1.0000000e+00	   4.0050000e+03	
   2.0300000e+02	   2.0800000e+02	   3.0700000e+02	   1.2000000e+01	   1.0000000e+00	   4.2350000e+00	   4.2850000e+00	   0.0000000e+00	   1.0000000e+00	   3.0000000e+00	   2.0000000e+00	   3.0000000e+00	   4.2980000e+03	
   2.0700000e+02	   3.0300000e+02	   2.1500000e+02	   1.0000000e+01	   2.0000000e+00	   5.0000000e+00	   4.7450000e+00	   0.0000000e+00	   1.0000000e+00	   2.0000000e+00	   3.0000000e+00	   1.0000000e+00	   2.4820000e+03	
   1.1200000e+02	   2.0700000e+02	   1.1400000e+02	   5.0000000e+00	   5.0000000e+00	   3.6000000e+00	   5.0000000e+00	   0.0000000e+00	   2.0000000e+00	   3.0000000e+00	   1.0000000e+00	   3.0000000e+00	   1.2860000e+03	
   1.1600000e+02	   3.0900000e+02	   3.0500000e+02	   1.1000000e+01	   1.0000000e+00	   3.3750000e+00	   3.2350000e+00	   5.0000000e-03	   2.0000000e+00	   1.0000000e+00	   3.0000000e+00	   1.0000000e+00	   4.2880000e+03	
   1.1600000e+02	   3.1300000e+02	   3.1200000e+02	   1.5000000e+01	   5.0000000e+00	   3.3750000e+00	   4.7500000e+00	   1.2900000e+00	   1.0000000e+00	   3.0000000e+00	   2.0000000e+00	   3.0000000e+00	   2.2010000e+03	
   2.0100000e+02	   3.0900000e+02	   2.0400000e+02	   7.0000000e+00	   5.0000000e+00	   5.0000000e+00	   3.2350000e+00	   0.0000000e+00	   3.0000000e+00	   1.0000000e+00	   2.0000000e+00	   3.0000000e+00	   1.6120000e+03	
   1.1200000e+02	   2.1300000e+02	   1.1400000e+02	   5.0000000e+00	   1.0000000e+00	   3.6000000e+00	   3.5200000e+00	   0.0000000e+00	   1.0000000e+00	   3.0000000e+00	   2.0000000e+00	   3.0000000e+00	   2.2830000e+03	
   1.1200000e+02	   2.1000000e+02	   3.1000000e+02	   1.4000000e+01	   4.0000000e+00	   3.6000000e+00	   4.7400000e+00	   3.1400000e+00	   2.0000000e+00	   3.0000000e+00	   1.0000000e+00	   3.0000000e+00	   1.6900000e+03	
   2.0300000e+02	   3.0300000e+02	   2.0200000e+02	   6.0000000e+00	   2.0000000e+00	   4.2350000e+00	   4.7450000e+00	   5.2500000e-01	   2.0000000e+00	   3.0000000e+00	   1.0000000e+00	   3.0000000e+00	   2.9740000e+03	
   3.0100000e+02	   3.1300000e+02	   1.0100000e+02	   1.0000000e+00	   4.0000000e+00	   3.5300000e+00	   4.7500000e+00	   0.0000000e+00	   3.0000000e+00	   2.0000000e+00	   1.0000000e+00	   3.0000000e+00	   1.5880000e+03	
   1.1200000e+02	   1.1600000e+02	   1.0500000e+02	   3.0000000e+00	   1.0000000e+00	   3.6000000e+00	   3.3750000e+00	   0.0000000e+00	   3.0000000e+00	   1.0000000e+00	   2.0000000e+00	   1.0000000e+00	   4.1270000e+03	
   2.1000000e+02	   3.0900000e+02	   1.0500000e+02	   3.0000000e+00	   5.0000000e+00	   4.7400000e+00	   3.2350000e+00	   0.0000000e+00	   1.0000000e+00	   3.0000000e+00	   2.0000000e+00	   1.0000000e+00	   2.0720000e+03	
   2.0100000e+02	   2.1000000e+02	   1.0400000e+02	   2.0000000e+00	   2.0000000e+00	   5.0000000e+00	   4.7400000e+00	   8.6000000e-01	   1.0000000e+00	   3.0000000e+00	   2.0000000e+00	   3.0000000e+00	   2.2350000e+03	
   2.0800000e+02	   3.0300000e+02	   1.1400000e+02	   5.0000000e+00	   2.0000000e+00	   4.2850000e+00	   4.7450000e+00	   0.0000000e+00	   1.0000000e+00	   3.0000000e+00	   2.0000000e+00	   1.0000000e+00	   3.5360000e+03	
   1.0300000e+02	   2.1300000e+02	   3.0800000e+02	   1.3000000e+01	   5.0000000e+00	   5.0000000e+00	   3.5200000e+00	   1.9750000e+00	   2.0000000e+00	   1.0000000e+00	   3.0000000e+00	   2.0000000e+00	   2.0620000e+03	
   2.1100000e+02	   3.0300000e+02	   2.0900000e+02	   9.0000000e+00	   4.0000000e+00	   3.8000000e+00	   4.7450000e+00	   1.3950000e+00	   3.0000000e+00	   1.0000000e+00	   2.0000000e+00	   1.0000000e+00	   3.4960000e+03	
   1.1200000e+02	   3.0100000e+02	   3.1000000e+02	   1.4000000e+01	   1.0000000e+00	   3.6000000e+00	   3.5300000e+00	   3.1400000e+00	   2.0000000e+00	   3.0000000e+00	   1.0000000e+00	   3.0000000e+00	   2.3920000e+03	
   2.0700000e+02	   3.0100000e+02	   2.0500000e+02	   8.0000000e+00	   5.0000000e+00	   5.0000000e+00	   3.5300000e+00	   1.5250000e+00	   3.0000000e+00	   1.0000000e+00	   2.0000000e+00	   3.0000000e+00	   1.9120000e+03	
   1.0300000e+02	   3.0300000e+02	   3.0500000e+02	   1.1000000e+01	   1.0000000e+00	   5.0000000e+00	   4.7450000e+00	   5.0000000e-03	   2.0000000e+00	   3.0000000e+00	   1.0000000e+00	   2.0000000e+00	   2.8260000e+03	
   2.0100000e+02	   3.0900000e+02	   3.0700000e+02	   1.2000000e+01	   5.0000000e+00	   5.0000000e+00	   3.2350000e+00	   0.0000000e+00	   3.0000000e+00	   1.0000000e+00	   2.0000000e+00	   3.0000000e+00	   2.7630000e+03	
   2.0700000e+02	   2.0800000e+02	   1.0100000e+02	   1.0000000e+00	   3.0000000e+00	   5.0000000e+00	   4.2850000e+00	   0.0000000e+00	   3.0000000e+00	   1.0000000e+00	   2.0000000e+00	   3.0000000e+00	   2.5070000e+03	
   1.0300000e+02	   3.0400000e+02	   2.0400000e+02	   7.0000000e+00	   3.0000000e+00	   5.0000000e+00	   4.4250000e+00	   0.0000000e+00	   1.0000000e+00	   3.0000000e+00	   2.0000000e+00	   1.0000000e+00	   2.0630000e+03	
   2.0100000e+02	   3.1300000e+02	   3.1200000e+02	   1.5000000e+01	   1.0000000e+00	   5.0000000e+00	   4.7500000e+00	   1.2900000e+00	   1.0000000e+00	   3.0000000e+00	   2.0000000e+00	   1.0000000e+00	   1.9820000e+03	
   1.1200000e+02	   2.0700000e+02	   3.0500000e+02	   1.1000000e+01	   5.0000000e+00	   3.6000000e+00	   5.0000000e+00	   5.0000000e-03	   3.0000000e+00	   1.0000000e+00	   2.0000000e+00	   1.0000000e+00	   1.8150000e+03	
   2.0300000e+02	   2.0800000e+02	   2.0200000e+02	   6.0000000e+00	   1.0000000e+00	   4.2350000e+00	   4.2850000e+00	   5.2500000e-01	   2.0000000e+00	   1.0000000e+00	   3.0000000e+00	   1.0000000e+00	   2.4070000e+03	
   1.1600000e+02	   2.0300000e+02	   3.1000000e+02	   1.4000000e+01	   3.0000000e+00	   3.3750000e+00	   4.2350000e+00	   3.1400000e+00	   2.0000000e+00	   1.0000000e+00	   3.0000000e+00	   1.0000000e+00	   2.1000000e+03	
   1.1600000e+02	   2.1000000e+02	   2.1500000e+02	   1.0000000e+01	   5.0000000e+00	   3.3750000e+00	   4.7400000e+00	   0.0000000e+00	   1.0000000e+00	   3.0000000e+00	   2.0000000e+00	   3.0000000e+00	   2.0690000e+03	
   2.1300000e+02	   3.0900000e+02	   3.1200000e+02	   1.5000000e+01	   2.0000000e+00	   3.5200000e+00	   3.2350000e+00	   1.2900000e+00	   1.0000000e+00	   2.0000000e+00	   3.0000000e+00	   1.0000000e+00	   2.5350000e+03	
   1.0300000e+02	   1.1200000e+02	   3.1000000e+02	   1.4000000e+01	   5.0000000e+00	   5.0000000e+00	   3.6000000e+00	   3.1400000e+00	   1.0000000e+00	   3.0000000e+00	   2.0000000e+00	   1.0000000e+00	   1.9120000e+03	
   2.0700000e+02	   3.0900000e+02	   2.0200000e+02	   6.0000000e+00	   5.0000000e+00	   5.0000000e+00	   3.2350000e+00	   5.2500000e-01	   3.0000000e+00	   1.0000000e+00	   2.0000000e+00	   3.0000000e+00	   1.4900000e+03	
   1.0300000e+02	   2.0300000e+02	   2.0500000e+02	   8.0000000e+00	   3.0000000e+00	   5.0000000e+00	   4.2350000e+00	   1.5250000e+00	   3.0000000e+00	   2.0000000e+00	   1.0000000e+00	   3.0000000e+00	   3.1830000e+03	
   1.1200000e+02	   2.0800000e+02	   1.0500000e+02	   3.0000000e+00	   3.0000000e+00	   3.6000000e+00	   4.2850000e+00	   0.0000000e+00	   2.0000000e+00	   1.0000000e+00	   3.0000000e+00	   1.0000000e+00	   2.5000000e+03	
   2.1000000e+02	   2.1100000e+02	   3.0800000e+02	   1.3000000e+01	   4.0000000e+00	   4.7400000e+00	   3.8000000e+00	   1.9750000e+00	   3.0000000e+00	   1.0000000e+00	   2.0000000e+00	   3.0000000e+00	   1.6290000e+03	
   2.0800000e+02	   2.1300000e+02	   2.0400000e+02	   7.0000000e+00	   3.0000000e+00	   4.2850000e+00	   3.5200000e+00	   0.0000000e+00	   2.0000000e+00	   3.0000000e+00	   1.0000000e+00	   2.0000000e+00	   2.9920000e+03	
   2.0700000e+02	   3.0400000e+02	   3.1000000e+02	   1.4000000e+01	   3.0000000e+00	   5.0000000e+00	   4.4250000e+00	   3.1400000e+00	   3.0000000e+00	   2.0000000e+00	   1.0000000e+00	   3.0000000e+00	   2.2750000e+03	
   2.0700000e+02	   3.0400000e+02	   2.0500000e+02	   8.0000000e+00	   3.0000000e+00	   5.0000000e+00	   4.4250000e+00	   1.5250000e+00	   1.0000000e+00	   3.0000000e+00	   2.0000000e+00	   1.0000000e+00	   1.8620000e+03	
   1.1200000e+02	   3.1300000e+02	   2.0400000e+02	   7.0000000e+00	   4.0000000e+00	   3.6000000e+00	   4.7500000e+00	   0.0000000e+00	   2.0000000e+00	   3.0000000e+00	   1.0000000e+00	   3.0000000e+00	   2.5090000e+03	
   2.0300000e+02	   3.0400000e+02	   2.0900000e+02	   9.0000000e+00	   1.0000000e+00	   4.2350000e+00	   4.4250000e+00	   1.3950000e+00	   1.0000000e+00	   3.0000000e+00	   2.0000000e+00	   3.0000000e+00	   4.3550000e+03	
   1.1600000e+02	   2.1100000e+02	   2.0900000e+02	   9.0000000e+00	   2.0000000e+00	   3.3750000e+00	   3.8000000e+00	   1.3950000e+00	   3.0000000e+00	   1.0000000e+00	   2.0000000e+00	   1.0000000e+00	   2.4820000e+03	
   1.1600000e+02	   3.0100000e+02	   1.0100000e+02	   1.0000000e+00	   1.0000000e+00	   3.3750000e+00	   3.5300000e+00	   0.0000000e+00	   2.0000000e+00	   1.0000000e+00	   3.0000000e+00	   1.0000000e+00	   1.5420000e+03	
   2.0300000e+02	   3.0100000e+02	   1.0400000e+02	   2.0000000e+00	   3.0000000e+00	   4.2350000e+00	   3.5300000e+00	   8.6000000e-01	   1.0000000e+00	   2.0000000e+00	   3.0000000e+00	   1.0000000e+00	   3.4660000e+03	
   3.0300000e+02	   3.1300000e+02	   2.0400000e+02	   7.0000000e+00	   1.0000000e+00	   4.7450000e+00	   4.7500000e+00	   0.0000000e+00	   3.0000000e+00	   2.0000000e+00	   1.0000000e+00	   3.0000000e+00	   1.8110000e+03	
   2.1000000e+02	   2.1300000e+02	   3.0500000e+02	   1.1000000e+01	   4.0000000e+00	   4.7400000e+00	   3.5200000e+00	   5.0000000e-03	   1.0000000e+00	   3.0000000e+00	   2.0000000e+00	   1.0000000e+00	   1.7180000e+03	
   2.0700000e+02	   2.1100000e+02	   3.1200000e+02	   1.5000000e+01	   4.0000000e+00	   5.0000000e+00	   3.8000000e+00	   1.2900000e+00	   2.0000000e+00	   1.0000000e+00	   3.0000000e+00	   2.0000000e+00	   2.0140000e+03	
   2.1300000e+02	   3.0300000e+02	   1.0700000e+02	   4.0000000e+00	   4.0000000e+00	   3.5200000e+00	   4.7450000e+00	   0.0000000e+00	   1.0000000e+00	   3.0000000e+00	   2.0000000e+00	   3.0000000e+00	   1.8310000e+03	
   2.0100000e+02	   3.0100000e+02	   1.1400000e+02	   5.0000000e+00	   5.0000000e+00	   5.0000000e+00	   3.5300000e+00	   0.0000000e+00	   3.0000000e+00	   2.0000000e+00	   1.0000000e+00	   3.0000000e+00	   1.7180000e+03	
   2.0300000e+02	   3.0400000e+02	   2.0500000e+02	   8.0000000e+00	   1.0000000e+00	   4.2350000e+00	   4.4250000e+00	   1.5250000e+00	   3.0000000e+00	   2.0000000e+00	   1.0000000e+00	   2.0000000e+00	   3.1100000e+03	
   1.0300000e+02	   2.1000000e+02	   3.0500000e+02	   1.1000000e+01	   2.0000000e+00	   5.0000000e+00	   4.7400000e+00	   5.0000000e-03	   1.0000000e+00	   2.0000000e+00	   3.0000000e+00	   2.0000000e+00	   4.9100000e+03	
   2.0800000e+02	   2.1000000e+02	   3.1000000e+02	   1.4000000e+01	   2.0000000e+00	   4.2850000e+00	   4.7400000e+00	   3.1400000e+00	   3.0000000e+00	   2.0000000e+00	   1.0000000e+00	   2.0000000e+00	   1.6250000e+03	
   2.0700000e+02	   3.1300000e+02	   2.0900000e+02	   9.0000000e+00	   1.0000000e+00	   5.0000000e+00	   4.7500000e+00	   1.3950000e+00	   1.0000000e+00	   3.0000000e+00	   2.0000000e+00	   1.0000000e+00	   1.3570000e+03	
   1.0300000e+02	   3.0400000e+02	   3.0800000e+02	   1.3000000e+01	   3.0000000e+00	   5.0000000e+00	   4.4250000e+00	   1.9750000e+00	   1.0000000e+00	   3.0000000e+00	   2.0000000e+00	   1.0000000e+00	   1.6550000e+03	
   1.1200000e+02	   2.0700000e+02	   1.0100000e+02	   1.0000000e+00	   5.0000000e+00	   3.6000000e+00	   5.0000000e+00	   0.0000000e+00	   1.0000000e+00	   3.0000000e+00	   2.0000000e+00	   3.0000000e+00	   1.5020000e+03	
   2.0800000e+02	   2.1100000e+02	   3.1200000e+02	   1.5000000e+01	   2.0000000e+00	   4.2850000e+00	   3.8000000e+00	   1.2900000e+00	   2.0000000e+00	   3.0000000e+00	   1.0000000e+00	   2.0000000e+00	   1.6590000e+03	
   2.0300000e+02	   2.0800000e+02	   1.0500000e+02	   3.0000000e+00	   1.0000000e+00	   4.2350000e+00	   4.2850000e+00	   0.0000000e+00	   2.0000000e+00	   3.0000000e+00	   1.0000000e+00	   3.0000000e+00	   1.9000000e+03	
   1.1600000e+02	   2.1300000e+02	   2.0200000e+02	   6.0000000e+00	   1.0000000e+00	   3.3750000e+00	   3.5200000e+00	   5.2500000e-01	   1.0000000e+00	   2.0000000e+00	   3.0000000e+00	   2.0000000e+00	   4.1940000e+03	
   3.0100000e+02	   3.0400000e+02	   1.0400000e+02	   2.0000000e+00	   3.0000000e+00	   3.5300000e+00	   4.4250000e+00	   8.6000000e-01	   3.0000000e+00	   1.0000000e+00	   2.0000000e+00	   3.0000000e+00	   4.1260000e+03	
   1.0300000e+02	   2.1100000e+02	   3.0700000e+02	   1.2000000e+01	   4.0000000e+00	   5.0000000e+00	   3.8000000e+00	   0.0000000e+00	   2.0000000e+00	   1.0000000e+00	   3.0000000e+00	   2.0000000e+00	   1.5480000e+03	
   1.1600000e+02	   2.0700000e+02	   2.1500000e+02	   1.0000000e+01	   5.0000000e+00	   3.3750000e+00	   5.0000000e+00	   0.0000000e+00	   1.0000000e+00	   3.0000000e+00	   2.0000000e+00	   3.0000000e+00	   1.5400000e+03	
   2.0800000e+02	   3.0100000e+02	   3.0500000e+02	   1.1000000e+01	   3.0000000e+00	   4.2850000e+00	   3.5300000e+00	   5.0000000e-03	   2.0000000e+00	   1.0000000e+00	   3.0000000e+00	   2.0000000e+00	   3.8710000e+03	
   2.0100000e+02	   3.1300000e+02	   3.0800000e+02	   1.3000000e+01	   1.0000000e+00	   5.0000000e+00	   4.7500000e+00	   1.9750000e+00	   2.0000000e+00	   3.0000000e+00	   1.0000000e+00	   2.0000000e+00	   1.9300000e+03	
   2.0800000e+02	   3.1300000e+02	   2.0900000e+02	   9.0000000e+00	   2.0000000e+00	   4.2850000e+00	   4.7500000e+00	   1.3950000e+00	   3.0000000e+00	   1.0000000e+00	   2.0000000e+00	   3.0000000e+00	   3.0390000e+03	
   2.1000000e+02	   3.1300000e+02	   2.0500000e+02	   8.0000000e+00	   1.0000000e+00	   4.7400000e+00	   4.7500000e+00	   1.5250000e+00	   3.0000000e+00	   1.0000000e+00	   2.0000000e+00	   3.0000000e+00	   1.2440000e+03	
   1.0300000e+02	   3.0100000e+02	   3.0500000e+02	   1.1000000e+01	   5.0000000e+00	   5.0000000e+00	   3.5300000e+00	   5.0000000e-03	   1.0000000e+00	   2.0000000e+00	   3.0000000e+00	   1.0000000e+00	   3.9000000e+03	
   2.0300000e+02	   3.1300000e+02	   2.1500000e+02	   1.0000000e+01	   3.0000000e+00	   4.2350000e+00	   4.7500000e+00	   0.0000000e+00	   3.0000000e+00	   1.0000000e+00	   2.0000000e+00	   3.0000000e+00	   2.1780000e+03	
   2.1000000e+02	   3.0100000e+02	   3.1000000e+02	   1.4000000e+01	   4.0000000e+00	   4.7400000e+00	   3.5300000e+00	   3.1400000e+00	   1.0000000e+00	   2.0000000e+00	   3.0000000e+00	   1.0000000e+00	   1.0460000e+03	
   2.0100000e+02	   3.1300000e+02	   2.1500000e+02	   1.0000000e+01	   1.0000000e+00	   5.0000000e+00	   4.7500000e+00	   0.0000000e+00	   2.0000000e+00	   1.0000000e+00	   3.0000000e+00	   2.0000000e+00	   1.2080000e+03	
   2.0100000e+02	   3.0100000e+02	   1.0400000e+02	   2.0000000e+00	   5.0000000e+00	   5.0000000e+00	   3.5300000e+00	   8.6000000e-01	   2.0000000e+00	   3.0000000e+00	   1.0000000e+00	   2.0000000e+00	   3.2870000e+03	
   1.0300000e+02	   2.0300000e+02	   3.0700000e+02	   1.2000000e+01	   3.0000000e+00	   5.0000000e+00	   4.2350000e+00	   0.0000000e+00	   3.0000000e+00	   2.0000000e+00	   1.0000000e+00	   3.0000000e+00	   1.2300000e+03	
   1.0300000e+02	   1.1600000e+02	   3.0500000e+02	   1.1000000e+01	   5.0000000e+00	   5.0000000e+00	   3.3750000e+00	   5.0000000e-03	   1.0000000e+00	   2.0000000e+00	   3.0000000e+00	   1.0000000e+00	   1.1570000e+03	
   1.1200000e+02	   2.1100000e+02	   1.0700000e+02	   4.0000000e+00	   1.0000000e+00	   3.6000000e+00	   3.8000000e+00	   0.0000000e+00	   2.0000000e+00	   3.0000000e+00	   1.0000000e+00	   3.0000000e+00	   1.7450000e+03	
   2.0800000e+02	   2.1000000e+02	   1.0500000e+02	   3.0000000e+00	   2.0000000e+00	   4.2850000e+00	   4.7400000e+00	   0.0000000e+00	   1.0000000e+00	   3.0000000e+00	   2.0000000e+00	   3.0000000e+00	   1.5340000e+03	
   1.0300000e+02	   2.1000000e+02	   1.0700000e+02	   4.0000000e+00	   2.0000000e+00	   5.0000000e+00	   4.7400000e+00	   0.0000000e+00	   1.0000000e+00	   2.0000000e+00	   3.0000000e+00	   2.0000000e+00	   2.5020000e+03	
   2.1100000e+02	   2.1300000e+02	   2.0400000e+02	   7.0000000e+00	   2.0000000e+00	   3.8000000e+00	   3.5200000e+00	   0.0000000e+00	   2.0000000e+00	   3.0000000e+00	   1.0000000e+00	   3.0000000e+00	   3.3590000e+03	
   1.1600000e+02	   2.0300000e+02	   1.1400000e+02	   5.0000000e+00	   3.0000000e+00	   3.3750000e+00	   4.2350000e+00	   0.0000000e+00	   1.0000000e+00	   3.0000000e+00	   2.0000000e+00	   3.0000000e+00	   4.1750000e+03	
   2.0300000e+02	   3.0300000e+02	   1.0500000e+02	   3.0000000e+00	   2.0000000e+00	   4.2350000e+00	   4.7450000e+00	   0.0000000e+00	   3.0000000e+00	   2.0000000e+00	   1.0000000e+00	   2.0000000e+00	   1.6730000e+03	
   2.1100000e+02	   3.0400000e+02	   1.1400000e+02	   5.0000000e+00	   3.0000000e+00	   3.8000000e+00	   4.4250000e+00	   0.0000000e+00	   1.0000000e+00	   2.0000000e+00	   3.0000000e+00	   2.0000000e+00	   2.4600000e+03	
   2.0100000e+02	   2.1300000e+02	   1.0100000e+02	   1.0000000e+00	   5.0000000e+00	   5.0000000e+00	   3.5200000e+00	   0.0000000e+00	   1.0000000e+00	   2.0000000e+00	   3.0000000e+00	   1.0000000e+00	   1.2730000e+03	
   2.1100000e+02	   3.0900000e+02	   2.0200000e+02	   6.0000000e+00	   3.0000000e+00	   3.8000000e+00	   3.2350000e+00	   5.2500000e-01	   1.0000000e+00	   3.0000000e+00	   2.0000000e+00	   1.0000000e+00	   3.3760000e+03	
   3.0300000e+02	   3.0900000e+02	   2.0500000e+02	   8.0000000e+00	   5.0000000e+00	   4.7450000e+00	   3.2350000e+00	   1.5250000e+00	   1.0000000e+00	   3.0000000e+00	   2.0000000e+00	   1.0000000e+00	   1.4120000e+03	
   1.1600000e+02	   3.0100000e+02	   3.0500000e+02	   1.1000000e+01	   1.0000000e+00	   3.3750000e+00	   3.5300000e+00	   5.0000000e-03	   1.0000000e+00	   3.0000000e+00	   2.0000000e+00	   3.0000000e+00	   1.3620000e+03	
   2.0800000e+02	   3.0900000e+02	   3.1200000e+02	   1.5000000e+01	   4.0000000e+00	   4.2850000e+00	   3.2350000e+00	   1.2900000e+00	   1.0000000e+00	   3.0000000e+00	   2.0000000e+00	   1.0000000e+00	   9.8300000e+02	
   1.1600000e+02	   2.1100000e+02	   3.0800000e+02	   1.3000000e+01	   2.0000000e+00	   3.3750000e+00	   3.8000000e+00	   1.9750000e+00	   1.0000000e+00	   3.0000000e+00	   2.0000000e+00	   3.0000000e+00	   1.4950000e+03	
   2.0300000e+02	   3.1300000e+02	   2.0500000e+02	   8.0000000e+00	   3.0000000e+00	   4.2350000e+00	   4.7500000e+00	   1.5250000e+00	   2.0000000e+00	   3.0000000e+00	   1.0000000e+00	   2.0000000e+00	   1.2260000e+03	
   2.0100000e+02	   2.1000000e+02	   2.0400000e+02	   7.0000000e+00	   2.0000000e+00	   5.0000000e+00	   4.7400000e+00	   0.0000000e+00	   3.0000000e+00	   1.0000000e+00	   2.0000000e+00	   1.0000000e+00	   9.4600000e+02	
   1.0300000e+02	   3.0400000e+02	   3.0500000e+02	   1.1000000e+01	   3.0000000e+00	   5.0000000e+00	   4.4250000e+00	   5.0000000e-03	   3.0000000e+00	   2.0000000e+00	   1.0000000e+00	   3.0000000e+00	   1.4610000e+03	
   2.1000000e+02	   3.0900000e+02	   3.0800000e+02	   1.3000000e+01	   5.0000000e+00	   4.7400000e+00	   3.2350000e+00	   1.9750000e+00	   2.0000000e+00	   1.0000000e+00	   3.0000000e+00	   2.0000000e+00	   1.1380000e+03	
   3.0300000e+02	   3.0900000e+02	   1.0100000e+02	   1.0000000e+00	   5.0000000e+00	   4.7450000e+00	   3.2350000e+00	   0.0000000e+00	   1.0000000e+00	   3.0000000e+00	   2.0000000e+00	   1.0000000e+00	   1.5440000e+03	
   2.0100000e+02	   3.0300000e+02	   2.0900000e+02	   9.0000000e+00	   2.0000000e+00	   5.0000000e+00	   4.7450000e+00	   1.3950000e+00	   1.0000000e+00	   3.0000000e+00	   2.0000000e+00	   3.0000000e+00	   4.0530000e+03	
   2.1300000e+02	   3.0300000e+02	   2.1500000e+02	   1.0000000e+01	   4.0000000e+00	   3.5200000e+00	   4.7450000e+00	   0.0000000e+00	   3.0000000e+00	   1.0000000e+00	   2.0000000e+00	   1.0000000e+00	   1.4930000e+03	
   1.0300000e+02	   2.0800000e+02	   3.1000000e+02	   1.4000000e+01	   3.0000000e+00	   5.0000000e+00	   4.2850000e+00	   3.1400000e+00	   1.0000000e+00	   2.0000000e+00	   3.0000000e+00	   1.0000000e+00	   1.5600000e+03	
   1.0300000e+02	   3.1300000e+02	   1.0400000e+02	   2.0000000e+00	   1.0000000e+00	   5.0000000e+00	   4.7500000e+00	   8.6000000e-01	   3.0000000e+00	   1.0000000e+00	   2.0000000e+00	   3.0000000e+00	   1.2340000e+03	
   1.0300000e+02	   2.0800000e+02	   3.0800000e+02	   1.3000000e+01	   3.0000000e+00	   5.0000000e+00	   4.2850000e+00	   1.9750000e+00	   2.0000000e+00	   3.0000000e+00	   1.0000000e+00	   2.0000000e+00	   2.3610000e+03	
   1.1600000e+02	   3.0900000e+02	   1.0500000e+02	   3.0000000e+00	   1.0000000e+00	   3.3750000e+00	   3.2350000e+00	   0.0000000e+00	   3.0000000e+00	   2.0000000e+00	   1.0000000e+00	   2.0000000e+00	   2.2200000e+03	
   1.0300000e+02	   2.1000000e+02	   1.0400000e+02	   2.0000000e+00	   2.0000000e+00	   5.0000000e+00	   4.7400000e+00	   8.6000000e-01	   1.0000000e+00	   2.0000000e+00	   3.0000000e+00	   2.0000000e+00	   2.8170000e+03	
   2.0700000e+02	   3.0400000e+02	   2.1500000e+02	   1.0000000e+01	   3.0000000e+00	   5.0000000e+00	   4.4250000e+00	   0.0000000e+00	   1.0000000e+00	   2.0000000e+00	   3.0000000e+00	   1.0000000e+00	   1.9580000e+03	
   2.0300000e+02	   2.0800000e+02	   1.0700000e+02	   4.0000000e+00	   1.0000000e+00	   4.2350000e+00	   4.2850000e+00	   0.0000000e+00	   2.0000000e+00	   1.0000000e+00	   3.0000000e+00	   1.0000000e+00	   2.3150000e+03	
   2.0100000e+02	   3.0300000e+02	   1.0400000e+02	   2.0000000e+00	   2.0000000e+00	   5.0000000e+00	   4.7450000e+00	   8.6000000e-01	   3.0000000e+00	   2.0000000e+00	   1.0000000e+00	   3.0000000e+00	   3.7200000e+03	
   1.1200000e+02	   1.1600000e+02	   2.0200000e+02	   6.0000000e+00	   1.0000000e+00	   3.6000000e+00	   3.3750000e+00	   5.2500000e-01	   2.0000000e+00	   1.0000000e+00	   3.0000000e+00	   1.0000000e+00	   2.5780000e+03	
   2.0800000e+02	   2.1300000e+02	   2.1500000e+02	   1.0000000e+01	   3.0000000e+00	   4.2850000e+00	   3.5200000e+00	   0.0000000e+00	   1.0000000e+00	   2.0000000e+00	   3.0000000e+00	   1.0000000e+00	   1.8050000e+03	
   2.0800000e+02	   3.0300000e+02	   2.0500000e+02	   8.0000000e+00	   2.0000000e+00	   4.2850000e+00	   4.7450000e+00	   1.5250000e+00	   2.0000000e+00	   1.0000000e+00	   3.0000000e+00	   1.0000000e+00	   3.4180000e+03	
   2.0100000e+02	   2.1300000e+02	   2.0200000e+02	   6.0000000e+00	   5.0000000e+00	   5.0000000e+00	   3.5200000e+00	   5.2500000e-01	   2.0000000e+00	   1.0000000e+00	   3.0000000e+00	   2.0000000e+00	   2.0820000e+03	
   2.0800000e+02	   2.1000000e+02	   2.0500000e+02	   8.0000000e+00	   2.0000000e+00	   4.2850000e+00	   4.7400000e+00	   1.5250000e+00	   2.0000000e+00	   1.0000000e+00	   3.0000000e+00	   1.0000000e+00	   1.1920000e+03	
   2.0100000e+02	   2.1300000e+02	   3.0700000e+02	   1.2000000e+01	   5.0000000e+00	   5.0000000e+00	   3.5200000e+00	   0.0000000e+00	   1.0000000e+00	   2.0000000e+00	   3.0000000e+00	   1.0000000e+00	   2.3590000e+03	
   1.1200000e+02	   3.1300000e+02	   3.0500000e+02	   1.1000000e+01	   4.0000000e+00	   3.6000000e+00	   4.7500000e+00	   5.0000000e-03	   1.0000000e+00	   2.0000000e+00	   3.0000000e+00	   2.0000000e+00	   3.1400000e+03	
   2.1100000e+02	   3.0400000e+02	   3.1200000e+02	   1.5000000e+01	   3.0000000e+00	   3.8000000e+00	   4.4250000e+00	   1.2900000e+00	   3.0000000e+00	   2.0000000e+00	   1.0000000e+00	   3.0000000e+00	   3.0630000e+03	
   3.0100000e+02	   3.0300000e+02	   1.1400000e+02	   5.0000000e+00	   4.0000000e+00	   3.5300000e+00	   4.7450000e+00	   0.0000000e+00	   1.0000000e+00	   3.0000000e+00	   2.0000000e+00	   3.0000000e+00	   1.8800000e+03	
   2.0300000e+02	   3.0900000e+02	   1.0700000e+02	   4.0000000e+00	   4.0000000e+00	   4.2350000e+00	   3.2350000e+00	   0.0000000e+00	   1.0000000e+00	   2.0000000e+00	   3.0000000e+00	   1.0000000e+00	   1.8350000e+03	
   1.1200000e+02	   3.0400000e+02	   2.1500000e+02	   1.0000000e+01	   3.0000000e+00	   3.6000000e+00	   4.4250000e+00	   0.0000000e+00	   2.0000000e+00	   3.0000000e+00	   1.0000000e+00	   3.0000000e+00	   1.9460000e+03	
   1.0300000e+02	   2.0800000e+02	   1.0100000e+02	   1.0000000e+00	   3.0000000e+00	   5.0000000e+00	   4.2850000e+00	   0.0000000e+00	   2.0000000e+00	   3.0000000e+00	   1.0000000e+00	   2.0000000e+00	   1.5470000e+03	
   3.0100000e+02	   3.0900000e+02	   2.0200000e+02	   6.0000000e+00	   2.0000000e+00	   3.5300000e+00	   3.2350000e+00	   5.2500000e-01	   1.0000000e+00	   3.0000000e+00	   2.0000000e+00	   1.0000000e+00	   1.2520000e+03	
   2.0100000e+02	   3.0100000e+02	   1.0700000e+02	   4.0000000e+00	   5.0000000e+00	   5.0000000e+00	   3.5300000e+00	   0.0000000e+00	   2.0000000e+00	   3.0000000e+00	   1.0000000e+00	   2.0000000e+00	   3.0780000e+03	
   2.0100000e+02	   2.0800000e+02	   1.1400000e+02	   5.0000000e+00	   3.0000000e+00	   5.0000000e+00	   4.2850000e+00	   0.0000000e+00	   1.0000000e+00	   2.0000000e+00	   3.0000000e+00	   2.0000000e+00	   2.1100000e+03	
   2.0700000e+02	   3.1300000e+02	   3.0700000e+02	   1.2000000e+01	   1.0000000e+00	   5.0000000e+00	   4.7500000e+00	   0.0000000e+00	   2.0000000e+00	   1.0000000e+00	   3.0000000e+00	   2.0000000e+00	   9.8300000e+02	
   2.0100000e+02	   3.1300000e+02	   1.0400000e+02	   2.0000000e+00	   1.0000000e+00	   5.0000000e+00	   4.7500000e+00	   8.6000000e-01	   2.0000000e+00	   3.0000000e+00	   1.0000000e+00	   2.0000000e+00	   1.3200000e+03	
   1.1200000e+02	   3.0400000e+02	   3.0800000e+02	   1.3000000e+01	   3.0000000e+00	   3.6000000e+00	   4.4250000e+00	   1.9750000e+00	   2.0000000e+00	   1.0000000e+00	   3.0000000e+00	   1.0000000e+00	   3.1850000e+03	
   2.0100000e+02	   3.0900000e+02	   1.0700000e+02	   4.0000000e+00	   5.0000000e+00	   5.0000000e+00	   3.2350000e+00	   0.0000000e+00	   2.0000000e+00	   1.0000000e+00	   3.0000000e+00	   2.0000000e+00	   3.8490000e+03	
   1.1200000e+02	   2.0100000e+02	   1.0700000e+02	   4.0000000e+00	   5.0000000e+00	   3.6000000e+00	   5.0000000e+00	   0.0000000e+00	   3.0000000e+00	   1.0000000e+00	   2.0000000e+00	   1.0000000e+00	   1.5730000e+03	
   1.0300000e+02	   3.0100000e+02	   1.0700000e+02	   4.0000000e+00	   5.0000000e+00	   5.0000000e+00	   3.5300000e+00	   0.0000000e+00	   3.0000000e+00	   2.0000000e+00	   1.0000000e+00	   3.0000000e+00	   2.2910000e+03	
   3.0400000e+02	   3.0900000e+02	   3.0700000e+02	   1.2000000e+01	   4.0000000e+00	   4.4250000e+00	   3.2350000e+00	   0.0000000e+00	   1.0000000e+00	   2.0000000e+00	   3.0000000e+00	   1.0000000e+00	   1.7190000e+03	
   2.0100000e+02	   3.1300000e+02	   3.0500000e+02	   1.1000000e+01	   1.0000000e+00	   5.0000000e+00	   4.7500000e+00	   5.0000000e-03	   3.0000000e+00	   2.0000000e+00	   1.0000000e+00	   3.0000000e+00	   1.8450000e+03	
   3.0100000e+02	   3.0400000e+02	   1.0700000e+02	   4.0000000e+00	   3.0000000e+00	   3.5300000e+00	   4.4250000e+00	   0.0000000e+00	   1.0000000e+00	   3.0000000e+00	   2.0000000e+00	   3.0000000e+00	   2.7520000e+03	
   1.1600000e+02	   2.0700000e+02	   3.1200000e+02	   1.5000000e+01	   5.0000000e+00	   3.3750000e+00	   5.0000000e+00	   1.2900000e+00	   3.0000000e+00	   1.0000000e+00	   2.0000000e+00	   1.0000000e+00	   1.2740000e+03	
   1.0300000e+02	   2.1100000e+02	   3.0800000e+02	   1.3000000e+01	   4.0000000e+00	   5.0000000e+00	   3.8000000e+00	   1.9750000e+00	   3.0000000e+00	   2.0000000e+00	   1.0000000e+00	   3.0000000e+00	   1.1040000e+03	
   2.1100000e+02	   2.1300000e+02	   1.0500000e+02	   3.0000000e+00	   2.0000000e+00	   3.8000000e+00	   3.5200000e+00	   0.0000000e+00	   3.0000000e+00	   2.0000000e+00	   1.0000000e+00	   3.0000000e+00	   4.1330000e+03	
   2.0800000e+02	   3.1300000e+02	   3.0700000e+02	   1.2000000e+01	   2.0000000e+00	   4.2850000e+00	   4.7500000e+00	   0.0000000e+00	   2.0000000e+00	   1.0000000e+00	   3.0000000e+00	   2.0000000e+00	   1.7210000e+03	
   1.1600000e+02	   2.0100000e+02	   2.1500000e+02	   1.0000000e+01	   5.0000000e+00	   3.3750000e+00	   5.0000000e+00	   0.0000000e+00	   2.0000000e+00	   3.0000000e+00	   1.0000000e+00	   3.0000000e+00	   1.0850000e+03	
   1.1600000e+02	   3.0400000e+02	   1.0100000e+02	   1.0000000e+00	   4.0000000e+00	   3.3750000e+00	   4.4250000e+00	   0.0000000e+00	   3.0000000e+00	   1.0000000e+00	   2.0000000e+00	   1.0000000e+00	   2.4210000e+03	
   1.1600000e+02	   3.0100000e+02	   2.0900000e+02	   9.0000000e+00	   1.0000000e+00	   3.3750000e+00	   3.5300000e+00	   1.3950000e+00	   3.0000000e+00	   1.0000000e+00	   2.0000000e+00	   1.0000000e+00	   2.7180000e+03	
   1.1200000e+02	   3.0400000e+02	   3.0700000e+02	   1.2000000e+01	   3.0000000e+00	   3.6000000e+00	   4.4250000e+00	   0.0000000e+00	   1.0000000e+00	   3.0000000e+00	   2.0000000e+00	   3.0000000e+00	   1.6170000e+03	
   2.0800000e+02	   3.1300000e+02	   3.0800000e+02	   1.3000000e+01	   2.0000000e+00	   4.2850000e+00	   4.7500000e+00	   1.9750000e+00	   1.0000000e+00	   3.0000000e+00	   2.0000000e+00	   1.0000000e+00	   1.7100000e+03	
   2.1000000e+02	   3.0900000e+02	   2.0500000e+02	   8.0000000e+00	   5.0000000e+00	   4.7400000e+00	   3.2350000e+00	   1.5250000e+00	   2.0000000e+00	   3.0000000e+00	   1.0000000e+00	   2.0000000e+00	   1.1290000e+03	
   2.0800000e+02	   3.0100000e+02	   1.0700000e+02	   4.0000000e+00	   3.0000000e+00	   4.2850000e+00	   3.5300000e+00	   0.0000000e+00	   1.0000000e+00	   2.0000000e+00	   3.0000000e+00	   1.0000000e+00	   1.9700000e+03	
   2.0300000e+02	   3.1300000e+02	   2.0200000e+02	   6.0000000e+00	   3.0000000e+00	   4.2350000e+00	   4.7500000e+00	   5.2500000e-01	   1.0000000e+00	   2.0000000e+00	   3.0000000e+00	   1.0000000e+00	   2.0530000e+03	
   1.1600000e+02	   3.0100000e+02	   1.0700000e+02	   4.0000000e+00	   1.0000000e+00	   3.3750000e+00	   3.5300000e+00	   0.0000000e+00	   3.0000000e+00	   2.0000000e+00	   1.0000000e+00	   2.0000000e+00	   1.0930000e+03	
   1.1200000e+02	   3.0400000e+02	   2.0900000e+02	   9.0000000e+00	   3.0000000e+00	   3.6000000e+00	   4.4250000e+00	   1.3950000e+00	   3.0000000e+00	   2.0000000e+00	   1.0000000e+00	   2.0000000e+00	   1.2730000e+03	
   1.1600000e+02	   2.0100000e+02	   2.0900000e+02	   9.0000000e+00	   5.0000000e+00	   3.3750000e+00	   5.0000000e+00	   1.3950000e+00	   3.0000000e+00	   1.0000000e+00	   2.0000000e+00	   1.0000000e+00	   1.3420000e+03	
   2.0800000e+02	   3.0400000e+02	   2.0200000e+02	   6.0000000e+00	   1.0000000e+00	   4.2850000e+00	   4.4250000e+00	   5.2500000e-01	   1.0000000e+00	   3.0000000e+00	   2.0000000e+00	   1.0000000e+00	   2.6670000e+03	
   1.1600000e+02	   3.0400000e+02	   2.0400000e+02	   7.0000000e+00	   4.0000000e+00	   3.3750000e+00	   4.4250000e+00	   0.0000000e+00	   2.0000000e+00	   1.0000000e+00	   3.0000000e+00	   1.0000000e+00	   1.7380000e+03	
   1.1200000e+02	   3.0100000e+02	   3.0800000e+02	   1.3000000e+01	   1.0000000e+00	   3.6000000e+00	   3.5300000e+00	   1.9750000e+00	   1.0000000e+00	   2.0000000e+00	   3.0000000e+00	   2.0000000e+00	   1.9390000e+03	
   2.0800000e+02	   3.1300000e+02	   1.1400000e+02	   5.0000000e+00	   2.0000000e+00	   4.2850000e+00	   4.7500000e+00	   0.0000000e+00	   3.0000000e+00	   1.0000000e+00	   2.0000000e+00	   3.0000000e+00	   1.2500000e+03	
   2.0100000e+02	   2.1000000e+02	   3.1000000e+02	   1.4000000e+01	   2.0000000e+00	   5.0000000e+00	   4.7400000e+00	   3.1400000e+00	   1.0000000e+00	   2.0000000e+00	   3.0000000e+00	   2.0000000e+00	   1.5580000e+03	
   2.1100000e+02	   3.1300000e+02	   1.1400000e+02	   5.0000000e+00	   4.0000000e+00	   3.8000000e+00	   4.7500000e+00	   0.0000000e+00	   1.0000000e+00	   3.0000000e+00	   2.0000000e+00	   1.0000000e+00	   1.5430000e+03	
   1.1200000e+02	   2.0300000e+02	   1.0400000e+02	   2.0000000e+00	   3.0000000e+00	   3.6000000e+00	   4.2350000e+00	   8.6000000e-01	   3.0000000e+00	   2.0000000e+00	   1.0000000e+00	   2.0000000e+00	   1.3050000e+03	
   2.0700000e+02	   3.0300000e+02	   2.0200000e+02	   6.0000000e+00	   2.0000000e+00	   5.0000000e+00	   4.7450000e+00	   5.2500000e-01	   1.0000000e+00	   2.0000000e+00	   3.0000000e+00	   1.0000000e+00	   1.6380000e+03	
   2.0100000e+02	   2.0300000e+02	   1.0700000e+02	   4.0000000e+00	   3.0000000e+00	   5.0000000e+00	   4.2350000e+00	   0.0000000e+00	   1.0000000e+00	   3.0000000e+00	   2.0000000e+00	   1.0000000e+00	   3.4210000e+03	
   2.0800000e+02	   3.0900000e+02	   3.0800000e+02	   1.3000000e+01	   4.0000000e+00	   4.2850000e+00	   3.2350000e+00	   1.9750000e+00	   3.0000000e+00	   2.0000000e+00	   1.0000000e+00	   3.0000000e+00	   9.2500000e+02	
   2.1100000e+02	   3.0400000e+02	   2.0400000e+02	   7.0000000e+00	   3.0000000e+00	   3.8000000e+00	   4.4250000e+00	   0.0000000e+00	   2.0000000e+00	   3.0000000e+00	   1.0000000e+00	   2.0000000e+00	   2.3510000e+03	
   2.0100000e+02	   2.1000000e+02	   3.1200000e+02	   1.5000000e+01	   2.0000000e+00	   5.0000000e+00	   4.7400000e+00	   1.2900000e+00	   2.0000000e+00	   1.0000000e+00	   3.0000000e+00	   1.0000000e+00	   1.3610000e+03	
   1.1200000e+02	   3.0100000e+02	   3.0700000e+02	   1.2000000e+01	   1.0000000e+00	   3.6000000e+00	   3.5300000e+00	   0.0000000e+00	   3.0000000e+00	   1.0000000e+00	   2.0000000e+00	   1.0000000e+00	   2.7310000e+03	
   2.1100000e+02	   3.1300000e+02	   1.0400000e+02	   2.0000000e+00	   4.0000000e+00	   3.8000000e+00	   4.7500000e+00	   8.6000000e-01	   2.0000000e+00	   1.0000000e+00	   3.0000000e+00	   2.0000000e+00	   3.0960000e+03	
   2.1300000e+02	   3.0400000e+02	   3.1000000e+02	   1.4000000e+01	   4.0000000e+00	   3.5200000e+00	   4.4250000e+00	   3.1400000e+00	   3.0000000e+00	   2.0000000e+00	   1.0000000e+00	   2.0000000e+00	   2.0510000e+03	
   2.1100000e+02	   3.1300000e+02	   2.0200000e+02	   6.0000000e+00	   4.0000000e+00	   3.8000000e+00	   4.7500000e+00	   5.2500000e-01	   2.0000000e+00	   1.0000000e+00	   3.0000000e+00	   2.0000000e+00	   1.4840000e+03	
   3.0900000e+02	   3.1300000e+02	   3.0700000e+02	   1.2000000e+01	   5.0000000e+00	   3.2350000e+00	   4.7500000e+00	   0.0000000e+00	   3.0000000e+00	   2.0000000e+00	   1.0000000e+00	   2.0000000e+00	   2.6110000e+03	
   2.0700000e+02	   3.0300000e+02	   3.0700000e+02	   1.2000000e+01	   2.0000000e+00	   5.0000000e+00	   4.7450000e+00	   0.0000000e+00	   3.0000000e+00	   1.0000000e+00	   2.0000000e+00	   3.0000000e+00	   2.3650000e+03	
   3.0100000e+02	   3.1300000e+02	   2.0200000e+02	   6.0000000e+00	   4.0000000e+00	   3.5300000e+00	   4.7500000e+00	   5.2500000e-01	   3.0000000e+00	   2.0000000e+00	   1.0000000e+00	   3.0000000e+00	   1.7960000e+03	
   2.0700000e+02	   3.0100000e+02	   2.0400000e+02	   7.0000000e+00	   5.0000000e+00	   5.0000000e+00	   3.5300000e+00	   0.0000000e+00	   1.0000000e+00	   3.0000000e+00	   2.0000000e+00	   1.0000000e+00	   1.2790000e+03	
   1.0300000e+02	   2.0800000e+02	   2.0900000e+02	   9.0000000e+00	   3.0000000e+00	   5.0000000e+00	   4.2850000e+00	   1.3950000e+00	   3.0000000e+00	   2.0000000e+00	   1.0000000e+00	   3.0000000e+00	   1.6480000e+03	
   2.0100000e+02	   3.0900000e+02	   2.0200000e+02	   6.0000000e+00	   5.0000000e+00	   5.0000000e+00	   3.2350000e+00	   5.2500000e-01	   1.0000000e+00	   3.0000000e+00	   2.0000000e+00	   1.0000000e+00	   1.3780000e+03	
   2.0300000e+02	   2.0700000e+02	   3.0500000e+02	   1.1000000e+01	   3.0000000e+00	   4.2350000e+00	   5.0000000e+00	   5.0000000e-03	   2.0000000e+00	   3.0000000e+00	   1.0000000e+00	   3.0000000e+00	   1.0030000e+03	
   1.1200000e+02	   2.1100000e+02	   1.1400000e+02	   5.0000000e+00	   1.0000000e+00	   3.6000000e+00	   3.8000000e+00	   0.0000000e+00	   2.0000000e+00	   1.0000000e+00	   3.0000000e+00	   1.0000000e+00	   1.9050000e+03	
   1.1200000e+02	   2.1300000e+02	   3.1200000e+02	   1.5000000e+01	   1.0000000e+00	   3.6000000e+00	   3.5200000e+00	   1.2900000e+00	   1.0000000e+00	   3.0000000e+00	   2.0000000e+00	   3.0000000e+00	   1.2710000e+03	
   2.0700000e+02	   3.1300000e+02	   2.1500000e+02	   1.0000000e+01	   1.0000000e+00	   5.0000000e+00	   4.7500000e+00	   0.0000000e+00	   2.0000000e+00	   1.0000000e+00	   3.0000000e+00	   2.0000000e+00	   9.5700000e+02	
   1.1600000e+02	   2.0800000e+02	   3.0800000e+02	   1.3000000e+01	   4.0000000e+00	   3.3750000e+00	   4.2850000e+00	   1.9750000e+00	   1.0000000e+00	   2.0000000e+00	   3.0000000e+00	   2.0000000e+00	   1.8280000e+03	
   2.0100000e+02	   2.0300000e+02	   3.1200000e+02	   1.5000000e+01	   3.0000000e+00	   5.0000000e+00	   4.2350000e+00	   1.2900000e+00	   1.0000000e+00	   2.0000000e+00	   3.0000000e+00	   1.0000000e+00	   2.8300000e+03	
   1.0300000e+02	   2.1000000e+02	   2.0500000e+02	   8.0000000e+00	   2.0000000e+00	   5.0000000e+00	   4.7400000e+00	   1.5250000e+00	   2.0000000e+00	   3.0000000e+00	   1.0000000e+00	   3.0000000e+00	   1.7980000e+03	
   2.1000000e+02	   3.0300000e+02	   2.0900000e+02	   9.0000000e+00	   1.0000000e+00	   4.7400000e+00	   4.7450000e+00	   1.3950000e+00	   1.0000000e+00	   3.0000000e+00	   2.0000000e+00	   1.0000000e+00	   1.4690000e+03	
   2.0300000e+02	   2.1100000e+02	   1.0500000e+02	   3.0000000e+00	   2.0000000e+00	   4.2350000e+00	   3.8000000e+00	   0.0000000e+00	   2.0000000e+00	   3.0000000e+00	   1.0000000e+00	   2.0000000e+00	   2.9880000e+03	
   2.0700000e+02	   3.0100000e+02	   3.1000000e+02	   1.4000000e+01	   5.0000000e+00	   5.0000000e+00	   3.5300000e+00	   3.1400000e+00	   3.0000000e+00	   2.0000000e+00	   1.0000000e+00	   3.0000000e+00	   1.1630000e+03	
   3.0100000e+02	   3.0900000e+02	   2.0500000e+02	   8.0000000e+00	   2.0000000e+00	   3.5300000e+00	   3.2350000e+00	   1.5250000e+00	   2.0000000e+00	   1.0000000e+00	   3.0000000e+00	   2.0000000e+00	   2.4680000e+03	
   1.1600000e+02	   2.1100000e+02	   2.1500000e+02	   1.0000000e+01	   2.0000000e+00	   3.3750000e+00	   3.8000000e+00	   0.0000000e+00	   3.0000000e+00	   2.0000000e+00	   1.0000000e+00	   2.0000000e+00	   1.2850000e+03	
   2.0300000e+02	   3.0100000e+02	   3.0700000e+02	   1.2000000e+01	   3.0000000e+00	   4.2350000e+00	   3.5300000e+00	   0.0000000e+00	   1.0000000e+00	   2.0000000e+00	   3.0000000e+00	   2.0000000e+00	   1.8870000e+03	
   1.1600000e+02	   3.0400000e+02	   2.0200000e+02	   6.0000000e+00	   4.0000000e+00	   3.3750000e+00	   4.4250000e+00	   5.2500000e-01	   2.0000000e+00	   1.0000000e+00	   3.0000000e+00	   1.0000000e+00	   1.3960000e+03	
   2.0800000e+02	   2.1000000e+02	   1.0100000e+02	   1.0000000e+00	   2.0000000e+00	   4.2850000e+00	   4.7400000e+00	   0.0000000e+00	   1.0000000e+00	   3.0000000e+00	   2.0000000e+00	   3.0000000e+00	   2.3630000e+03	
   1.1600000e+02	   3.0900000e+02	   1.1400000e+02	   5.0000000e+00	   1.0000000e+00	   3.3750000e+00	   3.2350000e+00	   0.0000000e+00	   3.0000000e+00	   1.0000000e+00	   2.0000000e+00	   1.0000000e+00	   2.5570000e+03	
   2.1000000e+02	   3.0400000e+02	   3.0500000e+02	   1.1000000e+01	   2.0000000e+00	   4.7400000e+00	   4.4250000e+00	   5.0000000e-03	   1.0000000e+00	   3.0000000e+00	   2.0000000e+00	   1.0000000e+00	   1.9970000e+03	
   3.0100000e+02	   3.0400000e+02	   1.0500000e+02	   3.0000000e+00	   3.0000000e+00	   3.5300000e+00	   4.4250000e+00	   0.0000000e+00	   1.0000000e+00	   2.0000000e+00	   3.0000000e+00	   1.0000000e+00	   2.3380000e+03	
   1.1600000e+02	   2.1100000e+02	   1.1400000e+02	   5.0000000e+00	   2.0000000e+00	   3.3750000e+00	   3.8000000e+00	   0.0000000e+00	   1.0000000e+00	   2.0000000e+00	   3.0000000e+00	   2.0000000e+00	   1.5640000e+03	
   3.0100000e+02	   3.0900000e+02	   1.0700000e+02	   4.0000000e+00	   2.0000000e+00	   3.5300000e+00	   3.2350000e+00	   0.0000000e+00	   1.0000000e+00	   3.0000000e+00	   2.0000000e+00	   1.0000000e+00	   1.2070000e+03	
   1.1600000e+02	   2.1100000e+02	   1.0100000e+02	   1.0000000e+00	   2.0000000e+00	   3.3750000e+00	   3.8000000e+00	   0.0000000e+00	   1.0000000e+00	   3.0000000e+00	   2.0000000e+00	   3.0000000e+00	   1.0940000e+03	
   2.0100000e+02	   3.0900000e+02	   1.0400000e+02	   2.0000000e+00	   5.0000000e+00	   5.0000000e+00	   3.2350000e+00	   8.6000000e-01	   3.0000000e+00	   1.0000000e+00	   2.0000000e+00	   3.0000000e+00	   1.3680000e+03	
   3.0900000e+02	   3.1300000e+02	   2.0900000e+02	   9.0000000e+00	   5.0000000e+00	   3.2350000e+00	   4.7500000e+00	   1.3950000e+00	   3.0000000e+00	   1.0000000e+00	   2.0000000e+00	   1.0000000e+00	   1.9070000e+03	
   2.0700000e+02	   2.1300000e+02	   2.0500000e+02	   8.0000000e+00	   5.0000000e+00	   5.0000000e+00	   3.5200000e+00	   1.5250000e+00	   3.0000000e+00	   2.0000000e+00	   1.0000000e+00	   3.0000000e+00	   1.6730000e+03	
   1.1600000e+02	   2.1300000e+02	   2.1500000e+02	   1.0000000e+01	   1.0000000e+00	   3.3750000e+00	   3.5200000e+00	   0.0000000e+00	   2.0000000e+00	   1.0000000e+00	   3.0000000e+00	   1.0000000e+00	   2.6120000e+03	
   2.0300000e+02	   3.1300000e+02	   1.0500000e+02	   3.0000000e+00	   3.0000000e+00	   4.2350000e+00	   4.7500000e+00	   0.0000000e+00	   3.0000000e+00	   2.0000000e+00	   1.0000000e+00	   3.0000000e+00	   1.8910000e+03	
   1.1600000e+02	   3.1300000e+02	   1.1400000e+02	   5.0000000e+00	   5.0000000e+00	   3.3750000e+00	   4.7500000e+00	   0.0000000e+00	   2.0000000e+00	   3.0000000e+00	   1.0000000e+00	   3.0000000e+00	   2.8570000e+03	
   3.0100000e+02	   3.0400000e+02	   2.0900000e+02	   9.0000000e+00	   3.0000000e+00	   3.5300000e+00	   4.4250000e+00	   1.3950000e+00	   3.0000000e+00	   2.0000000e+00	   1.0000000e+00	   2.0000000e+00	   3.0480000e+03	
   2.0100000e+02	   2.1100000e+02	   2.1500000e+02	   1.0000000e+01	   4.0000000e+00	   5.0000000e+00	   3.8000000e+00	   0.0000000e+00	   1.0000000e+00	   3.0000000e+00	   2.0000000e+00	   1.0000000e+00	   2.3330000e+03	
   2.1000000e+02	   3.0300000e+02	   1.0400000e+02	   2.0000000e+00	   1.0000000e+00	   4.7400000e+00	   4.7450000e+00	   8.6000000e-01	   1.0000000e+00	   3.0000000e+00	   2.0000000e+00	   1.0000000e+00	   1.9710000e+03	
   1.1600000e+02	   2.1300000e+02	   1.0400000e+02	   2.0000000e+00	   1.0000000e+00	   3.3750000e+00	   3.5200000e+00	   8.6000000e-01	   1.0000000e+00	   3.0000000e+00	   2.0000000e+00	   3.0000000e+00	   1.7340000e+03	
   2.0800000e+02	   3.0900000e+02	   2.0400000e+02	   7.0000000e+00	   4.0000000e+00	   4.2850000e+00	   3.2350000e+00	   0.0000000e+00	   2.0000000e+00	   3.0000000e+00	   1.0000000e+00	   2.0000000e+00	   2.2990000e+03	
