   1.0000000e+00	   2.1300000e+02	   2.0000000e+00	   3.6300000e+00	   1.9686000e+04	   3.3000000e+00	   1.4062000e+04	
   2.0000000e+00	   2.0900000e+02	   2.0000000e+00	   1.3700000e+00	   1.1734000e+04	   3.5600000e+00	   7.8980000e+03	
   3.0000000e+00	   2.0300000e+02	   2.0000000e+00	   2.9900000e+00	   1.0666000e+04	   3.5200000e+00	   1.2295000e+04	
   4.0000000e+00	   2.1000000e+02	   2.0000000e+00	   5.0000000e+00	   5.9040000e+03	   3.5300000e+00	   8.7640000e+03	
   5.0000000e+00	   2.0700000e+02	   2.0000000e+00	   5.0000000e+00	   3.5380000e+03	   3.8200000e+00	   7.4640000e+03	
   6.0000000e+00	   2.0800000e+02	   2.0000000e+00	   4.4800000e+00	   1.3401000e+04	   4.1800000e+00	   9.9300000e+03	
   7.0000000e+00	   1.0500000e+02	   1.0000000e+00	   1.0100000e+00	   1.1487000e+04	   2.5000000e+00	   5.9310000e+03	
   8.0000000e+00	   2.1400000e+02	   2.0000000e+00	   4.5100000e+00	   5.2890000e+03	   4.0100000e+00	   8.8960000e+03	
   9.0000000e+00	   1.1400000e+02	   1.0000000e+00	   5.0000000e+00	   5.0560000e+03	   4.0100000e+00	   7.4300000e+03	
   1.0000000e+01	   3.0300000e+02	   3.0000000e+00	   5.0000000e+00	   7.9720000e+03	   4.5500000e+00	   8.0310000e+03	
   1.1000000e+01	   1.0900000e+02	   1.0000000e+00	   5.0000000e+00	   7.4210000e+03	   4.0100000e+00	   7.5640000e+03	
   1.2000000e+01	   3.0100000e+02	   3.0000000e+00	   5.0000000e+00	   6.4210000e+03	   4.4800000e+00	   1.1196000e+04	
   1.3000000e+01	   1.0200000e+02	   1.0000000e+00	   5.0000000e+00	   6.7890000e+03	   2.5000000e+00	   6.9970000e+03	
   1.4000000e+01	   1.1500000e+02	   1.0000000e+00	   2.0200000e+00	   8.3880000e+03	   9.8000000e-01	   7.8300000e+03	
   1.5000000e+01	   3.0900000e+02	   3.0000000e+00	   5.0000000e+00	   5.3560000e+03	   4.2400000e+00	   1.0729000e+04	
   1.6000000e+01	   2.1500000e+02	   2.0000000e+00	   0.0000000e+00	   4.6890000e+03	   4.8000000e-01	   8.4970000e+03	
   1.7000000e+01	   2.0500000e+02	   2.0000000e+00	   0.0000000e+00	   9.8030000e+03	   9.8000000e-01	   7.6310000e+03	
   1.8000000e+01	   2.0200000e+02	   2.0000000e+00	   1.0100000e+00	   8.6540000e+03	   4.9000000e-01	   7.4310000e+03	
   1.9000000e+01	   1.0600000e+02	   1.0000000e+00	   5.0000000e+00	   5.6540000e+03	   3.9900000e+00	   8.9640000e+03	
   2.0000000e+01	   3.0200000e+02	   3.0000000e+00	   5.0000000e+00	   4.9880000e+03	   2.1300000e+00	   1.7228000e+04	
   2.1000000e+01	   1.0700000e+02	   1.0000000e+00	   0.0000000e+00	   7.6220000e+03	   3.1000000e-01	   8.3960000e+03	
   2.2000000e+01	   2.0600000e+02	   2.0000000e+00	   5.0000000e+00	   9.2550000e+03	   3.4900000e+00	   8.0300000e+03	
   2.3000000e+01	   3.1000000e+02	   3.0000000e+00	   5.0000000e+00	   4.6560000e+03	   3.0100000e+00	   1.3296000e+04	
   2.4000000e+01	   3.0600000e+02	   3.0000000e+00	   5.0000000e+00	   6.1220000e+03	   2.0300000e+00	   1.1630000e+04	
   2.5000000e+01	   2.0100000e+02	   2.0000000e+00	   3.9900000e+00	   6.7880000e+03	   4.0400000e+00	   7.8310000e+03	
   2.6000000e+01	   1.0100000e+02	   1.0000000e+00	   5.0000000e+00	   5.1540000e+03	   3.4900000e+00	   7.8480000e+03	
   2.7000000e+01	   3.1100000e+02	   3.0000000e+00	   4.3300000e+00	   1.2419000e+04	   4.0300000e+00	   9.2310000e+03	
   2.8000000e+01	   1.0300000e+02	   1.0000000e+00	   5.0000000e+00	   5.0540000e+03	   5.0000000e+00	   5.7320000e+03	
   2.9000000e+01	   3.1400000e+02	   3.0000000e+00	   1.0200000e+00	   8.9870000e+03	   1.0300000e+00	   5.3650000e+03	
   3.0000000e+01	   1.0400000e+02	   1.0000000e+00	   0.0000000e+00	   6.5550000e+03	   2.7500000e+00	   5.7980000e+03	
   3.1000000e+01	   1.1200000e+02	   1.0000000e+00	   5.0000000e+00	   5.0230000e+03	   2.5000000e+00	   7.3650000e+03	
   3.2000000e+01	   3.0500000e+02	   3.0000000e+00	   5.0000000e+00	   7.1360000e+03	   4.5000000e+00	   1.0263000e+04	
   3.3000000e+01	   1.1000000e+02	   1.0000000e+00	   0.0000000e+00	   6.4060000e+03	   4.6000000e-01	   6.4980000e+03	
   3.4000000e+01	   1.1100000e+02	   1.0000000e+00	   5.0000000e+00	   3.9880000e+03	   4.4800000e+00	   5.4990000e+03	
   3.5000000e+01	   3.1300000e+02	   3.0000000e+00	   5.0000000e+00	   9.1870000e+03	   4.4200000e+00	   6.6660000e+03	
   3.6000000e+01	   1.1300000e+02	   1.0000000e+00	   5.0000000e+00	   6.1370000e+03	   3.9900000e+00	   4.5650000e+03	
   3.7000000e+01	   2.1100000e+02	   2.0000000e+00	   3.5400000e+00	   1.1153000e+04	   1.7500000e+00	   6.9980000e+03	
   3.8000000e+01	   2.1200000e+02	   2.0000000e+00	   9.9000000e-01	   7.5040000e+03	   2.5000000e+00	   5.8650000e+03	
   3.9000000e+01	   3.0400000e+02	   3.0000000e+00	   5.0000000e+00	   7.4370000e+03	   3.9900000e+00	   7.4970000e+03	
   4.0000000e+01	   3.1200000e+02	   3.0000000e+00	   0.0000000e+00	   6.1380000e+03	   4.5000000e-01	   8.3640000e+03	
   4.1000000e+01	   2.0400000e+02	   2.0000000e+00	   0.0000000e+00	   8.1210000e+03	   2.3000000e-01	   6.2310000e+03	
   4.2000000e+01	   1.1600000e+02	   1.0000000e+00	   5.0000000e+00	   4.9870000e+03	   3.5100000e+00	   6.2150000e+03	
   4.3000000e+01	   3.0800000e+02	   3.0000000e+00	   0.0000000e+00	   5.4210000e+03	   2.5000000e+00	   6.9310000e+03	
   4.4000000e+01	   3.0700000e+02	   3.0000000e+00	   0.0000000e+00	   7.7220000e+03	   0.0000000e+00	   5.5310000e+03	
   4.5000000e+01	   1.0800000e+02	   1.0000000e+00	   5.0000000e+00	   4.5220000e+03	   1.4500000e+00	   6.8970000e+03	
