   1.0000000e+00	   1.0000000e+00	   2.0400000e+02	   1.5400000e+00	   5.3900000e+03	
   1.0000000e+00	   2.0000000e+00	   2.0800000e+02	   3.0300000e+00	   7.2250000e+03	
   1.0000000e+00	   3.0000000e+00	   1.1200000e+02	   2.4800000e+00	   2.7260000e+03	
   1.0000000e+00	   4.0000000e+00	   3.0600000e+02	   1.9900000e+00	   5.6610000e+03	
   1.0000000e+00	   5.0000000e+00	   3.0800000e+02	   1.5300000e+00	   4.3270000e+03	
   1.0000000e+00	   6.0000000e+00	   2.1100000e+02	   1.0100000e+00	   4.1280000e+03	
   1.0000000e+00	   7.0000000e+00	   2.1200000e+02	   3.4100000e+00	   5.3940000e+03	
   1.0000000e+00	   8.0000000e+00	   1.1500000e+02	   1.5900000e+00	   6.0930000e+03	
   1.0000000e+00	   9.0000000e+00	   1.0200000e+02	   1.0100000e+00	   3.5620000e+03	
   1.0000000e+00	   1.0000000e+01	   2.1500000e+02	   4.0200000e+00	   5.6260000e+03	
   1.0000000e+00	   1.1000000e+01	   2.0600000e+02	   2.5200000e+00	   3.0280000e+03	
   1.0000000e+00	   1.2000000e+01	   1.0600000e+02	   2.9800000e+00	   6.6600000e+03	
   1.0000000e+00	   1.3000000e+01	   3.0700000e+02	   3.0400000e+00	   7.2930000e+03	
   1.0000000e+00	   1.4000000e+01	   1.0400000e+02	   0.0000000e+00	   4.4940000e+03	
   1.0000000e+00	   1.5000000e+01	   3.0300000e+02	   4.5900000e+00	   3.6270000e+03	
   1.0000000e+00	   1.6000000e+01	   1.1400000e+02	   1.2700000e+00	   4.9590000e+03	
   1.0000000e+00	   1.7000000e+01	   3.0400000e+02	   2.0000000e-02	   2.0280000e+03	
   1.0000000e+00	   1.8000000e+01	   2.1000000e+02	   4.4700000e+00	   5.1270000e+03	
   1.0000000e+00	   1.9000000e+01	   2.0300000e+02	   3.0200000e+00	   6.7920000e+03	
   1.0000000e+00	   2.0000000e+01	   2.1300000e+02	   1.4900000e+00	   1.8610000e+03	
   1.0000000e+00	   2.1000000e+01	   1.0800000e+02	   2.5600000e+00	   5.2770000e+03	
   1.0000000e+00	   2.2000000e+01	   1.0700000e+02	   1.0300000e+00	   2.7270000e+03	
   1.0000000e+00	   2.3000000e+01	   1.1300000e+02	   5.2000000e-01	   3.3590000e+03	
   1.0000000e+00	   2.4000000e+01	   3.1300000e+02	   2.0200000e+00	   8.5600000e+03	
   1.0000000e+00	   2.5000000e+01	   1.0900000e+02	   4.9000000e-01	   7.2920000e+03	
   1.0000000e+00	   2.6000000e+01	   3.1100000e+02	   3.0400000e+00	   5.1940000e+03	
   1.0000000e+00	   2.7000000e+01	   2.0200000e+02	   2.5200000e+00	   2.9610000e+03	
   1.0000000e+00	   2.8000000e+01	   1.1000000e+02	   1.9000000e-01	   2.4600000e+03	
   1.0000000e+00	   2.9000000e+01	   3.0100000e+02	   1.9400000e+00	   5.0260000e+03	
   1.0000000e+00	   3.0000000e+01	   2.0900000e+02	   9.7000000e-01	   2.4280000e+03	
   1.0000000e+00	   3.1000000e+01	   1.1100000e+02	   3.5900000e+00	   3.9270000e+03	
   1.0000000e+00	   3.2000000e+01	   1.0500000e+02	   1.5500000e+00	   1.1280000e+03	
   1.0000000e+00	   3.3000000e+01	   2.0700000e+02	   2.9800000e+00	   3.1950000e+03	
   1.0000000e+00	   3.4000000e+01	   3.1000000e+02	   0.0000000e+00	   3.2610000e+03	
   1.0000000e+00	   3.5000000e+01	   1.0300000e+02	   9.8000000e-01	   1.7610000e+03	
   1.0000000e+00	   3.6000000e+01	   3.0200000e+02	   1.1000000e-01	   1.7373000e+04	
   1.0000000e+00	   3.7000000e+01	   2.1400000e+02	   1.9800000e+00	   7.1760000e+03	
   1.0000000e+00	   3.8000000e+01	   1.1600000e+02	   3.5100000e+00	   1.9280000e+03	
   1.0000000e+00	   3.9000000e+01	   3.0500000e+02	   1.0100000e+00	   5.0590000e+03	
   1.0000000e+00	   4.0000000e+01	   3.1200000e+02	   1.9700000e+00	   4.6270000e+03	
   1.0000000e+00	   4.1000000e+01	   2.0100000e+02	   3.9700000e+00	   1.6600000e+03	
   1.0000000e+00	   4.2000000e+01	   1.0100000e+02	   0.0000000e+00	   2.2600000e+03	
   1.0000000e+00	   4.3000000e+01	   2.0500000e+02	   3.0200000e+00	   4.4590000e+03	
   1.0000000e+00	   4.4000000e+01	   3.0900000e+02	   5.0000000e-01	   4.1270000e+03	
   1.0000000e+00	   4.5000000e+01	   3.1400000e+02	   3.5300000e+00	   2.7930000e+03	
   2.0000000e+00	   1.0000000e+00	   2.0700000e+02	   2.9800000e+00	   3.1970000e+03	
   2.0000000e+00	   2.0000000e+00	   1.1600000e+02	   3.5200000e+00	   2.3270000e+03	
   2.0000000e+00	   3.0000000e+00	   3.0600000e+02	   9.9000000e-01	   2.5610000e+03	
   2.0000000e+00	   4.0000000e+00	   3.0700000e+02	   2.5900000e+00	   5.8600000e+03	
   2.0000000e+00	   5.0000000e+00	   1.1200000e+02	   2.5400000e+00	   1.2960000e+03	
   2.0000000e+00	   6.0000000e+00	   1.0500000e+02	   1.0100000e+00	   2.8930000e+03	
   2.0000000e+00	   7.0000000e+00	   1.1500000e+02	   1.0100000e+00	   2.4610000e+03	
   2.0000000e+00	   8.0000000e+00	   3.0400000e+02	   0.0000000e+00	   2.1280000e+03	
   2.0000000e+00	   9.0000000e+00	   3.1000000e+02	   0.0000000e+00	   1.2610000e+03	
   2.0000000e+00	   1.0000000e+01	   1.1300000e+02	   5.8000000e-01	   1.6630000e+03	
   2.0000000e+00	   1.1000000e+01	   3.0900000e+02	   6.2000000e-01	   1.6940000e+03	
   2.0000000e+00	   1.2000000e+01	   3.1100000e+02	   1.0100000e+00	   1.7280000e+03	
   2.0000000e+00	   1.3000000e+01	   1.0900000e+02	   5.1000000e-01	   1.9280000e+03	
   2.0000000e+00	   1.4000000e+01	   2.0300000e+02	   2.5000000e+00	   2.0610000e+03	
   2.0000000e+00	   1.5000000e+01	   2.0500000e+02	   3.0300000e+00	   1.9950000e+03	
   2.0000000e+00	   1.6000000e+01	   1.1100000e+02	   3.5100000e+00	   1.5620000e+03	
   2.0000000e+00	   1.7000000e+01	   1.1400000e+02	   5.8000000e-01	   3.2440000e+03	
   2.0000000e+00	   1.8000000e+01	   2.0400000e+02	   4.9000000e-01	   5.3930000e+03	
   2.0000000e+00	   1.9000000e+01	   3.0200000e+02	   9.7000000e-01	   1.7620000e+03	
   2.0000000e+00	   2.0000000e+01	   1.0100000e+02	   3.6000000e-01	   2.7940000e+03	
   2.0000000e+00	   2.1000000e+01	   2.1400000e+02	   2.0100000e+00	   2.0610000e+03	
   2.0000000e+00	   2.2000000e+01	   1.0400000e+02	   0.0000000e+00	   1.6280000e+03	
   2.0000000e+00	   2.3000000e+01	   1.0700000e+02	   9.9000000e-01	   1.8620000e+03	
   2.0000000e+00	   2.4000000e+01	   2.0200000e+02	   9.8000000e-01	   3.0940000e+03	
   2.0000000e+00	   2.5000000e+01	   3.0100000e+02	   1.9700000e+00	   2.5940000e+03	
   2.0000000e+00	   2.6000000e+01	   2.1300000e+02	   3.1000000e-01	   2.9280000e+03	
   2.0000000e+00	   2.7000000e+01	   3.1200000e+02	   9.8000000e-01	   3.0950000e+03	
   2.0000000e+00	   2.8000000e+01	   1.0300000e+02	   9.2000000e-01	   2.0940000e+03	
   2.0000000e+00	   2.9000000e+01	   1.1000000e+02	   0.0000000e+00	   1.9280000e+03	
   2.0000000e+00	   3.0000000e+01	   3.0500000e+02	   0.0000000e+00	   1.1280000e+03	
   2.0000000e+00	   3.1000000e+01	   2.0600000e+02	   1.0300000e+00	   2.5940000e+03	
   2.0000000e+00	   3.2000000e+01	   3.1400000e+02	   3.5600000e+00	   1.9280000e+03	
   2.0000000e+00	   3.3000000e+01	   2.1500000e+02	   3.9500000e+00	   2.7940000e+03	
   2.0000000e+00	   3.4000000e+01	   2.0800000e+02	   3.2800000e+00	   2.0960000e+03	
   2.0000000e+00	   3.5000000e+01	   1.0800000e+02	   2.4600000e+00	   1.5290000e+03	
   2.0000000e+00	   3.6000000e+01	   2.0900000e+02	   2.8000000e-01	   3.9930000e+03	
   2.0000000e+00	   3.7000000e+01	   3.0300000e+02	   4.0100000e+00	   2.0290000e+03	
   2.0000000e+00	   3.8000000e+01	   3.1300000e+02	   1.0200000e+00	   1.9280000e+03	
   2.0000000e+00	   3.9000000e+01	   1.0600000e+02	   4.0100000e+00	   5.4270000e+03	
   2.0000000e+00	   4.0000000e+01	   2.1100000e+02	   9.8000000e-01	   2.0600000e+03	
   2.0000000e+00	   4.1000000e+01	   3.0800000e+02	   1.0300000e+00	   1.9630000e+03	
   2.0000000e+00	   4.2000000e+01	   2.1200000e+02	   3.3600000e+00	   3.5100000e+03	
   2.0000000e+00	   4.3000000e+01	   2.0100000e+02	   2.5300000e+00	   2.6280000e+03	
   2.0000000e+00	   4.4000000e+01	   2.1000000e+02	   4.2800000e+00	   3.5940000e+03	
   2.0000000e+00	   4.5000000e+01	   1.0200000e+02	   0.0000000e+00	   1.7950000e+03	
