   1.1200000e+02	   2.0500000e+02	   1.0700000e+02	   6.0000000e+00	   3.0000000e+00	   2.5100000e+00	   3.0250000e+00	   1.0100000e+00	   3.0000000e+00	   1.0000000e+00	   2.0000000e+00	   1.0000000e+00	   2.4560000e+03	
   1.1100000e+02	   2.1200000e+02	   1.0300000e+02	   3.0000000e+00	   1.0000000e+00	   3.5500000e+00	   3.3850000e+00	   9.5000000e-01	   1.0000000e+00	   2.0000000e+00	   3.0000000e+00	   1.0000000e+00	   1.3710000e+03	
   2.0500000e+02	   3.0300000e+02	   1.0300000e+02	   3.0000000e+00	   5.0000000e+00	   3.0250000e+00	   4.3000000e+00	   9.5000000e-01	   3.0000000e+00	   1.0000000e+00	   2.0000000e+00	   1.0000000e+00	   1.0020000e+03	
   2.0300000e+02	   2.1000000e+02	   3.0900000e+02	   1.4000000e+01	   5.0000000e+00	   2.7600000e+00	   4.3750000e+00	   5.6000000e-01	   2.0000000e+00	   1.0000000e+00	   3.0000000e+00	   1.0000000e+00	   7.8500000e+02	
   1.1600000e+02	   3.0700000e+02	   3.0100000e+02	   1.0000000e+01	   3.0000000e+00	   3.5150000e+00	   2.8150000e+00	   1.9550000e+00	   2.0000000e+00	   1.0000000e+00	   3.0000000e+00	   2.0000000e+00	   5.8610000e+03	
   1.1100000e+02	   1.1600000e+02	   3.0200000e+02	   1.1000000e+01	   1.0000000e+00	   3.5500000e+00	   3.5150000e+00	   5.4000000e-01	   3.0000000e+00	   1.0000000e+00	   2.0000000e+00	   3.0000000e+00	   1.7530000e+03	
   2.0700000e+02	   2.1200000e+02	   3.1100000e+02	   1.5000000e+01	   2.0000000e+00	   2.9800000e+00	   3.3850000e+00	   2.0250000e+00	   2.0000000e+00	   1.0000000e+00	   3.0000000e+00	   1.0000000e+00	   3.3600000e+03	
   2.0100000e+02	   2.0300000e+02	   1.0700000e+02	   6.0000000e+00	   3.0000000e+00	   3.2500000e+00	   2.7600000e+00	   1.0100000e+00	   1.0000000e+00	   3.0000000e+00	   2.0000000e+00	   1.0000000e+00	   2.7290000e+03	
   1.1200000e+02	   2.0500000e+02	   3.0400000e+02	   1.2000000e+01	   3.0000000e+00	   2.5100000e+00	   3.0250000e+00	   1.0000000e-02	   2.0000000e+00	   1.0000000e+00	   3.0000000e+00	   1.0000000e+00	   3.3740000e+03	
   1.1100000e+02	   2.0100000e+02	   1.0400000e+02	   4.0000000e+00	   2.0000000e+00	   3.5500000e+00	   3.2500000e+00	   0.0000000e+00	   3.0000000e+00	   1.0000000e+00	   2.0000000e+00	   3.0000000e+00	   1.5110000e+03	
   3.0300000e+02	   3.0700000e+02	   3.0900000e+02	   1.4000000e+01	   5.0000000e+00	   4.3000000e+00	   2.8150000e+00	   5.6000000e-01	   3.0000000e+00	   1.0000000e+00	   2.0000000e+00	   3.0000000e+00	   9.8400000e+02	
   1.0600000e+02	   2.1500000e+02	   1.0500000e+02	   5.0000000e+00	   3.0000000e+00	   3.4950000e+00	   3.9850000e+00	   1.2800000e+00	   2.0000000e+00	   3.0000000e+00	   1.0000000e+00	   3.0000000e+00	   1.6810000e+03	
   1.1200000e+02	   3.0700000e+02	   1.0700000e+02	   6.0000000e+00	   2.0000000e+00	   2.5100000e+00	   2.8150000e+00	   1.0100000e+00	   2.0000000e+00	   3.0000000e+00	   1.0000000e+00	   3.0000000e+00	   5.0320000e+03	
   2.0300000e+02	   2.0700000e+02	   3.0600000e+02	   1.3000000e+01	   1.0000000e+00	   2.7600000e+00	   2.9800000e+00	   1.4900000e+00	   1.0000000e+00	   3.0000000e+00	   2.0000000e+00	   3.0000000e+00	   2.8710000e+03	
   2.0300000e+02	   3.0300000e+02	   1.0300000e+02	   3.0000000e+00	   5.0000000e+00	   2.7600000e+00	   4.3000000e+00	   9.5000000e-01	   3.0000000e+00	   2.0000000e+00	   1.0000000e+00	   2.0000000e+00	   8.1100000e+02	
   2.0500000e+02	   2.1000000e+02	   3.0100000e+02	   1.0000000e+01	   5.0000000e+00	   3.0250000e+00	   4.3750000e+00	   1.9550000e+00	   3.0000000e+00	   2.0000000e+00	   1.0000000e+00	   2.0000000e+00	   1.2490000e+03	
   2.0300000e+02	   3.0700000e+02	   3.0400000e+02	   1.2000000e+01	   1.0000000e+00	   2.7600000e+00	   2.8150000e+00	   1.0000000e-02	   1.0000000e+00	   3.0000000e+00	   2.0000000e+00	   3.0000000e+00	   1.7680000e+03	
   1.1100000e+02	   2.1500000e+02	   1.0400000e+02	   4.0000000e+00	   2.0000000e+00	   3.5500000e+00	   3.9850000e+00	   0.0000000e+00	   2.0000000e+00	   1.0000000e+00	   3.0000000e+00	   1.0000000e+00	   6.0220000e+03	
   1.1100000e+02	   2.0800000e+02	   3.0900000e+02	   1.4000000e+01	   2.0000000e+00	   3.5500000e+00	   3.1550000e+00	   5.6000000e-01	   1.0000000e+00	   3.0000000e+00	   2.0000000e+00	   3.0000000e+00	   5.3680000e+03	
   2.0500000e+02	   3.1400000e+02	   1.0300000e+02	   3.0000000e+00	   3.0000000e+00	   3.0250000e+00	   3.5450000e+00	   9.5000000e-01	   2.0000000e+00	   3.0000000e+00	   1.0000000e+00	   3.0000000e+00	   1.0900000e+03	
   2.0300000e+02	   3.0300000e+02	   3.0600000e+02	   1.3000000e+01	   5.0000000e+00	   2.7600000e+00	   4.3000000e+00	   1.4900000e+00	   2.0000000e+00	   1.0000000e+00	   3.0000000e+00	   1.0000000e+00	   1.0060000e+03	
   2.1200000e+02	   3.1400000e+02	   2.1300000e+02	   9.0000000e+00	   1.0000000e+00	   3.3850000e+00	   3.5450000e+00	   9.0000000e-01	   2.0000000e+00	   1.0000000e+00	   3.0000000e+00	   1.0000000e+00	   1.0750000e+03	
   2.0700000e+02	   3.0300000e+02	   1.0700000e+02	   6.0000000e+00	   5.0000000e+00	   2.9800000e+00	   4.3000000e+00	   1.0100000e+00	   1.0000000e+00	   2.0000000e+00	   3.0000000e+00	   2.0000000e+00	   8.6700000e+02	
   2.0500000e+02	   3.1400000e+02	   1.0400000e+02	   4.0000000e+00	   3.0000000e+00	   3.0250000e+00	   3.5450000e+00	   0.0000000e+00	   2.0000000e+00	   3.0000000e+00	   1.0000000e+00	   3.0000000e+00	   2.0280000e+03	
   1.1200000e+02	   3.0700000e+02	   3.0900000e+02	   1.4000000e+01	   2.0000000e+00	   2.5100000e+00	   2.8150000e+00	   5.6000000e-01	   1.0000000e+00	   3.0000000e+00	   2.0000000e+00	   3.0000000e+00	   1.3690000e+03	
   1.0600000e+02	   2.1000000e+02	   3.0600000e+02	   1.3000000e+01	   4.0000000e+00	   3.4950000e+00	   4.3750000e+00	   1.4900000e+00	   3.0000000e+00	   1.0000000e+00	   2.0000000e+00	   1.0000000e+00	   7.1300000e+02	
   2.0100000e+02	   3.1400000e+02	   3.0100000e+02	   1.0000000e+01	   2.0000000e+00	   3.2500000e+00	   3.5450000e+00	   1.9550000e+00	   2.0000000e+00	   3.0000000e+00	   1.0000000e+00	   3.0000000e+00	   1.8020000e+03	
   1.1600000e+02	   2.1500000e+02	   1.0300000e+02	   3.0000000e+00	   3.0000000e+00	   3.5150000e+00	   3.9850000e+00	   9.5000000e-01	   3.0000000e+00	   1.0000000e+00	   2.0000000e+00	   1.0000000e+00	   2.2030000e+03	
   3.0300000e+02	   3.0700000e+02	   1.0300000e+02	   3.0000000e+00	   5.0000000e+00	   4.3000000e+00	   2.8150000e+00	   9.5000000e-01	   2.0000000e+00	   3.0000000e+00	   1.0000000e+00	   2.0000000e+00	   1.0630000e+03	
   1.0600000e+02	   3.1400000e+02	   3.0900000e+02	   1.4000000e+01	   1.0000000e+00	   3.4950000e+00	   3.5450000e+00	   5.6000000e-01	   2.0000000e+00	   1.0000000e+00	   3.0000000e+00	   1.0000000e+00	   2.7720000e+03	
   2.0700000e+02	   3.0700000e+02	   1.0200000e+02	   2.0000000e+00	   1.0000000e+00	   2.9800000e+00	   2.8150000e+00	   5.0500000e-01	   3.0000000e+00	   2.0000000e+00	   1.0000000e+00	   2.0000000e+00	   1.4590000e+03	
   2.1200000e+02	   3.1400000e+02	   1.1500000e+02	   7.0000000e+00	   1.0000000e+00	   3.3850000e+00	   3.5450000e+00	   1.3000000e+00	   3.0000000e+00	   1.0000000e+00	   2.0000000e+00	   1.0000000e+00	   9.2300000e+02	
   1.1100000e+02	   1.1600000e+02	   1.0400000e+02	   4.0000000e+00	   1.0000000e+00	   3.5500000e+00	   3.5150000e+00	   0.0000000e+00	   2.0000000e+00	   3.0000000e+00	   1.0000000e+00	   2.0000000e+00	   7.4290000e+03	
   1.1100000e+02	   2.0700000e+02	   3.0900000e+02	   1.4000000e+01	   3.0000000e+00	   3.5500000e+00	   2.9800000e+00	   5.6000000e-01	   2.0000000e+00	   1.0000000e+00	   3.0000000e+00	   2.0000000e+00	   6.3310000e+03	
   1.1200000e+02	   3.0300000e+02	   3.0200000e+02	   1.1000000e+01	   5.0000000e+00	   2.5100000e+00	   4.3000000e+00	   5.4000000e-01	   3.0000000e+00	   2.0000000e+00	   1.0000000e+00	   2.0000000e+00	   8.7900000e+02	
   2.0300000e+02	   3.0700000e+02	   1.0300000e+02	   3.0000000e+00	   1.0000000e+00	   2.7600000e+00	   2.8150000e+00	   9.5000000e-01	   1.0000000e+00	   3.0000000e+00	   2.0000000e+00	   3.0000000e+00	   1.5040000e+03	
   1.0600000e+02	   2.0300000e+02	   3.0200000e+02	   1.1000000e+01	   4.0000000e+00	   3.4950000e+00	   2.7600000e+00	   5.4000000e-01	   3.0000000e+00	   2.0000000e+00	   1.0000000e+00	   3.0000000e+00	   1.7820000e+03	
   1.1200000e+02	   2.1200000e+02	   2.0200000e+02	   8.0000000e+00	   4.0000000e+00	   2.5100000e+00	   3.3850000e+00	   1.7500000e+00	   1.0000000e+00	   2.0000000e+00	   3.0000000e+00	   2.0000000e+00	   4.8350000e+03	
   1.0600000e+02	   3.0700000e+02	   1.0500000e+02	   5.0000000e+00	   3.0000000e+00	   3.4950000e+00	   2.8150000e+00	   1.2800000e+00	   2.0000000e+00	   1.0000000e+00	   3.0000000e+00	   1.0000000e+00	   5.5100000e+03	
   1.1200000e+02	   3.1400000e+02	   1.0700000e+02	   6.0000000e+00	   5.0000000e+00	   2.5100000e+00	   3.5450000e+00	   1.0100000e+00	   2.0000000e+00	   1.0000000e+00	   3.0000000e+00	   1.0000000e+00	   1.0850000e+03	
   1.1200000e+02	   2.0100000e+02	   2.0200000e+02	   8.0000000e+00	   4.0000000e+00	   2.5100000e+00	   3.2500000e+00	   1.7500000e+00	   1.0000000e+00	   3.0000000e+00	   2.0000000e+00	   3.0000000e+00	   2.3760000e+03	
   1.1100000e+02	   3.1400000e+02	   1.0200000e+02	   2.0000000e+00	   1.0000000e+00	   3.5500000e+00	   3.5450000e+00	   5.0500000e-01	   2.0000000e+00	   1.0000000e+00	   3.0000000e+00	   1.0000000e+00	   1.2600000e+03	
   2.0800000e+02	   3.0300000e+02	   3.0400000e+02	   1.2000000e+01	   5.0000000e+00	   3.1550000e+00	   4.3000000e+00	   1.0000000e-02	   2.0000000e+00	   1.0000000e+00	   3.0000000e+00	   1.0000000e+00	   2.5200000e+03	
   2.0500000e+02	   2.1200000e+02	   1.0300000e+02	   3.0000000e+00	   2.0000000e+00	   3.0250000e+00	   3.3850000e+00	   9.5000000e-01	   3.0000000e+00	   2.0000000e+00	   1.0000000e+00	   2.0000000e+00	   3.5390000e+03	
   1.0600000e+02	   2.0100000e+02	   3.0600000e+02	   1.3000000e+01	   2.0000000e+00	   3.4950000e+00	   3.2500000e+00	   1.4900000e+00	   3.0000000e+00	   1.0000000e+00	   2.0000000e+00	   3.0000000e+00	   1.5350000e+03	
   1.0600000e+02	   2.0700000e+02	   1.0100000e+02	   1.0000000e+00	   3.0000000e+00	   3.4950000e+00	   2.9800000e+00	   1.8000000e-01	   2.0000000e+00	   1.0000000e+00	   3.0000000e+00	   2.0000000e+00	   1.0700000e+03	
   2.0300000e+02	   3.0700000e+02	   2.0200000e+02	   8.0000000e+00	   1.0000000e+00	   2.7600000e+00	   2.8150000e+00	   1.7500000e+00	   3.0000000e+00	   2.0000000e+00	   1.0000000e+00	   2.0000000e+00	   2.1410000e+03	
   2.0500000e+02	   3.0700000e+02	   3.1100000e+02	   1.5000000e+01	   1.0000000e+00	   3.0250000e+00	   2.8150000e+00	   2.0250000e+00	   3.0000000e+00	   2.0000000e+00	   1.0000000e+00	   2.0000000e+00	   4.7790000e+03	
   1.0600000e+02	   3.1400000e+02	   1.1500000e+02	   7.0000000e+00	   1.0000000e+00	   3.4950000e+00	   3.5450000e+00	   1.3000000e+00	   3.0000000e+00	   2.0000000e+00	   1.0000000e+00	   2.0000000e+00	   2.1900000e+03	
   1.1600000e+02	   3.0300000e+02	   1.0100000e+02	   1.0000000e+00	   4.0000000e+00	   3.5150000e+00	   4.3000000e+00	   1.8000000e-01	   2.0000000e+00	   1.0000000e+00	   3.0000000e+00	   1.0000000e+00	   8.9600000e+02	
   1.1200000e+02	   2.0100000e+02	   1.1500000e+02	   7.0000000e+00	   4.0000000e+00	   2.5100000e+00	   3.2500000e+00	   1.3000000e+00	   1.0000000e+00	   3.0000000e+00	   2.0000000e+00	   3.0000000e+00	   3.1760000e+03	
   2.0500000e+02	   3.0700000e+02	   1.0100000e+02	   1.0000000e+00	   1.0000000e+00	   3.0250000e+00	   2.8150000e+00	   1.8000000e-01	   2.0000000e+00	   1.0000000e+00	   3.0000000e+00	   1.0000000e+00	   3.7050000e+03	
   2.0300000e+02	   3.0700000e+02	   3.0100000e+02	   1.0000000e+01	   1.0000000e+00	   2.7600000e+00	   2.8150000e+00	   1.9550000e+00	   3.0000000e+00	   2.0000000e+00	   1.0000000e+00	   2.0000000e+00	   1.5640000e+03	
   2.1000000e+02	   3.0300000e+02	   2.1300000e+02	   9.0000000e+00	   1.0000000e+00	   4.3750000e+00	   4.3000000e+00	   9.0000000e-01	   3.0000000e+00	   2.0000000e+00	   1.0000000e+00	   2.0000000e+00	   7.3200000e+02	
   1.0600000e+02	   1.1100000e+02	   3.0100000e+02	   1.0000000e+01	   1.0000000e+00	   3.4950000e+00	   3.5500000e+00	   1.9550000e+00	   3.0000000e+00	   1.0000000e+00	   2.0000000e+00	   3.0000000e+00	   2.5380000e+03	
   2.0700000e+02	   2.1000000e+02	   3.0200000e+02	   1.1000000e+01	   5.0000000e+00	   2.9800000e+00	   4.3750000e+00	   5.4000000e-01	   3.0000000e+00	   2.0000000e+00	   1.0000000e+00	   2.0000000e+00	   1.3960000e+03	
   1.0600000e+02	   3.0700000e+02	   3.0100000e+02	   1.0000000e+01	   3.0000000e+00	   3.4950000e+00	   2.8150000e+00	   1.9550000e+00	   2.0000000e+00	   3.0000000e+00	   1.0000000e+00	   2.0000000e+00	   5.7220000e+03	
   2.1200000e+02	   2.1500000e+02	   2.1300000e+02	   9.0000000e+00	   3.0000000e+00	   3.3850000e+00	   3.9850000e+00	   9.0000000e-01	   2.0000000e+00	   3.0000000e+00	   1.0000000e+00	   3.0000000e+00	   1.6100000e+03	
   1.1200000e+02	   3.0300000e+02	   2.1300000e+02	   9.0000000e+00	   5.0000000e+00	   2.5100000e+00	   4.3000000e+00	   9.0000000e-01	   3.0000000e+00	   2.0000000e+00	   1.0000000e+00	   2.0000000e+00	   1.1890000e+03	
   2.0500000e+02	   2.0800000e+02	   1.1500000e+02	   7.0000000e+00	   1.0000000e+00	   3.0250000e+00	   3.1550000e+00	   1.3000000e+00	   1.0000000e+00	   3.0000000e+00	   2.0000000e+00	   3.0000000e+00	   2.6770000e+03	
   2.1200000e+02	   3.1400000e+02	   3.1100000e+02	   1.5000000e+01	   1.0000000e+00	   3.3850000e+00	   3.5450000e+00	   2.0250000e+00	   3.0000000e+00	   2.0000000e+00	   1.0000000e+00	   2.0000000e+00	   1.6200000e+03	
   1.1200000e+02	   3.1400000e+02	   1.0500000e+02	   5.0000000e+00	   5.0000000e+00	   2.5100000e+00	   3.5450000e+00	   1.2800000e+00	   3.0000000e+00	   2.0000000e+00	   1.0000000e+00	   2.0000000e+00	   7.9700000e+02	
   1.1600000e+02	   2.0500000e+02	   3.0900000e+02	   1.4000000e+01	   3.0000000e+00	   3.5150000e+00	   3.0250000e+00	   5.6000000e-01	   3.0000000e+00	   2.0000000e+00	   1.0000000e+00	   2.0000000e+00	   4.3910000e+03	
   2.1200000e+02	   2.1500000e+02	   1.0700000e+02	   6.0000000e+00	   3.0000000e+00	   3.3850000e+00	   3.9850000e+00	   1.0100000e+00	   1.0000000e+00	   3.0000000e+00	   2.0000000e+00	   3.0000000e+00	   8.6700000e+02	
   2.0100000e+02	   2.0700000e+02	   2.1300000e+02	   9.0000000e+00	   2.0000000e+00	   3.2500000e+00	   2.9800000e+00	   9.0000000e-01	   2.0000000e+00	   3.0000000e+00	   1.0000000e+00	   2.0000000e+00	   6.7240000e+03	
   1.0600000e+02	   2.0500000e+02	   3.0900000e+02	   1.4000000e+01	   3.0000000e+00	   3.4950000e+00	   3.0250000e+00	   5.6000000e-01	   1.0000000e+00	   3.0000000e+00	   2.0000000e+00	   1.0000000e+00	   2.2690000e+03	
   2.0100000e+02	   2.0800000e+02	   3.1100000e+02	   1.5000000e+01	   1.0000000e+00	   3.2500000e+00	   3.1550000e+00	   2.0250000e+00	   1.0000000e+00	   3.0000000e+00	   2.0000000e+00	   3.0000000e+00	   1.8410000e+03	
   1.1600000e+02	   2.1500000e+02	   1.0400000e+02	   4.0000000e+00	   3.0000000e+00	   3.5150000e+00	   3.9850000e+00	   0.0000000e+00	   1.0000000e+00	   3.0000000e+00	   2.0000000e+00	   3.0000000e+00	   1.8400000e+03	
   2.0300000e+02	   2.1500000e+02	   3.0200000e+02	   1.1000000e+01	   5.0000000e+00	   2.7600000e+00	   3.9850000e+00	   5.4000000e-01	   1.0000000e+00	   3.0000000e+00	   2.0000000e+00	   3.0000000e+00	   1.8050000e+03	
   2.0700000e+02	   3.0700000e+02	   2.0200000e+02	   8.0000000e+00	   1.0000000e+00	   2.9800000e+00	   2.8150000e+00	   1.7500000e+00	   2.0000000e+00	   1.0000000e+00	   3.0000000e+00	   1.0000000e+00	   2.3000000e+03	
   1.1100000e+02	   2.0800000e+02	   1.0700000e+02	   6.0000000e+00	   2.0000000e+00	   3.5500000e+00	   3.1550000e+00	   1.0100000e+00	   3.0000000e+00	   1.0000000e+00	   2.0000000e+00	   1.0000000e+00	   7.2460000e+03	
   1.0600000e+02	   2.0100000e+02	   1.0100000e+02	   1.0000000e+00	   2.0000000e+00	   3.4950000e+00	   3.2500000e+00	   1.8000000e-01	   2.0000000e+00	   1.0000000e+00	   3.0000000e+00	   2.0000000e+00	   1.6520000e+03	
   1.1100000e+02	   1.1200000e+02	   1.0400000e+02	   4.0000000e+00	   5.0000000e+00	   3.5500000e+00	   2.5100000e+00	   0.0000000e+00	   3.0000000e+00	   2.0000000e+00	   1.0000000e+00	   3.0000000e+00	   3.2670000e+03	
   2.1000000e+02	   3.1400000e+02	   1.0400000e+02	   4.0000000e+00	   4.0000000e+00	   4.3750000e+00	   3.5450000e+00	   0.0000000e+00	   2.0000000e+00	   3.0000000e+00	   1.0000000e+00	   2.0000000e+00	   4.6890000e+03	
   2.0700000e+02	   3.1400000e+02	   3.0600000e+02	   1.3000000e+01	   3.0000000e+00	   2.9800000e+00	   3.5450000e+00	   1.4900000e+00	   1.0000000e+00	   2.0000000e+00	   3.0000000e+00	   2.0000000e+00	   1.2810000e+03	
   2.0300000e+02	   2.0800000e+02	   1.1500000e+02	   7.0000000e+00	   2.0000000e+00	   2.7600000e+00	   3.1550000e+00	   1.3000000e+00	   2.0000000e+00	   3.0000000e+00	   1.0000000e+00	   3.0000000e+00	   1.8840000e+03	
   2.1500000e+02	   3.0700000e+02	   3.1100000e+02	   1.5000000e+01	   5.0000000e+00	   3.9850000e+00	   2.8150000e+00	   2.0250000e+00	   3.0000000e+00	   1.0000000e+00	   2.0000000e+00	   3.0000000e+00	   2.4140000e+03	
   2.1500000e+02	   3.1400000e+02	   2.1300000e+02	   9.0000000e+00	   3.0000000e+00	   3.9850000e+00	   3.5450000e+00	   9.0000000e-01	   3.0000000e+00	   1.0000000e+00	   2.0000000e+00	   3.0000000e+00	   1.0200000e+04	
   1.1200000e+02	   3.0700000e+02	   3.0400000e+02	   1.2000000e+01	   2.0000000e+00	   2.5100000e+00	   2.8150000e+00	   1.0000000e-02	   2.0000000e+00	   1.0000000e+00	   3.0000000e+00	   1.0000000e+00	   1.6390000e+03	
   2.0100000e+02	   2.0800000e+02	   3.0200000e+02	   1.1000000e+01	   1.0000000e+00	   3.2500000e+00	   3.1550000e+00	   5.4000000e-01	   1.0000000e+00	   3.0000000e+00	   2.0000000e+00	   3.0000000e+00	   1.5250000e+03	
   2.0100000e+02	   3.0700000e+02	   2.1300000e+02	   9.0000000e+00	   2.0000000e+00	   3.2500000e+00	   2.8150000e+00	   9.0000000e-01	   2.0000000e+00	   3.0000000e+00	   1.0000000e+00	   3.0000000e+00	   2.0120000e+03	
   2.1200000e+02	   2.1500000e+02	   1.0100000e+02	   1.0000000e+00	   3.0000000e+00	   3.3850000e+00	   3.9850000e+00	   1.8000000e-01	   1.0000000e+00	   2.0000000e+00	   3.0000000e+00	   2.0000000e+00	   1.2640000e+03	
   1.1200000e+02	   1.1600000e+02	   3.1100000e+02	   1.5000000e+01	   5.0000000e+00	   2.5100000e+00	   3.5150000e+00	   2.0250000e+00	   2.0000000e+00	   1.0000000e+00	   3.0000000e+00	   1.0000000e+00	   1.8800000e+03	
   1.0600000e+02	   2.1200000e+02	   2.1300000e+02	   9.0000000e+00	   1.0000000e+00	   3.4950000e+00	   3.3850000e+00	   9.0000000e-01	   2.0000000e+00	   3.0000000e+00	   1.0000000e+00	   2.0000000e+00	   2.0140000e+03	
   1.1100000e+02	   2.0700000e+02	   1.0500000e+02	   5.0000000e+00	   3.0000000e+00	   3.5500000e+00	   2.9800000e+00	   1.2800000e+00	   1.0000000e+00	   3.0000000e+00	   2.0000000e+00	   1.0000000e+00	   2.2910000e+03	
   2.0800000e+02	   3.0700000e+02	   3.0400000e+02	   1.2000000e+01	   2.0000000e+00	   3.1550000e+00	   2.8150000e+00	   1.0000000e-02	   1.0000000e+00	   3.0000000e+00	   2.0000000e+00	   1.0000000e+00	   1.7880000e+03	
   1.0600000e+02	   3.1400000e+02	   2.1300000e+02	   9.0000000e+00	   1.0000000e+00	   3.4950000e+00	   3.5450000e+00	   9.0000000e-01	   3.0000000e+00	   1.0000000e+00	   2.0000000e+00	   1.0000000e+00	   1.2110000e+03	
   2.0800000e+02	   2.1200000e+02	   3.0200000e+02	   1.1000000e+01	   2.0000000e+00	   3.1550000e+00	   3.3850000e+00	   5.4000000e-01	   3.0000000e+00	   1.0000000e+00	   2.0000000e+00	   3.0000000e+00	   7.0400000e+02	
   2.1200000e+02	   3.1400000e+02	   1.0500000e+02	   5.0000000e+00	   1.0000000e+00	   3.3850000e+00	   3.5450000e+00	   1.2800000e+00	   3.0000000e+00	   2.0000000e+00	   1.0000000e+00	   2.0000000e+00	   8.0500000e+02	
   2.0800000e+02	   3.1400000e+02	   1.0700000e+02	   6.0000000e+00	   2.0000000e+00	   3.1550000e+00	   3.5450000e+00	   1.0100000e+00	   1.0000000e+00	   2.0000000e+00	   3.0000000e+00	   2.0000000e+00	   2.2810000e+03	
   1.1600000e+02	   2.0500000e+02	   3.0100000e+02	   1.0000000e+01	   3.0000000e+00	   3.5150000e+00	   3.0250000e+00	   1.9550000e+00	   1.0000000e+00	   2.0000000e+00	   3.0000000e+00	   1.0000000e+00	   4.1690000e+03	
   2.0500000e+02	   3.0300000e+02	   2.1300000e+02	   9.0000000e+00	   5.0000000e+00	   3.0250000e+00	   4.3000000e+00	   9.0000000e-01	   2.0000000e+00	   1.0000000e+00	   3.0000000e+00	   1.0000000e+00	   9.0800000e+02	
   2.0800000e+02	   2.1500000e+02	   3.0400000e+02	   1.2000000e+01	   4.0000000e+00	   3.1550000e+00	   3.9850000e+00	   1.0000000e-02	   3.0000000e+00	   1.0000000e+00	   2.0000000e+00	   1.0000000e+00	   1.4490000e+03	
   2.0100000e+02	   3.0300000e+02	   3.0400000e+02	   1.2000000e+01	   5.0000000e+00	   3.2500000e+00	   4.3000000e+00	   1.0000000e-02	   2.0000000e+00	   1.0000000e+00	   3.0000000e+00	   1.0000000e+00	   8.7000000e+02	
   2.0300000e+02	   3.0300000e+02	   3.0900000e+02	   1.4000000e+01	   5.0000000e+00	   2.7600000e+00	   4.3000000e+00	   5.6000000e-01	   3.0000000e+00	   2.0000000e+00	   1.0000000e+00	   2.0000000e+00	   1.0410000e+03	
   1.0600000e+02	   1.1600000e+02	   1.0400000e+02	   4.0000000e+00	   1.0000000e+00	   3.4950000e+00	   3.5150000e+00	   0.0000000e+00	   2.0000000e+00	   3.0000000e+00	   1.0000000e+00	   2.0000000e+00	   1.4360000e+03	
   2.0300000e+02	   2.0800000e+02	   1.0300000e+02	   3.0000000e+00	   2.0000000e+00	   2.7600000e+00	   3.1550000e+00	   9.5000000e-01	   3.0000000e+00	   1.0000000e+00	   2.0000000e+00	   1.0000000e+00	   1.4780000e+03	
   2.0300000e+02	   3.1400000e+02	   1.0500000e+02	   5.0000000e+00	   4.0000000e+00	   2.7600000e+00	   3.5450000e+00	   1.2800000e+00	   1.0000000e+00	   3.0000000e+00	   2.0000000e+00	   3.0000000e+00	   1.0080000e+03	
   2.0700000e+02	   2.1500000e+02	   3.0400000e+02	   1.2000000e+01	   5.0000000e+00	   2.9800000e+00	   3.9850000e+00	   1.0000000e-02	   3.0000000e+00	   1.0000000e+00	   2.0000000e+00	   1.0000000e+00	   1.9120000e+03	
   2.0100000e+02	   2.1000000e+02	   3.0900000e+02	   1.4000000e+01	   5.0000000e+00	   3.2500000e+00	   4.3750000e+00	   5.6000000e-01	   1.0000000e+00	   2.0000000e+00	   3.0000000e+00	   2.0000000e+00	   9.0600000e+02	
   1.0600000e+02	   2.1000000e+02	   1.1500000e+02	   7.0000000e+00	   4.0000000e+00	   3.4950000e+00	   4.3750000e+00	   1.3000000e+00	   3.0000000e+00	   1.0000000e+00	   2.0000000e+00	   1.0000000e+00	   8.9900000e+02	
   1.1200000e+02	   2.1200000e+02	   3.0400000e+02	   1.2000000e+01	   4.0000000e+00	   2.5100000e+00	   3.3850000e+00	   1.0000000e-02	   2.0000000e+00	   3.0000000e+00	   1.0000000e+00	   3.0000000e+00	   2.0540000e+03	
   2.0300000e+02	   3.1400000e+02	   3.0600000e+02	   1.3000000e+01	   4.0000000e+00	   2.7600000e+00	   3.5450000e+00	   1.4900000e+00	   3.0000000e+00	   2.0000000e+00	   1.0000000e+00	   2.0000000e+00	   8.1400000e+02	
   1.1200000e+02	   2.0800000e+02	   3.0400000e+02	   1.2000000e+01	   3.0000000e+00	   2.5100000e+00	   3.1550000e+00	   1.0000000e-02	   1.0000000e+00	   3.0000000e+00	   2.0000000e+00	   3.0000000e+00	   1.3910000e+03	
   1.1200000e+02	   2.0700000e+02	   2.0200000e+02	   8.0000000e+00	   3.0000000e+00	   2.5100000e+00	   2.9800000e+00	   1.7500000e+00	   2.0000000e+00	   3.0000000e+00	   1.0000000e+00	   3.0000000e+00	   2.2910000e+03	
   2.1000000e+02	   2.1200000e+02	   3.1100000e+02	   1.5000000e+01	   4.0000000e+00	   4.3750000e+00	   3.3850000e+00	   2.0250000e+00	   3.0000000e+00	   2.0000000e+00	   1.0000000e+00	   3.0000000e+00	   6.6800000e+02	
   1.1100000e+02	   1.1200000e+02	   1.0200000e+02	   2.0000000e+00	   5.0000000e+00	   3.5500000e+00	   2.5100000e+00	   5.0500000e-01	   2.0000000e+00	   1.0000000e+00	   3.0000000e+00	   2.0000000e+00	   2.1200000e+03	
   1.0600000e+02	   2.1200000e+02	   3.0400000e+02	   1.2000000e+01	   1.0000000e+00	   3.4950000e+00	   3.3850000e+00	   1.0000000e-02	   2.0000000e+00	   3.0000000e+00	   1.0000000e+00	   2.0000000e+00	   1.7110000e+03	
   2.0800000e+02	   2.1500000e+02	   2.1300000e+02	   9.0000000e+00	   4.0000000e+00	   3.1550000e+00	   3.9850000e+00	   9.0000000e-01	   2.0000000e+00	   1.0000000e+00	   3.0000000e+00	   1.0000000e+00	   1.3510000e+03	
   2.0800000e+02	   3.1400000e+02	   1.0400000e+02	   4.0000000e+00	   2.0000000e+00	   3.1550000e+00	   3.5450000e+00	   0.0000000e+00	   3.0000000e+00	   1.0000000e+00	   2.0000000e+00	   1.0000000e+00	   2.5760000e+03	
   2.0100000e+02	   2.1200000e+02	   1.0700000e+02	   6.0000000e+00	   1.0000000e+00	   3.2500000e+00	   3.3850000e+00	   1.0100000e+00	   3.0000000e+00	   2.0000000e+00	   1.0000000e+00	   2.0000000e+00	   2.5580000e+03	
   2.0300000e+02	   3.0700000e+02	   3.0900000e+02	   1.4000000e+01	   1.0000000e+00	   2.7600000e+00	   2.8150000e+00	   5.6000000e-01	   1.0000000e+00	   3.0000000e+00	   2.0000000e+00	   3.0000000e+00	   1.3800000e+03	
   2.0800000e+02	   2.1500000e+02	   3.0100000e+02	   1.0000000e+01	   4.0000000e+00	   3.1550000e+00	   3.9850000e+00	   1.9550000e+00	   1.0000000e+00	   2.0000000e+00	   3.0000000e+00	   2.0000000e+00	   5.4730000e+03	
   2.0500000e+02	   2.0700000e+02	   1.0200000e+02	   2.0000000e+00	   1.0000000e+00	   3.0250000e+00	   2.9800000e+00	   5.0500000e-01	   3.0000000e+00	   2.0000000e+00	   1.0000000e+00	   3.0000000e+00	   1.7830000e+03	
   1.1600000e+02	   2.1200000e+02	   1.0400000e+02	   4.0000000e+00	   1.0000000e+00	   3.5150000e+00	   3.3850000e+00	   0.0000000e+00	   2.0000000e+00	   3.0000000e+00	   1.0000000e+00	   3.0000000e+00	   1.8170000e+03	
   2.0300000e+02	   2.0800000e+02	   3.0400000e+02	   1.2000000e+01	   2.0000000e+00	   2.7600000e+00	   3.1550000e+00	   1.0000000e-02	   3.0000000e+00	   1.0000000e+00	   2.0000000e+00	   1.0000000e+00	   1.8220000e+03	
   2.1000000e+02	   2.1500000e+02	   3.1100000e+02	   1.5000000e+01	   2.0000000e+00	   4.3750000e+00	   3.9850000e+00	   2.0250000e+00	   2.0000000e+00	   3.0000000e+00	   1.0000000e+00	   2.0000000e+00	   6.9780000e+03	
   2.0700000e+02	   2.0800000e+02	   1.0500000e+02	   5.0000000e+00	   1.0000000e+00	   2.9800000e+00	   3.1550000e+00	   1.2800000e+00	   1.0000000e+00	   2.0000000e+00	   3.0000000e+00	   2.0000000e+00	   1.8420000e+03	
   2.0800000e+02	   2.1000000e+02	   1.0200000e+02	   2.0000000e+00	   5.0000000e+00	   3.1550000e+00	   4.3750000e+00	   5.0500000e-01	   3.0000000e+00	   2.0000000e+00	   1.0000000e+00	   2.0000000e+00	   9.9400000e+02	
   1.1100000e+02	   2.0300000e+02	   1.1500000e+02	   7.0000000e+00	   4.0000000e+00	   3.5500000e+00	   2.7600000e+00	   1.3000000e+00	   3.0000000e+00	   1.0000000e+00	   2.0000000e+00	   3.0000000e+00	   1.9820000e+03	
   3.0300000e+02	   3.1400000e+02	   1.0200000e+02	   2.0000000e+00	   4.0000000e+00	   4.3000000e+00	   3.5450000e+00	   5.0500000e-01	   3.0000000e+00	   1.0000000e+00	   2.0000000e+00	   3.0000000e+00	   1.9740000e+03	
   1.1600000e+02	   2.0500000e+02	   1.0200000e+02	   2.0000000e+00	   3.0000000e+00	   3.5150000e+00	   3.0250000e+00	   5.0500000e-01	   1.0000000e+00	   2.0000000e+00	   3.0000000e+00	   2.0000000e+00	   5.1140000e+03	
   2.0300000e+02	   3.0700000e+02	   3.0600000e+02	   1.3000000e+01	   1.0000000e+00	   2.7600000e+00	   2.8150000e+00	   1.4900000e+00	   2.0000000e+00	   3.0000000e+00	   1.0000000e+00	   3.0000000e+00	   1.0280000e+03	
   1.1200000e+02	   2.0500000e+02	   3.0200000e+02	   1.1000000e+01	   3.0000000e+00	   2.5100000e+00	   3.0250000e+00	   5.4000000e-01	   1.0000000e+00	   2.0000000e+00	   3.0000000e+00	   2.0000000e+00	   1.1310000e+03	
   1.1100000e+02	   2.0300000e+02	   1.0300000e+02	   3.0000000e+00	   4.0000000e+00	   3.5500000e+00	   2.7600000e+00	   9.5000000e-01	   2.0000000e+00	   3.0000000e+00	   1.0000000e+00	   2.0000000e+00	   1.4020000e+03	
   1.0600000e+02	   1.1200000e+02	   3.0900000e+02	   1.4000000e+01	   4.0000000e+00	   3.4950000e+00	   2.5100000e+00	   5.6000000e-01	   3.0000000e+00	   1.0000000e+00	   2.0000000e+00	   3.0000000e+00	   1.0760000e+03	
   2.0700000e+02	   3.1400000e+02	   2.0200000e+02	   8.0000000e+00	   3.0000000e+00	   2.9800000e+00	   3.5450000e+00	   1.7500000e+00	   2.0000000e+00	   3.0000000e+00	   1.0000000e+00	   3.0000000e+00	   1.6550000e+03	
   1.1200000e+02	   2.0500000e+02	   3.1100000e+02	   1.5000000e+01	   3.0000000e+00	   2.5100000e+00	   3.0250000e+00	   2.0250000e+00	   2.0000000e+00	   1.0000000e+00	   3.0000000e+00	   1.0000000e+00	   1.5160000e+03	
   2.0500000e+02	   2.0800000e+02	   3.0600000e+02	   1.3000000e+01	   1.0000000e+00	   3.0250000e+00	   3.1550000e+00	   1.4900000e+00	   1.0000000e+00	   2.0000000e+00	   3.0000000e+00	   2.0000000e+00	   6.9500000e+02	
   2.0100000e+02	   2.0300000e+02	   2.1300000e+02	   9.0000000e+00	   3.0000000e+00	   3.2500000e+00	   2.7600000e+00	   9.0000000e-01	   3.0000000e+00	   1.0000000e+00	   2.0000000e+00	   3.0000000e+00	   1.9390000e+03	
   1.0600000e+02	   1.1200000e+02	   3.0100000e+02	   1.0000000e+01	   4.0000000e+00	   3.4950000e+00	   2.5100000e+00	   1.9550000e+00	   2.0000000e+00	   1.0000000e+00	   3.0000000e+00	   2.0000000e+00	   8.0000000e+02	
   2.0500000e+02	   2.1000000e+02	   1.1500000e+02	   7.0000000e+00	   5.0000000e+00	   3.0250000e+00	   4.3750000e+00	   1.3000000e+00	   2.0000000e+00	   3.0000000e+00	   1.0000000e+00	   3.0000000e+00	   7.6400000e+02	
   1.0600000e+02	   2.0300000e+02	   1.0200000e+02	   2.0000000e+00	   4.0000000e+00	   3.4950000e+00	   2.7600000e+00	   5.0500000e-01	   2.0000000e+00	   3.0000000e+00	   1.0000000e+00	   2.0000000e+00	   6.9200000e+02	
   1.1100000e+02	   2.0700000e+02	   3.0200000e+02	   1.1000000e+01	   3.0000000e+00	   3.5500000e+00	   2.9800000e+00	   5.4000000e-01	   2.0000000e+00	   3.0000000e+00	   1.0000000e+00	   2.0000000e+00	   1.7800000e+03	
   1.1600000e+02	   2.1200000e+02	   1.0500000e+02	   5.0000000e+00	   1.0000000e+00	   3.5150000e+00	   3.3850000e+00	   1.2800000e+00	   3.0000000e+00	   1.0000000e+00	   2.0000000e+00	   1.0000000e+00	   4.2590000e+03	
   1.0600000e+02	   2.0800000e+02	   2.0200000e+02	   8.0000000e+00	   2.0000000e+00	   3.4950000e+00	   3.1550000e+00	   1.7500000e+00	   3.0000000e+00	   1.0000000e+00	   2.0000000e+00	   3.0000000e+00	   8.3470000e+03	
   2.0100000e+02	   2.1500000e+02	   1.0200000e+02	   2.0000000e+00	   4.0000000e+00	   3.2500000e+00	   3.9850000e+00	   5.0500000e-01	   2.0000000e+00	   3.0000000e+00	   1.0000000e+00	   3.0000000e+00	   7.0700000e+02	
   2.0500000e+02	   2.0700000e+02	   1.0700000e+02	   6.0000000e+00	   1.0000000e+00	   3.0250000e+00	   2.9800000e+00	   1.0100000e+00	   1.0000000e+00	   2.0000000e+00	   3.0000000e+00	   1.0000000e+00	   2.3670000e+03	
   3.0300000e+02	   3.1400000e+02	   3.0200000e+02	   1.1000000e+01	   4.0000000e+00	   4.3000000e+00	   3.5450000e+00	   5.4000000e-01	   1.0000000e+00	   2.0000000e+00	   3.0000000e+00	   1.0000000e+00	   1.3390000e+03	
   2.0100000e+02	   3.0300000e+02	   1.0700000e+02	   6.0000000e+00	   5.0000000e+00	   3.2500000e+00	   4.3000000e+00	   1.0100000e+00	   3.0000000e+00	   1.0000000e+00	   2.0000000e+00	   1.0000000e+00	   1.6360000e+03	
   1.0600000e+02	   1.1600000e+02	   1.0100000e+02	   1.0000000e+00	   1.0000000e+00	   3.4950000e+00	   3.5150000e+00	   1.8000000e-01	   1.0000000e+00	   3.0000000e+00	   2.0000000e+00	   1.0000000e+00	   1.3610000e+03	
   2.0700000e+02	   2.1200000e+02	   1.0100000e+02	   1.0000000e+00	   2.0000000e+00	   2.9800000e+00	   3.3850000e+00	   1.8000000e-01	   3.0000000e+00	   2.0000000e+00	   1.0000000e+00	   2.0000000e+00	   1.5320000e+03	
   1.1600000e+02	   2.0300000e+02	   1.0400000e+02	   4.0000000e+00	   4.0000000e+00	   3.5150000e+00	   2.7600000e+00	   0.0000000e+00	   2.0000000e+00	   1.0000000e+00	   3.0000000e+00	   2.0000000e+00	   2.2390000e+03	
   1.1200000e+02	   2.0800000e+02	   1.1500000e+02	   7.0000000e+00	   3.0000000e+00	   2.5100000e+00	   3.1550000e+00	   1.3000000e+00	   2.0000000e+00	   1.0000000e+00	   3.0000000e+00	   1.0000000e+00	   1.9160000e+03	
   2.1500000e+02	   3.1400000e+02	   3.0200000e+02	   1.1000000e+01	   3.0000000e+00	   3.9850000e+00	   3.5450000e+00	   5.4000000e-01	   1.0000000e+00	   3.0000000e+00	   2.0000000e+00	   1.0000000e+00	   1.6680000e+03	
   2.0300000e+02	   2.0500000e+02	   3.0200000e+02	   1.1000000e+01	   2.0000000e+00	   2.7600000e+00	   3.0250000e+00	   5.4000000e-01	   3.0000000e+00	   2.0000000e+00	   1.0000000e+00	   2.0000000e+00	   1.5160000e+03	
   1.0600000e+02	   2.0300000e+02	   1.0300000e+02	   3.0000000e+00	   4.0000000e+00	   3.4950000e+00	   2.7600000e+00	   9.5000000e-01	   1.0000000e+00	   2.0000000e+00	   3.0000000e+00	   1.0000000e+00	   1.5540000e+03	
   2.0100000e+02	   2.0500000e+02	   3.0900000e+02	   1.4000000e+01	   1.0000000e+00	   3.2500000e+00	   3.0250000e+00	   5.6000000e-01	   2.0000000e+00	   1.0000000e+00	   3.0000000e+00	   1.0000000e+00	   2.9400000e+03	
   2.0500000e+02	   2.1200000e+02	   1.0500000e+02	   5.0000000e+00	   2.0000000e+00	   3.0250000e+00	   3.3850000e+00	   1.2800000e+00	   1.0000000e+00	   3.0000000e+00	   2.0000000e+00	   3.0000000e+00	   2.5250000e+03	
   1.1600000e+02	   3.0300000e+02	   3.0400000e+02	   1.2000000e+01	   4.0000000e+00	   3.5150000e+00	   4.3000000e+00	   1.0000000e-02	   1.0000000e+00	   3.0000000e+00	   2.0000000e+00	   3.0000000e+00	   5.9700000e+02	
   1.1600000e+02	   2.0700000e+02	   3.1100000e+02	   1.5000000e+01	   3.0000000e+00	   3.5150000e+00	   2.9800000e+00	   2.0250000e+00	   1.0000000e+00	   3.0000000e+00	   2.0000000e+00	   2.0000000e+00	   5.2970000e+03	
   1.1200000e+02	   1.1600000e+02	   1.0300000e+02	   3.0000000e+00	   5.0000000e+00	   2.5100000e+00	   3.5150000e+00	   9.5000000e-01	   2.0000000e+00	   1.0000000e+00	   3.0000000e+00	   1.0000000e+00	   1.3660000e+03	
   2.0800000e+02	   2.1500000e+02	   3.1100000e+02	   1.5000000e+01	   4.0000000e+00	   3.1550000e+00	   3.9850000e+00	   2.0250000e+00	   2.0000000e+00	   1.0000000e+00	   3.0000000e+00	   1.0000000e+00	   1.2790000e+03	
   2.0700000e+02	   2.1000000e+02	   1.0500000e+02	   5.0000000e+00	   5.0000000e+00	   2.9800000e+00	   4.3750000e+00	   1.2800000e+00	   2.0000000e+00	   1.0000000e+00	   3.0000000e+00	   1.0000000e+00	   8.5900000e+02	
   1.1100000e+02	   2.1000000e+02	   2.1300000e+02	   9.0000000e+00	   4.0000000e+00	   3.5500000e+00	   4.3750000e+00	   9.0000000e-01	   2.0000000e+00	   3.0000000e+00	   1.0000000e+00	   3.0000000e+00	   5.6400000e+02	
   1.0600000e+02	   3.0300000e+02	   3.0400000e+02	   1.2000000e+01	   4.0000000e+00	   3.4950000e+00	   4.3000000e+00	   1.0000000e-02	   1.0000000e+00	   2.0000000e+00	   3.0000000e+00	   2.0000000e+00	   4.6000000e+03	
   2.0300000e+02	   2.1000000e+02	   3.0100000e+02	   1.0000000e+01	   5.0000000e+00	   2.7600000e+00	   4.3750000e+00	   1.9550000e+00	   1.0000000e+00	   2.0000000e+00	   3.0000000e+00	   2.0000000e+00	   7.7700000e+02	
   3.0300000e+02	   3.1400000e+02	   2.0200000e+02	   8.0000000e+00	   4.0000000e+00	   4.3000000e+00	   3.5450000e+00	   1.7500000e+00	   1.0000000e+00	   2.0000000e+00	   3.0000000e+00	   1.0000000e+00	   1.3990000e+03	
   2.1500000e+02	   3.1400000e+02	   1.0300000e+02	   3.0000000e+00	   3.0000000e+00	   3.9850000e+00	   3.5450000e+00	   9.5000000e-01	   2.0000000e+00	   3.0000000e+00	   1.0000000e+00	   2.0000000e+00	   1.7310000e+03	
   2.0300000e+02	   2.0700000e+02	   1.0100000e+02	   1.0000000e+00	   1.0000000e+00	   2.7600000e+00	   2.9800000e+00	   1.8000000e-01	   1.0000000e+00	   3.0000000e+00	   2.0000000e+00	   3.0000000e+00	   9.9400000e+02	
   2.0100000e+02	   3.0700000e+02	   1.0300000e+02	   3.0000000e+00	   2.0000000e+00	   3.2500000e+00	   2.8150000e+00	   9.5000000e-01	   3.0000000e+00	   1.0000000e+00	   2.0000000e+00	   1.0000000e+00	   8.5600000e+02	
   2.0500000e+02	   2.0800000e+02	   1.0300000e+02	   3.0000000e+00	   1.0000000e+00	   3.0250000e+00	   3.1550000e+00	   9.5000000e-01	   1.0000000e+00	   2.0000000e+00	   3.0000000e+00	   2.0000000e+00	   7.3600000e+02	
   2.0100000e+02	   2.0300000e+02	   2.0200000e+02	   8.0000000e+00	   3.0000000e+00	   3.2500000e+00	   2.7600000e+00	   1.7500000e+00	   1.0000000e+00	   2.0000000e+00	   3.0000000e+00	   1.0000000e+00	   5.0750000e+03	
   1.1600000e+02	   2.0800000e+02	   1.1500000e+02	   7.0000000e+00	   2.0000000e+00	   3.5150000e+00	   3.1550000e+00	   1.3000000e+00	   1.0000000e+00	   2.0000000e+00	   3.0000000e+00	   2.0000000e+00	   1.0740000e+03	
   2.0300000e+02	   3.1400000e+02	   3.0900000e+02	   1.4000000e+01	   4.0000000e+00	   2.7600000e+00	   3.5450000e+00	   5.6000000e-01	   2.0000000e+00	   1.0000000e+00	   3.0000000e+00	   1.0000000e+00	   1.0570000e+03	
   1.1100000e+02	   1.1600000e+02	   1.0500000e+02	   5.0000000e+00	   1.0000000e+00	   3.5500000e+00	   3.5150000e+00	   1.2800000e+00	   2.0000000e+00	   3.0000000e+00	   1.0000000e+00	   2.0000000e+00	   1.7180000e+03	
   2.1500000e+02	   3.1400000e+02	   3.0400000e+02	   1.2000000e+01	   3.0000000e+00	   3.9850000e+00	   3.5450000e+00	   1.0000000e-02	   1.0000000e+00	   2.0000000e+00	   3.0000000e+00	   1.0000000e+00	   1.3340000e+03	
   2.0300000e+02	   2.0500000e+02	   3.0100000e+02	   1.0000000e+01	   2.0000000e+00	   2.7600000e+00	   3.0250000e+00	   1.9550000e+00	   3.0000000e+00	   2.0000000e+00	   1.0000000e+00	   2.0000000e+00	   2.8500000e+03	
   2.0800000e+02	   3.1400000e+02	   3.1100000e+02	   1.5000000e+01	   2.0000000e+00	   3.1550000e+00	   3.5450000e+00	   2.0250000e+00	   2.0000000e+00	   3.0000000e+00	   1.0000000e+00	   2.0000000e+00	   2.3740000e+03	
   1.1200000e+02	   2.1000000e+02	   2.1300000e+02	   9.0000000e+00	   5.0000000e+00	   2.5100000e+00	   4.3750000e+00	   9.0000000e-01	   3.0000000e+00	   1.0000000e+00	   2.0000000e+00	   1.0000000e+00	   8.1800000e+02	
   1.1600000e+02	   2.1200000e+02	   1.0700000e+02	   6.0000000e+00	   1.0000000e+00	   3.5150000e+00	   3.3850000e+00	   1.0100000e+00	   1.0000000e+00	   3.0000000e+00	   2.0000000e+00	   3.0000000e+00	   1.4510000e+03	
   1.0600000e+02	   2.1000000e+02	   1.0500000e+02	   5.0000000e+00	   4.0000000e+00	   3.4950000e+00	   4.3750000e+00	   1.2800000e+00	   1.0000000e+00	   3.0000000e+00	   2.0000000e+00	   3.0000000e+00	   7.0600000e+02	
   2.0500000e+02	   2.1000000e+02	   3.0600000e+02	   1.3000000e+01	   5.0000000e+00	   3.0250000e+00	   4.3750000e+00	   1.4900000e+00	   1.0000000e+00	   2.0000000e+00	   3.0000000e+00	   2.0000000e+00	   1.1880000e+03	
   2.0100000e+02	   2.1000000e+02	   2.1300000e+02	   9.0000000e+00	   5.0000000e+00	   3.2500000e+00	   4.3750000e+00	   9.0000000e-01	   3.0000000e+00	   1.0000000e+00	   2.0000000e+00	   1.0000000e+00	   8.1600000e+02	
   2.1200000e+02	   2.1500000e+02	   3.0900000e+02	   1.4000000e+01	   3.0000000e+00	   3.3850000e+00	   3.9850000e+00	   5.6000000e-01	   3.0000000e+00	   2.0000000e+00	   1.0000000e+00	   2.0000000e+00	   9.4400000e+02	
   1.0600000e+02	   2.0700000e+02	   1.0700000e+02	   6.0000000e+00	   3.0000000e+00	   3.4950000e+00	   2.9800000e+00	   1.0100000e+00	   2.0000000e+00	   1.0000000e+00	   3.0000000e+00	   2.0000000e+00	   1.2750000e+03	
   1.1600000e+02	   3.0300000e+02	   1.0300000e+02	   3.0000000e+00	   4.0000000e+00	   3.5150000e+00	   4.3000000e+00	   9.5000000e-01	   1.0000000e+00	   2.0000000e+00	   3.0000000e+00	   2.0000000e+00	   6.5700000e+02	
   1.0600000e+02	   2.0500000e+02	   1.0300000e+02	   3.0000000e+00	   3.0000000e+00	   3.4950000e+00	   3.0250000e+00	   9.5000000e-01	   3.0000000e+00	   2.0000000e+00	   1.0000000e+00	   3.0000000e+00	   1.2430000e+03	
   2.0100000e+02	   3.1400000e+02	   3.0600000e+02	   1.3000000e+01	   2.0000000e+00	   3.2500000e+00	   3.5450000e+00	   1.4900000e+00	   1.0000000e+00	   2.0000000e+00	   3.0000000e+00	   2.0000000e+00	   1.0920000e+03	
   2.1000000e+02	   3.1400000e+02	   3.0900000e+02	   1.4000000e+01	   4.0000000e+00	   4.3750000e+00	   3.5450000e+00	   5.6000000e-01	   1.0000000e+00	   3.0000000e+00	   2.0000000e+00	   1.0000000e+00	   7.6400000e+02	
   3.0300000e+02	   3.1400000e+02	   1.0500000e+02	   5.0000000e+00	   4.0000000e+00	   4.3000000e+00	   3.5450000e+00	   1.2800000e+00	   3.0000000e+00	   1.0000000e+00	   2.0000000e+00	   3.0000000e+00	   1.1920000e+03	
   2.0500000e+02	   2.1200000e+02	   1.0200000e+02	   2.0000000e+00	   2.0000000e+00	   3.0250000e+00	   3.3850000e+00	   5.0500000e-01	   1.0000000e+00	   3.0000000e+00	   2.0000000e+00	   3.0000000e+00	   3.0210000e+03	
   2.0700000e+02	   2.1200000e+02	   2.0200000e+02	   8.0000000e+00	   2.0000000e+00	   2.9800000e+00	   3.3850000e+00	   1.7500000e+00	   3.0000000e+00	   1.0000000e+00	   2.0000000e+00	   1.0000000e+00	   1.3150000e+03	
   2.0300000e+02	   2.1000000e+02	   1.0100000e+02	   1.0000000e+00	   5.0000000e+00	   2.7600000e+00	   4.3750000e+00	   1.8000000e-01	   2.0000000e+00	   1.0000000e+00	   3.0000000e+00	   1.0000000e+00	   6.6500000e+02	
   1.1200000e+02	   2.0700000e+02	   2.1300000e+02	   9.0000000e+00	   3.0000000e+00	   2.5100000e+00	   2.9800000e+00	   9.0000000e-01	   2.0000000e+00	   3.0000000e+00	   1.0000000e+00	   3.0000000e+00	   3.2340000e+03	
   1.1600000e+02	   2.1500000e+02	   1.1500000e+02	   7.0000000e+00	   3.0000000e+00	   3.5150000e+00	   3.9850000e+00	   1.3000000e+00	   2.0000000e+00	   1.0000000e+00	   3.0000000e+00	   1.0000000e+00	   1.2560000e+03	
   1.0600000e+02	   3.0300000e+02	   1.0100000e+02	   1.0000000e+00	   4.0000000e+00	   3.4950000e+00	   4.3000000e+00	   1.8000000e-01	   1.0000000e+00	   3.0000000e+00	   2.0000000e+00	   3.0000000e+00	   1.5380000e+03	
   3.0300000e+02	   3.0700000e+02	   2.0200000e+02	   8.0000000e+00	   5.0000000e+00	   4.3000000e+00	   2.8150000e+00	   1.7500000e+00	   1.0000000e+00	   3.0000000e+00	   2.0000000e+00	   1.0000000e+00	   6.9600000e+02	
   2.0100000e+02	   3.0700000e+02	   3.0900000e+02	   1.4000000e+01	   2.0000000e+00	   3.2500000e+00	   2.8150000e+00	   5.6000000e-01	   1.0000000e+00	   3.0000000e+00	   2.0000000e+00	   3.0000000e+00	   1.0400000e+03	
   1.1600000e+02	   2.1000000e+02	   1.0200000e+02	   2.0000000e+00	   4.0000000e+00	   3.5150000e+00	   4.3750000e+00	   5.0500000e-01	   1.0000000e+00	   2.0000000e+00	   3.0000000e+00	   2.0000000e+00	   6.9700000e+02	
   1.0600000e+02	   2.0300000e+02	   1.0400000e+02	   4.0000000e+00	   4.0000000e+00	   3.4950000e+00	   2.7600000e+00	   0.0000000e+00	   1.0000000e+00	   3.0000000e+00	   2.0000000e+00	   1.0000000e+00	   8.0500000e+02	
   2.0700000e+02	   2.1200000e+02	   3.0600000e+02	   1.3000000e+01	   2.0000000e+00	   2.9800000e+00	   3.3850000e+00	   1.4900000e+00	   2.0000000e+00	   1.0000000e+00	   3.0000000e+00	   1.0000000e+00	   1.6380000e+03	
   2.1000000e+02	   3.0700000e+02	   1.0200000e+02	   2.0000000e+00	   5.0000000e+00	   4.3750000e+00	   2.8150000e+00	   5.0500000e-01	   3.0000000e+00	   2.0000000e+00	   1.0000000e+00	   3.0000000e+00	   6.4600000e+02	
   1.0600000e+02	   1.1600000e+02	   3.0200000e+02	   1.1000000e+01	   1.0000000e+00	   3.4950000e+00	   3.5150000e+00	   5.4000000e-01	   1.0000000e+00	   2.0000000e+00	   3.0000000e+00	   1.0000000e+00	   1.6010000e+03	
   1.0600000e+02	   2.0500000e+02	   1.0100000e+02	   1.0000000e+00	   3.0000000e+00	   3.4950000e+00	   3.0250000e+00	   1.8000000e-01	   1.0000000e+00	   3.0000000e+00	   2.0000000e+00	   1.0000000e+00	   1.2320000e+03	
   2.0700000e+02	   3.0700000e+02	   3.0600000e+02	   1.3000000e+01	   1.0000000e+00	   2.9800000e+00	   2.8150000e+00	   1.4900000e+00	   3.0000000e+00	   2.0000000e+00	   1.0000000e+00	   2.0000000e+00	   1.4230000e+03	
   1.1200000e+02	   2.0500000e+02	   1.0200000e+02	   2.0000000e+00	   3.0000000e+00	   2.5100000e+00	   3.0250000e+00	   5.0500000e-01	   3.0000000e+00	   1.0000000e+00	   2.0000000e+00	   1.0000000e+00	   1.3590000e+03	
   2.1000000e+02	   2.1200000e+02	   3.0200000e+02	   1.1000000e+01	   4.0000000e+00	   4.3750000e+00	   3.3850000e+00	   5.4000000e-01	   1.0000000e+00	   2.0000000e+00	   3.0000000e+00	   1.0000000e+00	   6.5600000e+02	
   1.1200000e+02	   2.0300000e+02	   1.0700000e+02	   6.0000000e+00	   2.0000000e+00	   2.5100000e+00	   2.7600000e+00	   1.0100000e+00	   2.0000000e+00	   3.0000000e+00	   1.0000000e+00	   2.0000000e+00	   6.2030000e+03	
   1.1200000e+02	   2.1500000e+02	   1.0700000e+02	   6.0000000e+00	   5.0000000e+00	   2.5100000e+00	   3.9850000e+00	   1.0100000e+00	   1.0000000e+00	   3.0000000e+00	   2.0000000e+00	   3.0000000e+00	   1.0570000e+03	
   2.1500000e+02	   3.0300000e+02	   1.0500000e+02	   5.0000000e+00	   2.0000000e+00	   3.9850000e+00	   4.3000000e+00	   1.2800000e+00	   2.0000000e+00	   1.0000000e+00	   3.0000000e+00	   1.0000000e+00	   1.6450000e+03	
   1.0600000e+02	   2.0300000e+02	   3.0100000e+02	   1.0000000e+01	   4.0000000e+00	   3.4950000e+00	   2.7600000e+00	   1.9550000e+00	   2.0000000e+00	   1.0000000e+00	   3.0000000e+00	   2.0000000e+00	   9.5100000e+02	
   2.1200000e+02	   2.1500000e+02	   1.0400000e+02	   4.0000000e+00	   3.0000000e+00	   3.3850000e+00	   3.9850000e+00	   0.0000000e+00	   2.0000000e+00	   1.0000000e+00	   3.0000000e+00	   1.0000000e+00	   7.9100000e+02	
   2.0100000e+02	   2.0700000e+02	   3.1100000e+02	   1.5000000e+01	   2.0000000e+00	   3.2500000e+00	   2.9800000e+00	   2.0250000e+00	   2.0000000e+00	   3.0000000e+00	   1.0000000e+00	   2.0000000e+00	   2.9830000e+03	
   3.0700000e+02	   3.1400000e+02	   1.0400000e+02	   4.0000000e+00	   3.0000000e+00	   2.8150000e+00	   3.5450000e+00	   0.0000000e+00	   3.0000000e+00	   2.0000000e+00	   1.0000000e+00	   2.0000000e+00	   9.2900000e+02	
   1.1600000e+02	   2.0100000e+02	   1.1500000e+02	   7.0000000e+00	   2.0000000e+00	   3.5150000e+00	   3.2500000e+00	   1.3000000e+00	   2.0000000e+00	   1.0000000e+00	   3.0000000e+00	   2.0000000e+00	   6.0000000e+02	
   1.0600000e+02	   1.1200000e+02	   1.0400000e+02	   4.0000000e+00	   4.0000000e+00	   3.4950000e+00	   2.5100000e+00	   0.0000000e+00	   2.0000000e+00	   1.0000000e+00	   3.0000000e+00	   2.0000000e+00	   8.3500000e+02	
   2.0800000e+02	   3.1400000e+02	   1.0200000e+02	   2.0000000e+00	   2.0000000e+00	   3.1550000e+00	   3.5450000e+00	   5.0500000e-01	   3.0000000e+00	   2.0000000e+00	   1.0000000e+00	   2.0000000e+00	   7.1700000e+02	
   2.1000000e+02	   2.1500000e+02	   2.0200000e+02	   8.0000000e+00	   2.0000000e+00	   4.3750000e+00	   3.9850000e+00	   1.7500000e+00	   2.0000000e+00	   1.0000000e+00	   3.0000000e+00	   2.0000000e+00	   6.0600000e+02	
   1.1100000e+02	   2.1000000e+02	   3.0200000e+02	   1.1000000e+01	   4.0000000e+00	   3.5500000e+00	   4.3750000e+00	   5.4000000e-01	   3.0000000e+00	   1.0000000e+00	   2.0000000e+00	   1.0000000e+00	   7.8500000e+02	
   2.0300000e+02	   3.0700000e+02	   3.1100000e+02	   1.5000000e+01	   1.0000000e+00	   2.7600000e+00	   2.8150000e+00	   2.0250000e+00	   2.0000000e+00	   3.0000000e+00	   1.0000000e+00	   3.0000000e+00	   7.5800000e+02	
   2.0100000e+02	   2.1000000e+02	   3.0200000e+02	   1.1000000e+01	   5.0000000e+00	   3.2500000e+00	   4.3750000e+00	   5.4000000e-01	   1.0000000e+00	   3.0000000e+00	   2.0000000e+00	   3.0000000e+00	   5.9000000e+02	
   2.0700000e+02	   2.1500000e+02	   2.0200000e+02	   8.0000000e+00	   5.0000000e+00	   2.9800000e+00	   3.9850000e+00	   1.7500000e+00	   3.0000000e+00	   2.0000000e+00	   1.0000000e+00	   2.0000000e+00	   8.0900000e+02	
   2.0700000e+02	   2.0800000e+02	   1.0100000e+02	   1.0000000e+00	   1.0000000e+00	   2.9800000e+00	   3.1550000e+00	   1.8000000e-01	   1.0000000e+00	   2.0000000e+00	   3.0000000e+00	   2.0000000e+00	   9.3300000e+02	
   1.0600000e+02	   2.1000000e+02	   1.0700000e+02	   6.0000000e+00	   4.0000000e+00	   3.4950000e+00	   4.3750000e+00	   1.0100000e+00	   1.0000000e+00	   3.0000000e+00	   2.0000000e+00	   3.0000000e+00	   5.8400000e+02	
   1.1200000e+02	   3.1400000e+02	   1.0400000e+02	   4.0000000e+00	   5.0000000e+00	   2.5100000e+00	   3.5450000e+00	   0.0000000e+00	   2.0000000e+00	   1.0000000e+00	   3.0000000e+00	   1.0000000e+00	   7.1400000e+02	
   2.1200000e+02	   2.1500000e+02	   3.1100000e+02	   1.5000000e+01	   3.0000000e+00	   3.3850000e+00	   3.9850000e+00	   2.0250000e+00	   1.0000000e+00	   3.0000000e+00	   2.0000000e+00	   3.0000000e+00	   7.7600000e+02	
   2.0500000e+02	   3.0300000e+02	   1.1500000e+02	   7.0000000e+00	   5.0000000e+00	   3.0250000e+00	   4.3000000e+00	   1.3000000e+00	   2.0000000e+00	   3.0000000e+00	   1.0000000e+00	   3.0000000e+00	   6.5200000e+02	
   2.1000000e+02	   3.1400000e+02	   1.0500000e+02	   5.0000000e+00	   4.0000000e+00	   4.3750000e+00	   3.5450000e+00	   1.2800000e+00	   3.0000000e+00	   2.0000000e+00	   1.0000000e+00	   3.0000000e+00	   6.5000000e+02	
   3.0700000e+02	   3.1400000e+02	   3.0600000e+02	   1.3000000e+01	   3.0000000e+00	   2.8150000e+00	   3.5450000e+00	   1.4900000e+00	   2.0000000e+00	   1.0000000e+00	   3.0000000e+00	   1.0000000e+00	   2.4400000e+03	
   1.1600000e+02	   2.1200000e+02	   2.0200000e+02	   8.0000000e+00	   1.0000000e+00	   3.5150000e+00	   3.3850000e+00	   1.7500000e+00	   1.0000000e+00	   3.0000000e+00	   2.0000000e+00	   3.0000000e+00	   1.9650000e+03	
   2.0500000e+02	   2.1200000e+02	   3.0200000e+02	   1.1000000e+01	   2.0000000e+00	   3.0250000e+00	   3.3850000e+00	   5.4000000e-01	   2.0000000e+00	   3.0000000e+00	   1.0000000e+00	   3.0000000e+00	   1.5870000e+03	
   2.0300000e+02	   2.1000000e+02	   2.0200000e+02	   8.0000000e+00	   5.0000000e+00	   2.7600000e+00	   4.3750000e+00	   1.7500000e+00	   2.0000000e+00	   3.0000000e+00	   1.0000000e+00	   3.0000000e+00	   5.7000000e+02	
   1.1200000e+02	   3.0300000e+02	   1.0100000e+02	   1.0000000e+00	   5.0000000e+00	   2.5100000e+00	   4.3000000e+00	   1.8000000e-01	   3.0000000e+00	   1.0000000e+00	   2.0000000e+00	   1.0000000e+00	   7.1800000e+02	
   1.1200000e+02	   2.1200000e+02	   3.0100000e+02	   1.0000000e+01	   4.0000000e+00	   2.5100000e+00	   3.3850000e+00	   1.9550000e+00	   2.0000000e+00	   3.0000000e+00	   1.0000000e+00	   3.0000000e+00	   1.8140000e+03	
   2.0800000e+02	   3.0700000e+02	   1.0500000e+02	   5.0000000e+00	   2.0000000e+00	   3.1550000e+00	   2.8150000e+00	   1.2800000e+00	   3.0000000e+00	   2.0000000e+00	   1.0000000e+00	   3.0000000e+00	   2.3190000e+03	
   2.0300000e+02	   2.0800000e+02	   3.0100000e+02	   1.0000000e+01	   2.0000000e+00	   2.7600000e+00	   3.1550000e+00	   1.9550000e+00	   1.0000000e+00	   3.0000000e+00	   2.0000000e+00	   3.0000000e+00	   5.7200000e+02	
   1.1600000e+02	   2.0100000e+02	   1.0100000e+02	   1.0000000e+00	   2.0000000e+00	   3.5150000e+00	   3.2500000e+00	   1.8000000e-01	   1.0000000e+00	   2.0000000e+00	   3.0000000e+00	   2.0000000e+00	   1.4180000e+03	
   1.0600000e+02	   2.1200000e+02	   3.0200000e+02	   1.1000000e+01	   1.0000000e+00	   3.4950000e+00	   3.3850000e+00	   5.4000000e-01	   3.0000000e+00	   2.0000000e+00	   1.0000000e+00	   3.0000000e+00	   8.0700000e+02	
   1.1200000e+02	   2.1500000e+02	   1.0100000e+02	   1.0000000e+00	   5.0000000e+00	   2.5100000e+00	   3.9850000e+00	   1.8000000e-01	   3.0000000e+00	   2.0000000e+00	   1.0000000e+00	   2.0000000e+00	   6.5000000e+02	
   1.1200000e+02	   2.0300000e+02	   2.1300000e+02	   9.0000000e+00	   2.0000000e+00	   2.5100000e+00	   2.7600000e+00	   9.0000000e-01	   1.0000000e+00	   2.0000000e+00	   3.0000000e+00	   2.0000000e+00	   3.2150000e+03	
   2.1500000e+02	   3.1400000e+02	   1.0500000e+02	   5.0000000e+00	   3.0000000e+00	   3.9850000e+00	   3.5450000e+00	   1.2800000e+00	   3.0000000e+00	   1.0000000e+00	   2.0000000e+00	   3.0000000e+00	   8.3600000e+02	
   2.0100000e+02	   2.0300000e+02	   3.0400000e+02	   1.2000000e+01	   3.0000000e+00	   3.2500000e+00	   2.7600000e+00	   1.0000000e-02	   1.0000000e+00	   3.0000000e+00	   2.0000000e+00	   1.0000000e+00	   1.4150000e+03	
   3.0300000e+02	   3.0700000e+02	   3.0400000e+02	   1.2000000e+01	   5.0000000e+00	   4.3000000e+00	   2.8150000e+00	   1.0000000e-02	   3.0000000e+00	   1.0000000e+00	   2.0000000e+00	   3.0000000e+00	   8.2800000e+02	
   2.1500000e+02	   3.0700000e+02	   2.0200000e+02	   8.0000000e+00	   5.0000000e+00	   3.9850000e+00	   2.8150000e+00	   1.7500000e+00	   2.0000000e+00	   1.0000000e+00	   3.0000000e+00	   2.0000000e+00	   7.7300000e+02	
   1.0600000e+02	   2.1200000e+02	   3.0100000e+02	   1.0000000e+01	   1.0000000e+00	   3.4950000e+00	   3.3850000e+00	   1.9550000e+00	   3.0000000e+00	   2.0000000e+00	   1.0000000e+00	   3.0000000e+00	   1.2290000e+03	
   2.0700000e+02	   2.1200000e+02	   2.1300000e+02	   9.0000000e+00	   2.0000000e+00	   2.9800000e+00	   3.3850000e+00	   9.0000000e-01	   2.0000000e+00	   3.0000000e+00	   1.0000000e+00	   3.0000000e+00	   1.3670000e+03	
   2.0100000e+02	   2.0800000e+02	   1.0700000e+02	   6.0000000e+00	   1.0000000e+00	   3.2500000e+00	   3.1550000e+00	   1.0100000e+00	   2.0000000e+00	   1.0000000e+00	   3.0000000e+00	   1.0000000e+00	   1.4670000e+03	
   1.1600000e+02	   2.0300000e+02	   3.1100000e+02	   1.5000000e+01	   4.0000000e+00	   3.5150000e+00	   2.7600000e+00	   2.0250000e+00	   1.0000000e+00	   3.0000000e+00	   2.0000000e+00	   2.0000000e+00	   1.6350000e+03	
   1.1200000e+02	   1.1600000e+02	   1.0100000e+02	   1.0000000e+00	   5.0000000e+00	   2.5100000e+00	   3.5150000e+00	   1.8000000e-01	   3.0000000e+00	   2.0000000e+00	   1.0000000e+00	   2.0000000e+00	   2.2320000e+03	
   1.0600000e+02	   2.1500000e+02	   3.0600000e+02	   1.3000000e+01	   3.0000000e+00	   3.4950000e+00	   3.9850000e+00	   1.4900000e+00	   3.0000000e+00	   1.0000000e+00	   2.0000000e+00	   3.0000000e+00	   7.0500000e+02	
   1.1200000e+02	   2.1000000e+02	   1.1500000e+02	   7.0000000e+00	   5.0000000e+00	   2.5100000e+00	   4.3750000e+00	   1.3000000e+00	   3.0000000e+00	   1.0000000e+00	   2.0000000e+00	   1.0000000e+00	   7.4900000e+02	
   1.1100000e+02	   2.0100000e+02	   1.0200000e+02	   2.0000000e+00	   2.0000000e+00	   3.5500000e+00	   3.2500000e+00	   5.0500000e-01	   1.0000000e+00	   3.0000000e+00	   2.0000000e+00	   1.0000000e+00	   2.9740000e+03	
   2.0800000e+02	   3.0700000e+02	   1.0200000e+02	   2.0000000e+00	   2.0000000e+00	   3.1550000e+00	   2.8150000e+00	   5.0500000e-01	   1.0000000e+00	   3.0000000e+00	   2.0000000e+00	   1.0000000e+00	   1.2100000e+03	
   2.0700000e+02	   2.1500000e+02	   3.0600000e+02	   1.3000000e+01	   5.0000000e+00	   2.9800000e+00	   3.9850000e+00	   1.4900000e+00	   2.0000000e+00	   1.0000000e+00	   3.0000000e+00	   1.0000000e+00	   7.1500000e+02	
   2.1200000e+02	   3.0300000e+02	   2.1300000e+02	   9.0000000e+00	   4.0000000e+00	   3.3850000e+00	   4.3000000e+00	   9.0000000e-01	   2.0000000e+00	   3.0000000e+00	   1.0000000e+00	   3.0000000e+00	   6.3400000e+02	
   2.0100000e+02	   3.0300000e+02	   1.0200000e+02	   2.0000000e+00	   5.0000000e+00	   3.2500000e+00	   4.3000000e+00	   5.0500000e-01	   2.0000000e+00	   1.0000000e+00	   3.0000000e+00	   1.0000000e+00	   1.2050000e+03	
   2.0500000e+02	   3.0700000e+02	   3.0400000e+02	   1.2000000e+01	   1.0000000e+00	   3.0250000e+00	   2.8150000e+00	   1.0000000e-02	   3.0000000e+00	   2.0000000e+00	   1.0000000e+00	   2.0000000e+00	   1.2230000e+03	
   1.1100000e+02	   3.1400000e+02	   1.1500000e+02	   7.0000000e+00	   1.0000000e+00	   3.5500000e+00	   3.5450000e+00	   1.3000000e+00	   3.0000000e+00	   2.0000000e+00	   1.0000000e+00	   2.0000000e+00	   8.5600000e+02	
   1.0600000e+02	   1.1200000e+02	   1.0700000e+02	   6.0000000e+00	   4.0000000e+00	   3.4950000e+00	   2.5100000e+00	   1.0100000e+00	   3.0000000e+00	   1.0000000e+00	   2.0000000e+00	   3.0000000e+00	   7.2300000e+02	
   2.0500000e+02	   2.1000000e+02	   1.0400000e+02	   4.0000000e+00	   5.0000000e+00	   3.0250000e+00	   4.3750000e+00	   0.0000000e+00	   1.0000000e+00	   2.0000000e+00	   3.0000000e+00	   2.0000000e+00	   6.2300000e+02	
   2.1500000e+02	   3.0300000e+02	   3.0200000e+02	   1.1000000e+01	   2.0000000e+00	   3.9850000e+00	   4.3000000e+00	   5.4000000e-01	   3.0000000e+00	   1.0000000e+00	   2.0000000e+00	   1.0000000e+00	   6.5700000e+02	
   1.1600000e+02	   2.1500000e+02	   1.0200000e+02	   2.0000000e+00	   3.0000000e+00	   3.5150000e+00	   3.9850000e+00	   5.0500000e-01	   2.0000000e+00	   3.0000000e+00	   1.0000000e+00	   3.0000000e+00	   7.7600000e+02	
   2.0500000e+02	   2.1200000e+02	   3.0400000e+02	   1.2000000e+01	   2.0000000e+00	   3.0250000e+00	   3.3850000e+00	   1.0000000e-02	   2.0000000e+00	   1.0000000e+00	   3.0000000e+00	   1.0000000e+00	   1.4870000e+03	
   1.0600000e+02	   1.1200000e+02	   1.0100000e+02	   1.0000000e+00	   4.0000000e+00	   3.4950000e+00	   2.5100000e+00	   1.8000000e-01	   3.0000000e+00	   2.0000000e+00	   1.0000000e+00	   3.0000000e+00	   1.0920000e+03	
   2.0700000e+02	   2.1500000e+02	   1.1500000e+02	   7.0000000e+00	   5.0000000e+00	   2.9800000e+00	   3.9850000e+00	   1.3000000e+00	   1.0000000e+00	   3.0000000e+00	   2.0000000e+00	   3.0000000e+00	   6.0400000e+02	
   2.0300000e+02	   2.0500000e+02	   3.0600000e+02	   1.3000000e+01	   2.0000000e+00	   2.7600000e+00	   3.0250000e+00	   1.4900000e+00	   2.0000000e+00	   1.0000000e+00	   3.0000000e+00	   1.0000000e+00	   1.3500000e+03	
   2.0300000e+02	   2.1200000e+02	   1.0200000e+02	   2.0000000e+00	   3.0000000e+00	   2.7600000e+00	   3.3850000e+00	   5.0500000e-01	   1.0000000e+00	   3.0000000e+00	   2.0000000e+00	   3.0000000e+00	   1.2280000e+03	
   1.0600000e+02	   3.0300000e+02	   1.0700000e+02	   6.0000000e+00	   4.0000000e+00	   3.4950000e+00	   4.3000000e+00	   1.0100000e+00	   1.0000000e+00	   2.0000000e+00	   3.0000000e+00	   2.0000000e+00	   6.7500000e+02	
   2.0100000e+02	   2.0700000e+02	   1.0100000e+02	   1.0000000e+00	   2.0000000e+00	   3.2500000e+00	   2.9800000e+00	   1.8000000e-01	   2.0000000e+00	   1.0000000e+00	   3.0000000e+00	   2.0000000e+00	   1.4250000e+03	
   1.1600000e+02	   2.1500000e+02	   3.1100000e+02	   1.5000000e+01	   3.0000000e+00	   3.5150000e+00	   3.9850000e+00	   2.0250000e+00	   3.0000000e+00	   2.0000000e+00	   1.0000000e+00	   2.0000000e+00	   6.6700000e+02	
   2.0300000e+02	   2.1000000e+02	   1.0500000e+02	   5.0000000e+00	   5.0000000e+00	   2.7600000e+00	   4.3750000e+00	   1.2800000e+00	   2.0000000e+00	   3.0000000e+00	   1.0000000e+00	   3.0000000e+00	   5.6100000e+02	
   1.1600000e+02	   3.0700000e+02	   2.0200000e+02	   8.0000000e+00	   3.0000000e+00	   3.5150000e+00	   2.8150000e+00	   1.7500000e+00	   1.0000000e+00	   3.0000000e+00	   2.0000000e+00	   3.0000000e+00	   1.8090000e+03	
   1.0600000e+02	   1.1600000e+02	   3.0900000e+02	   1.4000000e+01	   1.0000000e+00	   3.4950000e+00	   3.5150000e+00	   5.6000000e-01	   1.0000000e+00	   3.0000000e+00	   2.0000000e+00	   1.0000000e+00	   7.5200000e+02	
   1.1100000e+02	   3.1400000e+02	   3.0100000e+02	   1.0000000e+01	   1.0000000e+00	   3.5500000e+00	   3.5450000e+00	   1.9550000e+00	   3.0000000e+00	   1.0000000e+00	   2.0000000e+00	   1.0000000e+00	   1.6110000e+03	
   2.0700000e+02	   2.1500000e+02	   3.0100000e+02	   1.0000000e+01	   5.0000000e+00	   2.9800000e+00	   3.9850000e+00	   1.9550000e+00	   2.0000000e+00	   1.0000000e+00	   3.0000000e+00	   1.0000000e+00	   6.6100000e+02	
   2.0300000e+02	   3.1400000e+02	   2.0200000e+02	   8.0000000e+00	   4.0000000e+00	   2.7600000e+00	   3.5450000e+00	   1.7500000e+00	   3.0000000e+00	   2.0000000e+00	   1.0000000e+00	   2.0000000e+00	   8.0400000e+02	
   1.1100000e+02	   3.0700000e+02	   1.1500000e+02	   7.0000000e+00	   4.0000000e+00	   3.5500000e+00	   2.8150000e+00	   1.3000000e+00	   3.0000000e+00	   1.0000000e+00	   2.0000000e+00	   1.0000000e+00	   8.5300000e+02	
   1.1600000e+02	   2.0800000e+02	   1.0400000e+02	   4.0000000e+00	   2.0000000e+00	   3.5150000e+00	   3.1550000e+00	   0.0000000e+00	   2.0000000e+00	   1.0000000e+00	   3.0000000e+00	   1.0000000e+00	   7.3600000e+02	
   2.0800000e+02	   3.0300000e+02	   3.0100000e+02	   1.0000000e+01	   5.0000000e+00	   3.1550000e+00	   4.3000000e+00	   1.9550000e+00	   3.0000000e+00	   1.0000000e+00	   2.0000000e+00	   1.0000000e+00	   7.8600000e+02	
   2.1200000e+02	   3.1400000e+02	   1.0300000e+02	   3.0000000e+00	   1.0000000e+00	   3.3850000e+00	   3.5450000e+00	   9.5000000e-01	   3.0000000e+00	   2.0000000e+00	   1.0000000e+00	   2.0000000e+00	   6.9700000e+02	
   2.0800000e+02	   2.1500000e+02	   1.0700000e+02	   6.0000000e+00	   4.0000000e+00	   3.1550000e+00	   3.9850000e+00	   1.0100000e+00	   2.0000000e+00	   1.0000000e+00	   3.0000000e+00	   1.0000000e+00	   8.5500000e+02	
   1.1600000e+02	   2.0800000e+02	   1.0300000e+02	   3.0000000e+00	   2.0000000e+00	   3.5150000e+00	   3.1550000e+00	   9.5000000e-01	   3.0000000e+00	   2.0000000e+00	   1.0000000e+00	   2.0000000e+00	   7.4000000e+02	
   1.0600000e+02	   2.1000000e+02	   3.0900000e+02	   1.4000000e+01	   4.0000000e+00	   3.4950000e+00	   4.3750000e+00	   5.6000000e-01	   2.0000000e+00	   1.0000000e+00	   3.0000000e+00	   1.0000000e+00	   1.0760000e+03	
   2.0800000e+02	   2.1200000e+02	   1.0500000e+02	   5.0000000e+00	   2.0000000e+00	   3.1550000e+00	   3.3850000e+00	   1.2800000e+00	   3.0000000e+00	   1.0000000e+00	   2.0000000e+00	   1.0000000e+00	   2.1750000e+03	
   2.0700000e+02	   2.1000000e+02	   3.1100000e+02	   1.5000000e+01	   5.0000000e+00	   2.9800000e+00	   4.3750000e+00	   2.0250000e+00	   1.0000000e+00	   3.0000000e+00	   2.0000000e+00	   3.0000000e+00	   7.5300000e+02	
   2.0800000e+02	   3.0700000e+02	   1.1500000e+02	   7.0000000e+00	   2.0000000e+00	   3.1550000e+00	   2.8150000e+00	   1.3000000e+00	   3.0000000e+00	   2.0000000e+00	   1.0000000e+00	   3.0000000e+00	   5.5200000e+02	
   2.1200000e+02	   3.0700000e+02	   3.0600000e+02	   1.3000000e+01	   3.0000000e+00	   3.3850000e+00	   2.8150000e+00	   1.4900000e+00	   1.0000000e+00	   2.0000000e+00	   3.0000000e+00	   1.0000000e+00	   4.6820000e+03	
   2.0100000e+02	   2.0800000e+02	   3.0400000e+02	   1.2000000e+01	   1.0000000e+00	   3.2500000e+00	   3.1550000e+00	   1.0000000e-02	   2.0000000e+00	   3.0000000e+00	   1.0000000e+00	   3.0000000e+00	   1.3080000e+03	
   3.0300000e+02	   3.1400000e+02	   3.1100000e+02	   1.5000000e+01	   4.0000000e+00	   4.3000000e+00	   3.5450000e+00	   2.0250000e+00	   1.0000000e+00	   2.0000000e+00	   3.0000000e+00	   1.0000000e+00	   6.4100000e+02	
   1.1600000e+02	   2.0300000e+02	   2.1300000e+02	   9.0000000e+00	   4.0000000e+00	   3.5150000e+00	   2.7600000e+00	   9.0000000e-01	   3.0000000e+00	   2.0000000e+00	   1.0000000e+00	   3.0000000e+00	   1.7280000e+03	
   2.1000000e+02	   3.0700000e+02	   3.0600000e+02	   1.3000000e+01	   5.0000000e+00	   4.3750000e+00	   2.8150000e+00	   1.4900000e+00	   3.0000000e+00	   2.0000000e+00	   1.0000000e+00	   3.0000000e+00	   5.8000000e+02	
   2.0300000e+02	   2.1500000e+02	   1.0500000e+02	   5.0000000e+00	   5.0000000e+00	   2.7600000e+00	   3.9850000e+00	   1.2800000e+00	   3.0000000e+00	   1.0000000e+00	   2.0000000e+00	   1.0000000e+00	   7.0900000e+02	
   1.1200000e+02	   2.1200000e+02	   1.0100000e+02	   1.0000000e+00	   4.0000000e+00	   2.5100000e+00	   3.3850000e+00	   1.8000000e-01	   3.0000000e+00	   1.0000000e+00	   2.0000000e+00	   1.0000000e+00	   1.7620000e+03	
   1.1600000e+02	   3.0700000e+02	   1.1500000e+02	   7.0000000e+00	   3.0000000e+00	   3.5150000e+00	   2.8150000e+00	   1.3000000e+00	   3.0000000e+00	   2.0000000e+00	   1.0000000e+00	   2.0000000e+00	   1.6390000e+03	
   2.0500000e+02	   3.1400000e+02	   1.0100000e+02	   1.0000000e+00	   3.0000000e+00	   3.0250000e+00	   3.5450000e+00	   1.8000000e-01	   2.0000000e+00	   1.0000000e+00	   3.0000000e+00	   1.0000000e+00	   4.4780000e+03	
   1.0600000e+02	   2.0300000e+02	   3.0600000e+02	   1.3000000e+01	   4.0000000e+00	   3.4950000e+00	   2.7600000e+00	   1.4900000e+00	   1.0000000e+00	   2.0000000e+00	   3.0000000e+00	   1.0000000e+00	   1.2670000e+03	
   2.0800000e+02	   2.1200000e+02	   3.0100000e+02	   1.0000000e+01	   2.0000000e+00	   3.1550000e+00	   3.3850000e+00	   1.9550000e+00	   2.0000000e+00	   1.0000000e+00	   3.0000000e+00	   2.0000000e+00	   2.4780000e+03	
   1.1600000e+02	   2.1000000e+02	   1.0300000e+02	   3.0000000e+00	   4.0000000e+00	   3.5150000e+00	   4.3750000e+00	   9.5000000e-01	   2.0000000e+00	   1.0000000e+00	   3.0000000e+00	   1.0000000e+00	   7.7200000e+02	
   2.0300000e+02	   2.1500000e+02	   3.1100000e+02	   1.5000000e+01	   5.0000000e+00	   2.7600000e+00	   3.9850000e+00	   2.0250000e+00	   2.0000000e+00	   3.0000000e+00	   1.0000000e+00	   3.0000000e+00	   6.6700000e+02	
   2.0100000e+02	   3.1400000e+02	   3.0900000e+02	   1.4000000e+01	   2.0000000e+00	   3.2500000e+00	   3.5450000e+00	   5.6000000e-01	   2.0000000e+00	   1.0000000e+00	   3.0000000e+00	   1.0000000e+00	   7.9000000e+02	
   1.0600000e+02	   2.1500000e+02	   3.0200000e+02	   1.1000000e+01	   3.0000000e+00	   3.4950000e+00	   3.9850000e+00	   5.4000000e-01	   2.0000000e+00	   3.0000000e+00	   1.0000000e+00	   3.0000000e+00	   6.4800000e+02	
   2.0100000e+02	   3.0300000e+02	   1.0400000e+02	   4.0000000e+00	   5.0000000e+00	   3.2500000e+00	   4.3000000e+00	   0.0000000e+00	   1.0000000e+00	   3.0000000e+00	   2.0000000e+00	   3.0000000e+00	   6.3200000e+02	
   2.0500000e+02	   2.0700000e+02	   1.0400000e+02	   4.0000000e+00	   1.0000000e+00	   3.0250000e+00	   2.9800000e+00	   0.0000000e+00	   1.0000000e+00	   2.0000000e+00	   3.0000000e+00	   1.0000000e+00	   2.7700000e+03	
   1.1600000e+02	   2.0500000e+02	   1.1500000e+02	   7.0000000e+00	   3.0000000e+00	   3.5150000e+00	   3.0250000e+00	   1.3000000e+00	   2.0000000e+00	   3.0000000e+00	   1.0000000e+00	   3.0000000e+00	   1.4520000e+03	
   2.0800000e+02	   3.0700000e+02	   2.0200000e+02	   8.0000000e+00	   2.0000000e+00	   3.1550000e+00	   2.8150000e+00	   1.7500000e+00	   1.0000000e+00	   3.0000000e+00	   2.0000000e+00	   1.0000000e+00	   1.1010000e+03	
   1.1600000e+02	   2.1000000e+02	   3.0600000e+02	   1.3000000e+01	   4.0000000e+00	   3.5150000e+00	   4.3750000e+00	   1.4900000e+00	   2.0000000e+00	   3.0000000e+00	   1.0000000e+00	   3.0000000e+00	   5.4200000e+02	
   2.1200000e+02	   2.1500000e+02	   3.0100000e+02	   1.0000000e+01	   3.0000000e+00	   3.3850000e+00	   3.9850000e+00	   1.9550000e+00	   2.0000000e+00	   3.0000000e+00	   1.0000000e+00	   3.0000000e+00	   6.1300000e+02	
   1.1100000e+02	   1.1600000e+02	   2.0200000e+02	   8.0000000e+00	   1.0000000e+00	   3.5500000e+00	   3.5150000e+00	   1.7500000e+00	   2.0000000e+00	   1.0000000e+00	   3.0000000e+00	   2.0000000e+00	   3.8040000e+03	
   2.0300000e+02	   2.0700000e+02	   1.0200000e+02	   2.0000000e+00	   1.0000000e+00	   2.7600000e+00	   2.9800000e+00	   5.0500000e-01	   1.0000000e+00	   2.0000000e+00	   3.0000000e+00	   2.0000000e+00	   2.2600000e+03	
