   1.0000000e+00	   1.0300000e+02	   1.0000000e+00	   9.7000000e-01	   3.7210000e+03	   0.0000000e+00	   3.0980000e+03	
   2.0000000e+00	   2.0700000e+02	   2.0000000e+00	   5.0000000e+00	   9.1010000e+03	   1.9800000e+00	   3.2660000e+03	
   3.0000000e+00	   3.0700000e+02	   3.0000000e+00	   5.0000000e+00	   2.5670000e+03	   3.9900000e+00	   2.1660000e+03	
   4.0000000e+00	   3.0100000e+02	   3.0000000e+00	   4.0300000e+00	   3.3550000e+03	   2.5500000e+00	   2.3660000e+03	
   5.0000000e+00	   2.0300000e+02	   2.0000000e+00	   2.9600000e+00	   2.4370000e+03	   0.0000000e+00	   4.3650000e+03	
   6.0000000e+00	   2.0400000e+02	   2.0000000e+00	   1.0300000e+00	   4.0210000e+03	   8.3000000e-01	   1.2330000e+03	
   7.0000000e+00	   2.0200000e+02	   2.0000000e+00	   3.9600000e+00	   4.2550000e+03	   1.9900000e+00	   2.0660000e+03	
   8.0000000e+00	   3.0400000e+02	   3.0000000e+00	   5.0000000e+00	   1.7560000e+03	   3.9900000e+00	   3.4000000e+03	
   9.0000000e+00	   2.0800000e+02	   2.0000000e+00	   4.8600000e+00	   2.8220000e+03	   3.9900000e+00	   4.3650000e+03	
   1.0000000e+01	   1.1500000e+02	   1.0000000e+00	   9.7000000e-01	   3.4880000e+03	   1.0200000e+00	   1.7670000e+03	
   1.1000000e+01	   3.0600000e+02	   3.0000000e+00	   4.0300000e+00	   3.6540000e+03	   1.9700000e+00	   2.1660000e+03	
   1.2000000e+01	   1.1400000e+02	   1.0000000e+00	   4.6000000e-01	   3.8220000e+03	   5.5000000e-01	   1.3330000e+03	
   1.3000000e+01	   3.1100000e+02	   3.0000000e+00	   3.0100000e+00	   5.3900000e+03	   5.0000000e-01	   4.2980000e+03	
   1.4000000e+01	   1.0700000e+02	   1.0000000e+00	   1.5400000e+00	   7.8880000e+03	   9.7000000e-01	   1.6660000e+03	
   1.5000000e+01	   3.1200000e+02	   3.0000000e+00	   9.6000000e-01	   4.8030000e+03	   8.8000000e-01	   2.3660000e+03	
   1.6000000e+01	   1.0800000e+02	   1.0000000e+00	   5.0000000e+00	   1.7560000e+03	   2.4900000e+00	   1.5660000e+03	
   1.7000000e+01	   1.1100000e+02	   1.0000000e+00	   5.0000000e+00	   1.4390000e+03	   2.0200000e+00	   2.4650000e+03	
   1.8000000e+01	   1.0200000e+02	   1.0000000e+00	   5.0000000e+00	   1.4900000e+03	   9.6000000e-01	   2.4990000e+03	
   1.9000000e+01	   2.1200000e+02	   2.0000000e+00	   3.8700000e+00	   3.5220000e+03	   2.0100000e+00	   2.6990000e+03	
   2.0000000e+01	   3.0300000e+02	   3.0000000e+00	   5.0000000e+00	   9.9100000e+02	   4.0100000e+00	   2.1660000e+03	
   2.1000000e+01	   1.0900000e+02	   1.0000000e+00	   9.8000000e-01	   2.8560000e+03	   3.9000000e-01	   1.3000000e+03	
   2.2000000e+01	   1.0500000e+02	   1.0000000e+00	   9.9000000e-01	   4.1550000e+03	   0.0000000e+00	   1.7010000e+03	
   2.3000000e+01	   3.1300000e+02	   3.0000000e+00	   5.0000000e+00	   1.6230000e+03	   1.9900000e+00	   2.9650000e+03	
   2.4000000e+01	   1.0600000e+02	   1.0000000e+00	   5.0000000e+00	   2.1230000e+03	   5.0000000e+00	   3.9980000e+03	
   2.5000000e+01	   2.0100000e+02	   2.0000000e+00	   5.0000000e+00	   1.7890000e+03	   1.5300000e+00	   3.5660000e+03	
   2.6000000e+01	   3.0900000e+02	   3.0000000e+00	   5.0000000e+00	   1.5900000e+03	   1.0200000e+00	   1.7330000e+03	
   2.7000000e+01	   1.0100000e+02	   1.0000000e+00	   1.0200000e+00	   1.6890000e+03	   5.3000000e-01	   1.2660000e+03	
   2.8000000e+01	   3.0500000e+02	   3.0000000e+00	   0.0000000e+00	   1.6560000e+03	   0.0000000e+00	   2.4000000e+03	
   2.9000000e+01	   1.1200000e+02	   1.0000000e+00	   5.0000000e+00	   1.5230000e+03	   2.0000000e+00	   1.8990000e+03	
   3.0000000e+01	   2.1400000e+02	   2.0000000e+00	   1.9400000e+00	   3.1220000e+03	   3.7000000e-01	   3.4990000e+03	
   3.1000000e+01	   2.1500000e+02	   2.0000000e+00	   3.0000000e+00	   4.0230000e+03	   3.5300000e+00	   3.5330000e+03	
   3.2000000e+01	   1.1600000e+02	   1.0000000e+00	   5.0000000e+00	   1.4900000e+03	   3.4700000e+00	   2.6660000e+03	
   3.3000000e+01	   2.1300000e+02	   2.0000000e+00	   0.0000000e+00	   2.4220000e+03	   3.6000000e-01	   3.6000000e+03	
   3.4000000e+01	   1.0400000e+02	   1.0000000e+00	   0.0000000e+00	   1.9380000e+03	   0.0000000e+00	   1.5330000e+03	
   3.5000000e+01	   2.0600000e+02	   2.0000000e+00	   4.0400000e+00	   4.7210000e+03	   4.6200000e+00	   2.5990000e+03	
   3.6000000e+01	   2.0900000e+02	   2.0000000e+00	   2.0600000e+00	   3.1730000e+03	   9.7000000e-01	   9.9900000e+02	
   3.7000000e+01	   2.1000000e+02	   2.0000000e+00	   5.0000000e+00	   9.2200000e+02	   3.3800000e+00	   2.8640000e+03	
   3.8000000e+01	   2.1100000e+02	   2.0000000e+00	   0.0000000e+00	   1.0560000e+03	   5.7000000e-01	   5.3650000e+03	
   3.9000000e+01	   3.0200000e+02	   3.0000000e+00	   2.9400000e+00	   4.7880000e+03	   2.5600000e+00	   2.6660000e+03	
   4.0000000e+01	   3.1400000e+02	   3.0000000e+00	   5.0000000e+00	   1.1380000e+03	   3.4500000e+00	   3.0650000e+03	
   4.1000000e+01	   2.0500000e+02	   2.0000000e+00	   5.0000000e+00	   2.5560000e+03	   1.6400000e+00	   4.2650000e+03	
   4.2000000e+01	   1.1000000e+02	   1.0000000e+00	   0.0000000e+00	   1.6720000e+03	   0.0000000e+00	   1.2990000e+03	
   4.3000000e+01	   3.1000000e+02	   3.0000000e+00	   3.1600000e+00	   3.2220000e+03	   2.6400000e+00	   3.5660000e+03	
   4.4000000e+01	   1.1300000e+02	   1.0000000e+00	   5.0000000e+00	   1.2040000e+03	   4.3700000e+00	   3.2990000e+03	
   4.5000000e+01	   3.0800000e+02	   3.0000000e+00	   1.1300000e+00	   2.1560000e+03	   0.0000000e+00	   9.6600000e+02	
