   1.0000000e+00	   1.0000000e+00	   2.0800000e+02	   3.5300000e+00	   6.4850000e+03	
   1.0000000e+00	   2.0000000e+00	   2.0500000e+02	   2.5200000e+00	   4.5920000e+03	
   1.0000000e+00	   3.0000000e+00	   2.0400000e+02	   1.5000000e+00	   4.4280000e+03	
   1.0000000e+00	   4.0000000e+00	   3.0400000e+02	   3.5000000e+00	   6.7260000e+03	
   1.0000000e+00	   5.0000000e+00	   1.1600000e+02	   3.0100000e+00	   3.5280000e+03	
   1.0000000e+00	   6.0000000e+00	   2.1000000e+02	   3.1000000e+00	   4.3940000e+03	
   1.0000000e+00	   7.0000000e+00	   2.1100000e+02	   2.9800000e+00	   1.0791000e+04	
   1.0000000e+00	   8.0000000e+00	   2.1200000e+02	   2.5100000e+00	   3.6260000e+03	
   1.0000000e+00	   9.0000000e+00	   3.0800000e+02	   1.7300000e+00	   4.3940000e+03	
   1.0000000e+00	   1.0000000e+01	   3.0200000e+02	   7.6000000e-01	   1.7270000e+03	
   1.0000000e+00	   1.1000000e+01	   1.0700000e+02	   3.5900000e+00	   5.8280000e+03	
   1.0000000e+00	   1.2000000e+01	   3.0500000e+02	   1.5200000e+00	   3.0950000e+03	
   1.0000000e+00	   1.3000000e+01	   1.1200000e+02	   2.5000000e+00	   2.5600000e+03	
   1.0000000e+00	   1.4000000e+01	   2.1400000e+02	   3.2300000e+00	   5.9600000e+03	
   1.0000000e+00	   1.5000000e+01	   1.1100000e+02	   0.0000000e+00	   1.8940000e+03	
   1.0000000e+00	   1.6000000e+01	   1.0800000e+02	   2.8900000e+00	   3.1620000e+03	
   1.0000000e+00	   1.7000000e+01	   3.0900000e+02	   0.0000000e+00	   2.6260000e+03	
   1.0000000e+00	   1.8000000e+01	   3.1400000e+02	   3.2900000e+00	   2.6290000e+03	
   1.0000000e+00	   1.9000000e+01	   2.0700000e+02	   3.6200000e+00	   2.6270000e+03	
   1.0000000e+00	   2.0000000e+01	   1.1300000e+02	   3.1000000e-01	   2.0940000e+03	
   1.0000000e+00	   2.1000000e+01	   1.0900000e+02	   3.7800000e+00	   1.4950000e+03	
   1.0000000e+00	   2.2000000e+01	   3.1300000e+02	   0.0000000e+00	   1.3620000e+03	
   1.0000000e+00	   2.3000000e+01	   1.1000000e+02	   4.6300000e+00	   4.2270000e+03	
   1.0000000e+00	   2.4000000e+01	   2.0300000e+02	   1.3900000e+00	   4.2930000e+03	
   1.0000000e+00	   2.5000000e+01	   1.1500000e+02	   3.5200000e+00	   4.0600000e+03	
   1.0000000e+00	   2.6000000e+01	   1.0300000e+02	   3.5400000e+00	   2.3940000e+03	
   1.0000000e+00	   2.7000000e+01	   2.1500000e+02	   0.0000000e+00	   1.2620000e+03	
   1.0000000e+00	   2.8000000e+01	   2.1300000e+02	   3.2600000e+00	   7.3590000e+03	
   1.0000000e+00	   2.9000000e+01	   1.0500000e+02	   0.0000000e+00	   5.7430000e+03	
   1.0000000e+00	   3.0000000e+01	   2.0600000e+02	   3.5500000e+00	   4.5930000e+03	
   1.0000000e+00	   3.1000000e+01	   1.0100000e+02	   3.8000000e-01	   4.0600000e+03	
   1.0000000e+00	   3.2000000e+01	   1.0200000e+02	   1.6800000e+00	   2.6930000e+03	
   1.0000000e+00	   3.3000000e+01	   3.1000000e+02	   3.9900000e+00	   2.7600000e+03	
   1.0000000e+00	   3.4000000e+01	   2.0900000e+02	   3.5700000e+00	   3.3940000e+03	
   1.0000000e+00	   3.5000000e+01	   3.1100000e+02	   3.4600000e+00	   1.5950000e+03	
   1.0000000e+00	   3.6000000e+01	   3.0300000e+02	   3.6200000e+00	   1.5940000e+03	
   1.0000000e+00	   3.7000000e+01	   3.0700000e+02	   3.4200000e+00	   4.5600000e+03	
   1.0000000e+00	   3.8000000e+01	   1.0600000e+02	   0.0000000e+00	   1.7600000e+03	
   1.0000000e+00	   3.9000000e+01	   2.0100000e+02	   1.2400000e+00	   4.4600000e+03	
   1.0000000e+00	   4.0000000e+01	   1.1400000e+02	   3.2800000e+00	   8.9920000e+03	
   1.0000000e+00	   4.1000000e+01	   3.0600000e+02	   0.0000000e+00	   1.8930000e+03	
   1.0000000e+00	   4.2000000e+01	   1.0400000e+02	   4.0800000e+00	   7.2260000e+03	
   1.0000000e+00	   4.3000000e+01	   3.0100000e+02	   2.5400000e+00	   5.7260000e+03	
   1.0000000e+00	   4.4000000e+01	   3.1200000e+02	   1.3300000e+00	   7.2920000e+03	
   1.0000000e+00	   4.5000000e+01	   2.0200000e+02	   3.4900000e+00	   1.8930000e+03	
   2.0000000e+00	   1.0000000e+00	   1.1500000e+02	   3.6200000e+00	   6.3330000e+03	
   2.0000000e+00	   2.0000000e+00	   2.0500000e+02	   2.5000000e+00	   6.6930000e+03	
   2.0000000e+00	   3.0000000e+00	   3.1100000e+02	   3.6200000e+00	   6.4940000e+03	
   2.0000000e+00	   4.0000000e+00	   2.0300000e+02	   1.3500000e+00	   3.3100000e+03	
   2.0000000e+00	   5.0000000e+00	   1.0300000e+02	   3.8300000e+00	   4.7270000e+03	
   2.0000000e+00	   6.0000000e+00	   2.0700000e+02	   2.9100000e+00	   2.5290000e+03	
   2.0000000e+00	   7.0000000e+00	   2.0900000e+02	   3.3400000e+00	   1.3107000e+04	
   2.0000000e+00	   8.0000000e+00	   2.0600000e+02	   3.4900000e+00	   9.1930000e+03	
   2.0000000e+00	   9.0000000e+00	   2.1500000e+02	   0.0000000e+00	   2.4940000e+03	
   2.0000000e+00	   1.0000000e+01	   1.1300000e+02	   0.0000000e+00	   2.0610000e+03	
   2.0000000e+00	   1.1000000e+01	   2.1000000e+02	   3.1500000e+00	   6.6940000e+03	
   2.0000000e+00	   1.2000000e+01	   2.1100000e+02	   2.5000000e+00	   3.0610000e+03	
   2.0000000e+00	   1.3000000e+01	   1.1400000e+02	   2.5000000e+00	   4.0270000e+03	
   2.0000000e+00	   1.4000000e+01	   3.0500000e+02	   0.0000000e+00	   2.3950000e+03	
   2.0000000e+00	   1.5000000e+01	   1.0400000e+02	   4.2100000e+00	   4.1600000e+03	
   2.0000000e+00	   1.6000000e+01	   3.1000000e+02	   3.6600000e+00	   6.3600000e+03	
   2.0000000e+00	   1.7000000e+01	   3.1200000e+02	   8.9000000e-01	   4.2280000e+03	
   2.0000000e+00	   1.8000000e+01	   1.0200000e+02	   4.7000000e-01	   3.8270000e+03	
   2.0000000e+00	   1.9000000e+01	   1.0800000e+02	   2.0900000e+00	   1.8110000e+03	
   2.0000000e+00	   2.0000000e+01	   3.0300000e+02	   3.4800000e+00	   2.6290000e+03	
   2.0000000e+00	   2.1000000e+01	   3.1400000e+02	   3.2400000e+00	   6.5920000e+03	
   2.0000000e+00	   2.2000000e+01	   2.0400000e+02	   8.6000000e-01	   3.0280000e+03	
   2.0000000e+00	   2.3000000e+01	   2.0200000e+02	   3.1800000e+00	   1.0725000e+04	
   2.0000000e+00	   2.4000000e+01	   3.0800000e+02	   1.7800000e+00	   9.2260000e+03	
   2.0000000e+00	   2.5000000e+01	   3.0200000e+02	   1.4000000e-01	   1.4620000e+03	
   2.0000000e+00	   2.6000000e+01	   2.0800000e+02	   3.7800000e+00	   7.7260000e+03	
   2.0000000e+00	   2.7000000e+01	   1.0600000e+02	   0.0000000e+00	   2.6280000e+03	
   2.0000000e+00	   2.8000000e+01	   1.0100000e+02	   8.2000000e-01	   5.7600000e+03	
   2.0000000e+00	   2.9000000e+01	   3.0400000e+02	   3.6500000e+00	   2.9270000e+03	
   2.0000000e+00	   3.0000000e+01	   3.0600000e+02	   0.0000000e+00	   2.4940000e+03	
   2.0000000e+00	   3.1000000e+01	   3.0900000e+02	   0.0000000e+00	   3.7290000e+03	
   2.0000000e+00	   3.2000000e+01	   1.1100000e+02	   0.0000000e+00	   3.1270000e+03	
   2.0000000e+00	   3.3000000e+01	   2.0100000e+02	   1.5000000e+00	   7.3920000e+03	
   2.0000000e+00	   3.4000000e+01	   1.0900000e+02	   3.6200000e+00	   3.4950000e+03	
   2.0000000e+00	   3.5000000e+01	   1.1600000e+02	   1.9300000e+00	   4.5940000e+03	
   2.0000000e+00	   3.6000000e+01	   2.1400000e+02	   2.9800000e+00	   9.7930000e+03	
   2.0000000e+00	   3.7000000e+01	   3.0100000e+02	   1.1700000e+00	   4.5600000e+03	
   2.0000000e+00	   3.8000000e+01	   1.1200000e+02	   2.4200000e+00	   5.6940000e+03	
   2.0000000e+00	   3.9000000e+01	   1.1000000e+02	   4.3000000e+00	   2.1940000e+03	
   2.0000000e+00	   4.0000000e+01	   1.0700000e+02	   3.1300000e+00	   4.6270000e+03	
   2.0000000e+00	   4.1000000e+01	   3.0700000e+02	   3.1900000e+00	   7.7600000e+03	
   2.0000000e+00	   4.2000000e+01	   2.1200000e+02	   1.4600000e+00	   3.4940000e+03	
   2.0000000e+00	   4.3000000e+01	   1.0500000e+02	   0.0000000e+00	   5.7600000e+03	
   2.0000000e+00	   4.4000000e+01	   3.1300000e+02	   0.0000000e+00	   1.9950000e+03	
   2.0000000e+00	   4.5000000e+01	   2.1300000e+02	   3.1700000e+00	   2.7940000e+03	
