   1.0300000e+02	   1.0400000e+02	   3.0600000e+02	   1.2000000e+01	   4.0000000e+00	   3.6850000e+00	   4.1450000e+00	   0.0000000e+00	   3.0000000e+00	   1.0000000e+00	   2.0000000e+00	   1.0000000e+00	   2.2300000e+03	
   1.0700000e+02	   3.0700000e+02	   3.0600000e+02	   1.2000000e+01	   1.0000000e+00	   3.3600000e+00	   3.3050000e+00	   0.0000000e+00	   1.0000000e+00	   2.0000000e+00	   3.0000000e+00	   2.0000000e+00	   3.2470000e+03	
   1.1000000e+02	   2.0800000e+02	   3.1200000e+02	   1.4000000e+01	   5.0000000e+00	   4.4650000e+00	   3.6550000e+00	   1.1100000e+00	   1.0000000e+00	   3.0000000e+00	   2.0000000e+00	   1.0000000e+00	   1.9620000e+03	
   1.0400000e+02	   3.0700000e+02	   2.0700000e+02	   7.0000000e+00	   5.0000000e+00	   4.1450000e+00	   3.3050000e+00	   3.2650000e+00	   2.0000000e+00	   1.0000000e+00	   3.0000000e+00	   2.0000000e+00	   1.0730000e+03	
   1.1500000e+02	   3.1000000e+02	   3.0800000e+02	   1.3000000e+01	   3.0000000e+00	   3.5700000e+00	   3.8250000e+00	   1.7550000e+00	   1.0000000e+00	   3.0000000e+00	   2.0000000e+00	   3.0000000e+00	   4.2460000e+03	
   1.0300000e+02	   1.0700000e+02	   3.0500000e+02	   1.1000000e+01	   4.0000000e+00	   3.6850000e+00	   3.3600000e+00	   7.6000000e-01	   2.0000000e+00	   1.0000000e+00	   3.0000000e+00	   1.0000000e+00	   3.4690000e+03	
   1.1500000e+02	   2.0800000e+02	   2.0700000e+02	   7.0000000e+00	   1.0000000e+00	   3.5700000e+00	   3.6550000e+00	   3.2650000e+00	   2.0000000e+00	   1.0000000e+00	   3.0000000e+00	   1.0000000e+00	   1.2420000e+03	
   1.1000000e+02	   2.0900000e+02	   2.0700000e+02	   7.0000000e+00	   5.0000000e+00	   4.4650000e+00	   3.4550000e+00	   3.2650000e+00	   1.0000000e+00	   2.0000000e+00	   3.0000000e+00	   1.0000000e+00	   8.8200000e+02	
   3.0400000e+02	   3.1000000e+02	   2.0100000e+02	   5.0000000e+00	   3.0000000e+00	   3.5750000e+00	   3.8250000e+00	   1.3700000e+00	   1.0000000e+00	   2.0000000e+00	   3.0000000e+00	   2.0000000e+00	   2.5860000e+03	
   1.0900000e+02	   2.0200000e+02	   1.0500000e+02	   1.0000000e+00	   4.0000000e+00	   3.7000000e+00	   3.3350000e+00	   0.0000000e+00	   2.0000000e+00	   1.0000000e+00	   3.0000000e+00	   2.0000000e+00	   4.6090000e+03	
   3.0700000e+02	   3.1100000e+02	   3.1300000e+02	   1.5000000e+01	   3.0000000e+00	   3.3050000e+00	   3.5400000e+00	   0.0000000e+00	   2.0000000e+00	   1.0000000e+00	   3.0000000e+00	   1.0000000e+00	   1.2980000e+03	
   1.0700000e+02	   3.1000000e+02	   1.1600000e+02	   4.0000000e+00	   4.0000000e+00	   3.3600000e+00	   3.8250000e+00	   2.4700000e+00	   1.0000000e+00	   3.0000000e+00	   2.0000000e+00	   3.0000000e+00	   2.0370000e+03	
   1.0400000e+02	   3.0300000e+02	   1.0500000e+02	   1.0000000e+00	   5.0000000e+00	   4.1450000e+00	   3.5500000e+00	   0.0000000e+00	   1.0000000e+00	   2.0000000e+00	   3.0000000e+00	   1.0000000e+00	   1.2350000e+03	
   2.0800000e+02	   3.0300000e+02	   3.1300000e+02	   1.5000000e+01	   2.0000000e+00	   3.6550000e+00	   3.5500000e+00	   0.0000000e+00	   1.0000000e+00	   3.0000000e+00	   2.0000000e+00	   3.0000000e+00	   4.0870000e+03	
   1.0400000e+02	   3.0300000e+02	   3.0600000e+02	   1.2000000e+01	   5.0000000e+00	   4.1450000e+00	   3.5500000e+00	   0.0000000e+00	   1.0000000e+00	   3.0000000e+00	   2.0000000e+00	   1.0000000e+00	   1.6020000e+03	
   1.0700000e+02	   1.1500000e+02	   1.1100000e+02	   2.0000000e+00	   3.0000000e+00	   3.3600000e+00	   3.5700000e+00	   0.0000000e+00	   3.0000000e+00	   2.0000000e+00	   1.0000000e+00	   2.0000000e+00	   3.2650000e+03	
   1.0300000e+02	   3.1100000e+02	   2.0700000e+02	   7.0000000e+00	   2.0000000e+00	   3.6850000e+00	   3.5400000e+00	   3.2650000e+00	   1.0000000e+00	   3.0000000e+00	   2.0000000e+00	   3.0000000e+00	   1.1320000e+03	
   1.1000000e+02	   2.0900000e+02	   2.0100000e+02	   5.0000000e+00	   5.0000000e+00	   4.4650000e+00	   3.4550000e+00	   1.3700000e+00	   1.0000000e+00	   2.0000000e+00	   3.0000000e+00	   1.0000000e+00	   9.2600000e+02	
   1.1000000e+02	   2.0800000e+02	   3.0200000e+02	   1.0000000e+01	   5.0000000e+00	   4.4650000e+00	   3.6550000e+00	   4.5000000e-01	   3.0000000e+00	   2.0000000e+00	   1.0000000e+00	   3.0000000e+00	   2.0320000e+03	
   1.0700000e+02	   3.0300000e+02	   2.0700000e+02	   7.0000000e+00	   3.0000000e+00	   3.3600000e+00	   3.5500000e+00	   3.2650000e+00	   1.0000000e+00	   2.0000000e+00	   3.0000000e+00	   2.0000000e+00	   2.6690000e+03	
   2.0800000e+02	   3.1000000e+02	   1.1100000e+02	   2.0000000e+00	   2.0000000e+00	   3.6550000e+00	   3.8250000e+00	   0.0000000e+00	   3.0000000e+00	   1.0000000e+00	   2.0000000e+00	   1.0000000e+00	   3.6640000e+03	
   1.1500000e+02	   3.1100000e+02	   3.1300000e+02	   1.5000000e+01	   1.0000000e+00	   3.5700000e+00	   3.5400000e+00	   0.0000000e+00	   2.0000000e+00	   3.0000000e+00	   1.0000000e+00	   3.0000000e+00	   2.2950000e+03	
   2.0900000e+02	   3.0700000e+02	   2.1000000e+02	   8.0000000e+00	   2.0000000e+00	   3.4550000e+00	   3.3050000e+00	   3.1250000e+00	   2.0000000e+00	   1.0000000e+00	   3.0000000e+00	   3.0000000e+00	   7.8570000e+03	
   1.1500000e+02	   2.0600000e+02	   3.0200000e+02	   1.0000000e+01	   1.0000000e+00	   3.5700000e+00	   3.5200000e+00	   4.5000000e-01	   3.0000000e+00	   1.0000000e+00	   2.0000000e+00	   1.0000000e+00	   1.6510000e+03	
   2.0200000e+02	   2.0600000e+02	   2.0500000e+02	   6.0000000e+00	   3.0000000e+00	   3.3350000e+00	   3.5200000e+00	   2.5100000e+00	   3.0000000e+00	   1.0000000e+00	   2.0000000e+00	   1.0000000e+00	   5.1290000e+03	
   1.0900000e+02	   3.0400000e+02	   2.0100000e+02	   5.0000000e+00	   2.0000000e+00	   3.7000000e+00	   3.5750000e+00	   1.3700000e+00	   1.0000000e+00	   2.0000000e+00	   3.0000000e+00	   1.0000000e+00	   2.6740000e+03	
   2.0800000e+02	   2.0900000e+02	   3.0800000e+02	   1.3000000e+01	   3.0000000e+00	   3.6550000e+00	   3.4550000e+00	   1.7550000e+00	   2.0000000e+00	   3.0000000e+00	   1.0000000e+00	   2.0000000e+00	   2.3770000e+03	
   1.0300000e+02	   2.0600000e+02	   2.1200000e+02	   9.0000000e+00	   2.0000000e+00	   3.6850000e+00	   3.5200000e+00	   1.9850000e+00	   1.0000000e+00	   2.0000000e+00	   3.0000000e+00	   2.0000000e+00	   4.3780000e+03	
   1.1500000e+02	   2.0200000e+02	   3.1200000e+02	   1.4000000e+01	   3.0000000e+00	   3.5700000e+00	   3.3350000e+00	   1.1100000e+00	   2.0000000e+00	   3.0000000e+00	   1.0000000e+00	   3.0000000e+00	   3.0010000e+03	
   1.1000000e+02	   1.1500000e+02	   2.1000000e+02	   8.0000000e+00	   5.0000000e+00	   4.4650000e+00	   3.5700000e+00	   3.1250000e+00	   2.0000000e+00	   1.0000000e+00	   3.0000000e+00	   2.0000000e+00	   1.6920000e+03	
   1.0700000e+02	   2.0200000e+02	   2.0500000e+02	   6.0000000e+00	   1.0000000e+00	   3.3600000e+00	   3.3350000e+00	   2.5100000e+00	   1.0000000e+00	   2.0000000e+00	   3.0000000e+00	   2.0000000e+00	   4.2920000e+03	
   2.0600000e+02	   3.0700000e+02	   2.1000000e+02	   8.0000000e+00	   3.0000000e+00	   3.5200000e+00	   3.3050000e+00	   3.1250000e+00	   1.0000000e+00	   2.0000000e+00	   3.0000000e+00	   1.0000000e+00	   2.0940000e+03	
   1.0400000e+02	   3.1000000e+02	   3.0200000e+02	   1.0000000e+01	   4.0000000e+00	   4.1450000e+00	   3.8250000e+00	   4.5000000e-01	   2.0000000e+00	   3.0000000e+00	   1.0000000e+00	   2.0000000e+00	   8.0600000e+02	
   1.0700000e+02	   1.1500000e+02	   2.1000000e+02	   8.0000000e+00	   3.0000000e+00	   3.3600000e+00	   3.5700000e+00	   3.1250000e+00	   3.0000000e+00	   2.0000000e+00	   1.0000000e+00	   1.0000000e+00	   5.1170000e+03	
   1.0900000e+02	   3.0300000e+02	   1.0500000e+02	   1.0000000e+00	   2.0000000e+00	   3.7000000e+00	   3.5500000e+00	   0.0000000e+00	   2.0000000e+00	   3.0000000e+00	   1.0000000e+00	   3.0000000e+00	   2.4900000e+03	
   1.1000000e+02	   3.0300000e+02	   3.0800000e+02	   1.3000000e+01	   5.0000000e+00	   4.4650000e+00	   3.5500000e+00	   1.7550000e+00	   3.0000000e+00	   2.0000000e+00	   1.0000000e+00	   3.0000000e+00	   1.2600000e+03	
   3.0300000e+02	   3.0700000e+02	   3.0600000e+02	   1.2000000e+01	   3.0000000e+00	   3.5500000e+00	   3.3050000e+00	   0.0000000e+00	   1.0000000e+00	   2.0000000e+00	   3.0000000e+00	   1.0000000e+00	   1.8170000e+03	
   2.0200000e+02	   2.0600000e+02	   3.0500000e+02	   1.1000000e+01	   3.0000000e+00	   3.3350000e+00	   3.5200000e+00	   7.6000000e-01	   1.0000000e+00	   3.0000000e+00	   2.0000000e+00	   3.0000000e+00	   1.4550000e+03	
   1.1000000e+02	   2.0200000e+02	   3.0200000e+02	   1.0000000e+01	   5.0000000e+00	   4.4650000e+00	   3.3350000e+00	   4.5000000e-01	   3.0000000e+00	   1.0000000e+00	   2.0000000e+00	   3.0000000e+00	   1.0950000e+03	
   2.0200000e+02	   3.0700000e+02	   3.0200000e+02	   1.0000000e+01	   1.0000000e+00	   3.3350000e+00	   3.3050000e+00	   4.5000000e-01	   3.0000000e+00	   1.0000000e+00	   2.0000000e+00	   3.0000000e+00	   2.1100000e+03	
   1.0700000e+02	   3.1000000e+02	   2.1200000e+02	   9.0000000e+00	   4.0000000e+00	   3.3600000e+00	   3.8250000e+00	   1.9850000e+00	   3.0000000e+00	   1.0000000e+00	   2.0000000e+00	   1.0000000e+00	   5.2070000e+03	
   1.0900000e+02	   1.1000000e+02	   2.0700000e+02	   7.0000000e+00	   5.0000000e+00	   3.7000000e+00	   4.4650000e+00	   3.2650000e+00	   2.0000000e+00	   1.0000000e+00	   3.0000000e+00	   1.0000000e+00	   1.4460000e+03	
   1.0300000e+02	   3.0700000e+02	   2.0700000e+02	   7.0000000e+00	   4.0000000e+00	   3.6850000e+00	   3.3050000e+00	   3.2650000e+00	   2.0000000e+00	   1.0000000e+00	   3.0000000e+00	   2.0000000e+00	   4.6810000e+03	
   1.0700000e+02	   3.0400000e+02	   3.0600000e+02	   1.2000000e+01	   3.0000000e+00	   3.3600000e+00	   3.5750000e+00	   0.0000000e+00	   2.0000000e+00	   1.0000000e+00	   3.0000000e+00	   1.0000000e+00	   2.9990000e+03	
   2.0600000e+02	   2.0900000e+02	   3.1300000e+02	   1.5000000e+01	   1.0000000e+00	   3.5200000e+00	   3.4550000e+00	   0.0000000e+00	   2.0000000e+00	   3.0000000e+00	   1.0000000e+00	   2.0000000e+00	   3.5120000e+03	
   1.0700000e+02	   1.1500000e+02	   3.1200000e+02	   1.4000000e+01	   3.0000000e+00	   3.3600000e+00	   3.5700000e+00	   1.1100000e+00	   3.0000000e+00	   1.0000000e+00	   2.0000000e+00	   1.0000000e+00	   4.4740000e+03	
   2.0900000e+02	   3.1100000e+02	   3.1200000e+02	   1.4000000e+01	   1.0000000e+00	   3.4550000e+00	   3.5400000e+00	   1.1100000e+00	   3.0000000e+00	   2.0000000e+00	   1.0000000e+00	   2.0000000e+00	   1.2700000e+03	
   1.1000000e+02	   3.0300000e+02	   3.0200000e+02	   1.0000000e+01	   5.0000000e+00	   4.4650000e+00	   3.5500000e+00	   4.5000000e-01	   1.0000000e+00	   2.0000000e+00	   3.0000000e+00	   1.0000000e+00	   9.7200000e+02	
   1.0400000e+02	   3.0400000e+02	   1.0500000e+02	   1.0000000e+00	   4.0000000e+00	   4.1450000e+00	   3.5750000e+00	   0.0000000e+00	   2.0000000e+00	   1.0000000e+00	   3.0000000e+00	   2.0000000e+00	   8.1000000e+02	
   2.0600000e+02	   2.0800000e+02	   2.1200000e+02	   9.0000000e+00	   2.0000000e+00	   3.5200000e+00	   3.6550000e+00	   1.9850000e+00	   2.0000000e+00	   3.0000000e+00	   1.0000000e+00	   3.0000000e+00	   3.4550000e+03	
   1.1000000e+02	   2.0200000e+02	   3.0600000e+02	   1.2000000e+01	   5.0000000e+00	   4.4650000e+00	   3.3350000e+00	   0.0000000e+00	   3.0000000e+00	   1.0000000e+00	   2.0000000e+00	   3.0000000e+00	   8.2600000e+02	
   1.1000000e+02	   3.1000000e+02	   2.0100000e+02	   5.0000000e+00	   5.0000000e+00	   4.4650000e+00	   3.8250000e+00	   1.3700000e+00	   3.0000000e+00	   1.0000000e+00	   2.0000000e+00	   3.0000000e+00	   9.1500000e+02	
   3.0300000e+02	   3.1100000e+02	   2.0100000e+02	   5.0000000e+00	   1.0000000e+00	   3.5500000e+00	   3.5400000e+00	   1.3700000e+00	   1.0000000e+00	   3.0000000e+00	   2.0000000e+00	   3.0000000e+00	   2.0750000e+03	
   1.0300000e+02	   3.0400000e+02	   2.1200000e+02	   9.0000000e+00	   2.0000000e+00	   3.6850000e+00	   3.5750000e+00	   1.9850000e+00	   1.0000000e+00	   2.0000000e+00	   3.0000000e+00	   2.0000000e+00	   2.8870000e+03	
   2.0200000e+02	   3.1100000e+02	   3.1300000e+02	   1.5000000e+01	   3.0000000e+00	   3.3350000e+00	   3.5400000e+00	   0.0000000e+00	   1.0000000e+00	   2.0000000e+00	   3.0000000e+00	   2.0000000e+00	   9.6900000e+02	
   1.0400000e+02	   3.1000000e+02	   2.0500000e+02	   6.0000000e+00	   4.0000000e+00	   4.1450000e+00	   3.8250000e+00	   2.5100000e+00	   3.0000000e+00	   1.0000000e+00	   2.0000000e+00	   3.0000000e+00	   1.0020000e+03	
   3.0700000e+02	   3.1100000e+02	   3.0500000e+02	   1.1000000e+01	   3.0000000e+00	   3.3050000e+00	   3.5400000e+00	   7.6000000e-01	   3.0000000e+00	   1.0000000e+00	   2.0000000e+00	   1.0000000e+00	   1.5490000e+03	
   1.0300000e+02	   3.0700000e+02	   2.0100000e+02	   5.0000000e+00	   4.0000000e+00	   3.6850000e+00	   3.3050000e+00	   1.3700000e+00	   1.0000000e+00	   3.0000000e+00	   2.0000000e+00	   3.0000000e+00	   2.1240000e+03	
   1.1000000e+02	   2.0200000e+02	   3.1300000e+02	   1.5000000e+01	   5.0000000e+00	   4.4650000e+00	   3.3350000e+00	   0.0000000e+00	   2.0000000e+00	   1.0000000e+00	   3.0000000e+00	   2.0000000e+00	   1.5660000e+03	
   1.0900000e+02	   2.0600000e+02	   1.1100000e+02	   2.0000000e+00	   3.0000000e+00	   3.7000000e+00	   3.5200000e+00	   0.0000000e+00	   1.0000000e+00	   3.0000000e+00	   2.0000000e+00	   3.0000000e+00	   6.8030000e+03	
   1.0300000e+02	   2.0900000e+02	   2.0100000e+02	   5.0000000e+00	   3.0000000e+00	   3.6850000e+00	   3.4550000e+00	   1.3700000e+00	   1.0000000e+00	   3.0000000e+00	   2.0000000e+00	   3.0000000e+00	   1.5370000e+03	
   1.0400000e+02	   2.0800000e+02	   1.0500000e+02	   1.0000000e+00	   4.0000000e+00	   4.1450000e+00	   3.6550000e+00	   0.0000000e+00	   1.0000000e+00	   2.0000000e+00	   3.0000000e+00	   1.0000000e+00	   1.0270000e+03	
   1.0400000e+02	   2.0800000e+02	   2.1200000e+02	   9.0000000e+00	   4.0000000e+00	   4.1450000e+00	   3.6550000e+00	   1.9850000e+00	   3.0000000e+00	   2.0000000e+00	   1.0000000e+00	   3.0000000e+00	   7.2500000e+02	
   2.0800000e+02	   3.0700000e+02	   2.0700000e+02	   7.0000000e+00	   4.0000000e+00	   3.6550000e+00	   3.3050000e+00	   3.2650000e+00	   2.0000000e+00	   1.0000000e+00	   3.0000000e+00	   2.0000000e+00	   4.6630000e+03	
   1.0900000e+02	   3.0700000e+02	   1.1600000e+02	   4.0000000e+00	   4.0000000e+00	   3.7000000e+00	   3.3050000e+00	   2.4700000e+00	   2.0000000e+00	   1.0000000e+00	   3.0000000e+00	   2.0000000e+00	   1.5590000e+03	
   1.0700000e+02	   2.0600000e+02	   3.0600000e+02	   1.2000000e+01	   2.0000000e+00	   3.3600000e+00	   3.5200000e+00	   0.0000000e+00	   3.0000000e+00	   2.0000000e+00	   1.0000000e+00	   2.0000000e+00	   1.2630000e+03	
   2.0900000e+02	   3.1100000e+02	   2.0700000e+02	   7.0000000e+00	   1.0000000e+00	   3.4550000e+00	   3.5400000e+00	   3.2650000e+00	   1.0000000e+00	   2.0000000e+00	   3.0000000e+00	   2.0000000e+00	   1.4740000e+03	
   2.0600000e+02	   3.1100000e+02	   2.0100000e+02	   5.0000000e+00	   1.0000000e+00	   3.5200000e+00	   3.5400000e+00	   1.3700000e+00	   2.0000000e+00	   3.0000000e+00	   1.0000000e+00	   3.0000000e+00	   1.3190000e+03	
   1.0300000e+02	   2.0900000e+02	   2.0700000e+02	   7.0000000e+00	   3.0000000e+00	   3.6850000e+00	   3.4550000e+00	   3.2650000e+00	   2.0000000e+00	   1.0000000e+00	   3.0000000e+00	   1.0000000e+00	   1.3470000e+03	
   2.0800000e+02	   3.0700000e+02	   3.0800000e+02	   1.3000000e+01	   4.0000000e+00	   3.6550000e+00	   3.3050000e+00	   1.7550000e+00	   2.0000000e+00	   1.0000000e+00	   3.0000000e+00	   2.0000000e+00	   4.5840000e+03	
   1.1000000e+02	   3.0300000e+02	   3.1300000e+02	   1.5000000e+01	   5.0000000e+00	   4.4650000e+00	   3.5500000e+00	   0.0000000e+00	   1.0000000e+00	   2.0000000e+00	   3.0000000e+00	   1.0000000e+00	   9.3800000e+02	
   1.0300000e+02	   2.0900000e+02	   3.1300000e+02	   1.5000000e+01	   3.0000000e+00	   3.6850000e+00	   3.4550000e+00	   0.0000000e+00	   1.0000000e+00	   2.0000000e+00	   3.0000000e+00	   2.0000000e+00	   1.2920000e+03	
   3.0700000e+02	   3.1000000e+02	   1.1600000e+02	   4.0000000e+00	   4.0000000e+00	   3.3050000e+00	   3.8250000e+00	   2.4700000e+00	   2.0000000e+00	   3.0000000e+00	   1.0000000e+00	   3.0000000e+00	   2.2520000e+03	
   2.0800000e+02	   3.1100000e+02	   1.1100000e+02	   2.0000000e+00	   2.0000000e+00	   3.6550000e+00	   3.5400000e+00	   0.0000000e+00	   1.0000000e+00	   3.0000000e+00	   2.0000000e+00	   3.0000000e+00	   1.1490000e+03	
   1.0300000e+02	   2.0600000e+02	   3.0800000e+02	   1.3000000e+01	   2.0000000e+00	   3.6850000e+00	   3.5200000e+00	   1.7550000e+00	   3.0000000e+00	   1.0000000e+00	   2.0000000e+00	   1.0000000e+00	   1.8850000e+03	
   1.0900000e+02	   1.1000000e+02	   2.1000000e+02	   8.0000000e+00	   5.0000000e+00	   3.7000000e+00	   4.4650000e+00	   3.1250000e+00	   2.0000000e+00	   3.0000000e+00	   1.0000000e+00	   3.0000000e+00	   2.3980000e+03	
   1.0400000e+02	   3.0400000e+02	   2.1200000e+02	   9.0000000e+00	   4.0000000e+00	   4.1450000e+00	   3.5750000e+00	   1.9850000e+00	   1.0000000e+00	   2.0000000e+00	   3.0000000e+00	   1.0000000e+00	   7.8100000e+02	
   1.0400000e+02	   3.1000000e+02	   2.0100000e+02	   5.0000000e+00	   4.0000000e+00	   4.1450000e+00	   3.8250000e+00	   1.3700000e+00	   3.0000000e+00	   1.0000000e+00	   2.0000000e+00	   3.0000000e+00	   7.0800000e+02	
   1.0300000e+02	   3.0400000e+02	   2.0700000e+02	   7.0000000e+00	   2.0000000e+00	   3.6850000e+00	   3.5750000e+00	   3.2650000e+00	   2.0000000e+00	   1.0000000e+00	   3.0000000e+00	   1.0000000e+00	   1.6490000e+03	
   2.0600000e+02	   3.1100000e+02	   2.0500000e+02	   6.0000000e+00	   1.0000000e+00	   3.5200000e+00	   3.5400000e+00	   2.5100000e+00	   3.0000000e+00	   1.0000000e+00	   2.0000000e+00	   1.0000000e+00	   2.2030000e+03	
   1.1000000e+02	   3.0400000e+02	   3.0500000e+02	   1.1000000e+01	   5.0000000e+00	   4.4650000e+00	   3.5750000e+00	   7.6000000e-01	   2.0000000e+00	   3.0000000e+00	   1.0000000e+00	   2.0000000e+00	   1.2480000e+03	
   1.1500000e+02	   2.0200000e+02	   1.1400000e+02	   3.0000000e+00	   3.0000000e+00	   3.5700000e+00	   3.3350000e+00	   2.8900000e+00	   1.0000000e+00	   2.0000000e+00	   3.0000000e+00	   2.0000000e+00	   2.5570000e+03	
   1.0400000e+02	   3.1000000e+02	   3.1200000e+02	   1.4000000e+01	   4.0000000e+00	   4.1450000e+00	   3.8250000e+00	   1.1100000e+00	   3.0000000e+00	   1.0000000e+00	   2.0000000e+00	   3.0000000e+00	   8.4300000e+02	
   3.0300000e+02	   3.0400000e+02	   2.1000000e+02	   8.0000000e+00	   1.0000000e+00	   3.5500000e+00	   3.5750000e+00	   3.1250000e+00	   1.0000000e+00	   2.0000000e+00	   3.0000000e+00	   1.0000000e+00	   2.1070000e+03	
   1.0700000e+02	   2.0900000e+02	   3.1200000e+02	   1.4000000e+01	   2.0000000e+00	   3.3600000e+00	   3.4550000e+00	   1.1100000e+00	   1.0000000e+00	   2.0000000e+00	   3.0000000e+00	   2.0000000e+00	   1.6200000e+03	
   3.0400000e+02	   3.1100000e+02	   3.0500000e+02	   1.1000000e+01	   1.0000000e+00	   3.5750000e+00	   3.5400000e+00	   7.6000000e-01	   2.0000000e+00	   1.0000000e+00	   3.0000000e+00	   1.0000000e+00	   1.4670000e+03	
   1.0700000e+02	   2.0200000e+02	   1.0500000e+02	   1.0000000e+00	   1.0000000e+00	   3.3600000e+00	   3.3350000e+00	   0.0000000e+00	   3.0000000e+00	   1.0000000e+00	   2.0000000e+00	   1.0000000e+00	   1.7870000e+03	
   2.0900000e+02	   3.1000000e+02	   3.0800000e+02	   1.3000000e+01	   4.0000000e+00	   3.4550000e+00	   3.8250000e+00	   1.7550000e+00	   3.0000000e+00	   1.0000000e+00	   2.0000000e+00	   1.0000000e+00	   1.1230000e+03	
   1.0400000e+02	   1.0700000e+02	   2.0500000e+02	   6.0000000e+00	   5.0000000e+00	   4.1450000e+00	   3.3600000e+00	   2.5100000e+00	   2.0000000e+00	   3.0000000e+00	   1.0000000e+00	   2.0000000e+00	   1.4100000e+03	
   1.0300000e+02	   2.0800000e+02	   2.1200000e+02	   9.0000000e+00	   1.0000000e+00	   3.6850000e+00	   3.6550000e+00	   1.9850000e+00	   3.0000000e+00	   2.0000000e+00	   1.0000000e+00	   2.0000000e+00	   1.7220000e+03	
   1.0900000e+02	   3.0400000e+02	   3.1200000e+02	   1.4000000e+01	   2.0000000e+00	   3.7000000e+00	   3.5750000e+00	   1.1100000e+00	   3.0000000e+00	   2.0000000e+00	   1.0000000e+00	   2.0000000e+00	   4.1400000e+03	
   2.0800000e+02	   3.0400000e+02	   3.0500000e+02	   1.1000000e+01	   1.0000000e+00	   3.6550000e+00	   3.5750000e+00	   7.6000000e-01	   2.0000000e+00	   1.0000000e+00	   3.0000000e+00	   2.0000000e+00	   1.9430000e+03	
   3.0300000e+02	   3.0400000e+02	   1.1400000e+02	   3.0000000e+00	   1.0000000e+00	   3.5500000e+00	   3.5750000e+00	   2.8900000e+00	   3.0000000e+00	   2.0000000e+00	   1.0000000e+00	   3.0000000e+00	   1.8220000e+03	
   1.0900000e+02	   2.0600000e+02	   2.1000000e+02	   8.0000000e+00	   3.0000000e+00	   3.7000000e+00	   3.5200000e+00	   3.1250000e+00	   3.0000000e+00	   1.0000000e+00	   2.0000000e+00	   1.0000000e+00	   2.2820000e+03	
   3.0400000e+02	   3.1100000e+02	   2.1000000e+02	   8.0000000e+00	   1.0000000e+00	   3.5750000e+00	   3.5400000e+00	   3.1250000e+00	   3.0000000e+00	   1.0000000e+00	   2.0000000e+00	   1.0000000e+00	   1.6580000e+03	
   1.0400000e+02	   3.1000000e+02	   2.1200000e+02	   9.0000000e+00	   4.0000000e+00	   4.1450000e+00	   3.8250000e+00	   1.9850000e+00	   1.0000000e+00	   2.0000000e+00	   3.0000000e+00	   1.0000000e+00	   6.9700000e+02	
   1.0900000e+02	   3.1000000e+02	   2.1000000e+02	   8.0000000e+00	   2.0000000e+00	   3.7000000e+00	   3.8250000e+00	   3.1250000e+00	   2.0000000e+00	   1.0000000e+00	   3.0000000e+00	   1.0000000e+00	   6.8610000e+03	
   1.0900000e+02	   2.0200000e+02	   1.1400000e+02	   3.0000000e+00	   4.0000000e+00	   3.7000000e+00	   3.3350000e+00	   2.8900000e+00	   1.0000000e+00	   3.0000000e+00	   2.0000000e+00	   3.0000000e+00	   2.0660000e+03	
   1.1000000e+02	   1.1500000e+02	   1.1600000e+02	   4.0000000e+00	   5.0000000e+00	   4.4650000e+00	   3.5700000e+00	   2.4700000e+00	   2.0000000e+00	   3.0000000e+00	   1.0000000e+00	   2.0000000e+00	   1.1070000e+03	
   1.0900000e+02	   2.0800000e+02	   3.0200000e+02	   1.0000000e+01	   1.0000000e+00	   3.7000000e+00	   3.6550000e+00	   4.5000000e-01	   1.0000000e+00	   2.0000000e+00	   3.0000000e+00	   2.0000000e+00	   3.7180000e+03	
   1.0900000e+02	   1.1000000e+02	   1.1400000e+02	   3.0000000e+00	   5.0000000e+00	   3.7000000e+00	   4.4650000e+00	   2.8900000e+00	   1.0000000e+00	   3.0000000e+00	   2.0000000e+00	   3.0000000e+00	   9.1800000e+02	
   1.0900000e+02	   3.0400000e+02	   3.1300000e+02	   1.5000000e+01	   2.0000000e+00	   3.7000000e+00	   3.5750000e+00	   0.0000000e+00	   2.0000000e+00	   3.0000000e+00	   1.0000000e+00	   3.0000000e+00	   3.7810000e+03	
   1.0300000e+02	   3.1100000e+02	   1.1600000e+02	   4.0000000e+00	   2.0000000e+00	   3.6850000e+00	   3.5400000e+00	   2.4700000e+00	   1.0000000e+00	   2.0000000e+00	   3.0000000e+00	   2.0000000e+00	   1.6590000e+03	
   1.0300000e+02	   2.0600000e+02	   3.0600000e+02	   1.2000000e+01	   2.0000000e+00	   3.6850000e+00	   3.5200000e+00	   0.0000000e+00	   2.0000000e+00	   1.0000000e+00	   3.0000000e+00	   1.0000000e+00	   1.0860000e+03	
   1.0900000e+02	   3.0400000e+02	   2.0500000e+02	   6.0000000e+00	   2.0000000e+00	   3.7000000e+00	   3.5750000e+00	   2.5100000e+00	   1.0000000e+00	   3.0000000e+00	   2.0000000e+00	   3.0000000e+00	   2.6560000e+03	
   2.0900000e+02	   3.0300000e+02	   1.1600000e+02	   4.0000000e+00	   1.0000000e+00	   3.4550000e+00	   3.5500000e+00	   2.4700000e+00	   3.0000000e+00	   2.0000000e+00	   1.0000000e+00	   2.0000000e+00	   2.8990000e+03	
   3.0700000e+02	   3.1100000e+02	   1.1400000e+02	   3.0000000e+00	   3.0000000e+00	   3.3050000e+00	   3.5400000e+00	   2.8900000e+00	   3.0000000e+00	   2.0000000e+00	   1.0000000e+00	   2.0000000e+00	   1.3550000e+03	
   1.0300000e+02	   3.1100000e+02	   1.0500000e+02	   1.0000000e+00	   2.0000000e+00	   3.6850000e+00	   3.5400000e+00	   0.0000000e+00	   1.0000000e+00	   2.0000000e+00	   3.0000000e+00	   2.0000000e+00	   1.0380000e+03	
   1.0400000e+02	   3.0700000e+02	   1.1400000e+02	   3.0000000e+00	   5.0000000e+00	   4.1450000e+00	   3.3050000e+00	   2.8900000e+00	   2.0000000e+00	   3.0000000e+00	   1.0000000e+00	   2.0000000e+00	   7.7900000e+02	
   1.0700000e+02	   1.0900000e+02	   2.0700000e+02	   7.0000000e+00	   4.0000000e+00	   3.3600000e+00	   3.7000000e+00	   3.2650000e+00	   1.0000000e+00	   2.0000000e+00	   3.0000000e+00	   2.0000000e+00	   2.7160000e+03	
   2.0900000e+02	   3.0300000e+02	   3.0800000e+02	   1.3000000e+01	   1.0000000e+00	   3.4550000e+00	   3.5500000e+00	   1.7550000e+00	   1.0000000e+00	   2.0000000e+00	   3.0000000e+00	   2.0000000e+00	   1.2510000e+03	
   1.0300000e+02	   2.0800000e+02	   1.1600000e+02	   4.0000000e+00	   1.0000000e+00	   3.6850000e+00	   3.6550000e+00	   2.4700000e+00	   1.0000000e+00	   3.0000000e+00	   2.0000000e+00	   3.0000000e+00	   1.1110000e+03	
   1.0700000e+02	   3.0700000e+02	   3.1300000e+02	   1.5000000e+01	   1.0000000e+00	   3.3600000e+00	   3.3050000e+00	   0.0000000e+00	   2.0000000e+00	   1.0000000e+00	   3.0000000e+00	   1.0000000e+00	   2.1400000e+03	
   3.0300000e+02	   3.0700000e+02	   2.1200000e+02	   9.0000000e+00	   3.0000000e+00	   3.5500000e+00	   3.3050000e+00	   1.9850000e+00	   2.0000000e+00	   1.0000000e+00	   3.0000000e+00	   2.0000000e+00	   1.4620000e+03	
   1.0700000e+02	   1.1500000e+02	   2.0100000e+02	   5.0000000e+00	   3.0000000e+00	   3.3600000e+00	   3.5700000e+00	   1.3700000e+00	   1.0000000e+00	   3.0000000e+00	   2.0000000e+00	   3.0000000e+00	   3.0710000e+03	
   1.0400000e+02	   1.1000000e+02	   3.0200000e+02	   1.0000000e+01	   4.0000000e+00	   4.1450000e+00	   4.4650000e+00	   4.5000000e-01	   3.0000000e+00	   1.0000000e+00	   2.0000000e+00	   3.0000000e+00	   9.0200000e+02	
   1.0900000e+02	   3.1000000e+02	   1.1600000e+02	   4.0000000e+00	   2.0000000e+00	   3.7000000e+00	   3.8250000e+00	   2.4700000e+00	   3.0000000e+00	   2.0000000e+00	   1.0000000e+00	   2.0000000e+00	   2.0230000e+03	
   1.0400000e+02	   2.0800000e+02	   2.0500000e+02	   6.0000000e+00	   4.0000000e+00	   4.1450000e+00	   3.6550000e+00	   2.5100000e+00	   2.0000000e+00	   1.0000000e+00	   3.0000000e+00	   2.0000000e+00	   7.6200000e+02	
   1.0400000e+02	   2.0900000e+02	   2.0500000e+02	   6.0000000e+00	   5.0000000e+00	   4.1450000e+00	   3.4550000e+00	   2.5100000e+00	   2.0000000e+00	   1.0000000e+00	   3.0000000e+00	   2.0000000e+00	   6.5400000e+02	
   1.1000000e+02	   3.0700000e+02	   1.0500000e+02	   1.0000000e+00	   5.0000000e+00	   4.4650000e+00	   3.3050000e+00	   0.0000000e+00	   3.0000000e+00	   1.0000000e+00	   2.0000000e+00	   3.0000000e+00	   1.6560000e+03	
   1.0400000e+02	   2.0600000e+02	   1.1100000e+02	   2.0000000e+00	   5.0000000e+00	   4.1450000e+00	   3.5200000e+00	   0.0000000e+00	   2.0000000e+00	   1.0000000e+00	   3.0000000e+00	   2.0000000e+00	   7.1400000e+02	
   2.0200000e+02	   3.1000000e+02	   3.0800000e+02	   1.3000000e+01	   4.0000000e+00	   3.3350000e+00	   3.8250000e+00	   1.7550000e+00	   3.0000000e+00	   2.0000000e+00	   1.0000000e+00	   2.0000000e+00	   1.4070000e+03	
   1.0900000e+02	   3.0700000e+02	   3.1200000e+02	   1.4000000e+01	   4.0000000e+00	   3.7000000e+00	   3.3050000e+00	   1.1100000e+00	   1.0000000e+00	   2.0000000e+00	   3.0000000e+00	   2.0000000e+00	   1.4260000e+03	
   1.1500000e+02	   3.0300000e+02	   1.1600000e+02	   4.0000000e+00	   1.0000000e+00	   3.5700000e+00	   3.5500000e+00	   2.4700000e+00	   1.0000000e+00	   3.0000000e+00	   2.0000000e+00	   3.0000000e+00	   1.3590000e+03	
   1.0400000e+02	   2.0800000e+02	   3.0500000e+02	   1.1000000e+01	   4.0000000e+00	   4.1450000e+00	   3.6550000e+00	   7.6000000e-01	   1.0000000e+00	   3.0000000e+00	   2.0000000e+00	   1.0000000e+00	   7.6200000e+02	
   2.0800000e+02	   3.1100000e+02	   2.0500000e+02	   6.0000000e+00	   2.0000000e+00	   3.6550000e+00	   3.5400000e+00	   2.5100000e+00	   3.0000000e+00	   1.0000000e+00	   2.0000000e+00	   1.0000000e+00	   2.9720000e+03	
   1.0700000e+02	   3.0700000e+02	   1.1100000e+02	   2.0000000e+00	   1.0000000e+00	   3.3600000e+00	   3.3050000e+00	   0.0000000e+00	   3.0000000e+00	   2.0000000e+00	   1.0000000e+00	   2.0000000e+00	   1.7070000e+03	
   1.1500000e+02	   2.0800000e+02	   1.1400000e+02	   3.0000000e+00	   1.0000000e+00	   3.5700000e+00	   3.6550000e+00	   2.8900000e+00	   2.0000000e+00	   3.0000000e+00	   1.0000000e+00	   3.0000000e+00	   2.1640000e+03	
   1.0400000e+02	   2.0800000e+02	   2.0100000e+02	   5.0000000e+00	   4.0000000e+00	   4.1450000e+00	   3.6550000e+00	   1.3700000e+00	   2.0000000e+00	   3.0000000e+00	   1.0000000e+00	   2.0000000e+00	   8.7500000e+02	
   1.0700000e+02	   3.1000000e+02	   1.1400000e+02	   3.0000000e+00	   4.0000000e+00	   3.3600000e+00	   3.8250000e+00	   2.8900000e+00	   1.0000000e+00	   3.0000000e+00	   2.0000000e+00	   3.0000000e+00	   1.2900000e+03	
   1.0400000e+02	   2.0800000e+02	   3.1300000e+02	   1.5000000e+01	   4.0000000e+00	   4.1450000e+00	   3.6550000e+00	   0.0000000e+00	   1.0000000e+00	   2.0000000e+00	   3.0000000e+00	   1.0000000e+00	   7.3300000e+02	
   1.1000000e+02	   3.1000000e+02	   1.1100000e+02	   2.0000000e+00	   5.0000000e+00	   4.4650000e+00	   3.8250000e+00	   0.0000000e+00	   3.0000000e+00	   1.0000000e+00	   2.0000000e+00	   3.0000000e+00	   8.5700000e+02	
   1.0300000e+02	   3.0300000e+02	   3.0200000e+02	   1.0000000e+01	   2.0000000e+00	   3.6850000e+00	   3.5500000e+00	   4.5000000e-01	   3.0000000e+00	   1.0000000e+00	   2.0000000e+00	   1.0000000e+00	   1.4510000e+03	
   2.0800000e+02	   3.1100000e+02	   3.1200000e+02	   1.4000000e+01	   2.0000000e+00	   3.6550000e+00	   3.5400000e+00	   1.1100000e+00	   1.0000000e+00	   2.0000000e+00	   3.0000000e+00	   2.0000000e+00	   9.6200000e+02	
   3.0400000e+02	   3.0700000e+02	   3.0600000e+02	   1.2000000e+01	   3.0000000e+00	   3.5750000e+00	   3.3050000e+00	   0.0000000e+00	   2.0000000e+00	   3.0000000e+00	   1.0000000e+00	   2.0000000e+00	   1.6900000e+03	
   1.1000000e+02	   1.1500000e+02	   2.0500000e+02	   6.0000000e+00	   5.0000000e+00	   4.4650000e+00	   3.5700000e+00	   2.5100000e+00	   3.0000000e+00	   1.0000000e+00	   2.0000000e+00	   3.0000000e+00	   1.0440000e+03	
   2.0800000e+02	   3.1000000e+02	   2.0700000e+02	   7.0000000e+00	   2.0000000e+00	   3.6550000e+00	   3.8250000e+00	   3.2650000e+00	   3.0000000e+00	   1.0000000e+00	   2.0000000e+00	   1.0000000e+00	   1.6580000e+03	
   2.0900000e+02	   3.0700000e+02	   3.0600000e+02	   1.2000000e+01	   2.0000000e+00	   3.4550000e+00	   3.3050000e+00	   0.0000000e+00	   3.0000000e+00	   2.0000000e+00	   1.0000000e+00	   2.0000000e+00	   1.9120000e+03	
   1.0400000e+02	   2.0600000e+02	   2.1200000e+02	   9.0000000e+00	   5.0000000e+00	   4.1450000e+00	   3.5200000e+00	   1.9850000e+00	   3.0000000e+00	   2.0000000e+00	   1.0000000e+00	   3.0000000e+00	   9.3900000e+02	
   1.0300000e+02	   1.1000000e+02	   3.0200000e+02	   1.0000000e+01	   5.0000000e+00	   3.6850000e+00	   4.4650000e+00	   4.5000000e-01	   2.0000000e+00	   3.0000000e+00	   1.0000000e+00	   3.0000000e+00	   7.9300000e+02	
   1.1000000e+02	   2.0200000e+02	   1.1600000e+02	   4.0000000e+00	   5.0000000e+00	   4.4650000e+00	   3.3350000e+00	   2.4700000e+00	   3.0000000e+00	   2.0000000e+00	   1.0000000e+00	   3.0000000e+00	   1.0080000e+03	
   1.1500000e+02	   3.0400000e+02	   2.1200000e+02	   9.0000000e+00	   1.0000000e+00	   3.5700000e+00	   3.5750000e+00	   1.9850000e+00	   1.0000000e+00	   3.0000000e+00	   2.0000000e+00	   3.0000000e+00	   1.6210000e+03	
   1.0700000e+02	   3.0700000e+02	   3.1200000e+02	   1.4000000e+01	   1.0000000e+00	   3.3600000e+00	   3.3050000e+00	   1.1100000e+00	   2.0000000e+00	   1.0000000e+00	   3.0000000e+00	   1.0000000e+00	   2.1850000e+03	
   2.0600000e+02	   2.0800000e+02	   3.0600000e+02	   1.2000000e+01	   2.0000000e+00	   3.5200000e+00	   3.6550000e+00	   0.0000000e+00	   1.0000000e+00	   2.0000000e+00	   3.0000000e+00	   2.0000000e+00	   2.1450000e+03	
   2.0600000e+02	   3.1100000e+02	   3.0800000e+02	   1.3000000e+01	   1.0000000e+00	   3.5200000e+00	   3.5400000e+00	   1.7550000e+00	   1.0000000e+00	   3.0000000e+00	   2.0000000e+00	   3.0000000e+00	   1.8050000e+03	
   2.0600000e+02	   3.0300000e+02	   3.1200000e+02	   1.4000000e+01	   1.0000000e+00	   3.5200000e+00	   3.5500000e+00	   1.1100000e+00	   3.0000000e+00	   2.0000000e+00	   1.0000000e+00	   2.0000000e+00	   4.1260000e+03	
   1.0300000e+02	   1.1000000e+02	   1.1600000e+02	   4.0000000e+00	   5.0000000e+00	   3.6850000e+00	   4.4650000e+00	   2.4700000e+00	   2.0000000e+00	   1.0000000e+00	   3.0000000e+00	   1.0000000e+00	   1.2040000e+03	
   3.0300000e+02	   3.0700000e+02	   1.1400000e+02	   3.0000000e+00	   3.0000000e+00	   3.5500000e+00	   3.3050000e+00	   2.8900000e+00	   2.0000000e+00	   1.0000000e+00	   3.0000000e+00	   2.0000000e+00	   1.5440000e+03	
   1.0400000e+02	   3.0700000e+02	   3.1300000e+02	   1.5000000e+01	   5.0000000e+00	   4.1450000e+00	   3.3050000e+00	   0.0000000e+00	   2.0000000e+00	   3.0000000e+00	   1.0000000e+00	   2.0000000e+00	   9.4400000e+02	
   1.0400000e+02	   3.0300000e+02	   1.1400000e+02	   3.0000000e+00	   5.0000000e+00	   4.1450000e+00	   3.5500000e+00	   2.8900000e+00	   2.0000000e+00	   3.0000000e+00	   1.0000000e+00	   2.0000000e+00	   8.5100000e+02	
   1.1000000e+02	   3.0300000e+02	   3.0600000e+02	   1.2000000e+01	   5.0000000e+00	   4.4650000e+00	   3.5500000e+00	   0.0000000e+00	   1.0000000e+00	   2.0000000e+00	   3.0000000e+00	   1.0000000e+00	   1.2130000e+03	
   3.0700000e+02	   3.1100000e+02	   3.0200000e+02	   1.0000000e+01	   3.0000000e+00	   3.3050000e+00	   3.5400000e+00	   4.5000000e-01	   2.0000000e+00	   1.0000000e+00	   3.0000000e+00	   1.0000000e+00	   2.4410000e+03	
   1.0700000e+02	   1.0900000e+02	   2.0100000e+02	   5.0000000e+00	   4.0000000e+00	   3.3600000e+00	   3.7000000e+00	   1.3700000e+00	   2.0000000e+00	   3.0000000e+00	   1.0000000e+00	   3.0000000e+00	   1.4320000e+03	
   1.0300000e+02	   2.0900000e+02	   3.0600000e+02	   1.2000000e+01	   3.0000000e+00	   3.6850000e+00	   3.4550000e+00	   0.0000000e+00	   1.0000000e+00	   2.0000000e+00	   3.0000000e+00	   2.0000000e+00	   2.2740000e+03	
   1.0700000e+02	   3.0400000e+02	   2.1200000e+02	   9.0000000e+00	   3.0000000e+00	   3.3600000e+00	   3.5750000e+00	   1.9850000e+00	   3.0000000e+00	   1.0000000e+00	   2.0000000e+00	   1.0000000e+00	   1.6480000e+03	
   1.0700000e+02	   2.0200000e+02	   2.1200000e+02	   9.0000000e+00	   1.0000000e+00	   3.3600000e+00	   3.3350000e+00	   1.9850000e+00	   2.0000000e+00	   3.0000000e+00	   1.0000000e+00	   3.0000000e+00	   1.4250000e+03	
   2.0600000e+02	   3.0300000e+02	   2.1000000e+02	   8.0000000e+00	   1.0000000e+00	   3.5200000e+00	   3.5500000e+00	   3.1250000e+00	   3.0000000e+00	   1.0000000e+00	   2.0000000e+00	   3.0000000e+00	   2.6720000e+03	
   1.0700000e+02	   3.1000000e+02	   2.1000000e+02	   8.0000000e+00	   4.0000000e+00	   3.3600000e+00	   3.8250000e+00	   3.1250000e+00	   2.0000000e+00	   3.0000000e+00	   1.0000000e+00	   3.0000000e+00	   1.4100000e+03	
   2.0600000e+02	   3.0700000e+02	   1.0500000e+02	   1.0000000e+00	   3.0000000e+00	   3.5200000e+00	   3.3050000e+00	   0.0000000e+00	   2.0000000e+00	   3.0000000e+00	   1.0000000e+00	   2.0000000e+00	   2.1040000e+03	
   2.0800000e+02	   3.0400000e+02	   3.0800000e+02	   1.3000000e+01	   1.0000000e+00	   3.6550000e+00	   3.5750000e+00	   1.7550000e+00	   1.0000000e+00	   2.0000000e+00	   3.0000000e+00	   1.0000000e+00	   1.9450000e+03	
   1.0900000e+02	   2.0600000e+02	   3.0800000e+02	   1.3000000e+01	   3.0000000e+00	   3.7000000e+00	   3.5200000e+00	   1.7550000e+00	   3.0000000e+00	   2.0000000e+00	   1.0000000e+00	   2.0000000e+00	   2.0560000e+03	
   1.1500000e+02	   3.0300000e+02	   3.1200000e+02	   1.4000000e+01	   1.0000000e+00	   3.5700000e+00	   3.5500000e+00	   1.1100000e+00	   2.0000000e+00	   1.0000000e+00	   3.0000000e+00	   1.0000000e+00	   1.7800000e+03	
   1.0700000e+02	   3.0700000e+02	   3.0500000e+02	   1.1000000e+01	   1.0000000e+00	   3.3600000e+00	   3.3050000e+00	   7.6000000e-01	   2.0000000e+00	   3.0000000e+00	   1.0000000e+00	   3.0000000e+00	   1.6540000e+03	
   2.0900000e+02	   3.1100000e+02	   2.0500000e+02	   6.0000000e+00	   1.0000000e+00	   3.4550000e+00	   3.5400000e+00	   2.5100000e+00	   1.0000000e+00	   2.0000000e+00	   3.0000000e+00	   2.0000000e+00	   1.2040000e+03	
   3.1000000e+02	   3.1100000e+02	   1.1100000e+02	   2.0000000e+00	   4.0000000e+00	   3.8250000e+00	   3.5400000e+00	   0.0000000e+00	   1.0000000e+00	   3.0000000e+00	   2.0000000e+00	   3.0000000e+00	   1.7980000e+03	
   1.0400000e+02	   1.1000000e+02	   1.0500000e+02	   1.0000000e+00	   4.0000000e+00	   4.1450000e+00	   4.4650000e+00	   0.0000000e+00	   2.0000000e+00	   3.0000000e+00	   1.0000000e+00	   2.0000000e+00	   1.3060000e+03	
   3.0400000e+02	   3.0700000e+02	   1.1400000e+02	   3.0000000e+00	   3.0000000e+00	   3.5750000e+00	   3.3050000e+00	   2.8900000e+00	   2.0000000e+00	   1.0000000e+00	   3.0000000e+00	   2.0000000e+00	   2.9260000e+03	
   1.0400000e+02	   1.1500000e+02	   3.1200000e+02	   1.4000000e+01	   5.0000000e+00	   4.1450000e+00	   3.5700000e+00	   1.1100000e+00	   2.0000000e+00	   3.0000000e+00	   1.0000000e+00	   2.0000000e+00	   6.7200000e+02	
   1.0700000e+02	   2.0200000e+02	   1.1100000e+02	   2.0000000e+00	   1.0000000e+00	   3.3600000e+00	   3.3350000e+00	   0.0000000e+00	   1.0000000e+00	   2.0000000e+00	   3.0000000e+00	   2.0000000e+00	   2.0870000e+03	
   1.0400000e+02	   3.0300000e+02	   2.1000000e+02	   8.0000000e+00	   5.0000000e+00	   4.1450000e+00	   3.5500000e+00	   3.1250000e+00	   2.0000000e+00	   1.0000000e+00	   3.0000000e+00	   2.0000000e+00	   9.4500000e+02	
   2.0200000e+02	   2.0900000e+02	   2.0500000e+02	   6.0000000e+00	   2.0000000e+00	   3.3350000e+00	   3.4550000e+00	   2.5100000e+00	   1.0000000e+00	   2.0000000e+00	   3.0000000e+00	   2.0000000e+00	   1.4540000e+03	
   3.0400000e+02	   3.1100000e+02	   2.0700000e+02	   7.0000000e+00	   1.0000000e+00	   3.5750000e+00	   3.5400000e+00	   3.2650000e+00	   1.0000000e+00	   3.0000000e+00	   2.0000000e+00	   3.0000000e+00	   1.0770000e+03	
   1.0700000e+02	   2.0900000e+02	   3.0500000e+02	   1.1000000e+01	   2.0000000e+00	   3.3600000e+00	   3.4550000e+00	   7.6000000e-01	   1.0000000e+00	   3.0000000e+00	   2.0000000e+00	   3.0000000e+00	   1.5490000e+03	
   1.0300000e+02	   2.0800000e+02	   1.1400000e+02	   3.0000000e+00	   1.0000000e+00	   3.6850000e+00	   3.6550000e+00	   2.8900000e+00	   3.0000000e+00	   2.0000000e+00	   1.0000000e+00	   2.0000000e+00	   1.5340000e+03	
   1.1500000e+02	   2.0900000e+02	   1.1600000e+02	   4.0000000e+00	   2.0000000e+00	   3.5700000e+00	   3.4550000e+00	   2.4700000e+00	   1.0000000e+00	   2.0000000e+00	   3.0000000e+00	   2.0000000e+00	   1.2460000e+03	
   1.0300000e+02	   2.0600000e+02	   1.1100000e+02	   2.0000000e+00	   2.0000000e+00	   3.6850000e+00	   3.5200000e+00	   0.0000000e+00	   2.0000000e+00	   3.0000000e+00	   1.0000000e+00	   3.0000000e+00	   1.6700000e+03	
   1.0900000e+02	   3.0300000e+02	   3.0500000e+02	   1.1000000e+01	   2.0000000e+00	   3.7000000e+00	   3.5500000e+00	   7.6000000e-01	   3.0000000e+00	   2.0000000e+00	   1.0000000e+00	   2.0000000e+00	   1.1510000e+03	
   1.0300000e+02	   1.0400000e+02	   3.1200000e+02	   1.4000000e+01	   4.0000000e+00	   3.6850000e+00	   4.1450000e+00	   1.1100000e+00	   2.0000000e+00	   3.0000000e+00	   1.0000000e+00	   3.0000000e+00	   7.2000000e+02	
   2.0600000e+02	   2.0800000e+02	   3.0200000e+02	   1.0000000e+01	   2.0000000e+00	   3.5200000e+00	   3.6550000e+00	   4.5000000e-01	   2.0000000e+00	   3.0000000e+00	   1.0000000e+00	   3.0000000e+00	   1.6980000e+03	
   1.0300000e+02	   3.0300000e+02	   1.0500000e+02	   1.0000000e+00	   2.0000000e+00	   3.6850000e+00	   3.5500000e+00	   0.0000000e+00	   2.0000000e+00	   3.0000000e+00	   1.0000000e+00	   3.0000000e+00	   1.5430000e+03	
   3.0400000e+02	   3.0700000e+02	   3.0200000e+02	   1.0000000e+01	   3.0000000e+00	   3.5750000e+00	   3.3050000e+00	   4.5000000e-01	   2.0000000e+00	   3.0000000e+00	   1.0000000e+00	   2.0000000e+00	   1.5320000e+03	
   2.0200000e+02	   3.1100000e+02	   2.0100000e+02	   5.0000000e+00	   3.0000000e+00	   3.3350000e+00	   3.5400000e+00	   1.3700000e+00	   3.0000000e+00	   1.0000000e+00	   2.0000000e+00	   1.0000000e+00	   1.3510000e+03	
   1.1000000e+02	   2.0200000e+02	   2.1200000e+02	   9.0000000e+00	   5.0000000e+00	   4.4650000e+00	   3.3350000e+00	   1.9850000e+00	   3.0000000e+00	   2.0000000e+00	   1.0000000e+00	   3.0000000e+00	   8.1500000e+02	
   1.0400000e+02	   1.0900000e+02	   2.1000000e+02	   8.0000000e+00	   4.0000000e+00	   4.1450000e+00	   3.7000000e+00	   3.1250000e+00	   2.0000000e+00	   1.0000000e+00	   3.0000000e+00	   2.0000000e+00	   7.0300000e+02	
   1.0700000e+02	   3.1100000e+02	   2.1200000e+02	   9.0000000e+00	   3.0000000e+00	   3.3600000e+00	   3.5400000e+00	   1.9850000e+00	   2.0000000e+00	   3.0000000e+00	   1.0000000e+00	   3.0000000e+00	   2.3960000e+03	
   1.0300000e+02	   2.0800000e+02	   3.0600000e+02	   1.2000000e+01	   1.0000000e+00	   3.6850000e+00	   3.6550000e+00	   0.0000000e+00	   1.0000000e+00	   2.0000000e+00	   3.0000000e+00	   2.0000000e+00	   8.0800000e+02	
   2.0200000e+02	   3.0700000e+02	   2.1000000e+02	   8.0000000e+00	   1.0000000e+00	   3.3350000e+00	   3.3050000e+00	   3.1250000e+00	   2.0000000e+00	   3.0000000e+00	   1.0000000e+00	   1.0000000e+00	   1.7280000e+03	
   3.0400000e+02	   3.1000000e+02	   1.0500000e+02	   1.0000000e+00	   3.0000000e+00	   3.5750000e+00	   3.8250000e+00	   0.0000000e+00	   2.0000000e+00	   3.0000000e+00	   1.0000000e+00	   3.0000000e+00	   9.2500000e+02	
   2.0200000e+02	   3.0300000e+02	   2.1000000e+02	   8.0000000e+00	   3.0000000e+00	   3.3350000e+00	   3.5500000e+00	   3.1250000e+00	   1.0000000e+00	   2.0000000e+00	   3.0000000e+00	   2.0000000e+00	   1.5550000e+03	
   1.0300000e+02	   2.0200000e+02	   3.0600000e+02	   1.2000000e+01	   4.0000000e+00	   3.6850000e+00	   3.3350000e+00	   0.0000000e+00	   2.0000000e+00	   1.0000000e+00	   3.0000000e+00	   1.0000000e+00	   1.8600000e+03	
   2.0200000e+02	   3.0400000e+02	   3.1200000e+02	   1.4000000e+01	   3.0000000e+00	   3.3350000e+00	   3.5750000e+00	   1.1100000e+00	   2.0000000e+00	   3.0000000e+00	   1.0000000e+00	   3.0000000e+00	   2.3170000e+03	
   2.0800000e+02	   3.0700000e+02	   3.1300000e+02	   1.5000000e+01	   4.0000000e+00	   3.6550000e+00	   3.3050000e+00	   0.0000000e+00	   3.0000000e+00	   1.0000000e+00	   2.0000000e+00	   3.0000000e+00	   1.7330000e+03	
   1.0700000e+02	   3.1000000e+02	   3.0600000e+02	   1.2000000e+01	   4.0000000e+00	   3.3600000e+00	   3.8250000e+00	   0.0000000e+00	   1.0000000e+00	   2.0000000e+00	   3.0000000e+00	   2.0000000e+00	   1.1510000e+03	
   2.0200000e+02	   3.1100000e+02	   3.0500000e+02	   1.1000000e+01	   3.0000000e+00	   3.3350000e+00	   3.5400000e+00	   7.6000000e-01	   2.0000000e+00	   1.0000000e+00	   3.0000000e+00	   1.0000000e+00	   1.0550000e+03	
   1.0300000e+02	   3.1000000e+02	   3.0800000e+02	   1.3000000e+01	   2.0000000e+00	   3.6850000e+00	   3.8250000e+00	   1.7550000e+00	   3.0000000e+00	   1.0000000e+00	   2.0000000e+00	   1.0000000e+00	   9.8600000e+02	
   2.0900000e+02	   3.1000000e+02	   3.0500000e+02	   1.1000000e+01	   4.0000000e+00	   3.4550000e+00	   3.8250000e+00	   7.6000000e-01	   1.0000000e+00	   2.0000000e+00	   3.0000000e+00	   2.0000000e+00	   7.4700000e+02	
   1.0400000e+02	   3.0400000e+02	   1.1600000e+02	   4.0000000e+00	   4.0000000e+00	   4.1450000e+00	   3.5750000e+00	   2.4700000e+00	   2.0000000e+00	   1.0000000e+00	   3.0000000e+00	   2.0000000e+00	   6.9700000e+02	
   2.0800000e+02	   3.1000000e+02	   1.1400000e+02	   3.0000000e+00	   2.0000000e+00	   3.6550000e+00	   3.8250000e+00	   2.8900000e+00	   2.0000000e+00	   3.0000000e+00	   1.0000000e+00	   3.0000000e+00	   1.4640000e+03	
   1.1000000e+02	   1.1500000e+02	   2.1200000e+02	   9.0000000e+00	   5.0000000e+00	   4.4650000e+00	   3.5700000e+00	   1.9850000e+00	   2.0000000e+00	   1.0000000e+00	   3.0000000e+00	   2.0000000e+00	   6.7300000e+02	
   1.0700000e+02	   2.0900000e+02	   1.1600000e+02	   4.0000000e+00	   2.0000000e+00	   3.3600000e+00	   3.4550000e+00	   2.4700000e+00	   3.0000000e+00	   2.0000000e+00	   1.0000000e+00	   2.0000000e+00	   2.4510000e+03	
   1.1000000e+02	   3.0300000e+02	   2.0100000e+02	   5.0000000e+00	   5.0000000e+00	   4.4650000e+00	   3.5500000e+00	   1.3700000e+00	   3.0000000e+00	   2.0000000e+00	   1.0000000e+00	   3.0000000e+00	   8.1800000e+02	
   1.0900000e+02	   3.1100000e+02	   3.0800000e+02	   1.3000000e+01	   2.0000000e+00	   3.7000000e+00	   3.5400000e+00	   1.7550000e+00	   2.0000000e+00	   1.0000000e+00	   3.0000000e+00	   1.0000000e+00	   1.1660000e+03	
   3.0300000e+02	   3.1000000e+02	   2.0700000e+02	   7.0000000e+00	   3.0000000e+00	   3.5500000e+00	   3.8250000e+00	   3.2650000e+00	   3.0000000e+00	   1.0000000e+00	   2.0000000e+00	   3.0000000e+00	   7.8400000e+02	
   1.1000000e+02	   2.0200000e+02	   3.0500000e+02	   1.1000000e+01	   5.0000000e+00	   4.4650000e+00	   3.3350000e+00	   7.6000000e-01	   3.0000000e+00	   2.0000000e+00	   1.0000000e+00	   3.0000000e+00	   7.1000000e+02	
   1.0400000e+02	   3.1000000e+02	   1.1400000e+02	   3.0000000e+00	   4.0000000e+00	   4.1450000e+00	   3.8250000e+00	   2.8900000e+00	   3.0000000e+00	   1.0000000e+00	   2.0000000e+00	   3.0000000e+00	   6.7300000e+02	
   1.0900000e+02	   1.1000000e+02	   3.0500000e+02	   1.1000000e+01	   5.0000000e+00	   3.7000000e+00	   4.4650000e+00	   7.6000000e-01	   1.0000000e+00	   3.0000000e+00	   2.0000000e+00	   3.0000000e+00	   6.3600000e+02	
   1.0300000e+02	   3.0400000e+02	   1.1400000e+02	   3.0000000e+00	   2.0000000e+00	   3.6850000e+00	   3.5750000e+00	   2.8900000e+00	   1.0000000e+00	   3.0000000e+00	   2.0000000e+00	   3.0000000e+00	   1.5070000e+03	
   1.0300000e+02	   1.0900000e+02	   1.1100000e+02	   2.0000000e+00	   1.0000000e+00	   3.6850000e+00	   3.7000000e+00	   0.0000000e+00	   1.0000000e+00	   3.0000000e+00	   2.0000000e+00	   3.0000000e+00	   2.2600000e+03	
   1.1000000e+02	   3.0400000e+02	   3.0600000e+02	   1.2000000e+01	   5.0000000e+00	   4.4650000e+00	   3.5750000e+00	   0.0000000e+00	   1.0000000e+00	   3.0000000e+00	   2.0000000e+00	   1.0000000e+00	   7.6900000e+02	
   1.1500000e+02	   2.0600000e+02	   1.1100000e+02	   2.0000000e+00	   1.0000000e+00	   3.5700000e+00	   3.5200000e+00	   0.0000000e+00	   1.0000000e+00	   2.0000000e+00	   3.0000000e+00	   2.0000000e+00	   1.9530000e+03	
   2.0200000e+02	   3.1100000e+02	   2.0500000e+02	   6.0000000e+00	   3.0000000e+00	   3.3350000e+00	   3.5400000e+00	   2.5100000e+00	   3.0000000e+00	   1.0000000e+00	   2.0000000e+00	   1.0000000e+00	   9.8500000e+02	
   3.0300000e+02	   3.0700000e+02	   3.1200000e+02	   1.4000000e+01	   3.0000000e+00	   3.5500000e+00	   3.3050000e+00	   1.1100000e+00	   1.0000000e+00	   3.0000000e+00	   2.0000000e+00	   1.0000000e+00	   9.1700000e+02	
   1.0300000e+02	   1.1000000e+02	   1.0500000e+02	   1.0000000e+00	   5.0000000e+00	   3.6850000e+00	   4.4650000e+00	   0.0000000e+00	   2.0000000e+00	   3.0000000e+00	   1.0000000e+00	   3.0000000e+00	   7.3300000e+02	
   2.0800000e+02	   3.0300000e+02	   3.0500000e+02	   1.1000000e+01	   2.0000000e+00	   3.6550000e+00	   3.5500000e+00	   7.6000000e-01	   1.0000000e+00	   3.0000000e+00	   2.0000000e+00	   3.0000000e+00	   7.4900000e+02	
   1.0700000e+02	   2.0800000e+02	   3.1300000e+02	   1.5000000e+01	   4.0000000e+00	   3.3600000e+00	   3.6550000e+00	   0.0000000e+00	   3.0000000e+00	   1.0000000e+00	   2.0000000e+00	   1.0000000e+00	   1.1160000e+03	
   1.1500000e+02	   3.1100000e+02	   1.0500000e+02	   1.0000000e+00	   1.0000000e+00	   3.5700000e+00	   3.5400000e+00	   0.0000000e+00	   2.0000000e+00	   3.0000000e+00	   1.0000000e+00	   3.0000000e+00	   9.5200000e+02	
   1.0300000e+02	   3.0400000e+02	   2.0100000e+02	   5.0000000e+00	   2.0000000e+00	   3.6850000e+00	   3.5750000e+00	   1.3700000e+00	   1.0000000e+00	   2.0000000e+00	   3.0000000e+00	   2.0000000e+00	   1.4740000e+03	
   1.0900000e+02	   2.0200000e+02	   2.1000000e+02	   8.0000000e+00	   4.0000000e+00	   3.7000000e+00	   3.3350000e+00	   3.1250000e+00	   3.0000000e+00	   2.0000000e+00	   1.0000000e+00	   1.0000000e+00	   4.7790000e+03	
   1.0700000e+02	   2.0900000e+02	   1.1100000e+02	   2.0000000e+00	   2.0000000e+00	   3.3600000e+00	   3.4550000e+00	   0.0000000e+00	   1.0000000e+00	   3.0000000e+00	   2.0000000e+00	   3.0000000e+00	   9.8500000e+02	
   1.0300000e+02	   1.0700000e+02	   3.1300000e+02	   1.5000000e+01	   4.0000000e+00	   3.6850000e+00	   3.3600000e+00	   0.0000000e+00	   2.0000000e+00	   3.0000000e+00	   1.0000000e+00	   3.0000000e+00	   2.7790000e+03	
   1.0400000e+02	   2.0900000e+02	   3.1200000e+02	   1.4000000e+01	   5.0000000e+00	   4.1450000e+00	   3.4550000e+00	   1.1100000e+00	   2.0000000e+00	   1.0000000e+00	   3.0000000e+00	   2.0000000e+00	   8.4000000e+02	
   2.0200000e+02	   3.1100000e+02	   1.0500000e+02	   1.0000000e+00	   3.0000000e+00	   3.3350000e+00	   3.5400000e+00	   0.0000000e+00	   3.0000000e+00	   2.0000000e+00	   1.0000000e+00	   2.0000000e+00	   6.7200000e+02	
   1.0400000e+02	   1.1500000e+02	   1.1100000e+02	   2.0000000e+00	   5.0000000e+00	   4.1450000e+00	   3.5700000e+00	   0.0000000e+00	   1.0000000e+00	   3.0000000e+00	   2.0000000e+00	   1.0000000e+00	   9.2300000e+02	
   1.0300000e+02	   1.0700000e+02	   3.0800000e+02	   1.3000000e+01	   4.0000000e+00	   3.6850000e+00	   3.3600000e+00	   1.7550000e+00	   3.0000000e+00	   2.0000000e+00	   1.0000000e+00	   2.0000000e+00	   2.8560000e+03	
   1.0700000e+02	   3.0300000e+02	   1.1600000e+02	   4.0000000e+00	   3.0000000e+00	   3.3600000e+00	   3.5500000e+00	   2.4700000e+00	   2.0000000e+00	   1.0000000e+00	   3.0000000e+00	   1.0000000e+00	   1.1100000e+03	
   1.0400000e+02	   2.0900000e+02	   3.0800000e+02	   1.3000000e+01	   5.0000000e+00	   4.1450000e+00	   3.4550000e+00	   1.7550000e+00	   1.0000000e+00	   3.0000000e+00	   2.0000000e+00	   1.0000000e+00	   5.9200000e+02	
   1.0700000e+02	   3.0400000e+02	   3.0200000e+02	   1.0000000e+01	   3.0000000e+00	   3.3600000e+00	   3.5750000e+00	   4.5000000e-01	   1.0000000e+00	   3.0000000e+00	   2.0000000e+00	   3.0000000e+00	   1.2650000e+03	
   1.0400000e+02	   1.1000000e+02	   1.1100000e+02	   2.0000000e+00	   4.0000000e+00	   4.1450000e+00	   4.4650000e+00	   0.0000000e+00	   2.0000000e+00	   3.0000000e+00	   1.0000000e+00	   2.0000000e+00	   1.4750000e+03	
   1.0400000e+02	   2.0200000e+02	   3.0800000e+02	   1.3000000e+01	   5.0000000e+00	   4.1450000e+00	   3.3350000e+00	   1.7550000e+00	   2.0000000e+00	   3.0000000e+00	   1.0000000e+00	   2.0000000e+00	   8.4500000e+02	
   2.0800000e+02	   3.0700000e+02	   3.1200000e+02	   1.4000000e+01	   4.0000000e+00	   3.6550000e+00	   3.3050000e+00	   1.1100000e+00	   2.0000000e+00	   1.0000000e+00	   3.0000000e+00	   2.0000000e+00	   2.7940000e+03	
   1.0400000e+02	   1.0900000e+02	   3.0600000e+02	   1.2000000e+01	   4.0000000e+00	   4.1450000e+00	   3.7000000e+00	   0.0000000e+00	   1.0000000e+00	   2.0000000e+00	   3.0000000e+00	   1.0000000e+00	   8.0900000e+02	
   3.0300000e+02	   3.0700000e+02	   2.0500000e+02	   6.0000000e+00	   3.0000000e+00	   3.5500000e+00	   3.3050000e+00	   2.5100000e+00	   3.0000000e+00	   1.0000000e+00	   2.0000000e+00	   3.0000000e+00	   1.3640000e+03	
   1.0700000e+02	   2.0200000e+02	   3.0800000e+02	   1.3000000e+01	   1.0000000e+00	   3.3600000e+00	   3.3350000e+00	   1.7550000e+00	   3.0000000e+00	   1.0000000e+00	   2.0000000e+00	   1.0000000e+00	   1.3110000e+03	
   2.0200000e+02	   3.1100000e+02	   1.1100000e+02	   2.0000000e+00	   3.0000000e+00	   3.3350000e+00	   3.5400000e+00	   0.0000000e+00	   3.0000000e+00	   2.0000000e+00	   1.0000000e+00	   2.0000000e+00	   7.5200000e+02	
   3.0700000e+02	   3.1100000e+02	   2.1200000e+02	   9.0000000e+00	   3.0000000e+00	   3.3050000e+00	   3.5400000e+00	   1.9850000e+00	   1.0000000e+00	   2.0000000e+00	   3.0000000e+00	   2.0000000e+00	   8.3800000e+02	
   1.0400000e+02	   3.0400000e+02	   2.0700000e+02	   7.0000000e+00	   4.0000000e+00	   4.1450000e+00	   3.5750000e+00	   3.2650000e+00	   3.0000000e+00	   1.0000000e+00	   2.0000000e+00	   3.0000000e+00	   6.6900000e+02	
   2.0600000e+02	   2.0900000e+02	   1.1400000e+02	   3.0000000e+00	   1.0000000e+00	   3.5200000e+00	   3.4550000e+00	   2.8900000e+00	   3.0000000e+00	   1.0000000e+00	   2.0000000e+00	   3.0000000e+00	   2.0390000e+03	
   1.0400000e+02	   2.0600000e+02	   2.0700000e+02	   7.0000000e+00	   5.0000000e+00	   4.1450000e+00	   3.5200000e+00	   3.2650000e+00	   3.0000000e+00	   2.0000000e+00	   1.0000000e+00	   3.0000000e+00	   6.1500000e+02	
   1.0700000e+02	   2.0600000e+02	   3.1300000e+02	   1.5000000e+01	   2.0000000e+00	   3.3600000e+00	   3.5200000e+00	   0.0000000e+00	   3.0000000e+00	   2.0000000e+00	   1.0000000e+00	   2.0000000e+00	   1.0770000e+03	
   2.0600000e+02	   2.0900000e+02	   1.0500000e+02	   1.0000000e+00	   1.0000000e+00	   3.5200000e+00	   3.4550000e+00	   0.0000000e+00	   3.0000000e+00	   1.0000000e+00	   2.0000000e+00	   3.0000000e+00	   1.3250000e+03	
   3.0300000e+02	   3.1000000e+02	   3.0800000e+02	   1.3000000e+01	   3.0000000e+00	   3.5500000e+00	   3.8250000e+00	   1.7550000e+00	   1.0000000e+00	   2.0000000e+00	   3.0000000e+00	   2.0000000e+00	   1.4010000e+03	
   1.1000000e+02	   3.1000000e+02	   3.1200000e+02	   1.4000000e+01	   5.0000000e+00	   4.4650000e+00	   3.8250000e+00	   1.1100000e+00	   3.0000000e+00	   2.0000000e+00	   1.0000000e+00	   3.0000000e+00	   7.1000000e+02	
   1.1000000e+02	   3.0700000e+02	   1.1600000e+02	   4.0000000e+00	   5.0000000e+00	   4.4650000e+00	   3.3050000e+00	   2.4700000e+00	   3.0000000e+00	   2.0000000e+00	   1.0000000e+00	   3.0000000e+00	   7.6000000e+02	
   1.0900000e+02	   3.1000000e+02	   1.1400000e+02	   3.0000000e+00	   2.0000000e+00	   3.7000000e+00	   3.8250000e+00	   2.8900000e+00	   1.0000000e+00	   3.0000000e+00	   2.0000000e+00	   3.0000000e+00	   1.0500000e+03	
   2.0200000e+02	   3.0300000e+02	   1.1600000e+02	   4.0000000e+00	   3.0000000e+00	   3.3350000e+00	   3.5500000e+00	   2.4700000e+00	   2.0000000e+00	   1.0000000e+00	   3.0000000e+00	   1.0000000e+00	   1.4120000e+03	
   1.0300000e+02	   3.0300000e+02	   3.0500000e+02	   1.1000000e+01	   2.0000000e+00	   3.6850000e+00	   3.5500000e+00	   7.6000000e-01	   2.0000000e+00	   3.0000000e+00	   1.0000000e+00	   3.0000000e+00	   1.2050000e+03	
   1.0300000e+02	   3.1000000e+02	   2.0100000e+02	   5.0000000e+00	   2.0000000e+00	   3.6850000e+00	   3.8250000e+00	   1.3700000e+00	   3.0000000e+00	   2.0000000e+00	   1.0000000e+00	   2.0000000e+00	   1.4390000e+03	
   1.1000000e+02	   3.1100000e+02	   3.0800000e+02	   1.3000000e+01	   5.0000000e+00	   4.4650000e+00	   3.5400000e+00	   1.7550000e+00	   3.0000000e+00	   2.0000000e+00	   1.0000000e+00	   3.0000000e+00	   8.6900000e+02	
   1.1500000e+02	   3.1000000e+02	   3.0500000e+02	   1.1000000e+01	   3.0000000e+00	   3.5700000e+00	   3.8250000e+00	   7.6000000e-01	   2.0000000e+00	   3.0000000e+00	   1.0000000e+00	   3.0000000e+00	   9.2400000e+02	
   2.0800000e+02	   2.0900000e+02	   1.1600000e+02	   4.0000000e+00	   3.0000000e+00	   3.6550000e+00	   3.4550000e+00	   2.4700000e+00	   2.0000000e+00	   1.0000000e+00	   3.0000000e+00	   2.0000000e+00	   1.4780000e+03	
   1.1500000e+02	   3.0700000e+02	   2.0700000e+02	   7.0000000e+00	   3.0000000e+00	   3.5700000e+00	   3.3050000e+00	   3.2650000e+00	   3.0000000e+00	   2.0000000e+00	   1.0000000e+00	   2.0000000e+00	   1.4230000e+03	
   1.0900000e+02	   3.1100000e+02	   1.0500000e+02	   1.0000000e+00	   2.0000000e+00	   3.7000000e+00	   3.5400000e+00	   0.0000000e+00	   3.0000000e+00	   2.0000000e+00	   1.0000000e+00	   2.0000000e+00	   8.9000000e+02	
   2.0200000e+02	   2.0900000e+02	   3.0200000e+02	   1.0000000e+01	   2.0000000e+00	   3.3350000e+00	   3.4550000e+00	   4.5000000e-01	   1.0000000e+00	   2.0000000e+00	   3.0000000e+00	   2.0000000e+00	   6.7000000e+02	
   1.0700000e+02	   1.0900000e+02	   2.1000000e+02	   8.0000000e+00	   4.0000000e+00	   3.3600000e+00	   3.7000000e+00	   3.1250000e+00	   2.0000000e+00	   1.0000000e+00	   3.0000000e+00	   3.0000000e+00	   1.5140000e+03	
   1.0900000e+02	   2.0600000e+02	   3.0200000e+02	   1.0000000e+01	   3.0000000e+00	   3.7000000e+00	   3.5200000e+00	   4.5000000e-01	   3.0000000e+00	   2.0000000e+00	   1.0000000e+00	   2.0000000e+00	   1.4000000e+03	
   2.0800000e+02	   2.0900000e+02	   3.1300000e+02	   1.5000000e+01	   3.0000000e+00	   3.6550000e+00	   3.4550000e+00	   0.0000000e+00	   3.0000000e+00	   1.0000000e+00	   2.0000000e+00	   3.0000000e+00	   1.5280000e+03	
   3.0300000e+02	   3.0400000e+02	   2.1200000e+02	   9.0000000e+00	   1.0000000e+00	   3.5500000e+00	   3.5750000e+00	   1.9850000e+00	   2.0000000e+00	   3.0000000e+00	   1.0000000e+00	   2.0000000e+00	   1.5260000e+03	
   3.0700000e+02	   3.1100000e+02	   2.0500000e+02	   6.0000000e+00	   3.0000000e+00	   3.3050000e+00	   3.5400000e+00	   2.5100000e+00	   1.0000000e+00	   2.0000000e+00	   3.0000000e+00	   2.0000000e+00	   6.7800000e+02	
   2.0600000e+02	   2.0900000e+02	   1.1600000e+02	   4.0000000e+00	   1.0000000e+00	   3.5200000e+00	   3.4550000e+00	   2.4700000e+00	   1.0000000e+00	   2.0000000e+00	   3.0000000e+00	   1.0000000e+00	   1.6740000e+03	
   1.0900000e+02	   2.0800000e+02	   3.0500000e+02	   1.1000000e+01	   1.0000000e+00	   3.7000000e+00	   3.6550000e+00	   7.6000000e-01	   1.0000000e+00	   2.0000000e+00	   3.0000000e+00	   2.0000000e+00	   2.6610000e+03	
   1.1500000e+02	   3.1100000e+02	   3.0200000e+02	   1.0000000e+01	   1.0000000e+00	   3.5700000e+00	   3.5400000e+00	   4.5000000e-01	   3.0000000e+00	   2.0000000e+00	   1.0000000e+00	   2.0000000e+00	   6.1400000e+02	
   1.0700000e+02	   3.1000000e+02	   2.0500000e+02	   6.0000000e+00	   4.0000000e+00	   3.3600000e+00	   3.8250000e+00	   2.5100000e+00	   1.0000000e+00	   3.0000000e+00	   2.0000000e+00	   3.0000000e+00	   1.2980000e+03	
   1.0300000e+02	   1.1500000e+02	   3.1300000e+02	   1.5000000e+01	   2.0000000e+00	   3.6850000e+00	   3.5700000e+00	   0.0000000e+00	   3.0000000e+00	   1.0000000e+00	   2.0000000e+00	   1.0000000e+00	   2.1200000e+03	
   1.0300000e+02	   1.0400000e+02	   1.1400000e+02	   3.0000000e+00	   4.0000000e+00	   3.6850000e+00	   4.1450000e+00	   2.8900000e+00	   3.0000000e+00	   2.0000000e+00	   1.0000000e+00	   2.0000000e+00	   1.0610000e+03	
   1.1500000e+02	   2.0900000e+02	   2.0700000e+02	   7.0000000e+00	   2.0000000e+00	   3.5700000e+00	   3.4550000e+00	   3.2650000e+00	   1.0000000e+00	   2.0000000e+00	   3.0000000e+00	   2.0000000e+00	   1.7390000e+03	
   2.0200000e+02	   3.0700000e+02	   2.0100000e+02	   5.0000000e+00	   1.0000000e+00	   3.3350000e+00	   3.3050000e+00	   1.3700000e+00	   1.0000000e+00	   2.0000000e+00	   3.0000000e+00	   2.0000000e+00	   1.1420000e+03	
   1.0400000e+02	   1.1500000e+02	   1.1400000e+02	   3.0000000e+00	   5.0000000e+00	   4.1450000e+00	   3.5700000e+00	   2.8900000e+00	   1.0000000e+00	   2.0000000e+00	   3.0000000e+00	   1.0000000e+00	   6.8600000e+02	
   1.1000000e+02	   2.0800000e+02	   3.1300000e+02	   1.5000000e+01	   5.0000000e+00	   4.4650000e+00	   3.6550000e+00	   0.0000000e+00	   2.0000000e+00	   3.0000000e+00	   1.0000000e+00	   2.0000000e+00	   1.5390000e+03	
   1.0400000e+02	   2.0200000e+02	   2.0500000e+02	   6.0000000e+00	   5.0000000e+00	   4.1450000e+00	   3.3350000e+00	   2.5100000e+00	   2.0000000e+00	   1.0000000e+00	   3.0000000e+00	   2.0000000e+00	   6.6000000e+02	
   2.0600000e+02	   3.0400000e+02	   3.0600000e+02	   1.2000000e+01	   1.0000000e+00	   3.5200000e+00	   3.5750000e+00	   0.0000000e+00	   2.0000000e+00	   1.0000000e+00	   3.0000000e+00	   2.0000000e+00	   1.5220000e+03	
   3.0400000e+02	   3.1100000e+02	   3.1300000e+02	   1.5000000e+01	   1.0000000e+00	   3.5750000e+00	   3.5400000e+00	   0.0000000e+00	   3.0000000e+00	   1.0000000e+00	   2.0000000e+00	   1.0000000e+00	   1.4610000e+03	
   3.1000000e+02	   3.1100000e+02	   3.0200000e+02	   1.0000000e+01	   4.0000000e+00	   3.8250000e+00	   3.5400000e+00	   4.5000000e-01	   2.0000000e+00	   3.0000000e+00	   1.0000000e+00	   2.0000000e+00	   7.2600000e+02	
   1.0700000e+02	   2.0800000e+02	   2.0500000e+02	   6.0000000e+00	   4.0000000e+00	   3.3600000e+00	   3.6550000e+00	   2.5100000e+00	   2.0000000e+00	   1.0000000e+00	   3.0000000e+00	   1.0000000e+00	   1.1630000e+03	
   2.0900000e+02	   3.0700000e+02	   2.0500000e+02	   6.0000000e+00	   2.0000000e+00	   3.4550000e+00	   3.3050000e+00	   2.5100000e+00	   1.0000000e+00	   2.0000000e+00	   3.0000000e+00	   2.0000000e+00	   9.4600000e+02	
   1.0900000e+02	   1.1500000e+02	   2.1000000e+02	   8.0000000e+00	   2.0000000e+00	   3.7000000e+00	   3.5700000e+00	   3.1250000e+00	   3.0000000e+00	   2.0000000e+00	   1.0000000e+00	   2.0000000e+00	   1.3360000e+03	
   2.0600000e+02	   2.0900000e+02	   2.0500000e+02	   6.0000000e+00	   1.0000000e+00	   3.5200000e+00	   3.4550000e+00	   2.5100000e+00	   3.0000000e+00	   1.0000000e+00	   2.0000000e+00	   3.0000000e+00	   1.3320000e+03	
   1.1500000e+02	   3.0300000e+02	   1.0500000e+02	   1.0000000e+00	   1.0000000e+00	   3.5700000e+00	   3.5500000e+00	   0.0000000e+00	   3.0000000e+00	   1.0000000e+00	   2.0000000e+00	   3.0000000e+00	   1.3900000e+03	
   1.0400000e+02	   2.0800000e+02	   1.1100000e+02	   2.0000000e+00	   4.0000000e+00	   4.1450000e+00	   3.6550000e+00	   0.0000000e+00	   2.0000000e+00	   3.0000000e+00	   1.0000000e+00	   2.0000000e+00	   7.1600000e+02	
   1.0300000e+02	   3.1000000e+02	   2.1000000e+02	   8.0000000e+00	   2.0000000e+00	   3.6850000e+00	   3.8250000e+00	   3.1250000e+00	   2.0000000e+00	   3.0000000e+00	   1.0000000e+00	   3.0000000e+00	   1.3040000e+03	
   2.0200000e+02	   2.0600000e+02	   1.1100000e+02	   2.0000000e+00	   3.0000000e+00	   3.3350000e+00	   3.5200000e+00	   0.0000000e+00	   3.0000000e+00	   1.0000000e+00	   2.0000000e+00	   1.0000000e+00	   4.1990000e+03	
   2.0600000e+02	   3.0400000e+02	   2.0700000e+02	   7.0000000e+00	   1.0000000e+00	   3.5200000e+00	   3.5750000e+00	   3.2650000e+00	   3.0000000e+00	   1.0000000e+00	   2.0000000e+00	   3.0000000e+00	   2.4100000e+03	
   1.0400000e+02	   3.0300000e+02	   2.0100000e+02	   5.0000000e+00	   5.0000000e+00	   4.1450000e+00	   3.5500000e+00	   1.3700000e+00	   3.0000000e+00	   2.0000000e+00	   1.0000000e+00	   3.0000000e+00	   7.2700000e+02	
   1.0400000e+02	   2.0900000e+02	   2.1000000e+02	   8.0000000e+00	   5.0000000e+00	   4.1450000e+00	   3.4550000e+00	   3.1250000e+00	   2.0000000e+00	   3.0000000e+00	   1.0000000e+00	   2.0000000e+00	   7.4300000e+02	
   2.0200000e+02	   2.0900000e+02	   2.0100000e+02	   5.0000000e+00	   2.0000000e+00	   3.3350000e+00	   3.4550000e+00	   1.3700000e+00	   1.0000000e+00	   2.0000000e+00	   3.0000000e+00	   2.0000000e+00	   1.2470000e+03	
   1.0400000e+02	   3.1100000e+02	   1.0500000e+02	   1.0000000e+00	   5.0000000e+00	   4.1450000e+00	   3.5400000e+00	   0.0000000e+00	   2.0000000e+00	   3.0000000e+00	   1.0000000e+00	   2.0000000e+00	   5.9500000e+02	
   1.0700000e+02	   1.1500000e+02	   1.1600000e+02	   4.0000000e+00	   3.0000000e+00	   3.3600000e+00	   3.5700000e+00	   2.4700000e+00	   3.0000000e+00	   1.0000000e+00	   2.0000000e+00	   1.0000000e+00	   1.9260000e+03	
   1.0900000e+02	   2.0800000e+02	   2.0100000e+02	   5.0000000e+00	   1.0000000e+00	   3.7000000e+00	   3.6550000e+00	   1.3700000e+00	   3.0000000e+00	   1.0000000e+00	   2.0000000e+00	   1.0000000e+00	   9.8700000e+02	
   1.0700000e+02	   3.0300000e+02	   1.0500000e+02	   1.0000000e+00	   3.0000000e+00	   3.3600000e+00	   3.5500000e+00	   0.0000000e+00	   1.0000000e+00	   2.0000000e+00	   3.0000000e+00	   2.0000000e+00	   6.9500000e+02	
   2.0200000e+02	   3.1000000e+02	   3.0200000e+02	   1.0000000e+01	   4.0000000e+00	   3.3350000e+00	   3.8250000e+00	   4.5000000e-01	   2.0000000e+00	   3.0000000e+00	   1.0000000e+00	   3.0000000e+00	   1.1120000e+03	
   1.0300000e+02	   1.1500000e+02	   2.1200000e+02	   9.0000000e+00	   2.0000000e+00	   3.6850000e+00	   3.5700000e+00	   1.9850000e+00	   3.0000000e+00	   1.0000000e+00	   2.0000000e+00	   1.0000000e+00	   1.8870000e+03	
   3.0300000e+02	   3.1100000e+02	   3.0600000e+02	   1.2000000e+01	   1.0000000e+00	   3.5500000e+00	   3.5400000e+00	   0.0000000e+00	   3.0000000e+00	   1.0000000e+00	   2.0000000e+00	   3.0000000e+00	   1.1160000e+03	
   1.0400000e+02	   2.0900000e+02	   1.1100000e+02	   2.0000000e+00	   5.0000000e+00	   4.1450000e+00	   3.4550000e+00	   0.0000000e+00	   1.0000000e+00	   3.0000000e+00	   2.0000000e+00	   1.0000000e+00	   7.4200000e+02	
   1.1000000e+02	   2.0900000e+02	   3.0500000e+02	   1.1000000e+01	   5.0000000e+00	   4.4650000e+00	   3.4550000e+00	   7.6000000e-01	   2.0000000e+00	   3.0000000e+00	   1.0000000e+00	   2.0000000e+00	   1.3550000e+03	
   1.0300000e+02	   1.0700000e+02	   1.1100000e+02	   2.0000000e+00	   4.0000000e+00	   3.6850000e+00	   3.3600000e+00	   0.0000000e+00	   3.0000000e+00	   2.0000000e+00	   1.0000000e+00	   2.0000000e+00	   2.2410000e+03	
   1.1000000e+02	   3.1000000e+02	   2.1200000e+02	   9.0000000e+00	   5.0000000e+00	   4.4650000e+00	   3.8250000e+00	   1.9850000e+00	   2.0000000e+00	   1.0000000e+00	   3.0000000e+00	   2.0000000e+00	   8.7400000e+02	
   1.0300000e+02	   2.0200000e+02	   3.0500000e+02	   1.1000000e+01	   4.0000000e+00	   3.6850000e+00	   3.3350000e+00	   7.6000000e-01	   3.0000000e+00	   2.0000000e+00	   1.0000000e+00	   2.0000000e+00	   3.2760000e+03	
   1.0300000e+02	   3.1000000e+02	   1.1400000e+02	   3.0000000e+00	   2.0000000e+00	   3.6850000e+00	   3.8250000e+00	   2.8900000e+00	   3.0000000e+00	   1.0000000e+00	   2.0000000e+00	   1.0000000e+00	   1.2780000e+03	
   1.0700000e+02	   2.0600000e+02	   3.0800000e+02	   1.3000000e+01	   2.0000000e+00	   3.3600000e+00	   3.5200000e+00	   1.7550000e+00	   1.0000000e+00	   3.0000000e+00	   2.0000000e+00	   3.0000000e+00	   3.0860000e+03	
   2.0800000e+02	   3.1000000e+02	   3.1200000e+02	   1.4000000e+01	   2.0000000e+00	   3.6550000e+00	   3.8250000e+00	   1.1100000e+00	   1.0000000e+00	   3.0000000e+00	   2.0000000e+00	   3.0000000e+00	   1.5220000e+03	
   1.0900000e+02	   3.1000000e+02	   3.0200000e+02	   1.0000000e+01	   2.0000000e+00	   3.7000000e+00	   3.8250000e+00	   4.5000000e-01	   1.0000000e+00	   3.0000000e+00	   2.0000000e+00	   3.0000000e+00	   1.2120000e+03	
