   1.0200000e+02	   2.0200000e+02	   1.1500000e+02	   7.0000000e+00	   1.0000000e+00	   2.8850000e+00	   2.9350000e+00	   1.2800000e+00	   3.0000000e+00	   1.0000000e+00	   2.0000000e+00	   3.0000000e+00	   2.3250000e+03	
   1.0600000e+02	   3.0500000e+02	   3.1000000e+02	   1.4000000e+01	   4.0000000e+00	   3.0700000e+00	   4.2100000e+00	   2.7950000e+00	   3.0000000e+00	   2.0000000e+00	   1.0000000e+00	   2.0000000e+00	   1.8150000e+03	
   1.0600000e+02	   2.0100000e+02	   1.0500000e+02	   3.0000000e+00	   3.0000000e+00	   3.0700000e+00	   3.5350000e+00	   2.0550000e+00	   2.0000000e+00	   1.0000000e+00	   3.0000000e+00	   1.0000000e+00	   2.1020000e+03	
   2.0600000e+02	   2.0700000e+02	   3.0800000e+02	   1.3000000e+01	   3.0000000e+00	   4.1400000e+00	   3.6300000e+00	   2.1750000e+00	   2.0000000e+00	   3.0000000e+00	   1.0000000e+00	   2.0000000e+00	   1.5250000e+03	
   1.0600000e+02	   2.0300000e+02	   3.1000000e+02	   1.4000000e+01	   1.0000000e+00	   3.0700000e+00	   2.9700000e+00	   2.7950000e+00	   2.0000000e+00	   1.0000000e+00	   3.0000000e+00	   2.0000000e+00	   2.2910000e+03	
   2.0800000e+02	   2.1500000e+02	   3.0800000e+02	   1.3000000e+01	   4.0000000e+00	   3.0700000e+00	   4.2900000e+00	   2.1750000e+00	   1.0000000e+00	   2.0000000e+00	   3.0000000e+00	   2.0000000e+00	   1.3910000e+03	
   2.0700000e+02	   2.1400000e+02	   2.0400000e+02	   9.0000000e+00	   5.0000000e+00	   3.6300000e+00	   4.9000000e+00	   2.6650000e+00	   2.0000000e+00	   3.0000000e+00	   1.0000000e+00	   3.0000000e+00	   1.3750000e+03	
   2.0900000e+02	   3.1400000e+02	   3.0800000e+02	   1.3000000e+01	   2.0000000e+00	   3.1050000e+00	   3.3750000e+00	   2.1750000e+00	   1.0000000e+00	   2.0000000e+00	   3.0000000e+00	   1.0000000e+00	   3.0580000e+03	
   2.1500000e+02	   3.1400000e+02	   1.0500000e+02	   3.0000000e+00	   4.0000000e+00	   4.2900000e+00	   3.3750000e+00	   2.0550000e+00	   2.0000000e+00	   1.0000000e+00	   3.0000000e+00	   2.0000000e+00	   1.8680000e+03	
   2.1100000e+02	   3.0300000e+02	   1.1400000e+02	   6.0000000e+00	   2.0000000e+00	   3.2600000e+00	   2.8850000e+00	   1.7900000e+00	   2.0000000e+00	   1.0000000e+00	   3.0000000e+00	   2.0000000e+00	   2.2670000e+03	
   2.0300000e+02	   2.1500000e+02	   1.1300000e+02	   5.0000000e+00	   5.0000000e+00	   2.9700000e+00	   4.2900000e+00	   2.7900000e+00	   2.0000000e+00	   1.0000000e+00	   3.0000000e+00	   1.0000000e+00	   2.0270000e+03	
   1.0600000e+02	   2.0300000e+02	   1.1400000e+02	   6.0000000e+00	   1.0000000e+00	   3.0700000e+00	   2.9700000e+00	   1.7900000e+00	   3.0000000e+00	   1.0000000e+00	   2.0000000e+00	   3.0000000e+00	   3.0200000e+03	
   1.0200000e+02	   2.0200000e+02	   1.0300000e+02	   2.0000000e+00	   1.0000000e+00	   2.8850000e+00	   2.9350000e+00	   2.5150000e+00	   2.0000000e+00	   3.0000000e+00	   1.0000000e+00	   3.0000000e+00	   2.7370000e+03	
   2.0600000e+02	   3.1400000e+02	   1.1300000e+02	   5.0000000e+00	   4.0000000e+00	   4.1400000e+00	   3.3750000e+00	   2.7900000e+00	   2.0000000e+00	   1.0000000e+00	   3.0000000e+00	   2.0000000e+00	   1.4560000e+03	
   2.0200000e+02	   2.0600000e+02	   3.1000000e+02	   1.4000000e+01	   4.0000000e+00	   2.9350000e+00	   4.1400000e+00	   2.7950000e+00	   1.0000000e+00	   3.0000000e+00	   2.0000000e+00	   3.0000000e+00	   1.6470000e+03	
   2.0700000e+02	   2.0900000e+02	   2.0400000e+02	   9.0000000e+00	   3.0000000e+00	   3.6300000e+00	   3.1050000e+00	   2.6650000e+00	   3.0000000e+00	   2.0000000e+00	   1.0000000e+00	   3.0000000e+00	   2.5930000e+03	
   1.0600000e+02	   3.0300000e+02	   1.1400000e+02	   6.0000000e+00	   2.0000000e+00	   3.0700000e+00	   2.8850000e+00	   1.7900000e+00	   3.0000000e+00	   1.0000000e+00	   2.0000000e+00	   3.0000000e+00	   2.0850000e+03	
   2.1100000e+02	   2.1400000e+02	   3.0100000e+02	   1.2000000e+01	   5.0000000e+00	   3.2600000e+00	   4.9000000e+00	   2.2100000e+00	   3.0000000e+00	   1.0000000e+00	   2.0000000e+00	   1.0000000e+00	   1.8330000e+03	
   1.0600000e+02	   3.0300000e+02	   2.0500000e+02	   1.0000000e+01	   2.0000000e+00	   3.0700000e+00	   2.8850000e+00	   2.5850000e+00	   2.0000000e+00	   1.0000000e+00	   3.0000000e+00	   2.0000000e+00	   4.0340000e+03	
   1.0600000e+02	   2.1500000e+02	   2.0500000e+02	   1.0000000e+01	   4.0000000e+00	   3.0700000e+00	   4.2900000e+00	   2.5850000e+00	   2.0000000e+00	   1.0000000e+00	   3.0000000e+00	   1.0000000e+00	   1.8300000e+03	
   2.0200000e+02	   2.0700000e+02	   3.1200000e+02	   1.5000000e+01	   3.0000000e+00	   2.9350000e+00	   3.6300000e+00	   2.3350000e+00	   2.0000000e+00	   1.0000000e+00	   3.0000000e+00	   1.0000000e+00	   3.7350000e+03	
   2.1400000e+02	   3.0500000e+02	   1.1600000e+02	   8.0000000e+00	   3.0000000e+00	   4.9000000e+00	   4.2100000e+00	   2.7250000e+00	   3.0000000e+00	   2.0000000e+00	   1.0000000e+00	   2.0000000e+00	   7.8260000e+03	
   2.0300000e+02	   2.1500000e+02	   3.1200000e+02	   1.5000000e+01	   5.0000000e+00	   2.9700000e+00	   4.2900000e+00	   2.3350000e+00	   2.0000000e+00	   1.0000000e+00	   3.0000000e+00	   1.0000000e+00	   1.4810000e+03	
   3.0300000e+02	   3.1400000e+02	   1.1400000e+02	   6.0000000e+00	   3.0000000e+00	   2.8850000e+00	   3.3750000e+00	   1.7900000e+00	   1.0000000e+00	   2.0000000e+00	   3.0000000e+00	   2.0000000e+00	   3.7560000e+03	
   2.0200000e+02	   2.1100000e+02	   1.0500000e+02	   3.0000000e+00	   2.0000000e+00	   2.9350000e+00	   3.2600000e+00	   2.0550000e+00	   2.0000000e+00	   3.0000000e+00	   1.0000000e+00	   3.0000000e+00	   2.4750000e+03	
   2.0300000e+02	   3.0300000e+02	   1.1500000e+02	   7.0000000e+00	   1.0000000e+00	   2.9700000e+00	   2.8850000e+00	   1.2800000e+00	   1.0000000e+00	   3.0000000e+00	   2.0000000e+00	   1.0000000e+00	   7.5020000e+03	
   2.0200000e+02	   2.0700000e+02	   1.1500000e+02	   7.0000000e+00	   3.0000000e+00	   2.9350000e+00	   3.6300000e+00	   1.2800000e+00	   2.0000000e+00	   3.0000000e+00	   1.0000000e+00	   3.0000000e+00	   1.6340000e+03	
   2.0300000e+02	   3.1400000e+02	   3.1200000e+02	   1.5000000e+01	   2.0000000e+00	   2.9700000e+00	   3.3750000e+00	   2.3350000e+00	   1.0000000e+00	   2.0000000e+00	   3.0000000e+00	   2.0000000e+00	   3.1060000e+03	
   2.0800000e+02	   3.0500000e+02	   3.0100000e+02	   1.2000000e+01	   4.0000000e+00	   3.0700000e+00	   4.2100000e+00	   2.2100000e+00	   3.0000000e+00	   2.0000000e+00	   1.0000000e+00	   2.0000000e+00	   2.7350000e+03	
   1.0200000e+02	   2.1400000e+02	   1.0500000e+02	   3.0000000e+00	   5.0000000e+00	   2.8850000e+00	   4.9000000e+00	   2.0550000e+00	   3.0000000e+00	   1.0000000e+00	   2.0000000e+00	   1.0000000e+00	   1.6370000e+03	
   2.0600000e+02	   3.1400000e+02	   3.0800000e+02	   1.3000000e+01	   4.0000000e+00	   4.1400000e+00	   3.3750000e+00	   2.1750000e+00	   2.0000000e+00	   3.0000000e+00	   1.0000000e+00	   2.0000000e+00	   1.9070000e+03	
   2.1400000e+02	   3.0500000e+02	   3.1000000e+02	   1.4000000e+01	   3.0000000e+00	   4.9000000e+00	   4.2100000e+00	   2.7950000e+00	   3.0000000e+00	   1.0000000e+00	   2.0000000e+00	   3.0000000e+00	   5.2080000e+03	
   1.0200000e+02	   2.1500000e+02	   1.0100000e+02	   1.0000000e+00	   5.0000000e+00	   2.8850000e+00	   4.2900000e+00	   1.9700000e+00	   1.0000000e+00	   2.0000000e+00	   3.0000000e+00	   2.0000000e+00	   1.4040000e+03	
   2.0700000e+02	   3.1400000e+02	   2.0400000e+02	   9.0000000e+00	   2.0000000e+00	   3.6300000e+00	   3.3750000e+00	   2.6650000e+00	   2.0000000e+00	   3.0000000e+00	   1.0000000e+00	   2.0000000e+00	   1.4380000e+03	
   2.0800000e+02	   3.0300000e+02	   1.1300000e+02	   5.0000000e+00	   2.0000000e+00	   3.0700000e+00	   2.8850000e+00	   2.7900000e+00	   2.0000000e+00	   3.0000000e+00	   1.0000000e+00	   1.0000000e+00	   8.9460000e+03	
   2.0900000e+02	   2.1500000e+02	   1.0300000e+02	   2.0000000e+00	   4.0000000e+00	   3.1050000e+00	   4.2900000e+00	   2.5150000e+00	   3.0000000e+00	   1.0000000e+00	   2.0000000e+00	   1.0000000e+00	   2.5240000e+03	
   2.0200000e+02	   3.1400000e+02	   2.1200000e+02	   1.1000000e+01	   2.0000000e+00	   2.9350000e+00	   3.3750000e+00	   2.3700000e+00	   3.0000000e+00	   1.0000000e+00	   2.0000000e+00	   1.0000000e+00	   4.6030000e+03	
   1.0600000e+02	   2.1400000e+02	   2.1200000e+02	   1.1000000e+01	   5.0000000e+00	   3.0700000e+00	   4.9000000e+00	   2.3700000e+00	   1.0000000e+00	   2.0000000e+00	   3.0000000e+00	   2.0000000e+00	   1.8540000e+03	
   3.0300000e+02	   3.0500000e+02	   1.1600000e+02	   8.0000000e+00	   5.0000000e+00	   2.8850000e+00	   4.2100000e+00	   2.7250000e+00	   2.0000000e+00	   3.0000000e+00	   1.0000000e+00	   3.0000000e+00	   1.2000000e+03	
   1.0600000e+02	   2.0100000e+02	   2.1200000e+02	   1.1000000e+01	   3.0000000e+00	   3.0700000e+00	   3.5350000e+00	   2.3700000e+00	   2.0000000e+00	   3.0000000e+00	   1.0000000e+00	   3.0000000e+00	   1.5090000e+03	
   2.1100000e+02	   3.0500000e+02	   1.1400000e+02	   6.0000000e+00	   4.0000000e+00	   3.2600000e+00	   4.2100000e+00	   1.7900000e+00	   3.0000000e+00	   2.0000000e+00	   1.0000000e+00	   2.0000000e+00	   1.5510000e+03	
   2.0900000e+02	   2.1100000e+02	   1.0500000e+02	   3.0000000e+00	   1.0000000e+00	   3.1050000e+00	   3.2600000e+00	   2.0550000e+00	   2.0000000e+00	   1.0000000e+00	   3.0000000e+00	   1.0000000e+00	   7.2780000e+03	
   1.0200000e+02	   2.1400000e+02	   2.0400000e+02	   9.0000000e+00	   5.0000000e+00	   2.8850000e+00	   4.9000000e+00	   2.6650000e+00	   2.0000000e+00	   1.0000000e+00	   3.0000000e+00	   1.0000000e+00	   1.4870000e+03	
   2.0800000e+02	   2.0900000e+02	   2.0400000e+02	   9.0000000e+00	   1.0000000e+00	   3.0700000e+00	   3.1050000e+00	   2.6650000e+00	   1.0000000e+00	   3.0000000e+00	   2.0000000e+00	   3.0000000e+00	   5.3280000e+03	
   2.0300000e+02	   2.0900000e+02	   1.1400000e+02	   6.0000000e+00	   1.0000000e+00	   2.9700000e+00	   3.1050000e+00	   1.7900000e+00	   2.0000000e+00	   1.0000000e+00	   3.0000000e+00	   1.0000000e+00	   3.2470000e+03	
   2.0300000e+02	   2.0700000e+02	   1.0500000e+02	   3.0000000e+00	   3.0000000e+00	   2.9700000e+00	   3.6300000e+00	   2.0550000e+00	   2.0000000e+00	   1.0000000e+00	   3.0000000e+00	   1.0000000e+00	   1.3630000e+03	
   1.0600000e+02	   3.1400000e+02	   2.1200000e+02	   1.1000000e+01	   2.0000000e+00	   3.0700000e+00	   3.3750000e+00	   2.3700000e+00	   3.0000000e+00	   1.0000000e+00	   2.0000000e+00	   3.0000000e+00	   2.3150000e+03	
   1.0200000e+02	   2.0200000e+02	   1.0800000e+02	   4.0000000e+00	   1.0000000e+00	   2.8850000e+00	   2.9350000e+00	   2.4600000e+00	   3.0000000e+00	   1.0000000e+00	   2.0000000e+00	   1.0000000e+00	   3.5220000e+03	
   1.0600000e+02	   2.0200000e+02	   1.1400000e+02	   6.0000000e+00	   1.0000000e+00	   3.0700000e+00	   2.9350000e+00	   1.7900000e+00	   3.0000000e+00	   2.0000000e+00	   1.0000000e+00	   3.0000000e+00	   2.6930000e+03	
   1.0200000e+02	   2.1500000e+02	   1.0300000e+02	   2.0000000e+00	   5.0000000e+00	   2.8850000e+00	   4.2900000e+00	   2.5150000e+00	   2.0000000e+00	   1.0000000e+00	   3.0000000e+00	   1.0000000e+00	   1.4730000e+03	
   2.0600000e+02	   2.1400000e+02	   2.0400000e+02	   9.0000000e+00	   4.0000000e+00	   4.1400000e+00	   4.9000000e+00	   2.6650000e+00	   1.0000000e+00	   2.0000000e+00	   3.0000000e+00	   2.0000000e+00	   3.6900000e+03	
   2.1100000e+02	   3.0300000e+02	   1.1500000e+02	   7.0000000e+00	   2.0000000e+00	   3.2600000e+00	   2.8850000e+00	   1.2800000e+00	   2.0000000e+00	   1.0000000e+00	   3.0000000e+00	   2.0000000e+00	   2.9380000e+03	
   3.0300000e+02	   3.1400000e+02	   3.1200000e+02	   1.5000000e+01	   3.0000000e+00	   2.8850000e+00	   3.3750000e+00	   2.3350000e+00	   3.0000000e+00	   1.0000000e+00	   2.0000000e+00	   1.0000000e+00	   1.4020000e+03	
   2.0600000e+02	   2.1500000e+02	   1.0300000e+02	   2.0000000e+00	   1.0000000e+00	   4.1400000e+00	   4.2900000e+00	   2.5150000e+00	   3.0000000e+00	   1.0000000e+00	   2.0000000e+00	   1.0000000e+00	   4.6400000e+03	
   1.0200000e+02	   2.1500000e+02	   3.1000000e+02	   1.4000000e+01	   5.0000000e+00	   2.8850000e+00	   4.2900000e+00	   2.7950000e+00	   1.0000000e+00	   2.0000000e+00	   3.0000000e+00	   2.0000000e+00	   1.3260000e+03	
   2.0600000e+02	   2.0800000e+02	   1.1300000e+02	   5.0000000e+00	   4.0000000e+00	   4.1400000e+00	   3.0700000e+00	   2.7900000e+00	   3.0000000e+00	   1.0000000e+00	   2.0000000e+00	   3.0000000e+00	   2.1540000e+03	
   3.0300000e+02	   3.0500000e+02	   1.0500000e+02	   3.0000000e+00	   5.0000000e+00	   2.8850000e+00	   4.2100000e+00	   2.0550000e+00	   1.0000000e+00	   2.0000000e+00	   3.0000000e+00	   2.0000000e+00	   1.5450000e+03	
   1.0200000e+02	   2.0200000e+02	   3.0800000e+02	   1.3000000e+01	   1.0000000e+00	   2.8850000e+00	   2.9350000e+00	   2.1750000e+00	   1.0000000e+00	   2.0000000e+00	   3.0000000e+00	   2.0000000e+00	   3.0310000e+03	
   2.0800000e+02	   3.0500000e+02	   3.0800000e+02	   1.3000000e+01	   4.0000000e+00	   3.0700000e+00	   4.2100000e+00	   2.1750000e+00	   2.0000000e+00	   3.0000000e+00	   1.0000000e+00	   3.0000000e+00	   1.3080000e+03	
   2.0800000e+02	   3.1400000e+02	   1.0300000e+02	   2.0000000e+00	   2.0000000e+00	   3.0700000e+00	   3.3750000e+00	   2.5150000e+00	   3.0000000e+00	   1.0000000e+00	   2.0000000e+00	   1.0000000e+00	   1.4200000e+03	
   1.0200000e+02	   3.0500000e+02	   1.1500000e+02	   7.0000000e+00	   5.0000000e+00	   2.8850000e+00	   4.2100000e+00	   1.2800000e+00	   3.0000000e+00	   2.0000000e+00	   1.0000000e+00	   2.0000000e+00	   1.1900000e+03	
   2.0100000e+02	   2.0300000e+02	   2.1200000e+02	   1.1000000e+01	   3.0000000e+00	   3.5350000e+00	   2.9700000e+00	   2.3700000e+00	   3.0000000e+00	   1.0000000e+00	   2.0000000e+00	   3.0000000e+00	   1.3470000e+03	
   2.0200000e+02	   2.0800000e+02	   2.0400000e+02	   9.0000000e+00	   1.0000000e+00	   2.9350000e+00	   3.0700000e+00	   2.6650000e+00	   2.0000000e+00	   1.0000000e+00	   3.0000000e+00	   2.0000000e+00	   8.1400000e+03	
   1.0600000e+02	   2.0100000e+02	   1.0800000e+02	   4.0000000e+00	   3.0000000e+00	   3.0700000e+00	   3.5350000e+00	   2.4600000e+00	   1.0000000e+00	   3.0000000e+00	   2.0000000e+00	   3.0000000e+00	   1.0010000e+03	
   2.0800000e+02	   2.0900000e+02	   1.0800000e+02	   4.0000000e+00	   1.0000000e+00	   3.0700000e+00	   3.1050000e+00	   2.4600000e+00	   1.0000000e+00	   2.0000000e+00	   3.0000000e+00	   2.0000000e+00	   3.8970000e+03	
   2.0800000e+02	   3.1400000e+02	   3.0100000e+02	   1.2000000e+01	   2.0000000e+00	   3.0700000e+00	   3.3750000e+00	   2.2100000e+00	   3.0000000e+00	   1.0000000e+00	   2.0000000e+00	   1.0000000e+00	   1.3630000e+03	
   1.0200000e+02	   2.0100000e+02	   1.0300000e+02	   2.0000000e+00	   3.0000000e+00	   2.8850000e+00	   3.5350000e+00	   2.5150000e+00	   1.0000000e+00	   2.0000000e+00	   3.0000000e+00	   2.0000000e+00	   1.5120000e+03	
   3.0300000e+02	   3.0500000e+02	   2.0500000e+02	   1.0000000e+01	   5.0000000e+00	   2.8850000e+00	   4.2100000e+00	   2.5850000e+00	   3.0000000e+00	   2.0000000e+00	   1.0000000e+00	   2.0000000e+00	   1.3930000e+03	
   2.1100000e+02	   2.1500000e+02	   2.0400000e+02	   9.0000000e+00	   4.0000000e+00	   3.2600000e+00	   4.2900000e+00	   2.6650000e+00	   3.0000000e+00	   1.0000000e+00	   2.0000000e+00	   1.0000000e+00	   1.3030000e+03	
   1.0200000e+02	   2.1100000e+02	   1.1600000e+02	   8.0000000e+00	   2.0000000e+00	   2.8850000e+00	   3.2600000e+00	   2.7250000e+00	   3.0000000e+00	   2.0000000e+00	   1.0000000e+00	   2.0000000e+00	   2.6780000e+03	
   2.0800000e+02	   3.0300000e+02	   2.0400000e+02	   9.0000000e+00	   2.0000000e+00	   3.0700000e+00	   2.8850000e+00	   2.6650000e+00	   3.0000000e+00	   2.0000000e+00	   1.0000000e+00	   3.0000000e+00	   2.2800000e+03	
   2.0300000e+02	   2.0900000e+02	   1.0800000e+02	   4.0000000e+00	   1.0000000e+00	   2.9700000e+00	   3.1050000e+00	   2.4600000e+00	   1.0000000e+00	   2.0000000e+00	   3.0000000e+00	   2.0000000e+00	   2.0820000e+03	
   2.0100000e+02	   2.0800000e+02	   3.0800000e+02	   1.3000000e+01	   3.0000000e+00	   3.5350000e+00	   3.0700000e+00	   2.1750000e+00	   3.0000000e+00	   1.0000000e+00	   2.0000000e+00	   3.0000000e+00	   1.2580000e+03	
   2.0300000e+02	   2.0600000e+02	   3.1200000e+02	   1.5000000e+01	   4.0000000e+00	   2.9700000e+00	   4.1400000e+00	   2.3350000e+00	   1.0000000e+00	   3.0000000e+00	   2.0000000e+00	   3.0000000e+00	   1.7560000e+03	
   2.0700000e+02	   3.1400000e+02	   1.0100000e+02	   1.0000000e+00	   2.0000000e+00	   3.6300000e+00	   3.3750000e+00	   1.9700000e+00	   2.0000000e+00	   3.0000000e+00	   1.0000000e+00	   2.0000000e+00	   1.6010000e+03	
   1.0600000e+02	   3.0300000e+02	   2.0400000e+02	   9.0000000e+00	   2.0000000e+00	   3.0700000e+00	   2.8850000e+00	   2.6650000e+00	   3.0000000e+00	   1.0000000e+00	   2.0000000e+00	   3.0000000e+00	   2.0060000e+03	
   1.0600000e+02	   2.0200000e+02	   1.0100000e+02	   1.0000000e+00	   1.0000000e+00	   3.0700000e+00	   2.9350000e+00	   1.9700000e+00	   3.0000000e+00	   1.0000000e+00	   2.0000000e+00	   3.0000000e+00	   1.8920000e+03	
   2.0700000e+02	   2.1500000e+02	   1.0500000e+02	   3.0000000e+00	   3.0000000e+00	   3.6300000e+00	   4.2900000e+00	   2.0550000e+00	   1.0000000e+00	   3.0000000e+00	   2.0000000e+00	   1.0000000e+00	   7.9400000e+02	
   1.0600000e+02	   3.0300000e+02	   1.0300000e+02	   2.0000000e+00	   2.0000000e+00	   3.0700000e+00	   2.8850000e+00	   2.5150000e+00	   3.0000000e+00	   1.0000000e+00	   2.0000000e+00	   3.0000000e+00	   1.2140000e+03	
   2.0200000e+02	   3.1400000e+02	   1.1600000e+02	   8.0000000e+00	   2.0000000e+00	   2.9350000e+00	   3.3750000e+00	   2.7250000e+00	   2.0000000e+00	   1.0000000e+00	   3.0000000e+00	   1.0000000e+00	   1.1440000e+03	
   1.0200000e+02	   2.0800000e+02	   1.0800000e+02	   4.0000000e+00	   2.0000000e+00	   2.8850000e+00	   3.0700000e+00	   2.4600000e+00	   2.0000000e+00	   1.0000000e+00	   3.0000000e+00	   1.0000000e+00	   1.6150000e+03	
   2.0700000e+02	   3.1400000e+02	   3.1000000e+02	   1.4000000e+01	   2.0000000e+00	   3.6300000e+00	   3.3750000e+00	   2.7950000e+00	   1.0000000e+00	   3.0000000e+00	   2.0000000e+00	   1.0000000e+00	   5.1030000e+03	
   2.0100000e+02	   3.0500000e+02	   3.0800000e+02	   1.3000000e+01	   3.0000000e+00	   3.5350000e+00	   4.2100000e+00	   2.1750000e+00	   3.0000000e+00	   1.0000000e+00	   2.0000000e+00	   3.0000000e+00	   4.7190000e+03	
   2.0300000e+02	   2.0800000e+02	   1.1600000e+02	   8.0000000e+00	   1.0000000e+00	   2.9700000e+00	   3.0700000e+00	   2.7250000e+00	   2.0000000e+00	   1.0000000e+00	   3.0000000e+00	   1.0000000e+00	   1.6460000e+03	
   2.0100000e+02	   2.0200000e+02	   1.1300000e+02	   5.0000000e+00	   3.0000000e+00	   3.5350000e+00	   2.9350000e+00	   2.7900000e+00	   3.0000000e+00	   1.0000000e+00	   2.0000000e+00	   3.0000000e+00	   1.3540000e+03	
   1.0600000e+02	   2.0900000e+02	   1.0800000e+02	   4.0000000e+00	   1.0000000e+00	   3.0700000e+00	   3.1050000e+00	   2.4600000e+00	   2.0000000e+00	   1.0000000e+00	   3.0000000e+00	   2.0000000e+00	   6.5400000e+03	
   2.0800000e+02	   3.1400000e+02	   3.1200000e+02	   1.5000000e+01	   2.0000000e+00	   3.0700000e+00	   3.3750000e+00	   2.3350000e+00	   2.0000000e+00	   1.0000000e+00	   3.0000000e+00	   1.0000000e+00	   1.5460000e+03	
   2.0100000e+02	   2.1100000e+02	   1.0500000e+02	   3.0000000e+00	   2.0000000e+00	   3.5350000e+00	   3.2600000e+00	   2.0550000e+00	   2.0000000e+00	   3.0000000e+00	   1.0000000e+00	   2.0000000e+00	   1.1760000e+03	
   2.0700000e+02	   3.0500000e+02	   1.1600000e+02	   8.0000000e+00	   3.0000000e+00	   3.6300000e+00	   4.2100000e+00	   2.7250000e+00	   1.0000000e+00	   2.0000000e+00	   3.0000000e+00	   1.0000000e+00	   2.3400000e+03	
   2.0700000e+02	   2.1100000e+02	   2.1200000e+02	   1.1000000e+01	   2.0000000e+00	   3.6300000e+00	   3.2600000e+00	   2.3700000e+00	   3.0000000e+00	   2.0000000e+00	   1.0000000e+00	   3.0000000e+00	   1.9990000e+03	
   2.0300000e+02	   2.0800000e+02	   3.1200000e+02	   1.5000000e+01	   1.0000000e+00	   2.9700000e+00	   3.0700000e+00	   2.3350000e+00	   1.0000000e+00	   2.0000000e+00	   3.0000000e+00	   2.0000000e+00	   2.7660000e+03	
   2.1500000e+02	   3.0300000e+02	   1.0800000e+02	   4.0000000e+00	   5.0000000e+00	   4.2900000e+00	   2.8850000e+00	   2.4600000e+00	   2.0000000e+00	   1.0000000e+00	   3.0000000e+00	   2.0000000e+00	   1.4640000e+03	
   2.0700000e+02	   2.1400000e+02	   1.0300000e+02	   2.0000000e+00	   5.0000000e+00	   3.6300000e+00	   4.9000000e+00	   2.5150000e+00	   3.0000000e+00	   1.0000000e+00	   2.0000000e+00	   1.0000000e+00	   1.3010000e+03	
   2.0100000e+02	   2.0900000e+02	   1.1600000e+02	   8.0000000e+00	   2.0000000e+00	   3.5350000e+00	   3.1050000e+00	   2.7250000e+00	   1.0000000e+00	   2.0000000e+00	   3.0000000e+00	   1.0000000e+00	   1.0660000e+03	
   1.0600000e+02	   3.1400000e+02	   1.1500000e+02	   7.0000000e+00	   2.0000000e+00	   3.0700000e+00	   3.3750000e+00	   1.2800000e+00	   1.0000000e+00	   3.0000000e+00	   2.0000000e+00	   3.0000000e+00	   2.9450000e+03	
   2.0800000e+02	   2.1500000e+02	   1.1300000e+02	   5.0000000e+00	   4.0000000e+00	   3.0700000e+00	   4.2900000e+00	   2.7900000e+00	   1.0000000e+00	   3.0000000e+00	   2.0000000e+00	   3.0000000e+00	   1.0310000e+03	
   1.0600000e+02	   2.0300000e+02	   2.0500000e+02	   1.0000000e+01	   1.0000000e+00	   3.0700000e+00	   2.9700000e+00	   2.5850000e+00	   3.0000000e+00	   1.0000000e+00	   2.0000000e+00	   3.0000000e+00	   2.0870000e+03	
   1.0200000e+02	   2.0200000e+02	   2.1200000e+02	   1.1000000e+01	   1.0000000e+00	   2.8850000e+00	   2.9350000e+00	   2.3700000e+00	   3.0000000e+00	   1.0000000e+00	   2.0000000e+00	   1.0000000e+00	   2.1690000e+03	
   2.0700000e+02	   2.1400000e+02	   1.1300000e+02	   5.0000000e+00	   5.0000000e+00	   3.6300000e+00	   4.9000000e+00	   2.7900000e+00	   2.0000000e+00	   3.0000000e+00	   1.0000000e+00	   3.0000000e+00	   9.9100000e+02	
   1.0600000e+02	   2.0200000e+02	   3.0800000e+02	   1.3000000e+01	   1.0000000e+00	   3.0700000e+00	   2.9350000e+00	   2.1750000e+00	   2.0000000e+00	   1.0000000e+00	   3.0000000e+00	   2.0000000e+00	   3.0580000e+03	
   2.0100000e+02	   2.0700000e+02	   3.1200000e+02	   1.5000000e+01	   1.0000000e+00	   3.5350000e+00	   3.6300000e+00	   2.3350000e+00	   2.0000000e+00	   3.0000000e+00	   1.0000000e+00	   2.0000000e+00	   1.3570000e+03	
   2.0100000e+02	   2.1400000e+02	   2.1200000e+02	   1.1000000e+01	   5.0000000e+00	   3.5350000e+00	   4.9000000e+00	   2.3700000e+00	   3.0000000e+00	   1.0000000e+00	   2.0000000e+00	   1.0000000e+00	   1.4280000e+03	
   2.0600000e+02	   2.0800000e+02	   2.0400000e+02	   9.0000000e+00	   4.0000000e+00	   4.1400000e+00	   3.0700000e+00	   2.6650000e+00	   3.0000000e+00	   2.0000000e+00	   1.0000000e+00	   3.0000000e+00	   1.3230000e+03	
   1.0600000e+02	   3.0300000e+02	   3.1200000e+02	   1.5000000e+01	   2.0000000e+00	   3.0700000e+00	   2.8850000e+00	   2.3350000e+00	   1.0000000e+00	   2.0000000e+00	   3.0000000e+00	   1.0000000e+00	   2.4260000e+03	
   1.0200000e+02	   2.0800000e+02	   1.0300000e+02	   2.0000000e+00	   2.0000000e+00	   2.8850000e+00	   3.0700000e+00	   2.5150000e+00	   1.0000000e+00	   3.0000000e+00	   2.0000000e+00	   3.0000000e+00	   4.5840000e+03	
   1.0600000e+02	   2.0700000e+02	   1.0300000e+02	   2.0000000e+00	   3.0000000e+00	   3.0700000e+00	   3.6300000e+00	   2.5150000e+00	   3.0000000e+00	   2.0000000e+00	   1.0000000e+00	   2.0000000e+00	   3.2760000e+03	
   1.0600000e+02	   2.1100000e+02	   1.1300000e+02	   5.0000000e+00	   2.0000000e+00	   3.0700000e+00	   3.2600000e+00	   2.7900000e+00	   3.0000000e+00	   1.0000000e+00	   2.0000000e+00	   3.0000000e+00	   2.7010000e+03	
   2.0700000e+02	   2.1400000e+02	   3.0800000e+02	   1.3000000e+01	   5.0000000e+00	   3.6300000e+00	   4.9000000e+00	   2.1750000e+00	   1.0000000e+00	   2.0000000e+00	   3.0000000e+00	   2.0000000e+00	   1.2880000e+03	
   2.0300000e+02	   3.0300000e+02	   2.0500000e+02	   1.0000000e+01	   1.0000000e+00	   2.9700000e+00	   2.8850000e+00	   2.5850000e+00	   2.0000000e+00	   1.0000000e+00	   3.0000000e+00	   3.0000000e+00	   4.6470000e+03	
   2.0600000e+02	   2.1100000e+02	   1.1500000e+02	   7.0000000e+00	   4.0000000e+00	   4.1400000e+00	   3.2600000e+00	   1.2800000e+00	   2.0000000e+00	   3.0000000e+00	   1.0000000e+00	   2.0000000e+00	   1.4790000e+03	
   2.0600000e+02	   3.1400000e+02	   3.1000000e+02	   1.4000000e+01	   4.0000000e+00	   4.1400000e+00	   3.3750000e+00	   2.7950000e+00	   2.0000000e+00	   3.0000000e+00	   1.0000000e+00	   2.0000000e+00	   1.4020000e+03	
   2.0700000e+02	   3.0300000e+02	   1.1500000e+02	   7.0000000e+00	   4.0000000e+00	   3.6300000e+00	   2.8850000e+00	   1.2800000e+00	   2.0000000e+00	   1.0000000e+00	   3.0000000e+00	   2.0000000e+00	   1.3450000e+03	
   2.1100000e+02	   3.0300000e+02	   3.1000000e+02	   1.4000000e+01	   2.0000000e+00	   3.2600000e+00	   2.8850000e+00	   2.7950000e+00	   1.0000000e+00	   2.0000000e+00	   3.0000000e+00	   1.0000000e+00	   3.4710000e+03	
   2.0300000e+02	   2.1400000e+02	   1.0300000e+02	   2.0000000e+00	   5.0000000e+00	   2.9700000e+00	   4.9000000e+00	   2.5150000e+00	   2.0000000e+00	   3.0000000e+00	   1.0000000e+00	   3.0000000e+00	   1.2310000e+03	
   3.0300000e+02	   3.1400000e+02	   2.1200000e+02	   1.1000000e+01	   3.0000000e+00	   2.8850000e+00	   3.3750000e+00	   2.3700000e+00	   3.0000000e+00	   1.0000000e+00	   2.0000000e+00	   1.0000000e+00	   1.6920000e+03	
   2.0900000e+02	   3.0300000e+02	   1.0800000e+02	   4.0000000e+00	   2.0000000e+00	   3.1050000e+00	   2.8850000e+00	   2.4600000e+00	   3.0000000e+00	   2.0000000e+00	   1.0000000e+00	   3.0000000e+00	   1.6510000e+03	
   2.0100000e+02	   2.0300000e+02	   2.0400000e+02	   9.0000000e+00	   3.0000000e+00	   3.5350000e+00	   2.9700000e+00	   2.6650000e+00	   1.0000000e+00	   3.0000000e+00	   2.0000000e+00	   1.0000000e+00	   1.5790000e+03	
   2.0800000e+02	   3.0500000e+02	   1.0500000e+02	   3.0000000e+00	   4.0000000e+00	   3.0700000e+00	   4.2100000e+00	   2.0550000e+00	   3.0000000e+00	   1.0000000e+00	   2.0000000e+00	   1.0000000e+00	   1.3960000e+03	
   1.0600000e+02	   2.1400000e+02	   1.1300000e+02	   5.0000000e+00	   5.0000000e+00	   3.0700000e+00	   4.9000000e+00	   2.7900000e+00	   2.0000000e+00	   3.0000000e+00	   1.0000000e+00	   3.0000000e+00	   1.3790000e+03	
   2.0900000e+02	   2.1400000e+02	   1.0100000e+02	   1.0000000e+00	   5.0000000e+00	   3.1050000e+00	   4.9000000e+00	   1.9700000e+00	   1.0000000e+00	   2.0000000e+00	   3.0000000e+00	   2.0000000e+00	   1.1880000e+03	
   1.0600000e+02	   2.0700000e+02	   2.0400000e+02	   9.0000000e+00	   3.0000000e+00	   3.0700000e+00	   3.6300000e+00	   2.6650000e+00	   3.0000000e+00	   2.0000000e+00	   1.0000000e+00	   2.0000000e+00	   9.4900000e+02	
   2.1500000e+02	   3.0500000e+02	   3.0100000e+02	   1.2000000e+01	   1.0000000e+00	   4.2900000e+00	   4.2100000e+00	   2.2100000e+00	   3.0000000e+00	   2.0000000e+00	   1.0000000e+00	   3.0000000e+00	   2.3860000e+03	
   2.0100000e+02	   2.0600000e+02	   1.1400000e+02	   6.0000000e+00	   3.0000000e+00	   3.5350000e+00	   4.1400000e+00	   1.7900000e+00	   1.0000000e+00	   2.0000000e+00	   3.0000000e+00	   1.0000000e+00	   3.6250000e+03	
   2.1100000e+02	   3.1400000e+02	   3.1200000e+02	   1.5000000e+01	   1.0000000e+00	   3.2600000e+00	   3.3750000e+00	   2.3350000e+00	   3.0000000e+00	   2.0000000e+00	   1.0000000e+00	   2.0000000e+00	   3.4160000e+03	
   2.0200000e+02	   2.0700000e+02	   1.1300000e+02	   5.0000000e+00	   3.0000000e+00	   2.9350000e+00	   3.6300000e+00	   2.7900000e+00	   1.0000000e+00	   3.0000000e+00	   2.0000000e+00	   3.0000000e+00	   1.0750000e+03	
   2.0700000e+02	   2.0900000e+02	   3.1000000e+02	   1.4000000e+01	   3.0000000e+00	   3.6300000e+00	   3.1050000e+00	   2.7950000e+00	   1.0000000e+00	   3.0000000e+00	   2.0000000e+00	   1.0000000e+00	   1.4420000e+03	
   1.0600000e+02	   2.0100000e+02	   1.1400000e+02	   6.0000000e+00	   3.0000000e+00	   3.0700000e+00	   3.5350000e+00	   1.7900000e+00	   1.0000000e+00	   2.0000000e+00	   3.0000000e+00	   2.0000000e+00	   1.3370000e+03	
   2.0600000e+02	   2.1500000e+02	   3.1000000e+02	   1.4000000e+01	   1.0000000e+00	   4.1400000e+00	   4.2900000e+00	   2.7950000e+00	   3.0000000e+00	   2.0000000e+00	   1.0000000e+00	   2.0000000e+00	   1.8170000e+03	
   2.0600000e+02	   2.1400000e+02	   1.1400000e+02	   6.0000000e+00	   4.0000000e+00	   4.1400000e+00	   4.9000000e+00	   1.7900000e+00	   2.0000000e+00	   1.0000000e+00	   3.0000000e+00	   2.0000000e+00	   6.8260000e+03	
   1.0200000e+02	   2.1100000e+02	   1.1300000e+02	   5.0000000e+00	   2.0000000e+00	   2.8850000e+00	   3.2600000e+00	   2.7900000e+00	   2.0000000e+00	   3.0000000e+00	   1.0000000e+00	   3.0000000e+00	   1.6600000e+03	
   1.0600000e+02	   2.0600000e+02	   1.1500000e+02	   7.0000000e+00	   4.0000000e+00	   3.0700000e+00	   4.1400000e+00	   1.2800000e+00	   2.0000000e+00	   1.0000000e+00	   3.0000000e+00	   1.0000000e+00	   9.7300000e+02	
   2.0100000e+02	   2.1500000e+02	   2.1200000e+02	   1.1000000e+01	   4.0000000e+00	   3.5350000e+00	   4.2900000e+00	   2.3700000e+00	   1.0000000e+00	   3.0000000e+00	   2.0000000e+00	   1.0000000e+00	   9.8400000e+02	
   2.1500000e+02	   3.0500000e+02	   3.1000000e+02	   1.4000000e+01	   1.0000000e+00	   4.2900000e+00	   4.2100000e+00	   2.7950000e+00	   1.0000000e+00	   3.0000000e+00	   2.0000000e+00	   1.0000000e+00	   2.0160000e+03	
   2.0100000e+02	   3.0500000e+02	   1.0800000e+02	   4.0000000e+00	   3.0000000e+00	   3.5350000e+00	   4.2100000e+00	   2.4600000e+00	   3.0000000e+00	   2.0000000e+00	   1.0000000e+00	   3.0000000e+00	   1.3100000e+03	
   2.0300000e+02	   2.1400000e+02	   3.1000000e+02	   1.4000000e+01	   5.0000000e+00	   2.9700000e+00	   4.9000000e+00	   2.7950000e+00	   3.0000000e+00	   1.0000000e+00	   2.0000000e+00	   1.0000000e+00	   1.2270000e+03	
   2.0600000e+02	   3.1400000e+02	   1.1400000e+02	   6.0000000e+00	   4.0000000e+00	   4.1400000e+00	   3.3750000e+00	   1.7900000e+00	   1.0000000e+00	   3.0000000e+00	   2.0000000e+00	   1.0000000e+00	   5.4520000e+03	
   3.0500000e+02	   3.1400000e+02	   1.0800000e+02	   4.0000000e+00	   4.0000000e+00	   4.2100000e+00	   3.3750000e+00	   2.4600000e+00	   2.0000000e+00	   1.0000000e+00	   3.0000000e+00	   2.0000000e+00	   1.3760000e+03	
   2.0100000e+02	   2.0300000e+02	   2.0500000e+02	   1.0000000e+01	   3.0000000e+00	   3.5350000e+00	   2.9700000e+00	   2.5850000e+00	   2.0000000e+00	   1.0000000e+00	   3.0000000e+00	   2.0000000e+00	   1.0580000e+03	
   2.0200000e+02	   2.0300000e+02	   2.0400000e+02	   9.0000000e+00	   1.0000000e+00	   2.9350000e+00	   2.9700000e+00	   2.6650000e+00	   1.0000000e+00	   3.0000000e+00	   2.0000000e+00	   1.0000000e+00	   1.8660000e+03	
   1.0200000e+02	   2.0300000e+02	   2.0500000e+02	   1.0000000e+01	   1.0000000e+00	   2.8850000e+00	   2.9700000e+00	   2.5850000e+00	   3.0000000e+00	   2.0000000e+00	   1.0000000e+00	   1.0000000e+00	   1.7960000e+03	
   2.0100000e+02	   2.1400000e+02	   1.1500000e+02	   7.0000000e+00	   5.0000000e+00	   3.5350000e+00	   4.9000000e+00	   1.2800000e+00	   3.0000000e+00	   1.0000000e+00	   2.0000000e+00	   3.0000000e+00	   4.6190000e+03	
   2.1400000e+02	   3.0500000e+02	   1.1300000e+02	   5.0000000e+00	   3.0000000e+00	   4.9000000e+00	   4.2100000e+00	   2.7900000e+00	   1.0000000e+00	   2.0000000e+00	   3.0000000e+00	   1.0000000e+00	   1.8840000e+03	
   2.1100000e+02	   2.1500000e+02	   3.0100000e+02	   1.2000000e+01	   4.0000000e+00	   3.2600000e+00	   4.2900000e+00	   2.2100000e+00	   2.0000000e+00	   3.0000000e+00	   1.0000000e+00	   3.0000000e+00	   1.2880000e+03	
   1.0600000e+02	   2.1500000e+02	   2.1200000e+02	   1.1000000e+01	   4.0000000e+00	   3.0700000e+00	   4.2900000e+00	   2.3700000e+00	   3.0000000e+00	   2.0000000e+00	   1.0000000e+00	   2.0000000e+00	   1.2830000e+03	
   2.0700000e+02	   2.1500000e+02	   2.1200000e+02	   1.1000000e+01	   3.0000000e+00	   3.6300000e+00	   4.2900000e+00	   2.3700000e+00	   3.0000000e+00	   1.0000000e+00	   2.0000000e+00	   1.0000000e+00	   1.4010000e+03	
   2.1500000e+02	   3.0300000e+02	   1.1600000e+02	   8.0000000e+00	   5.0000000e+00	   4.2900000e+00	   2.8850000e+00	   2.7250000e+00	   3.0000000e+00	   2.0000000e+00	   1.0000000e+00	   3.0000000e+00	   8.2600000e+02	
   1.0200000e+02	   2.1400000e+02	   1.0800000e+02	   4.0000000e+00	   5.0000000e+00	   2.8850000e+00	   4.9000000e+00	   2.4600000e+00	   1.0000000e+00	   3.0000000e+00	   2.0000000e+00	   3.0000000e+00	   1.0680000e+03	
   1.0600000e+02	   2.0900000e+02	   2.0400000e+02	   9.0000000e+00	   1.0000000e+00	   3.0700000e+00	   3.1050000e+00	   2.6650000e+00	   1.0000000e+00	   2.0000000e+00	   3.0000000e+00	   1.0000000e+00	   2.5170000e+03	
   2.0600000e+02	   3.1400000e+02	   1.0300000e+02	   2.0000000e+00	   4.0000000e+00	   4.1400000e+00	   3.3750000e+00	   2.5150000e+00	   3.0000000e+00	   1.0000000e+00	   2.0000000e+00	   3.0000000e+00	   1.1480000e+03	
   2.0600000e+02	   2.1400000e+02	   3.0100000e+02	   1.2000000e+01	   4.0000000e+00	   4.1400000e+00	   4.9000000e+00	   2.2100000e+00	   2.0000000e+00	   3.0000000e+00	   1.0000000e+00	   3.0000000e+00	   7.1690000e+03	
   1.0600000e+02	   3.0500000e+02	   3.1200000e+02	   1.5000000e+01	   4.0000000e+00	   3.0700000e+00	   4.2100000e+00	   2.3350000e+00	   3.0000000e+00	   1.0000000e+00	   2.0000000e+00	   1.0000000e+00	   1.5990000e+03	
   1.0200000e+02	   2.0900000e+02	   1.1300000e+02	   5.0000000e+00	   2.0000000e+00	   2.8850000e+00	   3.1050000e+00	   2.7900000e+00	   3.0000000e+00	   2.0000000e+00	   1.0000000e+00	   1.0000000e+00	   2.9070000e+03	
   2.0200000e+02	   2.0300000e+02	   2.0500000e+02	   1.0000000e+01	   1.0000000e+00	   2.9350000e+00	   2.9700000e+00	   2.5850000e+00	   2.0000000e+00	   1.0000000e+00	   3.0000000e+00	   3.0000000e+00	   1.6550000e+03	
   1.0200000e+02	   2.0100000e+02	   1.0100000e+02	   1.0000000e+00	   3.0000000e+00	   2.8850000e+00	   3.5350000e+00	   1.9700000e+00	   1.0000000e+00	   2.0000000e+00	   3.0000000e+00	   2.0000000e+00	   1.1470000e+03	
   2.0600000e+02	   2.1500000e+02	   1.1600000e+02	   8.0000000e+00	   1.0000000e+00	   4.1400000e+00	   4.2900000e+00	   2.7250000e+00	   3.0000000e+00	   1.0000000e+00	   2.0000000e+00	   3.0000000e+00	   1.3460000e+03	
   2.0900000e+02	   2.1100000e+02	   3.0800000e+02	   1.3000000e+01	   1.0000000e+00	   3.1050000e+00	   3.2600000e+00	   2.1750000e+00	   2.0000000e+00	   3.0000000e+00	   1.0000000e+00	   3.0000000e+00	   2.2160000e+03	
   1.0200000e+02	   1.0600000e+02	   1.0100000e+02	   1.0000000e+00	   2.0000000e+00	   2.8850000e+00	   3.0700000e+00	   1.9700000e+00	   1.0000000e+00	   3.0000000e+00	   2.0000000e+00	   3.0000000e+00	   1.1350000e+03	
   2.1500000e+02	   3.0300000e+02	   2.0500000e+02	   1.0000000e+01	   5.0000000e+00	   4.2900000e+00	   2.8850000e+00	   2.5850000e+00	   2.0000000e+00	   3.0000000e+00	   1.0000000e+00	   2.0000000e+00	   1.0670000e+03	
   2.0200000e+02	   2.1500000e+02	   1.1500000e+02	   7.0000000e+00	   5.0000000e+00	   2.9350000e+00	   4.2900000e+00	   1.2800000e+00	   1.0000000e+00	   2.0000000e+00	   3.0000000e+00	   2.0000000e+00	   9.0500000e+02	
   2.0300000e+02	   2.0600000e+02	   3.1000000e+02	   1.4000000e+01	   4.0000000e+00	   2.9700000e+00	   4.1400000e+00	   2.7950000e+00	   1.0000000e+00	   2.0000000e+00	   3.0000000e+00	   2.0000000e+00	   1.0410000e+03	
   2.0200000e+02	   2.1100000e+02	   3.0800000e+02	   1.3000000e+01	   2.0000000e+00	   2.9350000e+00	   3.2600000e+00	   2.1750000e+00	   2.0000000e+00	   1.0000000e+00	   3.0000000e+00	   1.0000000e+00	   4.4790000e+03	
   2.0300000e+02	   2.1400000e+02	   1.0800000e+02	   4.0000000e+00	   5.0000000e+00	   2.9700000e+00	   4.9000000e+00	   2.4600000e+00	   2.0000000e+00	   1.0000000e+00	   3.0000000e+00	   1.0000000e+00	   1.1390000e+03	
   2.0300000e+02	   2.0700000e+02	   3.0100000e+02	   1.2000000e+01	   3.0000000e+00	   2.9700000e+00	   3.6300000e+00	   2.2100000e+00	   3.0000000e+00	   2.0000000e+00	   1.0000000e+00	   2.0000000e+00	   9.8000000e+02	
   1.0600000e+02	   2.0100000e+02	   3.0100000e+02	   1.2000000e+01	   3.0000000e+00	   3.0700000e+00	   3.5350000e+00	   2.2100000e+00	   3.0000000e+00	   1.0000000e+00	   2.0000000e+00	   1.0000000e+00	   8.4400000e+02	
   2.0100000e+02	   3.0500000e+02	   1.1300000e+02	   5.0000000e+00	   3.0000000e+00	   3.5350000e+00	   4.2100000e+00	   2.7900000e+00	   3.0000000e+00	   2.0000000e+00	   1.0000000e+00	   3.0000000e+00	   8.1000000e+02	
   1.0200000e+02	   2.0200000e+02	   1.1600000e+02	   8.0000000e+00	   1.0000000e+00	   2.8850000e+00	   2.9350000e+00	   2.7250000e+00	   3.0000000e+00	   1.0000000e+00	   2.0000000e+00	   1.0000000e+00	   2.3060000e+03	
   2.0100000e+02	   2.0300000e+02	   3.1200000e+02	   1.5000000e+01	   3.0000000e+00	   3.5350000e+00	   2.9700000e+00	   2.3350000e+00	   1.0000000e+00	   3.0000000e+00	   2.0000000e+00	   1.0000000e+00	   1.1200000e+03	
   3.0300000e+02	   3.0500000e+02	   1.0100000e+02	   1.0000000e+00	   5.0000000e+00	   2.8850000e+00	   4.2100000e+00	   1.9700000e+00	   3.0000000e+00	   1.0000000e+00	   2.0000000e+00	   1.0000000e+00	   1.0990000e+03	
   1.0600000e+02	   2.1400000e+02	   1.1400000e+02	   6.0000000e+00	   5.0000000e+00	   3.0700000e+00	   4.9000000e+00	   1.7900000e+00	   1.0000000e+00	   2.0000000e+00	   3.0000000e+00	   2.0000000e+00	   1.0040000e+03	
   2.0600000e+02	   2.1100000e+02	   1.0500000e+02	   3.0000000e+00	   4.0000000e+00	   4.1400000e+00	   3.2600000e+00	   2.0550000e+00	   3.0000000e+00	   1.0000000e+00	   2.0000000e+00	   3.0000000e+00	   1.0730000e+03	
   1.0600000e+02	   2.0300000e+02	   1.1300000e+02	   5.0000000e+00	   1.0000000e+00	   3.0700000e+00	   2.9700000e+00	   2.7900000e+00	   2.0000000e+00	   3.0000000e+00	   1.0000000e+00	   2.0000000e+00	   2.6110000e+03	
   2.0600000e+02	   2.0900000e+02	   1.1500000e+02	   7.0000000e+00	   4.0000000e+00	   4.1400000e+00	   3.1050000e+00	   1.2800000e+00	   1.0000000e+00	   3.0000000e+00	   2.0000000e+00	   1.0000000e+00	   1.2910000e+03	
   2.0300000e+02	   2.1100000e+02	   1.0100000e+02	   1.0000000e+00	   2.0000000e+00	   2.9700000e+00	   3.2600000e+00	   1.9700000e+00	   1.0000000e+00	   3.0000000e+00	   2.0000000e+00	   3.0000000e+00	   2.9710000e+03	
   2.0800000e+02	   3.1400000e+02	   1.0100000e+02	   1.0000000e+00	   2.0000000e+00	   3.0700000e+00	   3.3750000e+00	   1.9700000e+00	   1.0000000e+00	   3.0000000e+00	   2.0000000e+00	   3.0000000e+00	   1.7510000e+03	
   2.0700000e+02	   2.0800000e+02	   1.0100000e+02	   1.0000000e+00	   3.0000000e+00	   3.6300000e+00	   3.0700000e+00	   1.9700000e+00	   2.0000000e+00	   1.0000000e+00	   3.0000000e+00	   2.0000000e+00	   1.2160000e+03	
   1.0200000e+02	   2.1100000e+02	   2.0400000e+02	   9.0000000e+00	   2.0000000e+00	   2.8850000e+00	   3.2600000e+00	   2.6650000e+00	   3.0000000e+00	   2.0000000e+00	   1.0000000e+00	   2.0000000e+00	   7.5290000e+03	
   2.0600000e+02	   3.1400000e+02	   2.0500000e+02	   1.0000000e+01	   4.0000000e+00	   4.1400000e+00	   3.3750000e+00	   2.5850000e+00	   1.0000000e+00	   2.0000000e+00	   3.0000000e+00	   1.0000000e+00	   1.2540000e+03	
   1.0200000e+02	   3.0500000e+02	   3.0100000e+02	   1.2000000e+01	   5.0000000e+00	   2.8850000e+00	   4.2100000e+00	   2.2100000e+00	   2.0000000e+00	   3.0000000e+00	   1.0000000e+00	   3.0000000e+00	   1.6450000e+03	
   2.0200000e+02	   2.1400000e+02	   2.0400000e+02	   9.0000000e+00	   5.0000000e+00	   2.9350000e+00	   4.9000000e+00	   2.6650000e+00	   2.0000000e+00	   3.0000000e+00	   1.0000000e+00	   3.0000000e+00	   1.2500000e+03	
   2.0100000e+02	   2.1500000e+02	   1.0800000e+02	   4.0000000e+00	   4.0000000e+00	   3.5350000e+00	   4.2900000e+00	   2.4600000e+00	   2.0000000e+00	   1.0000000e+00	   3.0000000e+00	   2.0000000e+00	   5.0650000e+03	
   2.0700000e+02	   2.1400000e+02	   1.1600000e+02	   8.0000000e+00	   5.0000000e+00	   3.6300000e+00	   4.9000000e+00	   2.7250000e+00	   3.0000000e+00	   1.0000000e+00	   2.0000000e+00	   1.0000000e+00	   1.3590000e+03	
   2.0200000e+02	   2.0700000e+02	   1.0500000e+02	   3.0000000e+00	   3.0000000e+00	   2.9350000e+00	   3.6300000e+00	   2.0550000e+00	   2.0000000e+00	   1.0000000e+00	   3.0000000e+00	   1.0000000e+00	   9.8600000e+02	
   2.0800000e+02	   2.1100000e+02	   1.1500000e+02	   7.0000000e+00	   2.0000000e+00	   3.0700000e+00	   3.2600000e+00	   1.2800000e+00	   3.0000000e+00	   1.0000000e+00	   2.0000000e+00	   1.0000000e+00	   2.0370000e+03	
   2.0300000e+02	   2.0700000e+02	   1.1500000e+02	   7.0000000e+00	   3.0000000e+00	   2.9700000e+00	   3.6300000e+00	   1.2800000e+00	   1.0000000e+00	   2.0000000e+00	   3.0000000e+00	   2.0000000e+00	   1.0250000e+03	
   2.0600000e+02	   3.0500000e+02	   3.0800000e+02	   1.3000000e+01	   1.0000000e+00	   4.1400000e+00	   4.2100000e+00	   2.1750000e+00	   2.0000000e+00	   3.0000000e+00	   1.0000000e+00	   2.0000000e+00	   1.1410000e+03	
   2.0700000e+02	   3.0300000e+02	   1.0100000e+02	   1.0000000e+00	   4.0000000e+00	   3.6300000e+00	   2.8850000e+00	   1.9700000e+00	   2.0000000e+00	   1.0000000e+00	   3.0000000e+00	   2.0000000e+00	   9.7900000e+02	
   2.0700000e+02	   2.1400000e+02	   3.1200000e+02	   1.5000000e+01	   5.0000000e+00	   3.6300000e+00	   4.9000000e+00	   2.3350000e+00	   1.0000000e+00	   2.0000000e+00	   3.0000000e+00	   2.0000000e+00	   7.6970000e+03	
   1.0600000e+02	   3.0300000e+02	   3.1000000e+02	   1.4000000e+01	   2.0000000e+00	   3.0700000e+00	   2.8850000e+00	   2.7950000e+00	   3.0000000e+00	   2.0000000e+00	   1.0000000e+00	   3.0000000e+00	   3.7400000e+03	
   2.0700000e+02	   2.0800000e+02	   1.0800000e+02	   4.0000000e+00	   3.0000000e+00	   3.6300000e+00	   3.0700000e+00	   2.4600000e+00	   2.0000000e+00	   3.0000000e+00	   1.0000000e+00	   2.0000000e+00	   2.0750000e+03	
   2.0600000e+02	   3.0300000e+02	   1.1300000e+02	   5.0000000e+00	   5.0000000e+00	   4.1400000e+00	   2.8850000e+00	   2.7900000e+00	   1.0000000e+00	   2.0000000e+00	   3.0000000e+00	   1.0000000e+00	   2.0350000e+03	
   2.0100000e+02	   2.0300000e+02	   3.0800000e+02	   1.3000000e+01	   3.0000000e+00	   3.5350000e+00	   2.9700000e+00	   2.1750000e+00	   2.0000000e+00	   3.0000000e+00	   1.0000000e+00	   2.0000000e+00	   1.1830000e+03	
   2.0900000e+02	   3.0500000e+02	   1.1600000e+02	   8.0000000e+00	   4.0000000e+00	   3.1050000e+00	   4.2100000e+00	   2.7250000e+00	   2.0000000e+00	   1.0000000e+00	   3.0000000e+00	   1.0000000e+00	   1.1200000e+03	
   2.0600000e+02	   3.1400000e+02	   2.1200000e+02	   1.1000000e+01	   4.0000000e+00	   4.1400000e+00	   3.3750000e+00	   2.3700000e+00	   1.0000000e+00	   3.0000000e+00	   2.0000000e+00	   1.0000000e+00	   1.2930000e+03	
   2.0100000e+02	   2.1400000e+02	   3.1200000e+02	   1.5000000e+01	   5.0000000e+00	   3.5350000e+00	   4.9000000e+00	   2.3350000e+00	   2.0000000e+00	   3.0000000e+00	   1.0000000e+00	   2.0000000e+00	   2.2590000e+03	
   2.0800000e+02	   2.1400000e+02	   1.1400000e+02	   6.0000000e+00	   5.0000000e+00	   3.0700000e+00	   4.9000000e+00	   1.7900000e+00	   3.0000000e+00	   2.0000000e+00	   1.0000000e+00	   2.0000000e+00	   8.1300000e+02	
   2.0600000e+02	   2.1500000e+02	   1.0100000e+02	   1.0000000e+00	   1.0000000e+00	   4.1400000e+00	   4.2900000e+00	   1.9700000e+00	   2.0000000e+00	   3.0000000e+00	   1.0000000e+00	   3.0000000e+00	   1.2940000e+03	
   3.0500000e+02	   3.1400000e+02	   2.1200000e+02	   1.1000000e+01	   4.0000000e+00	   4.2100000e+00	   3.3750000e+00	   2.3700000e+00	   2.0000000e+00	   3.0000000e+00	   1.0000000e+00	   2.0000000e+00	   1.1570000e+03	
   2.0900000e+02	   2.1500000e+02	   1.1600000e+02	   8.0000000e+00	   4.0000000e+00	   3.1050000e+00	   4.2900000e+00	   2.7250000e+00	   1.0000000e+00	   2.0000000e+00	   3.0000000e+00	   2.0000000e+00	   8.9700000e+02	
   2.0100000e+02	   2.0900000e+02	   3.0800000e+02	   1.3000000e+01	   2.0000000e+00	   3.5350000e+00	   3.1050000e+00	   2.1750000e+00	   2.0000000e+00	   3.0000000e+00	   1.0000000e+00	   2.0000000e+00	   1.2450000e+03	
   2.0200000e+02	   2.1400000e+02	   3.0100000e+02	   1.2000000e+01	   5.0000000e+00	   2.9350000e+00	   4.9000000e+00	   2.2100000e+00	   2.0000000e+00	   3.0000000e+00	   1.0000000e+00	   3.0000000e+00	   1.0740000e+03	
   2.1500000e+02	   3.0300000e+02	   1.0300000e+02	   2.0000000e+00	   5.0000000e+00	   4.2900000e+00	   2.8850000e+00	   2.5150000e+00	   2.0000000e+00	   3.0000000e+00	   1.0000000e+00	   2.0000000e+00	   1.1990000e+03	
   1.0200000e+02	   2.0600000e+02	   1.1400000e+02	   6.0000000e+00	   5.0000000e+00	   2.8850000e+00	   4.1400000e+00	   1.7900000e+00	   1.0000000e+00	   3.0000000e+00	   2.0000000e+00	   3.0000000e+00	   1.1990000e+03	
   2.0700000e+02	   2.1100000e+02	   1.0800000e+02	   4.0000000e+00	   2.0000000e+00	   3.6300000e+00	   3.2600000e+00	   2.4600000e+00	   2.0000000e+00	   3.0000000e+00	   1.0000000e+00	   2.0000000e+00	   1.4690000e+03	
   1.0200000e+02	   2.0200000e+02	   3.0100000e+02	   1.2000000e+01	   1.0000000e+00	   2.8850000e+00	   2.9350000e+00	   2.2100000e+00	   3.0000000e+00	   1.0000000e+00	   2.0000000e+00	   1.0000000e+00	   2.1630000e+03	
   1.0200000e+02	   1.0600000e+02	   3.0800000e+02	   1.3000000e+01	   2.0000000e+00	   2.8850000e+00	   3.0700000e+00	   2.1750000e+00	   1.0000000e+00	   3.0000000e+00	   2.0000000e+00	   3.0000000e+00	   1.9090000e+03	
   2.0700000e+02	   3.0500000e+02	   1.1500000e+02	   7.0000000e+00	   3.0000000e+00	   3.6300000e+00	   4.2100000e+00	   1.2800000e+00	   3.0000000e+00	   2.0000000e+00	   1.0000000e+00	   3.0000000e+00	   2.4300000e+03	
   2.0200000e+02	   3.0500000e+02	   3.0100000e+02	   1.2000000e+01	   5.0000000e+00	   2.9350000e+00	   4.2100000e+00	   2.2100000e+00	   2.0000000e+00	   3.0000000e+00	   1.0000000e+00	   3.0000000e+00	   1.3450000e+03	
   2.0300000e+02	   2.0900000e+02	   1.1300000e+02	   5.0000000e+00	   1.0000000e+00	   2.9700000e+00	   3.1050000e+00	   2.7900000e+00	   2.0000000e+00	   3.0000000e+00	   1.0000000e+00	   1.0000000e+00	   1.6800000e+03	
   1.0600000e+02	   2.1100000e+02	   2.0500000e+02	   1.0000000e+01	   2.0000000e+00	   3.0700000e+00	   3.2600000e+00	   2.5850000e+00	   1.0000000e+00	   3.0000000e+00	   2.0000000e+00	   2.0000000e+00	   1.9060000e+03	
   2.0600000e+02	   3.0500000e+02	   2.1200000e+02	   1.1000000e+01	   1.0000000e+00	   4.1400000e+00	   4.2100000e+00	   2.3700000e+00	   2.0000000e+00	   3.0000000e+00	   1.0000000e+00	   2.0000000e+00	   9.3300000e+02	
   2.0800000e+02	   2.0900000e+02	   1.0500000e+02	   3.0000000e+00	   1.0000000e+00	   3.0700000e+00	   3.1050000e+00	   2.0550000e+00	   3.0000000e+00	   1.0000000e+00	   2.0000000e+00	   3.0000000e+00	   3.9730000e+03	
   2.0300000e+02	   2.1500000e+02	   1.0100000e+02	   1.0000000e+00	   5.0000000e+00	   2.9700000e+00	   4.2900000e+00	   1.9700000e+00	   3.0000000e+00	   1.0000000e+00	   2.0000000e+00	   1.0000000e+00	   9.3100000e+02	
   2.0200000e+02	   2.0300000e+02	   3.0100000e+02	   1.2000000e+01	   1.0000000e+00	   2.9350000e+00	   2.9700000e+00	   2.2100000e+00	   2.0000000e+00	   1.0000000e+00	   3.0000000e+00	   2.0000000e+00	   2.1820000e+03	
   2.0700000e+02	   2.1100000e+02	   2.0500000e+02	   1.0000000e+01	   2.0000000e+00	   3.6300000e+00	   3.2600000e+00	   2.5850000e+00	   1.0000000e+00	   3.0000000e+00	   2.0000000e+00	   1.0000000e+00	   2.7620000e+03	
   2.1500000e+02	   3.0300000e+02	   1.0500000e+02	   3.0000000e+00	   5.0000000e+00	   4.2900000e+00	   2.8850000e+00	   2.0550000e+00	   1.0000000e+00	   2.0000000e+00	   3.0000000e+00	   1.0000000e+00	   1.1210000e+03	
   2.0200000e+02	   2.0600000e+02	   1.0500000e+02	   3.0000000e+00	   4.0000000e+00	   2.9350000e+00	   4.1400000e+00	   2.0550000e+00	   3.0000000e+00	   2.0000000e+00	   1.0000000e+00	   2.0000000e+00	   1.2360000e+03	
   2.0100000e+02	   2.0200000e+02	   2.0500000e+02	   1.0000000e+01	   3.0000000e+00	   3.5350000e+00	   2.9350000e+00	   2.5850000e+00	   3.0000000e+00	   1.0000000e+00	   2.0000000e+00	   3.0000000e+00	   1.4210000e+03	
   1.0200000e+02	   2.0300000e+02	   3.1000000e+02	   1.4000000e+01	   1.0000000e+00	   2.8850000e+00	   2.9700000e+00	   2.7950000e+00	   3.0000000e+00	   2.0000000e+00	   1.0000000e+00	   2.0000000e+00	   5.2050000e+03	
   2.0600000e+02	   2.0800000e+02	   1.0300000e+02	   2.0000000e+00	   4.0000000e+00	   4.1400000e+00	   3.0700000e+00	   2.5150000e+00	   3.0000000e+00	   1.0000000e+00	   2.0000000e+00	   3.0000000e+00	   8.9900000e+02	
   3.0300000e+02	   3.1400000e+02	   1.0100000e+02	   1.0000000e+00	   3.0000000e+00	   2.8850000e+00	   3.3750000e+00	   1.9700000e+00	   1.0000000e+00	   3.0000000e+00	   2.0000000e+00	   3.0000000e+00	   1.2390000e+03	
   2.0200000e+02	   2.1400000e+02	   3.1200000e+02	   1.5000000e+01	   5.0000000e+00	   2.9350000e+00	   4.9000000e+00	   2.3350000e+00	   3.0000000e+00	   1.0000000e+00	   2.0000000e+00	   1.0000000e+00	   1.1370000e+03	
   2.0300000e+02	   2.0900000e+02	   1.0500000e+02	   3.0000000e+00	   1.0000000e+00	   2.9700000e+00	   3.1050000e+00	   2.0550000e+00	   1.0000000e+00	   3.0000000e+00	   2.0000000e+00	   3.0000000e+00	   2.0990000e+03	
   1.0200000e+02	   3.1400000e+02	   3.0100000e+02	   1.2000000e+01	   3.0000000e+00	   2.8850000e+00	   3.3750000e+00	   2.2100000e+00	   2.0000000e+00	   1.0000000e+00	   3.0000000e+00	   1.0000000e+00	   1.0460000e+03	
   2.0300000e+02	   3.0500000e+02	   1.0500000e+02	   3.0000000e+00	   5.0000000e+00	   2.9700000e+00	   4.2100000e+00	   2.0550000e+00	   3.0000000e+00	   2.0000000e+00	   1.0000000e+00	   2.0000000e+00	   1.3360000e+03	
   2.0300000e+02	   2.0900000e+02	   1.1500000e+02	   7.0000000e+00	   1.0000000e+00	   2.9700000e+00	   3.1050000e+00	   1.2800000e+00	   2.0000000e+00	   1.0000000e+00	   3.0000000e+00	   1.0000000e+00	   1.4580000e+03	
   2.1100000e+02	   3.1400000e+02	   1.1400000e+02	   6.0000000e+00	   1.0000000e+00	   3.2600000e+00	   3.3750000e+00	   1.7900000e+00	   2.0000000e+00	   3.0000000e+00	   1.0000000e+00	   3.0000000e+00	   1.3910000e+03	
   2.1400000e+02	   2.1500000e+02	   1.0100000e+02	   1.0000000e+00	   3.0000000e+00	   4.9000000e+00	   4.2900000e+00	   1.9700000e+00	   3.0000000e+00	   1.0000000e+00	   2.0000000e+00	   3.0000000e+00	   8.5800000e+02	
   2.0100000e+02	   2.0300000e+02	   3.0100000e+02	   1.2000000e+01	   3.0000000e+00	   3.5350000e+00	   2.9700000e+00	   2.2100000e+00	   3.0000000e+00	   1.0000000e+00	   2.0000000e+00	   3.0000000e+00	   7.9800000e+02	
   1.0200000e+02	   3.0500000e+02	   1.0800000e+02	   4.0000000e+00	   5.0000000e+00	   2.8850000e+00	   4.2100000e+00	   2.4600000e+00	   1.0000000e+00	   2.0000000e+00	   3.0000000e+00	   2.0000000e+00	   1.3160000e+03	
   1.0200000e+02	   2.1500000e+02	   1.1400000e+02	   6.0000000e+00	   5.0000000e+00	   2.8850000e+00	   4.2900000e+00	   1.7900000e+00	   3.0000000e+00	   1.0000000e+00	   2.0000000e+00	   1.0000000e+00	   8.6400000e+02	
   2.0600000e+02	   3.1400000e+02	   1.0100000e+02	   1.0000000e+00	   4.0000000e+00	   4.1400000e+00	   3.3750000e+00	   1.9700000e+00	   2.0000000e+00	   3.0000000e+00	   1.0000000e+00	   2.0000000e+00	   1.1030000e+03	
   2.0600000e+02	   2.0900000e+02	   1.1600000e+02	   8.0000000e+00	   4.0000000e+00	   4.1400000e+00	   3.1050000e+00	   2.7250000e+00	   1.0000000e+00	   2.0000000e+00	   3.0000000e+00	   1.0000000e+00	   1.0130000e+03	
   2.1100000e+02	   2.1400000e+02	   2.0500000e+02	   1.0000000e+01	   5.0000000e+00	   3.2600000e+00	   4.9000000e+00	   2.5850000e+00	   1.0000000e+00	   2.0000000e+00	   3.0000000e+00	   2.0000000e+00	   1.5250000e+03	
   2.0200000e+02	   3.0300000e+02	   1.0500000e+02	   3.0000000e+00	   1.0000000e+00	   2.9350000e+00	   2.8850000e+00	   2.0550000e+00	   2.0000000e+00	   3.0000000e+00	   1.0000000e+00	   2.0000000e+00	   2.0620000e+03	
   2.0300000e+02	   2.1500000e+02	   1.1500000e+02	   7.0000000e+00	   5.0000000e+00	   2.9700000e+00	   4.2900000e+00	   1.2800000e+00	   3.0000000e+00	   1.0000000e+00	   2.0000000e+00	   1.0000000e+00	   9.7600000e+02	
   2.0100000e+02	   2.0700000e+02	   2.1200000e+02	   1.1000000e+01	   1.0000000e+00	   3.5350000e+00	   3.6300000e+00	   2.3700000e+00	   1.0000000e+00	   3.0000000e+00	   2.0000000e+00	   1.0000000e+00	   1.4000000e+03	
   3.0500000e+02	   3.1400000e+02	   2.0400000e+02	   9.0000000e+00	   4.0000000e+00	   4.2100000e+00	   3.3750000e+00	   2.6650000e+00	   3.0000000e+00	   1.0000000e+00	   2.0000000e+00	   3.0000000e+00	   1.0320000e+03	
   2.0800000e+02	   2.1500000e+02	   1.0800000e+02	   4.0000000e+00	   4.0000000e+00	   3.0700000e+00	   4.2900000e+00	   2.4600000e+00	   2.0000000e+00	   3.0000000e+00	   1.0000000e+00	   3.0000000e+00	   7.7400000e+02	
   3.0500000e+02	   3.1400000e+02	   3.0100000e+02	   1.2000000e+01	   4.0000000e+00	   4.2100000e+00	   3.3750000e+00	   2.2100000e+00	   3.0000000e+00	   1.0000000e+00	   2.0000000e+00	   3.0000000e+00	   1.3910000e+03	
   2.1500000e+02	   3.0300000e+02	   2.0400000e+02	   9.0000000e+00	   5.0000000e+00	   4.2900000e+00	   2.8850000e+00	   2.6650000e+00	   3.0000000e+00	   1.0000000e+00	   2.0000000e+00	   3.0000000e+00	   7.0100000e+02	
   2.0200000e+02	   2.1100000e+02	   3.1000000e+02	   1.4000000e+01	   2.0000000e+00	   2.9350000e+00	   3.2600000e+00	   2.7950000e+00	   3.0000000e+00	   2.0000000e+00	   1.0000000e+00	   2.0000000e+00	   3.4000000e+03	
   1.0200000e+02	   2.0100000e+02	   2.0500000e+02	   1.0000000e+01	   3.0000000e+00	   2.8850000e+00	   3.5350000e+00	   2.5850000e+00	   3.0000000e+00	   2.0000000e+00	   1.0000000e+00	   2.0000000e+00	   1.1710000e+03	
   1.0600000e+02	   2.0300000e+02	   3.1200000e+02	   1.5000000e+01	   1.0000000e+00	   3.0700000e+00	   2.9700000e+00	   2.3350000e+00	   2.0000000e+00	   1.0000000e+00	   3.0000000e+00	   2.0000000e+00	   1.8470000e+03	
   2.0900000e+02	   2.1500000e+02	   1.1400000e+02	   6.0000000e+00	   4.0000000e+00	   3.1050000e+00	   4.2900000e+00	   1.7900000e+00	   1.0000000e+00	   2.0000000e+00	   3.0000000e+00	   2.0000000e+00	   8.0700000e+02	
   2.0300000e+02	   2.1100000e+02	   1.1400000e+02	   6.0000000e+00	   2.0000000e+00	   2.9700000e+00	   3.2600000e+00	   1.7900000e+00	   2.0000000e+00	   3.0000000e+00	   1.0000000e+00	   3.0000000e+00	   1.3500000e+03	
   1.0200000e+02	   2.0900000e+02	   3.1200000e+02	   1.5000000e+01	   2.0000000e+00	   2.8850000e+00	   3.1050000e+00	   2.3350000e+00	   1.0000000e+00	   3.0000000e+00	   2.0000000e+00	   3.0000000e+00	   2.0040000e+03	
   2.0700000e+02	   3.0300000e+02	   2.0500000e+02	   1.0000000e+01	   4.0000000e+00	   3.6300000e+00	   2.8850000e+00	   2.5850000e+00	   3.0000000e+00	   1.0000000e+00	   2.0000000e+00	   3.0000000e+00	   1.0660000e+03	
   2.1500000e+02	   3.1400000e+02	   1.0100000e+02	   1.0000000e+00	   4.0000000e+00	   4.2900000e+00	   3.3750000e+00	   1.9700000e+00	   1.0000000e+00	   3.0000000e+00	   2.0000000e+00	   1.0000000e+00	   1.2220000e+03	
   2.0100000e+02	   3.1400000e+02	   2.1200000e+02	   1.1000000e+01	   1.0000000e+00	   3.5350000e+00	   3.3750000e+00	   2.3700000e+00	   1.0000000e+00	   3.0000000e+00	   2.0000000e+00	   1.0000000e+00	   1.1790000e+03	
   2.0600000e+02	   2.1500000e+02	   3.0100000e+02	   1.2000000e+01	   1.0000000e+00	   4.1400000e+00	   4.2900000e+00	   2.2100000e+00	   2.0000000e+00	   1.0000000e+00	   3.0000000e+00	   1.0000000e+00	   9.0800000e+02	
   2.0900000e+02	   2.1400000e+02	   2.0500000e+02	   1.0000000e+01	   5.0000000e+00	   3.1050000e+00	   4.9000000e+00	   2.5850000e+00	   1.0000000e+00	   2.0000000e+00	   3.0000000e+00	   2.0000000e+00	   1.4660000e+03	
   1.0200000e+02	   2.0800000e+02	   1.1600000e+02	   8.0000000e+00	   2.0000000e+00	   2.8850000e+00	   3.0700000e+00	   2.7250000e+00	   1.0000000e+00	   2.0000000e+00	   3.0000000e+00	   2.0000000e+00	   1.7810000e+03	
   2.1100000e+02	   3.0300000e+02	   2.0500000e+02	   1.0000000e+01	   2.0000000e+00	   3.2600000e+00	   2.8850000e+00	   2.5850000e+00	   1.0000000e+00	   3.0000000e+00	   2.0000000e+00	   2.0000000e+00	   1.6080000e+03	
   1.0600000e+02	   2.0100000e+02	   1.0300000e+02	   2.0000000e+00	   3.0000000e+00	   3.0700000e+00	   3.5350000e+00	   2.5150000e+00	   3.0000000e+00	   1.0000000e+00	   2.0000000e+00	   1.0000000e+00	   1.1220000e+03	
   2.0300000e+02	   3.1400000e+02	   1.1400000e+02	   6.0000000e+00	   2.0000000e+00	   2.9700000e+00	   3.3750000e+00	   1.7900000e+00	   3.0000000e+00	   1.0000000e+00	   2.0000000e+00	   1.0000000e+00	   1.3410000e+03	
   2.0200000e+02	   2.0600000e+02	   1.1600000e+02	   8.0000000e+00	   4.0000000e+00	   2.9350000e+00	   4.1400000e+00	   2.7250000e+00	   3.0000000e+00	   2.0000000e+00	   1.0000000e+00	   2.0000000e+00	   3.0830000e+03	
   3.0300000e+02	   3.0500000e+02	   3.1000000e+02	   1.4000000e+01	   5.0000000e+00	   2.8850000e+00	   4.2100000e+00	   2.7950000e+00	   1.0000000e+00	   2.0000000e+00	   3.0000000e+00	   2.0000000e+00	   1.2480000e+03	
   2.0700000e+02	   2.1500000e+02	   1.1400000e+02	   6.0000000e+00	   3.0000000e+00	   3.6300000e+00	   4.2900000e+00	   1.7900000e+00	   3.0000000e+00	   1.0000000e+00	   2.0000000e+00	   3.0000000e+00	   1.0580000e+03	
   2.0300000e+02	   2.1100000e+02	   3.0100000e+02	   1.2000000e+01	   2.0000000e+00	   2.9700000e+00	   3.2600000e+00	   2.2100000e+00	   2.0000000e+00	   3.0000000e+00	   1.0000000e+00	   3.0000000e+00	   1.5760000e+03	
   2.0200000e+02	   2.0300000e+02	   1.0300000e+02	   2.0000000e+00	   1.0000000e+00	   2.9350000e+00	   2.9700000e+00	   2.5150000e+00	   2.0000000e+00	   1.0000000e+00	   3.0000000e+00	   2.0000000e+00	   1.9380000e+03	
   2.0200000e+02	   2.1500000e+02	   3.0800000e+02	   1.3000000e+01	   5.0000000e+00	   2.9350000e+00	   4.2900000e+00	   2.1750000e+00	   3.0000000e+00	   1.0000000e+00	   2.0000000e+00	   1.0000000e+00	   1.1000000e+03	
   2.0800000e+02	   2.0900000e+02	   1.0300000e+02	   2.0000000e+00	   1.0000000e+00	   3.0700000e+00	   3.1050000e+00	   2.5150000e+00	   2.0000000e+00	   3.0000000e+00	   1.0000000e+00	   3.0000000e+00	   3.6490000e+03	
   2.0300000e+02	   2.1500000e+02	   1.1600000e+02	   8.0000000e+00	   5.0000000e+00	   2.9700000e+00	   4.2900000e+00	   2.7250000e+00	   3.0000000e+00	   2.0000000e+00	   1.0000000e+00	   2.0000000e+00	   9.4400000e+02	
   1.0200000e+02	   2.0100000e+02	   3.1000000e+02	   1.4000000e+01	   3.0000000e+00	   2.8850000e+00	   3.5350000e+00	   2.7950000e+00	   1.0000000e+00	   3.0000000e+00	   2.0000000e+00	   3.0000000e+00	   9.6400000e+02	
   2.0900000e+02	   3.0300000e+02	   2.1200000e+02	   1.1000000e+01	   2.0000000e+00	   3.1050000e+00	   2.8850000e+00	   2.3700000e+00	   2.0000000e+00	   3.0000000e+00	   1.0000000e+00	   2.0000000e+00	   1.3180000e+03	
   1.0600000e+02	   2.1400000e+02	   3.0800000e+02	   1.3000000e+01	   5.0000000e+00	   3.0700000e+00	   4.9000000e+00	   2.1750000e+00	   2.0000000e+00	   3.0000000e+00	   1.0000000e+00	   3.0000000e+00	   9.9400000e+02	
   1.0600000e+02	   2.1500000e+02	   1.0100000e+02	   1.0000000e+00	   4.0000000e+00	   3.0700000e+00	   4.2900000e+00	   1.9700000e+00	   3.0000000e+00	   2.0000000e+00	   1.0000000e+00	   2.0000000e+00	   1.0010000e+03	
   2.0200000e+02	   2.0300000e+02	   1.0100000e+02	   1.0000000e+00	   1.0000000e+00	   2.9350000e+00	   2.9700000e+00	   1.9700000e+00	   2.0000000e+00	   1.0000000e+00	   3.0000000e+00	   2.0000000e+00	   1.3430000e+03	
   2.0300000e+02	   2.0600000e+02	   1.0300000e+02	   2.0000000e+00	   4.0000000e+00	   2.9700000e+00	   4.1400000e+00	   2.5150000e+00	   2.0000000e+00	   1.0000000e+00	   3.0000000e+00	   1.0000000e+00	   1.0480000e+03	
   2.0100000e+02	   3.0300000e+02	   3.1000000e+02	   1.4000000e+01	   3.0000000e+00	   3.5350000e+00	   2.8850000e+00	   2.7950000e+00	   1.0000000e+00	   3.0000000e+00	   2.0000000e+00	   1.0000000e+00	   8.8300000e+02	
   2.0800000e+02	   2.1100000e+02	   1.0800000e+02	   4.0000000e+00	   2.0000000e+00	   3.0700000e+00	   3.2600000e+00	   2.4600000e+00	   1.0000000e+00	   3.0000000e+00	   2.0000000e+00	   1.0000000e+00	   3.5680000e+03	
   1.0200000e+02	   2.1100000e+02	   1.0300000e+02	   2.0000000e+00	   2.0000000e+00	   2.8850000e+00	   3.2600000e+00	   2.5150000e+00	   3.0000000e+00	   2.0000000e+00	   1.0000000e+00	   2.0000000e+00	   1.5970000e+03	
   2.1100000e+02	   3.0300000e+02	   1.0500000e+02	   3.0000000e+00	   2.0000000e+00	   3.2600000e+00	   2.8850000e+00	   2.0550000e+00	   1.0000000e+00	   2.0000000e+00	   3.0000000e+00	   1.0000000e+00	   1.7650000e+03	
   1.0600000e+02	   3.1400000e+02	   1.0500000e+02	   3.0000000e+00	   2.0000000e+00	   3.0700000e+00	   3.3750000e+00	   2.0550000e+00	   3.0000000e+00	   2.0000000e+00	   1.0000000e+00	   2.0000000e+00	   1.2890000e+03	
   3.0300000e+02	   3.0500000e+02	   2.1200000e+02	   1.1000000e+01	   5.0000000e+00	   2.8850000e+00	   4.2100000e+00	   2.3700000e+00	   2.0000000e+00	   3.0000000e+00	   1.0000000e+00	   3.0000000e+00	   1.6170000e+03	
   1.0200000e+02	   2.0100000e+02	   1.1500000e+02	   7.0000000e+00	   3.0000000e+00	   2.8850000e+00	   3.5350000e+00	   1.2800000e+00	   2.0000000e+00	   3.0000000e+00	   1.0000000e+00	   3.0000000e+00	   1.3800000e+03	
   3.0300000e+02	   3.1400000e+02	   1.1600000e+02	   8.0000000e+00	   3.0000000e+00	   2.8850000e+00	   3.3750000e+00	   2.7250000e+00	   1.0000000e+00	   2.0000000e+00	   3.0000000e+00	   2.0000000e+00	   1.3740000e+03	
   1.0600000e+02	   2.0600000e+02	   3.0800000e+02	   1.3000000e+01	   4.0000000e+00	   3.0700000e+00	   4.1400000e+00	   2.1750000e+00	   2.0000000e+00	   1.0000000e+00	   3.0000000e+00	   1.0000000e+00	   1.3290000e+03	
   2.0200000e+02	   2.0700000e+02	   1.0300000e+02	   2.0000000e+00	   3.0000000e+00	   2.9350000e+00	   3.6300000e+00	   2.5150000e+00	   3.0000000e+00	   2.0000000e+00	   1.0000000e+00	   2.0000000e+00	   1.1510000e+03	
   1.0600000e+02	   2.0900000e+02	   1.1300000e+02	   5.0000000e+00	   1.0000000e+00	   3.0700000e+00	   3.1050000e+00	   2.7900000e+00	   1.0000000e+00	   2.0000000e+00	   3.0000000e+00	   2.0000000e+00	   3.1000000e+03	
   2.0300000e+02	   2.0700000e+02	   3.1200000e+02	   1.5000000e+01	   3.0000000e+00	   2.9700000e+00	   3.6300000e+00	   2.3350000e+00	   2.0000000e+00	   3.0000000e+00	   1.0000000e+00	   3.0000000e+00	   1.3620000e+03	
   1.0600000e+02	   2.0100000e+02	   2.0400000e+02	   9.0000000e+00	   3.0000000e+00	   3.0700000e+00	   3.5350000e+00	   2.6650000e+00	   3.0000000e+00	   1.0000000e+00	   2.0000000e+00	   1.0000000e+00	   1.2000000e+03	
   1.0600000e+02	   2.1100000e+02	   3.0100000e+02	   1.2000000e+01	   2.0000000e+00	   3.0700000e+00	   3.2600000e+00	   2.2100000e+00	   3.0000000e+00	   2.0000000e+00	   1.0000000e+00	   2.0000000e+00	   1.2100000e+03	
   1.0200000e+02	   2.0900000e+02	   1.1500000e+02	   7.0000000e+00	   2.0000000e+00	   2.8850000e+00	   3.1050000e+00	   1.2800000e+00	   1.0000000e+00	   2.0000000e+00	   3.0000000e+00	   2.0000000e+00	   1.4230000e+03	
   1.0600000e+02	   3.0500000e+02	   1.1300000e+02	   5.0000000e+00	   4.0000000e+00	   3.0700000e+00	   4.2100000e+00	   2.7900000e+00	   2.0000000e+00	   3.0000000e+00	   1.0000000e+00	   3.0000000e+00	   1.0480000e+03	
   2.0600000e+02	   2.0700000e+02	   1.0800000e+02	   4.0000000e+00	   3.0000000e+00	   4.1400000e+00	   3.6300000e+00	   2.4600000e+00	   1.0000000e+00	   2.0000000e+00	   3.0000000e+00	   2.0000000e+00	   2.9950000e+03	
   2.0600000e+02	   2.0700000e+02	   1.1600000e+02	   8.0000000e+00	   3.0000000e+00	   4.1400000e+00	   3.6300000e+00	   2.7250000e+00	   3.0000000e+00	   1.0000000e+00	   2.0000000e+00	   1.0000000e+00	   1.8090000e+03	
   1.0600000e+02	   2.1500000e+02	   1.0800000e+02	   4.0000000e+00	   4.0000000e+00	   3.0700000e+00	   4.2900000e+00	   2.4600000e+00	   1.0000000e+00	   2.0000000e+00	   3.0000000e+00	   2.0000000e+00	   1.0140000e+03	
   2.0300000e+02	   3.0300000e+02	   1.1600000e+02	   8.0000000e+00	   1.0000000e+00	   2.9700000e+00	   2.8850000e+00	   2.7250000e+00	   2.0000000e+00	   3.0000000e+00	   1.0000000e+00	   2.0000000e+00	   2.6560000e+03	
   3.0300000e+02	   3.1400000e+02	   2.0500000e+02	   1.0000000e+01	   3.0000000e+00	   2.8850000e+00	   3.3750000e+00	   2.5850000e+00	   2.0000000e+00	   3.0000000e+00	   1.0000000e+00	   1.0000000e+00	   2.5440000e+03	
   2.0800000e+02	   2.1500000e+02	   3.1200000e+02	   1.5000000e+01	   4.0000000e+00	   3.0700000e+00	   4.2900000e+00	   2.3350000e+00	   3.0000000e+00	   1.0000000e+00	   2.0000000e+00	   1.0000000e+00	   9.0800000e+02	
   2.0100000e+02	   3.1400000e+02	   1.0100000e+02	   1.0000000e+00	   1.0000000e+00	   3.5350000e+00	   3.3750000e+00	   1.9700000e+00	   3.0000000e+00	   2.0000000e+00	   1.0000000e+00	   3.0000000e+00	   2.6970000e+03	
   2.0300000e+02	   3.0300000e+02	   1.1300000e+02	   5.0000000e+00	   1.0000000e+00	   2.9700000e+00	   2.8850000e+00	   2.7900000e+00	   2.0000000e+00	   1.0000000e+00	   3.0000000e+00	   3.0000000e+00	   2.3980000e+03	
   2.0800000e+02	   3.0300000e+02	   3.0100000e+02	   1.2000000e+01	   2.0000000e+00	   3.0700000e+00	   2.8850000e+00	   2.2100000e+00	   2.0000000e+00	   3.0000000e+00	   1.0000000e+00	   2.0000000e+00	   1.6530000e+03	
   2.0600000e+02	   2.1100000e+02	   2.0500000e+02	   1.0000000e+01	   4.0000000e+00	   4.1400000e+00	   3.2600000e+00	   2.5850000e+00	   1.0000000e+00	   3.0000000e+00	   2.0000000e+00	   2.0000000e+00	   4.1920000e+03	
   2.0300000e+02	   3.0500000e+02	   3.0800000e+02	   1.3000000e+01	   5.0000000e+00	   2.9700000e+00	   4.2100000e+00	   2.1750000e+00	   1.0000000e+00	   3.0000000e+00	   2.0000000e+00	   3.0000000e+00	   1.2590000e+03	
   2.0200000e+02	   3.0300000e+02	   1.1500000e+02	   7.0000000e+00	   1.0000000e+00	   2.9350000e+00	   2.8850000e+00	   1.2800000e+00	   1.0000000e+00	   3.0000000e+00	   2.0000000e+00	   1.0000000e+00	   2.3280000e+03	
   1.0200000e+02	   2.0600000e+02	   3.1000000e+02	   1.4000000e+01	   5.0000000e+00	   2.8850000e+00	   4.1400000e+00	   2.7950000e+00	   1.0000000e+00	   3.0000000e+00	   2.0000000e+00	   3.0000000e+00	   1.6570000e+03	
   2.0900000e+02	   3.0500000e+02	   3.1200000e+02	   1.5000000e+01	   4.0000000e+00	   3.1050000e+00	   4.2100000e+00	   2.3350000e+00	   1.0000000e+00	   3.0000000e+00	   2.0000000e+00	   3.0000000e+00	   1.5610000e+03	
   1.0200000e+02	   2.1500000e+02	   2.1200000e+02	   1.1000000e+01	   5.0000000e+00	   2.8850000e+00	   4.2900000e+00	   2.3700000e+00	   1.0000000e+00	   2.0000000e+00	   3.0000000e+00	   2.0000000e+00	   1.2150000e+03	
