   1.0000000e+00	   3.0300000e+02	   3.0000000e+00	   5.0000000e+00	   4.6550000e+03	   2.5900000e+00	   4.4320000e+03	
   2.0000000e+00	   3.1000000e+02	   3.0000000e+00	   3.4100000e+00	   2.2690000e+03	   2.1300000e+00	   5.6980000e+03	
   3.0000000e+00	   3.0200000e+02	   3.0000000e+00	   4.5300000e+00	   2.5690000e+03	   2.8200000e+00	   1.8330000e+03	
   4.0000000e+00	   2.1400000e+02	   2.0000000e+00	   5.0000000e+00	   1.9380000e+03	   3.6200000e+00	   1.5330000e+03	
   5.0000000e+00	   3.0400000e+02	   3.0000000e+00	   5.0000000e+00	   2.0880000e+03	   2.3600000e+00	   1.6660000e+03	
   6.0000000e+00	   3.1300000e+02	   3.0000000e+00	   3.3800000e+00	   1.9030000e+03	   1.3100000e+00	   1.1670000e+03	
   7.0000000e+00	   2.0500000e+02	   2.0000000e+00	   2.9700000e+00	   3.3560000e+03	   2.4100000e+00	   2.4330000e+03	
   8.0000000e+00	   2.0600000e+02	   2.0000000e+00	   5.0000000e+00	   1.5560000e+03	   4.2800000e+00	   8.9900000e+02	
   9.0000000e+00	   1.1100000e+02	   1.0000000e+00	   4.2200000e+00	   5.0870000e+03	   3.1000000e+00	   1.2670000e+03	
   1.0000000e+01	   2.1500000e+02	   2.0000000e+00	   4.4300000e+00	   2.8890000e+03	   4.1500000e+00	   3.8820000e+03	
   1.1000000e+01	   2.0300000e+02	   2.0000000e+00	   2.2900000e+00	   3.0550000e+03	   1.6800000e+00	   1.2670000e+03	
   1.2000000e+01	   2.1200000e+02	   2.0000000e+00	   1.7700000e+00	   2.5560000e+03	   1.5600000e+00	   1.4330000e+03	
   1.3000000e+01	   2.1300000e+02	   2.0000000e+00	   1.9500000e+00	   2.1560000e+03	   1.1100000e+00	   4.0650000e+03	
   1.4000000e+01	   1.0400000e+02	   1.0000000e+00	   2.4100000e+00	   3.2560000e+03	   1.6200000e+00	   1.2330000e+03	
   1.5000000e+01	   1.0200000e+02	   1.0000000e+00	   1.8300000e+00	   1.8900000e+03	   1.8100000e+00	   1.7990000e+03	
   1.6000000e+01	   3.0600000e+02	   3.0000000e+00	   1.9300000e+00	   2.2220000e+03	   1.9200000e+00	   3.0330000e+03	
   1.7000000e+01	   1.0700000e+02	   1.0000000e+00	   2.1500000e+00	   1.6380000e+03	   1.8600000e+00	   1.6650000e+03	
   1.8000000e+01	   1.1200000e+02	   1.0000000e+00	   3.3600000e+00	   5.8220000e+03	   2.0800000e+00	   1.6000000e+03	
   1.9000000e+01	   2.0700000e+02	   2.0000000e+00	   4.2800000e+00	   2.2220000e+03	   3.2900000e+00	   8.9900000e+02	
   2.0000000e+01	   1.0300000e+02	   1.0000000e+00	   2.4900000e+00	   4.1900000e+03	   1.8600000e+00	   1.9330000e+03	
   2.1000000e+01	   3.0700000e+02	   3.0000000e+00	   1.7100000e+00	   3.0550000e+03	   3.1800000e+00	   3.2320000e+03	
   2.2000000e+01	   2.0800000e+02	   2.0000000e+00	   4.5400000e+00	   1.9560000e+03	   3.2900000e+00	   1.4320000e+03	
   2.3000000e+01	   3.0900000e+02	   3.0000000e+00	   5.0000000e+00	   1.7890000e+03	   1.6900000e+00	   1.5660000e+03	
   2.4000000e+01	   1.1000000e+02	   1.0000000e+00	   2.6800000e+00	   3.1890000e+03	   1.8600000e+00	   7.6600000e+02	
   2.5000000e+01	   3.0500000e+02	   3.0000000e+00	   4.8600000e+00	   3.1550000e+03	   2.8600000e+00	   3.1320000e+03	
   2.6000000e+01	   1.0800000e+02	   1.0000000e+00	   5.0000000e+00	   1.7240000e+03	   1.7600000e+00	   2.6990000e+03	
   2.7000000e+01	   1.1300000e+02	   1.0000000e+00	   5.0000000e+00	   1.6230000e+03	   2.2400000e+00	   1.4000000e+03	
   2.8000000e+01	   1.0100000e+02	   1.0000000e+00	   5.0000000e+00	   1.8550000e+03	   1.6900000e+00	   6.6600000e+02	
   2.9000000e+01	   1.0900000e+02	   1.0000000e+00	   5.0000000e+00	   1.5220000e+03	   3.1600000e+00	   9.8400000e+02	
   3.0000000e+01	   3.0800000e+02	   3.0000000e+00	   2.2500000e+00	   2.2040000e+03	   1.8100000e+00	   1.5660000e+03	
   3.1000000e+01	   2.0400000e+02	   2.0000000e+00	   2.0800000e+00	   1.9230000e+03	   2.9900000e+00	   1.4660000e+03	
   3.2000000e+01	   1.1600000e+02	   1.0000000e+00	   5.0000000e+00	   1.9550000e+03	   2.3200000e+00	   1.0330000e+03	
   3.3000000e+01	   2.0900000e+02	   2.0000000e+00	   5.0000000e+00	   1.7910000e+03	   2.2700000e+00	   8.6600000e+02	
   3.4000000e+01	   1.0600000e+02	   1.0000000e+00	   4.4300000e+00	   2.3230000e+03	   3.5100000e+00	   1.2320000e+03	
   3.5000000e+01	   3.1100000e+02	   3.0000000e+00	   2.1100000e+00	   2.7560000e+03	   3.6100000e+00	   2.0320000e+03	
   3.6000000e+01	   3.1400000e+02	   3.0000000e+00	   5.0000000e+00	   2.2220000e+03	   3.0200000e+00	   1.4340000e+03	
   3.7000000e+01	   1.0500000e+02	   1.0000000e+00	   2.0300000e+00	   3.6880000e+03	   1.6800000e+00	   1.5330000e+03	
   3.8000000e+01	   3.0100000e+02	   3.0000000e+00	   0.0000000e+00	   3.2540000e+03	   1.5500000e+00	   2.8650000e+03	
   3.9000000e+01	   2.1100000e+02	   2.0000000e+00	   5.0000000e+00	   2.0570000e+03	   3.2400000e+00	   1.4330000e+03	
   4.0000000e+01	   1.1400000e+02	   1.0000000e+00	   2.1800000e+00	   3.3370000e+03	   2.1500000e+00	   4.0320000e+03	
   4.1000000e+01	   3.1200000e+02	   3.0000000e+00	   4.5700000e+00	   8.9030000e+03	   2.2600000e+00	   1.4660000e+03	
   4.2000000e+01	   1.1500000e+02	   1.0000000e+00	   3.5400000e+00	   4.3210000e+03	   1.7400000e+00	   1.2660000e+03	
   4.3000000e+01	   2.0100000e+02	   2.0000000e+00	   5.0000000e+00	   4.1230000e+03	   4.9600000e+00	   1.3660000e+03	
   4.4000000e+01	   2.0200000e+02	   2.0000000e+00	   5.0000000e+00	   2.9210000e+03	   3.1700000e+00	   2.8990000e+03	
   4.5000000e+01	   2.1000000e+02	   2.0000000e+00	   5.0000000e+00	   3.5880000e+03	   3.1300000e+00	   1.2330000e+03	
