   1.0000000e+00	   1.0000000e+00	   1.0500000e+02	   3.2500000e+00	   4.3630000e+03	
   1.0000000e+00	   2.0000000e+00	   1.1600000e+02	   3.4100000e+00	   7.1240000e+03	
   1.0000000e+00	   3.0000000e+00	   1.0100000e+02	   1.5400000e+00	   9.3710000e+03	
   1.0000000e+00	   4.0000000e+00	   2.0500000e+02	   3.2900000e+00	   1.1721000e+04	
   1.0000000e+00	   5.0000000e+00	   3.0200000e+02	   1.7300000e+00	   9.2420000e+03	
   1.0000000e+00	   6.0000000e+00	   2.1400000e+02	   2.5000000e+00	   1.3658000e+04	
   1.0000000e+00	   7.0000000e+00	   3.0700000e+02	   1.4400000e+00	   3.0270000e+03	
   1.0000000e+00	   8.0000000e+00	   3.0900000e+02	   3.7500000e+00	   1.8600000e+03	
   1.0000000e+00	   9.0000000e+00	   2.1100000e+02	   3.5200000e+00	   2.7940000e+03	
   1.0000000e+00	   1.0000000e+01	   3.0400000e+02	   4.1300000e+00	   3.5930000e+03	
   1.0000000e+00	   1.1000000e+01	   2.0700000e+02	   3.9100000e+00	   4.1930000e+03	
   1.0000000e+00	   1.2000000e+01	   1.0800000e+02	   2.5000000e+00	   2.9920000e+03	
   1.0000000e+00	   1.3000000e+01	   1.1400000e+02	   3.7000000e+00	   4.7940000e+03	
   1.0000000e+00	   1.4000000e+01	   2.1500000e+02	   2.5000000e+00	   6.7580000e+03	
   1.0000000e+00	   1.5000000e+01	   3.1300000e+02	   0.0000000e+00	   2.9280000e+03	
   1.0000000e+00	   1.6000000e+01	   1.0700000e+02	   3.7900000e+00	   3.8260000e+03	
   1.0000000e+00	   1.7000000e+01	   3.1100000e+02	   4.6100000e+00	   2.7600000e+03	
   1.0000000e+00	   1.8000000e+01	   2.0300000e+02	   2.1000000e+00	   3.4930000e+03	
   1.0000000e+00	   1.9000000e+01	   3.1200000e+02	   3.9700000e+00	   2.8600000e+03	
   1.0000000e+00	   2.0000000e+01	   1.0900000e+02	   1.3900000e+00	   2.1590000e+03	
   1.0000000e+00	   2.1000000e+01	   1.0300000e+02	   3.6700000e+00	   2.0280000e+03	
   1.0000000e+00	   2.2000000e+01	   1.0600000e+02	   1.7400000e+00	   4.0600000e+03	
   1.0000000e+00	   2.3000000e+01	   1.1300000e+02	   4.3100000e+00	   2.3270000e+03	
   1.0000000e+00	   2.4000000e+01	   3.0600000e+02	   7.2000000e-01	   6.0260000e+03	
   1.0000000e+00	   2.5000000e+01	   2.1300000e+02	   2.5000000e+00	   4.1260000e+03	
   1.0000000e+00	   2.6000000e+01	   1.1200000e+02	   2.5000000e+00	   1.8930000e+03	
   1.0000000e+00	   2.7000000e+01	   3.0800000e+02	   3.1900000e+00	   5.8930000e+03	
   1.0000000e+00	   2.8000000e+01	   2.0800000e+02	   3.5300000e+00	   3.0600000e+03	
   1.0000000e+00	   2.9000000e+01	   2.0400000e+02	   2.5000000e+00	   3.1930000e+03	
   1.0000000e+00	   3.0000000e+01	   3.0100000e+02	   2.5000000e+00	   3.5930000e+03	
   1.0000000e+00	   3.1000000e+01	   2.0600000e+02	   3.6900000e+00	   4.1260000e+03	
   1.0000000e+00	   3.2000000e+01	   3.1400000e+02	   3.3300000e+00	   4.8920000e+03	
   1.0000000e+00	   3.3000000e+01	   2.1000000e+02	   3.1200000e+00	   2.3940000e+03	
   1.0000000e+00	   3.4000000e+01	   2.0900000e+02	   1.6200000e+00	   6.1920000e+03	
   1.0000000e+00	   3.5000000e+01	   2.0200000e+02	   2.5000000e+00	   1.6930000e+03	
   1.0000000e+00	   3.6000000e+01	   1.0400000e+02	   2.5000000e+00	   2.0260000e+03	
   1.0000000e+00	   3.7000000e+01	   3.0500000e+02	   2.5000000e+00	   1.3620000e+03	
   1.0000000e+00	   3.8000000e+01	   1.1100000e+02	   1.3900000e+00	   4.3920000e+03	
   1.0000000e+00	   3.9000000e+01	   1.1000000e+02	   1.9300000e+00	   5.0250000e+03	
   1.0000000e+00	   4.0000000e+01	   2.0100000e+02	   2.5000000e+00	   3.6270000e+03	
   1.0000000e+00	   4.1000000e+01	   2.1200000e+02	   2.5000000e+00	   2.7590000e+03	
   1.0000000e+00	   4.2000000e+01	   1.1500000e+02	   2.5000000e+00	   3.5250000e+03	
   1.0000000e+00	   4.3000000e+01	   3.0300000e+02	   3.4900000e+00	   1.8930000e+03	
   1.0000000e+00	   4.4000000e+01	   1.0200000e+02	   1.7200000e+00	   2.8280000e+03	
   1.0000000e+00	   4.5000000e+01	   3.1000000e+02	   2.5000000e+00	   4.6920000e+03	
   2.0000000e+00	   1.0000000e+00	   3.0800000e+02	   2.5000000e+00	   2.0990000e+03	
   2.0000000e+00	   2.0000000e+00	   2.1100000e+02	   3.0100000e+00	   1.9610000e+03	
   2.0000000e+00	   3.0000000e+00	   2.0100000e+02	   2.5000000e+00	   1.1610000e+03	
   2.0000000e+00	   4.0000000e+00	   1.0600000e+02	   1.9000000e+00	   2.5610000e+03	
   2.0000000e+00	   5.0000000e+00	   1.1600000e+02	   1.4800000e+00	   2.1940000e+03	
   2.0000000e+00	   6.0000000e+00	   3.0700000e+02	   1.0400000e+00	   5.4610000e+03	
   2.0000000e+00	   7.0000000e+00	   2.0400000e+02	   2.5000000e+00	   1.6280000e+03	
   2.0000000e+00	   8.0000000e+00	   1.0900000e+02	   2.0400000e+00	   5.3600000e+03	
   2.0000000e+00	   9.0000000e+00	   3.0900000e+02	   3.9900000e+00	   2.1290000e+03	
   2.0000000e+00	   1.0000000e+01	   2.1000000e+02	   3.0100000e+00	   3.4280000e+03	
   2.0000000e+00	   1.1000000e+01	   2.0800000e+02	   2.8200000e+00	   2.1290000e+03	
   2.0000000e+00	   1.2000000e+01	   1.0100000e+02	   1.5500000e+00	   2.8280000e+03	
   2.0000000e+00	   1.3000000e+01	   2.0300000e+02	   3.1500000e+00	   3.1620000e+03	
   2.0000000e+00	   1.4000000e+01	   2.1500000e+02	   2.5000000e+00	   1.6610000e+03	
   2.0000000e+00	   1.5000000e+01	   3.1200000e+02	   2.5000000e+00	   1.4280000e+03	
   2.0000000e+00	   1.6000000e+01	   1.1500000e+02	   2.9500000e+00	   4.6270000e+03	
   2.0000000e+00	   1.7000000e+01	   2.0500000e+02	   2.5000000e+00	   1.8620000e+03	
   2.0000000e+00	   1.8000000e+01	   3.0300000e+02	   3.4200000e+00	   5.0930000e+03	
   2.0000000e+00	   1.9000000e+01	   1.0500000e+02	   3.5100000e+00	   3.2940000e+03	
   2.0000000e+00	   2.0000000e+01	   3.0600000e+02	   1.0200000e+00	   1.5610000e+03	
   2.0000000e+00	   2.1000000e+01	   1.1200000e+02	   2.5000000e+00	   1.0630000e+03	
   2.0000000e+00	   2.2000000e+01	   3.1400000e+02	   3.4600000e+00	   2.4270000e+03	
   2.0000000e+00	   2.3000000e+01	   1.0200000e+02	   2.5200000e+00	   3.2610000e+03	
   2.0000000e+00	   2.4000000e+01	   1.1300000e+02	   2.5000000e+00	   1.2280000e+03	
   2.0000000e+00	   2.5000000e+01	   3.0100000e+02	   3.1800000e+00	   6.2940000e+03	
   2.0000000e+00	   2.6000000e+01	   2.0700000e+02	   2.5000000e+00	   1.4280000e+03	
   2.0000000e+00	   2.7000000e+01	   2.1200000e+02	   2.5000000e+00	   1.2280000e+03	
   2.0000000e+00	   2.8000000e+01	   2.0600000e+02	   2.8400000e+00	   2.1610000e+03	
   2.0000000e+00	   2.9000000e+01	   3.1000000e+02	   1.4900000e+00	   3.4600000e+03	
   2.0000000e+00	   3.0000000e+01	   3.1100000e+02	   3.3400000e+00	   2.4960000e+03	
   2.0000000e+00	   3.1000000e+01	   1.0800000e+02	   1.2500000e+00	   2.1610000e+03	
   2.0000000e+00	   3.2000000e+01	   1.0700000e+02	   1.8400000e+00	   2.1610000e+03	
   2.0000000e+00	   3.3000000e+01	   1.0400000e+02	   2.5800000e+00	   2.6610000e+03	
   2.0000000e+00	   3.4000000e+01	   3.0500000e+02	   1.7700000e+00	   1.4290000e+03	
   2.0000000e+00	   3.5000000e+01	   2.1400000e+02	   1.8100000e+00	   2.2940000e+03	
   2.0000000e+00	   3.6000000e+01	   2.0900000e+02	   2.7900000e+00	   2.4940000e+03	
   2.0000000e+00	   3.7000000e+01	   1.0300000e+02	   3.1300000e+00	   2.5280000e+03	
   2.0000000e+00	   3.8000000e+01	   1.1400000e+02	   3.2400000e+00	   3.7600000e+03	
   2.0000000e+00	   3.9000000e+01	   1.1000000e+02	   2.4800000e+00	   1.9960000e+03	
   2.0000000e+00	   4.0000000e+01	   2.1300000e+02	   2.5000000e+00	   2.8940000e+03	
   2.0000000e+00	   4.1000000e+01	   3.1300000e+02	   1.0700000e+00	   1.6280000e+03	
   2.0000000e+00	   4.2000000e+01	   3.0400000e+02	   2.9100000e+00	   1.9610000e+03	
   2.0000000e+00	   4.3000000e+01	   3.0200000e+02	   1.4100000e+00	   1.2610000e+03	
   2.0000000e+00	   4.4000000e+01	   2.0200000e+02	   3.0900000e+00	   3.1290000e+03	
   2.0000000e+00	   4.5000000e+01	   1.1100000e+02	   1.1600000e+00	   2.3940000e+03	
