   2.0700000e+02	   3.1200000e+02	   1.0900000e+02	   6.0000000e+00	   1.0000000e+00	   3.2050000e+00	   3.2350000e+00	   1.7150000e+00	   3.0000000e+00	   2.0000000e+00	   1.0000000e+00	   2.0000000e+00	   3.8730000e+03	
   1.0500000e+02	   2.0600000e+02	   3.0700000e+02	   1.3000000e+01	   2.0000000e+00	   3.3800000e+00	   3.2650000e+00	   1.2400000e+00	   1.0000000e+00	   3.0000000e+00	   2.0000000e+00	   3.0000000e+00	   1.9560000e+03	
   2.0600000e+02	   3.0400000e+02	   1.1200000e+02	   7.0000000e+00	   4.0000000e+00	   3.2650000e+00	   3.5200000e+00	   2.5000000e+00	   3.0000000e+00	   1.0000000e+00	   2.0000000e+00	   1.0000000e+00	   2.6710000e+03	
   1.0500000e+02	   3.1100000e+02	   2.1300000e+02	   1.1000000e+01	   5.0000000e+00	   3.3800000e+00	   3.9750000e+00	   2.5000000e+00	   3.0000000e+00	   2.0000000e+00	   1.0000000e+00	   3.0000000e+00	   3.9240000e+03	
   2.1000000e+02	   2.1100000e+02	   3.0700000e+02	   1.3000000e+01	   3.0000000e+00	   3.0650000e+00	   3.2650000e+00	   1.2400000e+00	   2.0000000e+00	   1.0000000e+00	   3.0000000e+00	   1.0000000e+00	   2.1740000e+03	
   1.0300000e+02	   1.1400000e+02	   1.1200000e+02	   7.0000000e+00	   1.0000000e+00	   3.4000000e+00	   3.4700000e+00	   2.5000000e+00	   2.0000000e+00	   1.0000000e+00	   3.0000000e+00	   2.0000000e+00	   2.7550000e+03	
   2.0600000e+02	   2.1000000e+02	   1.0400000e+02	   3.0000000e+00	   3.0000000e+00	   3.2650000e+00	   3.0650000e+00	   2.5400000e+00	   1.0000000e+00	   3.0000000e+00	   2.0000000e+00	   1.0000000e+00	   2.2440000e+03	
   2.0600000e+02	   3.1400000e+02	   2.0900000e+02	   1.0000000e+01	   2.0000000e+00	   3.2650000e+00	   3.3950000e+00	   2.2050000e+00	   2.0000000e+00	   1.0000000e+00	   3.0000000e+00	   1.0000000e+00	   3.2570000e+03	
   2.0700000e+02	   2.1100000e+02	   1.0400000e+02	   3.0000000e+00	   1.0000000e+00	   3.2050000e+00	   3.2650000e+00	   2.5400000e+00	   2.0000000e+00	   1.0000000e+00	   3.0000000e+00	   1.0000000e+00	   1.5130000e+03	
   3.0300000e+02	   3.0400000e+02	   1.0900000e+02	   6.0000000e+00	   1.0000000e+00	   3.4550000e+00	   3.5200000e+00	   1.7150000e+00	   1.0000000e+00	   2.0000000e+00	   3.0000000e+00	   1.0000000e+00	   1.9200000e+03	
   1.0500000e+02	   1.1300000e+02	   2.1400000e+02	   1.2000000e+01	   1.0000000e+00	   3.3800000e+00	   3.4050000e+00	   2.1550000e+00	   2.0000000e+00	   3.0000000e+00	   1.0000000e+00	   3.0000000e+00	   3.0000000e+03	
   3.0900000e+02	   3.1100000e+02	   1.0200000e+02	   2.0000000e+00	   2.0000000e+00	   3.8700000e+00	   3.9750000e+00	   2.1200000e+00	   3.0000000e+00	   1.0000000e+00	   2.0000000e+00	   3.0000000e+00	   3.1150000e+03	
   1.1300000e+02	   2.1100000e+02	   1.1500000e+02	   8.0000000e+00	   2.0000000e+00	   3.4050000e+00	   3.2650000e+00	   2.7250000e+00	   1.0000000e+00	   3.0000000e+00	   2.0000000e+00	   3.0000000e+00	   1.6700000e+03	
   1.1300000e+02	   2.0600000e+02	   1.0200000e+02	   2.0000000e+00	   2.0000000e+00	   3.4050000e+00	   3.2650000e+00	   2.1200000e+00	   2.0000000e+00	   1.0000000e+00	   3.0000000e+00	   1.0000000e+00	   3.3890000e+03	
   1.0500000e+02	   1.1400000e+02	   2.0900000e+02	   1.0000000e+01	   2.0000000e+00	   3.3800000e+00	   3.4700000e+00	   2.2050000e+00	   3.0000000e+00	   1.0000000e+00	   2.0000000e+00	   3.0000000e+00	   2.8080000e+03	
   2.0800000e+02	   3.0400000e+02	   2.1300000e+02	   1.1000000e+01	   4.0000000e+00	   3.1750000e+00	   3.5200000e+00	   2.5000000e+00	   2.0000000e+00	   1.0000000e+00	   3.0000000e+00	   2.0000000e+00	   3.4080000e+03	
   2.0600000e+02	   3.1200000e+02	   1.1500000e+02	   8.0000000e+00	   1.0000000e+00	   3.2650000e+00	   3.2350000e+00	   2.7250000e+00	   1.0000000e+00	   2.0000000e+00	   3.0000000e+00	   1.0000000e+00	   3.8700000e+03	
   1.0300000e+02	   3.0400000e+02	   1.0400000e+02	   3.0000000e+00	   2.0000000e+00	   3.4000000e+00	   3.5200000e+00	   2.5400000e+00	   3.0000000e+00	   1.0000000e+00	   2.0000000e+00	   1.0000000e+00	   3.6980000e+03	
   2.0700000e+02	   3.0300000e+02	   2.1400000e+02	   1.2000000e+01	   3.0000000e+00	   3.2050000e+00	   3.4550000e+00	   2.1550000e+00	   1.0000000e+00	   3.0000000e+00	   2.0000000e+00	   3.0000000e+00	   3.5600000e+03	
   2.1100000e+02	   3.0400000e+02	   3.1300000e+02	   1.5000000e+01	   4.0000000e+00	   3.2650000e+00	   3.5200000e+00	   5.3500000e-01	   1.0000000e+00	   3.0000000e+00	   2.0000000e+00	   1.0000000e+00	   2.0570000e+03	
   2.1100000e+02	   3.1400000e+02	   2.1400000e+02	   1.2000000e+01	   2.0000000e+00	   3.2650000e+00	   3.3950000e+00	   2.1550000e+00	   1.0000000e+00	   3.0000000e+00	   2.0000000e+00	   3.0000000e+00	   2.7210000e+03	
   1.1300000e+02	   2.1100000e+02	   3.0800000e+02	   1.4000000e+01	   2.0000000e+00	   3.4050000e+00	   3.2650000e+00	   2.8450000e+00	   3.0000000e+00	   2.0000000e+00	   1.0000000e+00	   2.0000000e+00	   2.8740000e+03	
   2.0600000e+02	   3.0300000e+02	   1.0800000e+02	   5.0000000e+00	   3.0000000e+00	   3.2650000e+00	   3.4550000e+00	   1.8750000e+00	   3.0000000e+00	   2.0000000e+00	   1.0000000e+00	   1.0000000e+00	   2.3680000e+03	
   1.0300000e+02	   3.1100000e+02	   2.1400000e+02	   1.2000000e+01	   5.0000000e+00	   3.4000000e+00	   3.9750000e+00	   2.1550000e+00	   3.0000000e+00	   1.0000000e+00	   2.0000000e+00	   3.0000000e+00	   2.0210000e+03	
   1.1400000e+02	   3.1400000e+02	   1.0100000e+02	   1.0000000e+00	   2.0000000e+00	   3.4700000e+00	   3.3950000e+00	   1.5450000e+00	   2.0000000e+00	   1.0000000e+00	   3.0000000e+00	   1.0000000e+00	   3.0150000e+03	
   2.0700000e+02	   3.1100000e+02	   2.1400000e+02	   1.2000000e+01	   5.0000000e+00	   3.2050000e+00	   3.9750000e+00	   2.1550000e+00	   2.0000000e+00	   1.0000000e+00	   3.0000000e+00	   1.0000000e+00	   1.9710000e+03	
   2.0800000e+02	   3.1100000e+02	   3.0700000e+02	   1.3000000e+01	   5.0000000e+00	   3.1750000e+00	   3.9750000e+00	   1.2400000e+00	   1.0000000e+00	   2.0000000e+00	   3.0000000e+00	   1.0000000e+00	   2.2170000e+03	
   2.1000000e+02	   3.1400000e+02	   1.0100000e+02	   1.0000000e+00	   4.0000000e+00	   3.0650000e+00	   3.3950000e+00	   1.5450000e+00	   1.0000000e+00	   2.0000000e+00	   3.0000000e+00	   1.0000000e+00	   2.7940000e+03	
   1.0300000e+02	   3.1100000e+02	   2.1300000e+02	   1.1000000e+01	   5.0000000e+00	   3.4000000e+00	   3.9750000e+00	   2.5000000e+00	   1.0000000e+00	   3.0000000e+00	   2.0000000e+00	   2.0000000e+00	   4.3250000e+03	
   2.1000000e+02	   3.1100000e+02	   3.1300000e+02	   1.5000000e+01	   5.0000000e+00	   3.0650000e+00	   3.9750000e+00	   5.3500000e-01	   3.0000000e+00	   1.0000000e+00	   2.0000000e+00	   3.0000000e+00	   3.9450000e+03	
   1.0300000e+02	   3.0900000e+02	   3.0700000e+02	   1.3000000e+01	   5.0000000e+00	   3.4000000e+00	   3.8700000e+00	   1.2400000e+00	   1.0000000e+00	   3.0000000e+00	   2.0000000e+00	   1.0000000e+00	   3.9940000e+03	
   1.0300000e+02	   1.0500000e+02	   1.1200000e+02	   7.0000000e+00	   1.0000000e+00	   3.4000000e+00	   3.3800000e+00	   2.5000000e+00	   3.0000000e+00	   2.0000000e+00	   1.0000000e+00	   1.0000000e+00	   4.2810000e+03	
   3.1100000e+02	   3.1200000e+02	   1.0700000e+02	   4.0000000e+00	   5.0000000e+00	   3.9750000e+00	   3.2350000e+00	   2.8150000e+00	   3.0000000e+00	   1.0000000e+00	   2.0000000e+00	   2.0000000e+00	   3.0040000e+03	
   1.0300000e+02	   1.1300000e+02	   3.0700000e+02	   1.3000000e+01	   1.0000000e+00	   3.4000000e+00	   3.4050000e+00	   1.2400000e+00	   1.0000000e+00	   2.0000000e+00	   3.0000000e+00	   1.0000000e+00	   3.1100000e+03	
   1.0300000e+02	   2.0700000e+02	   1.1500000e+02	   8.0000000e+00	   3.0000000e+00	   3.4000000e+00	   3.2050000e+00	   2.7250000e+00	   3.0000000e+00	   1.0000000e+00	   2.0000000e+00	   3.0000000e+00	   2.8430000e+03	
   3.0300000e+02	   3.0400000e+02	   2.1400000e+02	   1.2000000e+01	   1.0000000e+00	   3.4550000e+00	   3.5200000e+00	   2.1550000e+00	   1.0000000e+00	   2.0000000e+00	   3.0000000e+00	   1.0000000e+00	   4.2340000e+03	
   2.0700000e+02	   2.1000000e+02	   2.1400000e+02	   1.2000000e+01	   2.0000000e+00	   3.2050000e+00	   3.0650000e+00	   2.1550000e+00	   2.0000000e+00	   1.0000000e+00	   3.0000000e+00	   1.0000000e+00	   1.3760000e+03	
   2.1100000e+02	   3.0400000e+02	   1.0700000e+02	   4.0000000e+00	   4.0000000e+00	   3.2650000e+00	   3.5200000e+00	   2.8150000e+00	   3.0000000e+00	   2.0000000e+00	   1.0000000e+00	   2.0000000e+00	   2.3280000e+03	
   2.0700000e+02	   3.1400000e+02	   1.1200000e+02	   7.0000000e+00	   3.0000000e+00	   3.2050000e+00	   3.3950000e+00	   2.5000000e+00	   1.0000000e+00	   2.0000000e+00	   3.0000000e+00	   2.0000000e+00	   2.2880000e+03	
   3.0300000e+02	   3.1100000e+02	   1.0900000e+02	   6.0000000e+00	   5.0000000e+00	   3.4550000e+00	   3.9750000e+00	   1.7150000e+00	   2.0000000e+00	   3.0000000e+00	   1.0000000e+00	   2.0000000e+00	   1.5690000e+03	
   1.0500000e+02	   3.0300000e+02	   1.0200000e+02	   2.0000000e+00	   2.0000000e+00	   3.3800000e+00	   3.4550000e+00	   2.1200000e+00	   2.0000000e+00	   1.0000000e+00	   3.0000000e+00	   1.0000000e+00	   1.5830000e+03	
   2.0700000e+02	   3.0400000e+02	   2.1300000e+02	   1.1000000e+01	   4.0000000e+00	   3.2050000e+00	   3.5200000e+00	   2.5000000e+00	   2.0000000e+00	   3.0000000e+00	   1.0000000e+00	   1.0000000e+00	   3.0000000e+03	
   2.1000000e+02	   3.1100000e+02	   2.0400000e+02	   9.0000000e+00	   5.0000000e+00	   3.0650000e+00	   3.9750000e+00	   2.5000000e+00	   2.0000000e+00	   3.0000000e+00	   1.0000000e+00	   3.0000000e+00	   4.2690000e+03	
   2.0800000e+02	   3.1100000e+02	   1.0800000e+02	   5.0000000e+00	   5.0000000e+00	   3.1750000e+00	   3.9750000e+00	   1.8750000e+00	   2.0000000e+00	   1.0000000e+00	   3.0000000e+00	   2.0000000e+00	   3.5880000e+03	
   1.1400000e+02	   3.0900000e+02	   1.0800000e+02	   5.0000000e+00	   4.0000000e+00	   3.4700000e+00	   3.8700000e+00	   1.8750000e+00	   3.0000000e+00	   2.0000000e+00	   1.0000000e+00	   2.0000000e+00	   3.4930000e+03	
   1.0500000e+02	   2.0600000e+02	   1.1500000e+02	   8.0000000e+00	   2.0000000e+00	   3.3800000e+00	   3.2650000e+00	   2.7250000e+00	   3.0000000e+00	   1.0000000e+00	   2.0000000e+00	   2.0000000e+00	   2.6600000e+03	
   2.1000000e+02	   3.0300000e+02	   1.1200000e+02	   7.0000000e+00	   4.0000000e+00	   3.0650000e+00	   3.4550000e+00	   2.5000000e+00	   3.0000000e+00	   1.0000000e+00	   2.0000000e+00	   1.0000000e+00	   2.0180000e+03	
   2.0800000e+02	   3.1400000e+02	   1.0900000e+02	   6.0000000e+00	   3.0000000e+00	   3.1750000e+00	   3.3950000e+00	   1.7150000e+00	   2.0000000e+00	   1.0000000e+00	   3.0000000e+00	   2.0000000e+00	   1.5720000e+03	
   3.0900000e+02	   3.1100000e+02	   3.0800000e+02	   1.4000000e+01	   2.0000000e+00	   3.8700000e+00	   3.9750000e+00	   2.8450000e+00	   3.0000000e+00	   2.0000000e+00	   1.0000000e+00	   3.0000000e+00	   2.0440000e+03	
   1.0300000e+02	   2.1100000e+02	   1.0400000e+02	   3.0000000e+00	   2.0000000e+00	   3.4000000e+00	   3.2650000e+00	   2.5400000e+00	   2.0000000e+00	   1.0000000e+00	   3.0000000e+00	   1.0000000e+00	   1.6720000e+03	
   1.0300000e+02	   3.0300000e+02	   1.0900000e+02	   6.0000000e+00	   1.0000000e+00	   3.4000000e+00	   3.4550000e+00	   1.7150000e+00	   1.0000000e+00	   2.0000000e+00	   3.0000000e+00	   2.0000000e+00	   3.1890000e+03	
   1.1400000e+02	   2.1000000e+02	   1.0100000e+02	   1.0000000e+00	   4.0000000e+00	   3.4700000e+00	   3.0650000e+00	   1.5450000e+00	   3.0000000e+00	   2.0000000e+00	   1.0000000e+00	   2.0000000e+00	   2.3260000e+03	
   2.1000000e+02	   3.1100000e+02	   1.0900000e+02	   6.0000000e+00	   5.0000000e+00	   3.0650000e+00	   3.9750000e+00	   1.7150000e+00	   3.0000000e+00	   2.0000000e+00	   1.0000000e+00	   2.0000000e+00	   4.5490000e+03	
   3.0300000e+02	   3.1400000e+02	   2.0900000e+02	   1.0000000e+01	   1.0000000e+00	   3.4550000e+00	   3.3950000e+00	   2.2050000e+00	   3.0000000e+00	   1.0000000e+00	   2.0000000e+00	   1.0000000e+00	   3.9530000e+03	
   3.0900000e+02	   3.1400000e+02	   1.0400000e+02	   3.0000000e+00	   5.0000000e+00	   3.8700000e+00	   3.3950000e+00	   2.5400000e+00	   1.0000000e+00	   2.0000000e+00	   3.0000000e+00	   1.0000000e+00	   2.5240000e+03	
   1.1300000e+02	   3.1100000e+02	   2.0900000e+02	   1.0000000e+01	   5.0000000e+00	   3.4050000e+00	   3.9750000e+00	   2.2050000e+00	   1.0000000e+00	   3.0000000e+00	   2.0000000e+00	   2.0000000e+00	   4.3900000e+03	
   2.0700000e+02	   2.0800000e+02	   1.0800000e+02	   5.0000000e+00	   1.0000000e+00	   3.2050000e+00	   3.1750000e+00	   1.8750000e+00	   2.0000000e+00	   3.0000000e+00	   1.0000000e+00	   3.0000000e+00	   3.9900000e+03	
   2.1100000e+02	   3.1100000e+02	   1.0100000e+02	   1.0000000e+00	   5.0000000e+00	   3.2650000e+00	   3.9750000e+00	   1.5450000e+00	   1.0000000e+00	   2.0000000e+00	   3.0000000e+00	   1.0000000e+00	   1.6540000e+03	
   2.0800000e+02	   3.0900000e+02	   1.0400000e+02	   3.0000000e+00	   5.0000000e+00	   3.1750000e+00	   3.8700000e+00	   2.5400000e+00	   3.0000000e+00	   1.0000000e+00	   2.0000000e+00	   3.0000000e+00	   1.9600000e+03	
   3.0300000e+02	   3.1200000e+02	   3.1300000e+02	   1.5000000e+01	   3.0000000e+00	   3.4550000e+00	   3.2350000e+00	   5.3500000e-01	   3.0000000e+00	   2.0000000e+00	   1.0000000e+00	   3.0000000e+00	   2.0040000e+03	
   1.0300000e+02	   2.0700000e+02	   2.0400000e+02	   9.0000000e+00	   3.0000000e+00	   3.4000000e+00	   3.2050000e+00	   2.5000000e+00	   3.0000000e+00	   1.0000000e+00	   2.0000000e+00	   3.0000000e+00	   3.4890000e+03	
   1.0500000e+02	   3.1200000e+02	   1.1200000e+02	   7.0000000e+00	   2.0000000e+00	   3.3800000e+00	   3.2350000e+00	   2.5000000e+00	   3.0000000e+00	   1.0000000e+00	   2.0000000e+00	   3.0000000e+00	   3.1460000e+03	
   2.1000000e+02	   3.0900000e+02	   1.0700000e+02	   4.0000000e+00	   5.0000000e+00	   3.0650000e+00	   3.8700000e+00	   2.8150000e+00	   3.0000000e+00	   1.0000000e+00	   2.0000000e+00	   2.0000000e+00	   2.9440000e+03	
   1.1300000e+02	   3.1400000e+02	   1.0700000e+02	   4.0000000e+00	   1.0000000e+00	   3.4050000e+00	   3.3950000e+00	   2.8150000e+00	   3.0000000e+00	   1.0000000e+00	   2.0000000e+00	   2.0000000e+00	   2.3710000e+03	
   3.1200000e+02	   3.1400000e+02	   3.0800000e+02	   1.4000000e+01	   3.0000000e+00	   3.2350000e+00	   3.3950000e+00	   2.8450000e+00	   1.0000000e+00	   3.0000000e+00	   2.0000000e+00	   3.0000000e+00	   4.2360000e+03	
   2.0600000e+02	   2.0700000e+02	   2.0400000e+02	   9.0000000e+00	   1.0000000e+00	   3.2650000e+00	   3.2050000e+00	   2.5000000e+00	   2.0000000e+00	   1.0000000e+00	   3.0000000e+00	   2.0000000e+00	   2.8250000e+03	
   1.1300000e+02	   3.0400000e+02	   1.0800000e+02	   5.0000000e+00	   2.0000000e+00	   3.4050000e+00	   3.5200000e+00	   1.8750000e+00	   2.0000000e+00	   1.0000000e+00	   3.0000000e+00	   1.0000000e+00	   4.6350000e+03	
   1.0500000e+02	   2.0800000e+02	   1.0100000e+02	   1.0000000e+00	   3.0000000e+00	   3.3800000e+00	   3.1750000e+00	   1.5450000e+00	   2.0000000e+00	   3.0000000e+00	   1.0000000e+00	   3.0000000e+00	   2.0100000e+03	
   1.0500000e+02	   3.1200000e+02	   3.1300000e+02	   1.5000000e+01	   2.0000000e+00	   3.3800000e+00	   3.2350000e+00	   5.3500000e-01	   1.0000000e+00	   3.0000000e+00	   2.0000000e+00	   1.0000000e+00	   1.6310000e+03	
   3.1100000e+02	   3.1400000e+02	   1.1500000e+02	   8.0000000e+00	   5.0000000e+00	   3.9750000e+00	   3.3950000e+00	   2.7250000e+00	   1.0000000e+00	   3.0000000e+00	   2.0000000e+00	   2.0000000e+00	   1.9270000e+03	
   3.0900000e+02	   3.1100000e+02	   2.0400000e+02	   9.0000000e+00	   2.0000000e+00	   3.8700000e+00	   3.9750000e+00	   2.5000000e+00	   3.0000000e+00	   1.0000000e+00	   2.0000000e+00	   1.0000000e+00	   1.4200000e+03	
   1.1400000e+02	   3.1400000e+02	   1.1200000e+02	   7.0000000e+00	   2.0000000e+00	   3.4700000e+00	   3.3950000e+00	   2.5000000e+00	   2.0000000e+00	   3.0000000e+00	   1.0000000e+00	   1.0000000e+00	   2.3040000e+03	
   3.0300000e+02	   3.1100000e+02	   3.0700000e+02	   1.3000000e+01	   5.0000000e+00	   3.4550000e+00	   3.9750000e+00	   1.2400000e+00	   1.0000000e+00	   3.0000000e+00	   2.0000000e+00	   1.0000000e+00	   2.6500000e+03	
   1.1300000e+02	   2.1000000e+02	   3.0800000e+02	   1.4000000e+01	   4.0000000e+00	   3.4050000e+00	   3.0650000e+00	   2.8450000e+00	   3.0000000e+00	   2.0000000e+00	   1.0000000e+00	   3.0000000e+00	   1.6580000e+03	
   1.0500000e+02	   2.0800000e+02	   1.0900000e+02	   6.0000000e+00	   3.0000000e+00	   3.3800000e+00	   3.1750000e+00	   1.7150000e+00	   2.0000000e+00	   1.0000000e+00	   3.0000000e+00	   1.0000000e+00	   2.1670000e+03	
   1.0500000e+02	   2.1100000e+02	   2.0400000e+02	   9.0000000e+00	   2.0000000e+00	   3.3800000e+00	   3.2650000e+00	   2.5000000e+00	   1.0000000e+00	   2.0000000e+00	   3.0000000e+00	   2.0000000e+00	   1.2780000e+03	
   3.1100000e+02	   3.1400000e+02	   3.0800000e+02	   1.4000000e+01	   5.0000000e+00	   3.9750000e+00	   3.3950000e+00	   2.8450000e+00	   1.0000000e+00	   2.0000000e+00	   3.0000000e+00	   2.0000000e+00	   4.7570000e+03	
   2.0700000e+02	   3.0300000e+02	   1.1500000e+02	   8.0000000e+00	   3.0000000e+00	   3.2050000e+00	   3.4550000e+00	   2.7250000e+00	   2.0000000e+00	   3.0000000e+00	   1.0000000e+00	   3.0000000e+00	   2.6510000e+03	
   1.1400000e+02	   3.0900000e+02	   3.0700000e+02	   1.3000000e+01	   4.0000000e+00	   3.4700000e+00	   3.8700000e+00	   1.2400000e+00	   1.0000000e+00	   2.0000000e+00	   3.0000000e+00	   2.0000000e+00	   7.8760000e+03	
   3.0300000e+02	   3.1200000e+02	   1.0100000e+02	   1.0000000e+00	   3.0000000e+00	   3.4550000e+00	   3.2350000e+00	   1.5450000e+00	   1.0000000e+00	   3.0000000e+00	   2.0000000e+00	   1.0000000e+00	   1.1270000e+03	
   1.0500000e+02	   2.1000000e+02	   3.1300000e+02	   1.5000000e+01	   4.0000000e+00	   3.3800000e+00	   3.0650000e+00	   5.3500000e-01	   3.0000000e+00	   2.0000000e+00	   1.0000000e+00	   2.0000000e+00	   3.7710000e+03	
   1.0500000e+02	   1.1400000e+02	   1.0800000e+02	   5.0000000e+00	   2.0000000e+00	   3.3800000e+00	   3.4700000e+00	   1.8750000e+00	   2.0000000e+00	   3.0000000e+00	   1.0000000e+00	   2.0000000e+00	   1.1790000e+03	
   3.0300000e+02	   3.1200000e+02	   1.0400000e+02	   3.0000000e+00	   3.0000000e+00	   3.4550000e+00	   3.2350000e+00	   2.5400000e+00	   2.0000000e+00	   1.0000000e+00	   3.0000000e+00	   2.0000000e+00	   1.2010000e+03	
   1.0300000e+02	   3.0900000e+02	   2.1400000e+02	   1.2000000e+01	   5.0000000e+00	   3.4000000e+00	   3.8700000e+00	   2.1550000e+00	   1.0000000e+00	   2.0000000e+00	   3.0000000e+00	   1.0000000e+00	   1.5910000e+03	
   1.1300000e+02	   1.1400000e+02	   1.0800000e+02	   5.0000000e+00	   1.0000000e+00	   3.4050000e+00	   3.4700000e+00	   1.8750000e+00	   2.0000000e+00	   1.0000000e+00	   3.0000000e+00	   1.0000000e+00	   3.3190000e+03	
   1.1400000e+02	   2.0700000e+02	   1.0400000e+02	   3.0000000e+00	   4.0000000e+00	   3.4700000e+00	   3.2050000e+00	   2.5400000e+00	   1.0000000e+00	   2.0000000e+00	   3.0000000e+00	   2.0000000e+00	   4.0160000e+03	
   2.0600000e+02	   3.0400000e+02	   1.0100000e+02	   1.0000000e+00	   4.0000000e+00	   3.2650000e+00	   3.5200000e+00	   1.5450000e+00	   2.0000000e+00	   3.0000000e+00	   1.0000000e+00	   2.0000000e+00	   1.0380000e+03	
   3.0900000e+02	   3.1200000e+02	   2.0400000e+02	   9.0000000e+00	   5.0000000e+00	   3.8700000e+00	   3.2350000e+00	   2.5000000e+00	   3.0000000e+00	   2.0000000e+00	   1.0000000e+00	   3.0000000e+00	   2.3150000e+03	
   3.1100000e+02	   3.1400000e+02	   1.0800000e+02	   5.0000000e+00	   5.0000000e+00	   3.9750000e+00	   3.3950000e+00	   1.8750000e+00	   1.0000000e+00	   3.0000000e+00	   2.0000000e+00	   1.0000000e+00	   1.2270000e+03	
   1.1400000e+02	   3.1400000e+02	   2.1300000e+02	   1.1000000e+01	   2.0000000e+00	   3.4700000e+00	   3.3950000e+00	   2.5000000e+00	   1.0000000e+00	   2.0000000e+00	   3.0000000e+00	   3.0000000e+00	   2.4750000e+03	
   1.0500000e+02	   1.1300000e+02	   2.1300000e+02	   1.1000000e+01	   1.0000000e+00	   3.3800000e+00	   3.4050000e+00	   2.5000000e+00	   3.0000000e+00	   2.0000000e+00	   1.0000000e+00	   1.0000000e+00	   1.3360000e+03	
   1.0500000e+02	   2.1000000e+02	   1.0800000e+02	   5.0000000e+00	   4.0000000e+00	   3.3800000e+00	   3.0650000e+00	   1.8750000e+00	   2.0000000e+00	   1.0000000e+00	   3.0000000e+00	   2.0000000e+00	   3.8590000e+03	
   1.0300000e+02	   3.0300000e+02	   1.0100000e+02	   1.0000000e+00	   1.0000000e+00	   3.4000000e+00	   3.4550000e+00	   1.5450000e+00	   1.0000000e+00	   3.0000000e+00	   2.0000000e+00	   1.0000000e+00	   1.3940000e+03	
   2.0800000e+02	   2.1100000e+02	   2.1300000e+02	   1.1000000e+01	   2.0000000e+00	   3.1750000e+00	   3.2650000e+00	   2.5000000e+00	   2.0000000e+00	   3.0000000e+00	   1.0000000e+00	   2.0000000e+00	   9.6500000e+02	
   2.1100000e+02	   3.1200000e+02	   1.0200000e+02	   2.0000000e+00	   1.0000000e+00	   3.2650000e+00	   3.2350000e+00	   2.1200000e+00	   1.0000000e+00	   3.0000000e+00	   2.0000000e+00	   1.0000000e+00	   1.2240000e+03	
   3.0400000e+02	   3.1100000e+02	   1.1200000e+02	   7.0000000e+00	   4.0000000e+00	   3.5200000e+00	   3.9750000e+00	   2.5000000e+00	   3.0000000e+00	   1.0000000e+00	   2.0000000e+00	   1.0000000e+00	   1.1730000e+03	
   3.0300000e+02	   3.1400000e+02	   1.0900000e+02	   6.0000000e+00	   1.0000000e+00	   3.4550000e+00	   3.3950000e+00	   1.7150000e+00	   1.0000000e+00	   2.0000000e+00	   3.0000000e+00	   1.0000000e+00	   9.7200000e+02	
   1.0500000e+02	   3.1200000e+02	   3.0700000e+02	   1.3000000e+01	   2.0000000e+00	   3.3800000e+00	   3.2350000e+00	   1.2400000e+00	   2.0000000e+00	   3.0000000e+00	   1.0000000e+00	   2.0000000e+00	   1.7990000e+03	
   1.1300000e+02	   2.1100000e+02	   1.1200000e+02	   7.0000000e+00	   2.0000000e+00	   3.4050000e+00	   3.2650000e+00	   2.5000000e+00	   1.0000000e+00	   3.0000000e+00	   2.0000000e+00	   3.0000000e+00	   1.5670000e+03	
   1.0300000e+02	   2.1000000e+02	   3.0800000e+02	   1.4000000e+01	   4.0000000e+00	   3.4000000e+00	   3.0650000e+00	   2.8450000e+00	   2.0000000e+00	   3.0000000e+00	   1.0000000e+00	   2.0000000e+00	   2.1620000e+03	
   2.1100000e+02	   3.0400000e+02	   3.0700000e+02	   1.3000000e+01	   4.0000000e+00	   3.2650000e+00	   3.5200000e+00	   1.2400000e+00	   2.0000000e+00	   3.0000000e+00	   1.0000000e+00	   2.0000000e+00	   1.0970000e+03	
   2.0700000e+02	   3.1100000e+02	   1.1200000e+02	   7.0000000e+00	   5.0000000e+00	   3.2050000e+00	   3.9750000e+00	   2.5000000e+00	   3.0000000e+00	   1.0000000e+00	   2.0000000e+00	   2.0000000e+00	   3.3290000e+03	
   1.0500000e+02	   1.1300000e+02	   1.0700000e+02	   4.0000000e+00	   1.0000000e+00	   3.3800000e+00	   3.4050000e+00	   2.8150000e+00	   2.0000000e+00	   3.0000000e+00	   1.0000000e+00	   1.0000000e+00	   1.6060000e+03	
   1.0300000e+02	   2.1000000e+02	   3.1300000e+02	   1.5000000e+01	   4.0000000e+00	   3.4000000e+00	   3.0650000e+00	   5.3500000e-01	   2.0000000e+00	   1.0000000e+00	   3.0000000e+00	   2.0000000e+00	   1.0020000e+03	
   3.0300000e+02	   3.1400000e+02	   3.1300000e+02	   1.5000000e+01	   1.0000000e+00	   3.4550000e+00	   3.3950000e+00	   5.3500000e-01	   2.0000000e+00	   3.0000000e+00	   1.0000000e+00	   2.0000000e+00	   1.0530000e+03	
   3.0900000e+02	   3.1200000e+02	   1.0200000e+02	   2.0000000e+00	   5.0000000e+00	   3.8700000e+00	   3.2350000e+00	   2.1200000e+00	   3.0000000e+00	   1.0000000e+00	   2.0000000e+00	   3.0000000e+00	   1.7870000e+03	
   2.0700000e+02	   2.1100000e+02	   1.1500000e+02	   8.0000000e+00	   1.0000000e+00	   3.2050000e+00	   3.2650000e+00	   2.7250000e+00	   3.0000000e+00	   2.0000000e+00	   1.0000000e+00	   2.0000000e+00	   1.3640000e+03	
   2.0600000e+02	   3.1200000e+02	   3.0800000e+02	   1.4000000e+01	   1.0000000e+00	   3.2650000e+00	   3.2350000e+00	   2.8450000e+00	   3.0000000e+00	   2.0000000e+00	   1.0000000e+00	   3.0000000e+00	   2.0680000e+03	
   1.1400000e+02	   3.1200000e+02	   1.1200000e+02	   7.0000000e+00	   3.0000000e+00	   3.4700000e+00	   3.2350000e+00	   2.5000000e+00	   1.0000000e+00	   3.0000000e+00	   2.0000000e+00	   2.0000000e+00	   4.8860000e+03	
   3.0400000e+02	   3.1100000e+02	   1.1500000e+02	   8.0000000e+00	   4.0000000e+00	   3.5200000e+00	   3.9750000e+00	   2.7250000e+00	   1.0000000e+00	   2.0000000e+00	   3.0000000e+00	   1.0000000e+00	   1.7390000e+03	
   3.0300000e+02	   3.1200000e+02	   1.0800000e+02	   5.0000000e+00	   3.0000000e+00	   3.4550000e+00	   3.2350000e+00	   1.8750000e+00	   2.0000000e+00	   1.0000000e+00	   3.0000000e+00	   2.0000000e+00	   9.1100000e+02	
   1.1400000e+02	   2.1100000e+02	   2.0400000e+02	   9.0000000e+00	   3.0000000e+00	   3.4700000e+00	   3.2650000e+00	   2.5000000e+00	   1.0000000e+00	   2.0000000e+00	   3.0000000e+00	   2.0000000e+00	   8.0100000e+02	
   3.1100000e+02	   3.1200000e+02	   1.0200000e+02	   2.0000000e+00	   5.0000000e+00	   3.9750000e+00	   3.2350000e+00	   2.1200000e+00	   2.0000000e+00	   3.0000000e+00	   1.0000000e+00	   2.0000000e+00	   1.4660000e+03	
   1.0300000e+02	   2.0700000e+02	   3.1300000e+02	   1.5000000e+01	   3.0000000e+00	   3.4000000e+00	   3.2050000e+00	   5.3500000e-01	   3.0000000e+00	   2.0000000e+00	   1.0000000e+00	   3.0000000e+00	   2.2590000e+03	
   2.0600000e+02	   3.1400000e+02	   3.1300000e+02	   1.5000000e+01	   2.0000000e+00	   3.2650000e+00	   3.3950000e+00	   5.3500000e-01	   2.0000000e+00	   1.0000000e+00	   3.0000000e+00	   1.0000000e+00	   1.9660000e+03	
   2.0800000e+02	   2.1100000e+02	   2.0400000e+02	   9.0000000e+00	   2.0000000e+00	   3.1750000e+00	   3.2650000e+00	   2.5000000e+00	   1.0000000e+00	   3.0000000e+00	   2.0000000e+00	   1.0000000e+00	   1.4890000e+03	
   1.1400000e+02	   3.0900000e+02	   2.0900000e+02	   1.0000000e+01	   4.0000000e+00	   3.4700000e+00	   3.8700000e+00	   2.2050000e+00	   1.0000000e+00	   3.0000000e+00	   2.0000000e+00	   3.0000000e+00	   2.9010000e+03	
   2.0800000e+02	   3.1400000e+02	   2.1400000e+02	   1.2000000e+01	   3.0000000e+00	   3.1750000e+00	   3.3950000e+00	   2.1550000e+00	   2.0000000e+00	   3.0000000e+00	   1.0000000e+00	   2.0000000e+00	   1.7720000e+03	
   1.0500000e+02	   2.1000000e+02	   1.0200000e+02	   2.0000000e+00	   4.0000000e+00	   3.3800000e+00	   3.0650000e+00	   2.1200000e+00	   2.0000000e+00	   1.0000000e+00	   3.0000000e+00	   1.0000000e+00	   2.5050000e+03	
   1.0300000e+02	   3.0300000e+02	   2.0400000e+02	   9.0000000e+00	   1.0000000e+00	   3.4000000e+00	   3.4550000e+00	   2.5000000e+00	   1.0000000e+00	   2.0000000e+00	   3.0000000e+00	   2.0000000e+00	   8.9400000e+02	
   1.0300000e+02	   2.0800000e+02	   2.1300000e+02	   1.1000000e+01	   3.0000000e+00	   3.4000000e+00	   3.1750000e+00	   2.5000000e+00	   3.0000000e+00	   1.0000000e+00	   2.0000000e+00	   2.0000000e+00	   3.2930000e+03	
   1.0500000e+02	   3.0900000e+02	   1.1200000e+02	   7.0000000e+00	   5.0000000e+00	   3.3800000e+00	   3.8700000e+00	   2.5000000e+00	   1.0000000e+00	   3.0000000e+00	   2.0000000e+00	   2.0000000e+00	   5.5040000e+03	
   2.0600000e+02	   3.1400000e+02	   1.0700000e+02	   4.0000000e+00	   2.0000000e+00	   3.2650000e+00	   3.3950000e+00	   2.8150000e+00	   2.0000000e+00	   3.0000000e+00	   1.0000000e+00	   1.0000000e+00	   2.3320000e+03	
   2.1000000e+02	   2.1100000e+02	   2.0900000e+02	   1.0000000e+01	   3.0000000e+00	   3.0650000e+00	   3.2650000e+00	   2.2050000e+00	   1.0000000e+00	   3.0000000e+00	   2.0000000e+00	   3.0000000e+00	   1.7260000e+03	
   1.0500000e+02	   3.1100000e+02	   1.0100000e+02	   1.0000000e+00	   5.0000000e+00	   3.3800000e+00	   3.9750000e+00	   1.5450000e+00	   2.0000000e+00	   1.0000000e+00	   3.0000000e+00	   1.0000000e+00	   2.2050000e+03	
   2.1100000e+02	   3.0300000e+02	   2.1400000e+02	   1.2000000e+01	   3.0000000e+00	   3.2650000e+00	   3.4550000e+00	   2.1550000e+00	   2.0000000e+00	   3.0000000e+00	   1.0000000e+00	   2.0000000e+00	   1.3300000e+03	
   1.0500000e+02	   1.1300000e+02	   3.0700000e+02	   1.3000000e+01	   1.0000000e+00	   3.3800000e+00	   3.4050000e+00	   1.2400000e+00	   3.0000000e+00	   2.0000000e+00	   1.0000000e+00	   3.0000000e+00	   8.0230000e+03	
   2.0700000e+02	   3.0400000e+02	   3.0800000e+02	   1.4000000e+01	   4.0000000e+00	   3.2050000e+00	   3.5200000e+00	   2.8450000e+00	   3.0000000e+00	   1.0000000e+00	   2.0000000e+00	   3.0000000e+00	   3.3460000e+03	
   2.0600000e+02	   2.0700000e+02	   1.0800000e+02	   5.0000000e+00	   1.0000000e+00	   3.2650000e+00	   3.2050000e+00	   1.8750000e+00	   1.0000000e+00	   3.0000000e+00	   2.0000000e+00	   3.0000000e+00	   3.9350000e+03	
   1.1300000e+02	   2.1000000e+02	   1.0200000e+02	   2.0000000e+00	   4.0000000e+00	   3.4050000e+00	   3.0650000e+00	   2.1200000e+00	   2.0000000e+00	   3.0000000e+00	   1.0000000e+00	   1.0000000e+00	   4.4950000e+03	
   1.0500000e+02	   2.0700000e+02	   1.0900000e+02	   6.0000000e+00	   3.0000000e+00	   3.3800000e+00	   3.2050000e+00	   1.7150000e+00	   2.0000000e+00	   1.0000000e+00	   3.0000000e+00	   2.0000000e+00	   2.4370000e+03	
   1.0300000e+02	   3.0300000e+02	   1.0200000e+02	   2.0000000e+00	   1.0000000e+00	   3.4000000e+00	   3.4550000e+00	   2.1200000e+00	   1.0000000e+00	   3.0000000e+00	   2.0000000e+00	   1.0000000e+00	   1.0450000e+03	
   1.0500000e+02	   3.1400000e+02	   1.0200000e+02	   2.0000000e+00	   1.0000000e+00	   3.3800000e+00	   3.3950000e+00	   2.1200000e+00	   1.0000000e+00	   2.0000000e+00	   3.0000000e+00	   2.0000000e+00	   1.8250000e+03	
   2.0700000e+02	   3.0300000e+02	   1.0700000e+02	   4.0000000e+00	   3.0000000e+00	   3.2050000e+00	   3.4550000e+00	   2.8150000e+00	   1.0000000e+00	   3.0000000e+00	   2.0000000e+00	   2.0000000e+00	   1.7590000e+03	
   1.1400000e+02	   3.1400000e+02	   1.0700000e+02	   4.0000000e+00	   2.0000000e+00	   3.4700000e+00	   3.3950000e+00	   2.8150000e+00	   3.0000000e+00	   2.0000000e+00	   1.0000000e+00	   1.0000000e+00	   1.1490000e+03	
   2.1000000e+02	   3.0300000e+02	   3.0700000e+02	   1.3000000e+01	   4.0000000e+00	   3.0650000e+00	   3.4550000e+00	   1.2400000e+00	   3.0000000e+00	   2.0000000e+00	   1.0000000e+00	   2.0000000e+00	   1.4400000e+03	
   1.1300000e+02	   1.1400000e+02	   3.1300000e+02	   1.5000000e+01	   1.0000000e+00	   3.4050000e+00	   3.4700000e+00	   5.3500000e-01	   2.0000000e+00	   1.0000000e+00	   3.0000000e+00	   1.0000000e+00	   2.3580000e+03	
   1.1400000e+02	   3.0300000e+02	   1.0200000e+02	   2.0000000e+00	   1.0000000e+00	   3.4700000e+00	   3.4550000e+00	   2.1200000e+00	   1.0000000e+00	   2.0000000e+00	   3.0000000e+00	   2.0000000e+00	   1.1740000e+03	
   2.0700000e+02	   3.0900000e+02	   1.0800000e+02	   5.0000000e+00	   5.0000000e+00	   3.2050000e+00	   3.8700000e+00	   1.8750000e+00	   3.0000000e+00	   1.0000000e+00	   2.0000000e+00	   3.0000000e+00	   5.3450000e+03	
   2.0700000e+02	   3.1400000e+02	   1.0700000e+02	   4.0000000e+00	   3.0000000e+00	   3.2050000e+00	   3.3950000e+00	   2.8150000e+00	   3.0000000e+00	   1.0000000e+00	   2.0000000e+00	   2.0000000e+00	   2.5790000e+03	
   1.1300000e+02	   3.1200000e+02	   1.0200000e+02	   2.0000000e+00	   3.0000000e+00	   3.4050000e+00	   3.2350000e+00	   2.1200000e+00	   3.0000000e+00	   1.0000000e+00	   2.0000000e+00	   2.0000000e+00	   1.3050000e+03	
   1.1400000e+02	   2.0600000e+02	   3.1300000e+02	   1.5000000e+01	   3.0000000e+00	   3.4700000e+00	   3.2650000e+00	   5.3500000e-01	   3.0000000e+00	   1.0000000e+00	   2.0000000e+00	   1.0000000e+00	   2.0280000e+03	
   2.0600000e+02	   3.1200000e+02	   1.0400000e+02	   3.0000000e+00	   1.0000000e+00	   3.2650000e+00	   3.2350000e+00	   2.5400000e+00	   2.0000000e+00	   3.0000000e+00	   1.0000000e+00	   3.0000000e+00	   5.6230000e+03	
   2.0700000e+02	   2.1000000e+02	   1.1200000e+02	   7.0000000e+00	   2.0000000e+00	   3.2050000e+00	   3.0650000e+00	   2.5000000e+00	   2.0000000e+00	   3.0000000e+00	   1.0000000e+00	   3.0000000e+00	   6.1650000e+03	
   2.0700000e+02	   3.0900000e+02	   1.1500000e+02	   8.0000000e+00	   5.0000000e+00	   3.2050000e+00	   3.8700000e+00	   2.7250000e+00	   3.0000000e+00	   1.0000000e+00	   2.0000000e+00	   2.0000000e+00	   1.6760000e+03	
   1.1400000e+02	   3.1100000e+02	   1.0100000e+02	   1.0000000e+00	   5.0000000e+00	   3.4700000e+00	   3.9750000e+00	   1.5450000e+00	   3.0000000e+00	   2.0000000e+00	   1.0000000e+00	   2.0000000e+00	   8.9120000e+03	
   2.0600000e+02	   3.0400000e+02	   2.0900000e+02	   1.0000000e+01	   4.0000000e+00	   3.2650000e+00	   3.5200000e+00	   2.2050000e+00	   3.0000000e+00	   1.0000000e+00	   2.0000000e+00	   1.0000000e+00	   3.9720000e+03	
   2.1000000e+02	   3.0300000e+02	   1.0200000e+02	   2.0000000e+00	   4.0000000e+00	   3.0650000e+00	   3.4550000e+00	   2.1200000e+00	   3.0000000e+00	   2.0000000e+00	   1.0000000e+00	   1.0000000e+00	   4.0710000e+03	
   2.0700000e+02	   2.0800000e+02	   1.0100000e+02	   1.0000000e+00	   1.0000000e+00	   3.2050000e+00	   3.1750000e+00	   1.5450000e+00	   3.0000000e+00	   1.0000000e+00	   2.0000000e+00	   1.0000000e+00	   2.3940000e+03	
   2.0600000e+02	   3.1200000e+02	   2.1300000e+02	   1.1000000e+01	   1.0000000e+00	   3.2650000e+00	   3.2350000e+00	   2.5000000e+00	   2.0000000e+00	   1.0000000e+00	   3.0000000e+00	   3.0000000e+00	   2.0640000e+03	
   2.0800000e+02	   2.1000000e+02	   1.1500000e+02	   8.0000000e+00	   2.0000000e+00	   3.1750000e+00	   3.0650000e+00	   2.7250000e+00	   3.0000000e+00	   2.0000000e+00	   1.0000000e+00	   2.0000000e+00	   5.8890000e+03	
   1.0300000e+02	   2.0800000e+02	   3.0700000e+02	   1.3000000e+01	   3.0000000e+00	   3.4000000e+00	   3.1750000e+00	   1.2400000e+00	   1.0000000e+00	   3.0000000e+00	   2.0000000e+00	   1.0000000e+00	   3.4780000e+03	
   2.0800000e+02	   3.0300000e+02	   1.1500000e+02	   8.0000000e+00	   4.0000000e+00	   3.1750000e+00	   3.4550000e+00	   2.7250000e+00	   2.0000000e+00	   3.0000000e+00	   1.0000000e+00	   3.0000000e+00	   3.8000000e+03	
   3.1200000e+02	   3.1400000e+02	   2.1300000e+02	   1.1000000e+01	   3.0000000e+00	   3.2350000e+00	   3.3950000e+00	   2.5000000e+00	   1.0000000e+00	   3.0000000e+00	   2.0000000e+00	   3.0000000e+00	   7.6370000e+03	
   1.0500000e+02	   2.0800000e+02	   2.1400000e+02	   1.2000000e+01	   3.0000000e+00	   3.3800000e+00	   3.1750000e+00	   2.1550000e+00	   3.0000000e+00	   2.0000000e+00	   1.0000000e+00	   1.0000000e+00	   3.2330000e+03	
   3.0900000e+02	   3.1400000e+02	   3.0800000e+02	   1.4000000e+01	   5.0000000e+00	   3.8700000e+00	   3.3950000e+00	   2.8450000e+00	   2.0000000e+00	   3.0000000e+00	   1.0000000e+00	   1.0000000e+00	   4.8030000e+03	
   2.0700000e+02	   2.1000000e+02	   2.1300000e+02	   1.1000000e+01	   2.0000000e+00	   3.2050000e+00	   3.0650000e+00	   2.5000000e+00	   1.0000000e+00	   2.0000000e+00	   3.0000000e+00	   3.0000000e+00	   3.4610000e+03	
   1.0300000e+02	   2.0700000e+02	   1.0700000e+02	   4.0000000e+00	   3.0000000e+00	   3.4000000e+00	   3.2050000e+00	   2.8150000e+00	   3.0000000e+00	   1.0000000e+00	   2.0000000e+00	   2.0000000e+00	   5.8800000e+03	
   2.1000000e+02	   3.1400000e+02	   2.0900000e+02	   1.0000000e+01	   4.0000000e+00	   3.0650000e+00	   3.3950000e+00	   2.2050000e+00	   3.0000000e+00	   2.0000000e+00	   1.0000000e+00	   1.0000000e+00	   5.8960000e+03	
   2.0600000e+02	   3.0400000e+02	   2.0400000e+02	   9.0000000e+00	   4.0000000e+00	   3.2650000e+00	   3.5200000e+00	   2.5000000e+00	   1.0000000e+00	   3.0000000e+00	   2.0000000e+00	   3.0000000e+00	   6.4010000e+03	
   1.1400000e+02	   2.1100000e+02	   2.1300000e+02	   1.1000000e+01	   3.0000000e+00	   3.4700000e+00	   3.2650000e+00	   2.5000000e+00	   1.0000000e+00	   2.0000000e+00	   3.0000000e+00	   2.0000000e+00	   2.0420000e+03	
   1.0500000e+02	   3.0300000e+02	   2.0400000e+02	   9.0000000e+00	   2.0000000e+00	   3.3800000e+00	   3.4550000e+00	   2.5000000e+00	   1.0000000e+00	   2.0000000e+00	   3.0000000e+00	   3.0000000e+00	   3.5300000e+03	
   1.1400000e+02	   3.1100000e+02	   1.1500000e+02	   8.0000000e+00	   5.0000000e+00	   3.4700000e+00	   3.9750000e+00	   2.7250000e+00	   1.0000000e+00	   3.0000000e+00	   2.0000000e+00	   1.0000000e+00	   1.7930000e+03	
   1.1300000e+02	   3.0400000e+02	   1.0400000e+02	   3.0000000e+00	   2.0000000e+00	   3.4050000e+00	   3.5200000e+00	   2.5400000e+00	   3.0000000e+00	   2.0000000e+00	   1.0000000e+00	   1.0000000e+00	   2.9330000e+03	
   2.1000000e+02	   3.0900000e+02	   2.0900000e+02	   1.0000000e+01	   5.0000000e+00	   3.0650000e+00	   3.8700000e+00	   2.2050000e+00	   1.0000000e+00	   3.0000000e+00	   2.0000000e+00	   2.0000000e+00	   7.7360000e+03	
   2.1100000e+02	   3.0900000e+02	   2.1300000e+02	   1.1000000e+01	   5.0000000e+00	   3.2650000e+00	   3.8700000e+00	   2.5000000e+00	   3.0000000e+00	   1.0000000e+00	   2.0000000e+00	   3.0000000e+00	   2.9400000e+03	
   1.0500000e+02	   3.1100000e+02	   3.1300000e+02	   1.5000000e+01	   5.0000000e+00	   3.3800000e+00	   3.9750000e+00	   5.3500000e-01	   2.0000000e+00	   3.0000000e+00	   1.0000000e+00	   1.0000000e+00	   4.7990000e+03	
   2.0700000e+02	   3.1200000e+02	   1.1200000e+02	   7.0000000e+00	   1.0000000e+00	   3.2050000e+00	   3.2350000e+00	   2.5000000e+00	   2.0000000e+00	   3.0000000e+00	   1.0000000e+00	   3.0000000e+00	   3.0250000e+03	
   2.1100000e+02	   3.0400000e+02	   1.0900000e+02	   6.0000000e+00	   4.0000000e+00	   3.2650000e+00	   3.5200000e+00	   1.7150000e+00	   2.0000000e+00	   3.0000000e+00	   1.0000000e+00	   2.0000000e+00	   2.3270000e+03	
   2.0800000e+02	   2.1100000e+02	   2.0900000e+02	   1.0000000e+01	   2.0000000e+00	   3.1750000e+00	   3.2650000e+00	   2.2050000e+00	   3.0000000e+00	   2.0000000e+00	   1.0000000e+00	   3.0000000e+00	   4.3130000e+03	
   1.0300000e+02	   2.1000000e+02	   1.0100000e+02	   1.0000000e+00	   4.0000000e+00	   3.4000000e+00	   3.0650000e+00	   1.5450000e+00	   2.0000000e+00	   1.0000000e+00	   3.0000000e+00	   3.0000000e+00	   4.4290000e+03	
   2.0800000e+02	   3.0300000e+02	   1.0400000e+02	   3.0000000e+00	   4.0000000e+00	   3.1750000e+00	   3.4550000e+00	   2.5400000e+00	   3.0000000e+00	   2.0000000e+00	   1.0000000e+00	   3.0000000e+00	   4.8020000e+03	
   2.1000000e+02	   3.1400000e+02	   1.0900000e+02	   6.0000000e+00	   4.0000000e+00	   3.0650000e+00	   3.3950000e+00	   1.7150000e+00	   3.0000000e+00	   2.0000000e+00	   1.0000000e+00	   3.0000000e+00	   3.3660000e+03	
   2.0800000e+02	   3.0400000e+02	   2.0400000e+02	   9.0000000e+00	   4.0000000e+00	   3.1750000e+00	   3.5200000e+00	   2.5000000e+00	   3.0000000e+00	   1.0000000e+00	   2.0000000e+00	   2.0000000e+00	   4.5530000e+03	
   1.1300000e+02	   2.0700000e+02	   1.0200000e+02	   2.0000000e+00	   3.0000000e+00	   3.4050000e+00	   3.2050000e+00	   2.1200000e+00	   2.0000000e+00	   1.0000000e+00	   3.0000000e+00	   3.0000000e+00	   3.7330000e+03	
   1.0500000e+02	   2.0600000e+02	   3.1300000e+02	   1.5000000e+01	   2.0000000e+00	   3.3800000e+00	   3.2650000e+00	   5.3500000e-01	   3.0000000e+00	   2.0000000e+00	   1.0000000e+00	   2.0000000e+00	   6.9520000e+03	
   2.0700000e+02	   3.1400000e+02	   2.0900000e+02	   1.0000000e+01	   3.0000000e+00	   3.2050000e+00	   3.3950000e+00	   2.2050000e+00	   3.0000000e+00	   1.0000000e+00	   2.0000000e+00	   1.0000000e+00	   2.3860000e+03	
   3.0400000e+02	   3.0900000e+02	   2.1300000e+02	   1.1000000e+01	   4.0000000e+00	   3.5200000e+00	   3.8700000e+00	   2.5000000e+00	   3.0000000e+00	   1.0000000e+00	   2.0000000e+00	   3.0000000e+00	   2.9750000e+03	
   1.1400000e+02	   3.1100000e+02	   1.0900000e+02	   6.0000000e+00	   5.0000000e+00	   3.4700000e+00	   3.9750000e+00	   1.7150000e+00	   2.0000000e+00	   1.0000000e+00	   3.0000000e+00	   1.0000000e+00	   1.9210000e+03	
   2.1000000e+02	   3.0300000e+02	   2.1400000e+02	   1.2000000e+01	   4.0000000e+00	   3.0650000e+00	   3.4550000e+00	   2.1550000e+00	   3.0000000e+00	   1.0000000e+00	   2.0000000e+00	   1.0000000e+00	   1.7600000e+03	
   1.1400000e+02	   3.0400000e+02	   3.0800000e+02	   1.4000000e+01	   1.0000000e+00	   3.4700000e+00	   3.5200000e+00	   2.8450000e+00	   1.0000000e+00	   2.0000000e+00	   3.0000000e+00	   2.0000000e+00	   9.2000000e+02	
   1.0300000e+02	   3.0900000e+02	   3.0800000e+02	   1.4000000e+01	   5.0000000e+00	   3.4000000e+00	   3.8700000e+00	   2.8450000e+00	   2.0000000e+00	   3.0000000e+00	   1.0000000e+00	   2.0000000e+00	   8.8600000e+02	
   1.0300000e+02	   1.1400000e+02	   1.0800000e+02	   5.0000000e+00	   1.0000000e+00	   3.4000000e+00	   3.4700000e+00	   1.8750000e+00	   3.0000000e+00	   2.0000000e+00	   1.0000000e+00	   1.0000000e+00	   1.7670000e+03	
   1.0500000e+02	   3.1200000e+02	   1.0900000e+02	   6.0000000e+00	   2.0000000e+00	   3.3800000e+00	   3.2350000e+00	   1.7150000e+00	   3.0000000e+00	   2.0000000e+00	   1.0000000e+00	   2.0000000e+00	   9.5800000e+02	
   2.0600000e+02	   3.0300000e+02	   3.1300000e+02	   1.5000000e+01	   3.0000000e+00	   3.2650000e+00	   3.4550000e+00	   5.3500000e-01	   2.0000000e+00	   1.0000000e+00	   3.0000000e+00	   2.0000000e+00	   2.3220000e+03	
   1.0500000e+02	   3.1200000e+02	   2.1300000e+02	   1.1000000e+01	   2.0000000e+00	   3.3800000e+00	   3.2350000e+00	   2.5000000e+00	   1.0000000e+00	   2.0000000e+00	   3.0000000e+00	   2.0000000e+00	   7.3800000e+02	
   2.1100000e+02	   3.0400000e+02	   2.0900000e+02	   1.0000000e+01	   4.0000000e+00	   3.2650000e+00	   3.5200000e+00	   2.2050000e+00	   3.0000000e+00	   1.0000000e+00	   2.0000000e+00	   3.0000000e+00	   1.7260000e+03	
   1.1400000e+02	   3.1200000e+02	   1.0100000e+02	   1.0000000e+00	   3.0000000e+00	   3.4700000e+00	   3.2350000e+00	   1.5450000e+00	   3.0000000e+00	   2.0000000e+00	   1.0000000e+00	   3.0000000e+00	   4.7330000e+03	
   2.0700000e+02	   3.0300000e+02	   1.0200000e+02	   2.0000000e+00	   3.0000000e+00	   3.2050000e+00	   3.4550000e+00	   2.1200000e+00	   3.0000000e+00	   2.0000000e+00	   1.0000000e+00	   2.0000000e+00	   8.9700000e+02	
   1.1300000e+02	   3.1100000e+02	   2.0400000e+02	   9.0000000e+00	   5.0000000e+00	   3.4050000e+00	   3.9750000e+00	   2.5000000e+00	   3.0000000e+00	   1.0000000e+00	   2.0000000e+00	   2.0000000e+00	   4.3930000e+03	
   2.0600000e+02	   3.1400000e+02	   1.0100000e+02	   1.0000000e+00	   2.0000000e+00	   3.2650000e+00	   3.3950000e+00	   1.5450000e+00	   1.0000000e+00	   2.0000000e+00	   3.0000000e+00	   1.0000000e+00	   3.1500000e+03	
   1.0500000e+02	   3.0900000e+02	   1.0200000e+02	   2.0000000e+00	   5.0000000e+00	   3.3800000e+00	   3.8700000e+00	   2.1200000e+00	   2.0000000e+00	   3.0000000e+00	   1.0000000e+00	   3.0000000e+00	   2.7630000e+03	
   2.0700000e+02	   2.1000000e+02	   3.0800000e+02	   1.4000000e+01	   2.0000000e+00	   3.2050000e+00	   3.0650000e+00	   2.8450000e+00	   3.0000000e+00	   1.0000000e+00	   2.0000000e+00	   1.0000000e+00	   1.3520000e+03	
   2.0600000e+02	   3.1100000e+02	   1.0700000e+02	   4.0000000e+00	   5.0000000e+00	   3.2650000e+00	   3.9750000e+00	   2.8150000e+00	   1.0000000e+00	   3.0000000e+00	   2.0000000e+00	   2.0000000e+00	   1.1070000e+03	
   3.0900000e+02	   3.1200000e+02	   1.0400000e+02	   3.0000000e+00	   5.0000000e+00	   3.8700000e+00	   3.2350000e+00	   2.5400000e+00	   2.0000000e+00	   3.0000000e+00	   1.0000000e+00	   2.0000000e+00	   1.8910000e+03	
   1.1300000e+02	   3.1200000e+02	   2.0900000e+02	   1.0000000e+01	   3.0000000e+00	   3.4050000e+00	   3.2350000e+00	   2.2050000e+00	   1.0000000e+00	   2.0000000e+00	   3.0000000e+00	   3.0000000e+00	   1.4750000e+03	
   3.0300000e+02	   3.0900000e+02	   3.1300000e+02	   1.5000000e+01	   4.0000000e+00	   3.4550000e+00	   3.8700000e+00	   5.3500000e-01	   2.0000000e+00	   3.0000000e+00	   1.0000000e+00	   2.0000000e+00	   7.7100000e+02	
   2.1100000e+02	   3.1200000e+02	   1.0700000e+02	   4.0000000e+00	   1.0000000e+00	   3.2650000e+00	   3.2350000e+00	   2.8150000e+00	   2.0000000e+00	   3.0000000e+00	   1.0000000e+00	   2.0000000e+00	   8.7500000e+02	
   1.1400000e+02	   3.0300000e+02	   1.0400000e+02	   3.0000000e+00	   1.0000000e+00	   3.4700000e+00	   3.4550000e+00	   2.5400000e+00	   3.0000000e+00	   2.0000000e+00	   1.0000000e+00	   2.0000000e+00	   1.0370000e+03	
   3.0300000e+02	   3.1100000e+02	   1.1500000e+02	   8.0000000e+00	   5.0000000e+00	   3.4550000e+00	   3.9750000e+00	   2.7250000e+00	   2.0000000e+00	   3.0000000e+00	   1.0000000e+00	   2.0000000e+00	   1.9010000e+03	
   2.0600000e+02	   2.0800000e+02	   3.0700000e+02	   1.3000000e+01	   2.0000000e+00	   3.2650000e+00	   3.1750000e+00	   1.2400000e+00	   1.0000000e+00	   3.0000000e+00	   2.0000000e+00	   1.0000000e+00	   2.1610000e+03	
   3.0900000e+02	   3.1400000e+02	   3.1300000e+02	   1.5000000e+01	   5.0000000e+00	   3.8700000e+00	   3.3950000e+00	   5.3500000e-01	   3.0000000e+00	   1.0000000e+00	   2.0000000e+00	   1.0000000e+00	   1.9890000e+03	
   1.0500000e+02	   2.1100000e+02	   1.0200000e+02	   2.0000000e+00	   2.0000000e+00	   3.3800000e+00	   3.2650000e+00	   2.1200000e+00	   3.0000000e+00	   2.0000000e+00	   1.0000000e+00	   2.0000000e+00	   1.2540000e+03	
   1.1400000e+02	   2.1000000e+02	   1.0900000e+02	   6.0000000e+00	   4.0000000e+00	   3.4700000e+00	   3.0650000e+00	   1.7150000e+00	   1.0000000e+00	   2.0000000e+00	   3.0000000e+00	   2.0000000e+00	   1.1840000e+03	
   2.0600000e+02	   3.0900000e+02	   2.0900000e+02	   1.0000000e+01	   5.0000000e+00	   3.2650000e+00	   3.8700000e+00	   2.2050000e+00	   1.0000000e+00	   2.0000000e+00	   3.0000000e+00	   1.0000000e+00	   1.0470000e+03	
   1.0500000e+02	   2.1000000e+02	   1.0700000e+02	   4.0000000e+00	   4.0000000e+00	   3.3800000e+00	   3.0650000e+00	   2.8150000e+00	   2.0000000e+00	   3.0000000e+00	   1.0000000e+00	   1.0000000e+00	   9.5200000e+02	
   1.1300000e+02	   2.1100000e+02	   1.0900000e+02	   6.0000000e+00	   2.0000000e+00	   3.4050000e+00	   3.2650000e+00	   1.7150000e+00	   2.0000000e+00	   3.0000000e+00	   1.0000000e+00	   3.0000000e+00	   1.6210000e+03	
   1.0500000e+02	   3.1100000e+02	   1.0900000e+02	   6.0000000e+00	   5.0000000e+00	   3.3800000e+00	   3.9750000e+00	   1.7150000e+00	   3.0000000e+00	   1.0000000e+00	   2.0000000e+00	   1.0000000e+00	   1.0130000e+03	
   2.0600000e+02	   3.1100000e+02	   1.0100000e+02	   1.0000000e+00	   5.0000000e+00	   3.2650000e+00	   3.9750000e+00	   1.5450000e+00	   2.0000000e+00	   1.0000000e+00	   3.0000000e+00	   2.0000000e+00	   7.8300000e+02	
   3.0300000e+02	   3.0900000e+02	   3.0800000e+02	   1.4000000e+01	   4.0000000e+00	   3.4550000e+00	   3.8700000e+00	   2.8450000e+00	   2.0000000e+00	   1.0000000e+00	   3.0000000e+00	   2.0000000e+00	   8.1200000e+02	
   2.0700000e+02	   3.1400000e+02	   3.0800000e+02	   1.4000000e+01	   3.0000000e+00	   3.2050000e+00	   3.3950000e+00	   2.8450000e+00	   3.0000000e+00	   2.0000000e+00	   1.0000000e+00	   2.0000000e+00	   1.7460000e+03	
   3.0400000e+02	   3.1100000e+02	   1.0800000e+02	   5.0000000e+00	   4.0000000e+00	   3.5200000e+00	   3.9750000e+00	   1.8750000e+00	   2.0000000e+00	   1.0000000e+00	   3.0000000e+00	   2.0000000e+00	   1.5260000e+03	
   2.0700000e+02	   3.0900000e+02	   3.0700000e+02	   1.3000000e+01	   5.0000000e+00	   3.2050000e+00	   3.8700000e+00	   1.2400000e+00	   2.0000000e+00	   3.0000000e+00	   1.0000000e+00	   1.0000000e+00	   1.8030000e+03	
   1.0500000e+02	   3.0300000e+02	   1.0400000e+02	   3.0000000e+00	   2.0000000e+00	   3.3800000e+00	   3.4550000e+00	   2.5400000e+00	   1.0000000e+00	   2.0000000e+00	   3.0000000e+00	   2.0000000e+00	   9.3600000e+02	
   1.0500000e+02	   3.1400000e+02	   2.1400000e+02	   1.2000000e+01	   1.0000000e+00	   3.3800000e+00	   3.3950000e+00	   2.1550000e+00	   2.0000000e+00	   1.0000000e+00	   3.0000000e+00	   1.0000000e+00	   7.7200000e+02	
   1.0300000e+02	   3.0300000e+02	   3.0800000e+02	   1.4000000e+01	   1.0000000e+00	   3.4000000e+00	   3.4550000e+00	   2.8450000e+00	   2.0000000e+00	   3.0000000e+00	   1.0000000e+00	   2.0000000e+00	   9.0200000e+02	
   1.1400000e+02	   2.0600000e+02	   3.0800000e+02	   1.4000000e+01	   3.0000000e+00	   3.4700000e+00	   3.2650000e+00	   2.8450000e+00	   3.0000000e+00	   1.0000000e+00	   2.0000000e+00	   2.0000000e+00	   1.4670000e+03	
   3.0400000e+02	   3.1100000e+02	   2.1400000e+02	   1.2000000e+01	   4.0000000e+00	   3.5200000e+00	   3.9750000e+00	   2.1550000e+00	   3.0000000e+00	   1.0000000e+00	   2.0000000e+00	   1.0000000e+00	   1.2910000e+03	
   3.1100000e+02	   3.1400000e+02	   2.1400000e+02	   1.2000000e+01	   5.0000000e+00	   3.9750000e+00	   3.3950000e+00	   2.1550000e+00	   1.0000000e+00	   2.0000000e+00	   3.0000000e+00	   1.0000000e+00	   1.9240000e+03	
   2.0700000e+02	   2.0800000e+02	   3.1300000e+02	   1.5000000e+01	   1.0000000e+00	   3.2050000e+00	   3.1750000e+00	   5.3500000e-01	   1.0000000e+00	   3.0000000e+00	   2.0000000e+00	   3.0000000e+00	   2.0810000e+03	
   3.0300000e+02	   3.1200000e+02	   3.0800000e+02	   1.4000000e+01	   3.0000000e+00	   3.4550000e+00	   3.2350000e+00	   2.8450000e+00	   3.0000000e+00	   2.0000000e+00	   1.0000000e+00	   3.0000000e+00	   1.5960000e+03	
   3.0400000e+02	   3.1200000e+02	   1.0700000e+02	   4.0000000e+00	   4.0000000e+00	   3.5200000e+00	   3.2350000e+00	   2.8150000e+00	   2.0000000e+00	   3.0000000e+00	   1.0000000e+00	   2.0000000e+00	   2.0880000e+03	
   1.0500000e+02	   3.0400000e+02	   1.1500000e+02	   8.0000000e+00	   2.0000000e+00	   3.3800000e+00	   3.5200000e+00	   2.7250000e+00	   3.0000000e+00	   1.0000000e+00	   2.0000000e+00	   1.0000000e+00	   1.3580000e+03	
   3.0400000e+02	   3.0900000e+02	   1.1500000e+02	   8.0000000e+00	   4.0000000e+00	   3.5200000e+00	   3.8700000e+00	   2.7250000e+00	   1.0000000e+00	   2.0000000e+00	   3.0000000e+00	   1.0000000e+00	   1.7000000e+03	
   2.0600000e+02	   3.0300000e+02	   2.1300000e+02	   1.1000000e+01	   3.0000000e+00	   3.2650000e+00	   3.4550000e+00	   2.5000000e+00	   1.0000000e+00	   2.0000000e+00	   3.0000000e+00	   2.0000000e+00	   2.0720000e+03	
   2.0600000e+02	   3.1100000e+02	   3.1300000e+02	   1.5000000e+01	   5.0000000e+00	   3.2650000e+00	   3.9750000e+00	   5.3500000e-01	   1.0000000e+00	   3.0000000e+00	   2.0000000e+00	   1.0000000e+00	   1.1690000e+03	
   2.1000000e+02	   3.1400000e+02	   1.0700000e+02	   4.0000000e+00	   4.0000000e+00	   3.0650000e+00	   3.3950000e+00	   2.8150000e+00	   2.0000000e+00	   1.0000000e+00	   3.0000000e+00	   3.0000000e+00	   2.3020000e+03	
   2.0800000e+02	   3.1200000e+02	   1.0700000e+02	   4.0000000e+00	   1.0000000e+00	   3.1750000e+00	   3.2350000e+00	   2.8150000e+00	   1.0000000e+00	   3.0000000e+00	   2.0000000e+00	   2.0000000e+00	   1.1180000e+03	
   2.0600000e+02	   3.1200000e+02	   2.0900000e+02	   1.0000000e+01	   1.0000000e+00	   3.2650000e+00	   3.2350000e+00	   2.2050000e+00	   2.0000000e+00	   1.0000000e+00	   3.0000000e+00	   2.0000000e+00	   2.5790000e+03	
   2.1100000e+02	   3.1200000e+02	   3.0700000e+02	   1.3000000e+01	   1.0000000e+00	   3.2650000e+00	   3.2350000e+00	   1.2400000e+00	   1.0000000e+00	   2.0000000e+00	   3.0000000e+00	   1.0000000e+00	   9.0000000e+02	
   1.1300000e+02	   2.1100000e+02	   1.0800000e+02	   5.0000000e+00	   2.0000000e+00	   3.4050000e+00	   3.2650000e+00	   1.8750000e+00	   1.0000000e+00	   3.0000000e+00	   2.0000000e+00	   3.0000000e+00	   1.6950000e+03	
   1.1300000e+02	   1.1400000e+02	   1.0100000e+02	   1.0000000e+00	   1.0000000e+00	   3.4050000e+00	   3.4700000e+00	   1.5450000e+00	   1.0000000e+00	   3.0000000e+00	   2.0000000e+00	   3.0000000e+00	   1.3410000e+03	
   1.0500000e+02	   2.0700000e+02	   3.0700000e+02	   1.3000000e+01	   3.0000000e+00	   3.3800000e+00	   3.2050000e+00	   1.2400000e+00	   2.0000000e+00	   3.0000000e+00	   1.0000000e+00	   1.0000000e+00	   1.6120000e+03	
   2.0800000e+02	   2.1000000e+02	   3.0800000e+02	   1.4000000e+01	   2.0000000e+00	   3.1750000e+00	   3.0650000e+00	   2.8450000e+00	   3.0000000e+00	   1.0000000e+00	   2.0000000e+00	   2.0000000e+00	   8.2400000e+02	
   3.0400000e+02	   3.1100000e+02	   1.0400000e+02	   3.0000000e+00	   4.0000000e+00	   3.5200000e+00	   3.9750000e+00	   2.5400000e+00	   1.0000000e+00	   2.0000000e+00	   3.0000000e+00	   1.0000000e+00	   1.3990000e+03	
   2.0700000e+02	   2.0800000e+02	   3.0800000e+02	   1.4000000e+01	   1.0000000e+00	   3.2050000e+00	   3.1750000e+00	   2.8450000e+00	   3.0000000e+00	   2.0000000e+00	   1.0000000e+00	   2.0000000e+00	   2.3910000e+03	
   2.0700000e+02	   3.0400000e+02	   3.0700000e+02	   1.3000000e+01	   4.0000000e+00	   3.2050000e+00	   3.5200000e+00	   1.2400000e+00	   2.0000000e+00	   1.0000000e+00	   3.0000000e+00	   1.0000000e+00	   1.4630000e+03	
   1.1400000e+02	   3.0300000e+02	   1.1500000e+02	   8.0000000e+00	   1.0000000e+00	   3.4700000e+00	   3.4550000e+00	   2.7250000e+00	   3.0000000e+00	   2.0000000e+00	   1.0000000e+00	   2.0000000e+00	   1.0090000e+03	
   1.0500000e+02	   1.1400000e+02	   2.1400000e+02	   1.2000000e+01	   2.0000000e+00	   3.3800000e+00	   3.4700000e+00	   2.1550000e+00	   3.0000000e+00	   2.0000000e+00	   1.0000000e+00	   3.0000000e+00	   1.5080000e+03	
   1.0300000e+02	   3.1400000e+02	   1.1200000e+02	   7.0000000e+00	   1.0000000e+00	   3.4000000e+00	   3.3950000e+00	   2.5000000e+00	   3.0000000e+00	   1.0000000e+00	   2.0000000e+00	   2.0000000e+00	   1.4850000e+03	
   1.1400000e+02	   3.0300000e+02	   2.0400000e+02	   9.0000000e+00	   1.0000000e+00	   3.4700000e+00	   3.4550000e+00	   2.5000000e+00	   3.0000000e+00	   1.0000000e+00	   2.0000000e+00	   1.0000000e+00	   1.5370000e+03	
   2.0800000e+02	   3.1100000e+02	   1.0700000e+02	   4.0000000e+00	   5.0000000e+00	   3.1750000e+00	   3.9750000e+00	   2.8150000e+00	   3.0000000e+00	   1.0000000e+00	   2.0000000e+00	   2.0000000e+00	   2.4690000e+03	
   1.0300000e+02	   3.1200000e+02	   1.0800000e+02	   5.0000000e+00	   3.0000000e+00	   3.4000000e+00	   3.2350000e+00	   1.8750000e+00	   3.0000000e+00	   2.0000000e+00	   1.0000000e+00	   3.0000000e+00	   1.8170000e+03	
   2.0700000e+02	   3.1400000e+02	   1.0400000e+02	   3.0000000e+00	   3.0000000e+00	   3.2050000e+00	   3.3950000e+00	   2.5400000e+00	   3.0000000e+00	   2.0000000e+00	   1.0000000e+00	   2.0000000e+00	   2.5920000e+03	
   2.0600000e+02	   3.0300000e+02	   2.0400000e+02	   9.0000000e+00	   3.0000000e+00	   3.2650000e+00	   3.4550000e+00	   2.5000000e+00	   3.0000000e+00	   1.0000000e+00	   2.0000000e+00	   1.0000000e+00	   1.6700000e+03	
   2.0700000e+02	   2.1100000e+02	   2.0400000e+02	   9.0000000e+00	   1.0000000e+00	   3.2050000e+00	   3.2650000e+00	   2.5000000e+00	   2.0000000e+00	   3.0000000e+00	   1.0000000e+00	   3.0000000e+00	   1.8190000e+03	
   2.0800000e+02	   2.1000000e+02	   1.0800000e+02	   5.0000000e+00	   2.0000000e+00	   3.1750000e+00	   3.0650000e+00	   1.8750000e+00	   1.0000000e+00	   2.0000000e+00	   3.0000000e+00	   1.0000000e+00	   4.5110000e+03	
   1.1300000e+02	   3.1100000e+02	   3.0800000e+02	   1.4000000e+01	   5.0000000e+00	   3.4050000e+00	   3.9750000e+00	   2.8450000e+00	   2.0000000e+00	   1.0000000e+00	   3.0000000e+00	   1.0000000e+00	   1.3840000e+03	
   1.1300000e+02	   3.0300000e+02	   2.0900000e+02	   1.0000000e+01	   1.0000000e+00	   3.4050000e+00	   3.4550000e+00	   2.2050000e+00	   2.0000000e+00	   1.0000000e+00	   3.0000000e+00	   1.0000000e+00	   1.9780000e+03	
   1.0500000e+02	   2.0700000e+02	   1.1500000e+02	   8.0000000e+00	   3.0000000e+00	   3.3800000e+00	   3.2050000e+00	   2.7250000e+00	   1.0000000e+00	   3.0000000e+00	   2.0000000e+00	   2.0000000e+00	   5.2640000e+03	
   2.1100000e+02	   3.0900000e+02	   1.1200000e+02	   7.0000000e+00	   5.0000000e+00	   3.2650000e+00	   3.8700000e+00	   2.5000000e+00	   3.0000000e+00	   1.0000000e+00	   2.0000000e+00	   3.0000000e+00	   1.0610000e+03	
   1.1300000e+02	   3.0900000e+02	   1.0800000e+02	   5.0000000e+00	   4.0000000e+00	   3.4050000e+00	   3.8700000e+00	   1.8750000e+00	   2.0000000e+00	   3.0000000e+00	   1.0000000e+00	   3.0000000e+00	   2.2010000e+03	
   2.0700000e+02	   2.1000000e+02	   1.0100000e+02	   1.0000000e+00	   2.0000000e+00	   3.2050000e+00	   3.0650000e+00	   1.5450000e+00	   1.0000000e+00	   3.0000000e+00	   2.0000000e+00	   1.0000000e+00	   2.1570000e+03	
   1.0500000e+02	   2.0800000e+02	   1.0200000e+02	   2.0000000e+00	   3.0000000e+00	   3.3800000e+00	   3.1750000e+00	   2.1200000e+00	   3.0000000e+00	   1.0000000e+00	   2.0000000e+00	   1.0000000e+00	   9.4700000e+02	
   1.0500000e+02	   3.0400000e+02	   1.0900000e+02	   6.0000000e+00	   2.0000000e+00	   3.3800000e+00	   3.5200000e+00	   1.7150000e+00	   3.0000000e+00	   1.0000000e+00	   2.0000000e+00	   1.0000000e+00	   2.7130000e+03	
   1.0300000e+02	   3.0900000e+02	   2.0900000e+02	   1.0000000e+01	   5.0000000e+00	   3.4000000e+00	   3.8700000e+00	   2.2050000e+00	   1.0000000e+00	   2.0000000e+00	   3.0000000e+00	   1.0000000e+00	   1.9760000e+03	
   2.1000000e+02	   3.1100000e+02	   1.0800000e+02	   5.0000000e+00	   5.0000000e+00	   3.0650000e+00	   3.9750000e+00	   1.8750000e+00	   1.0000000e+00	   3.0000000e+00	   2.0000000e+00	   3.0000000e+00	   1.2940000e+03	
   1.0500000e+02	   3.1200000e+02	   1.0700000e+02	   4.0000000e+00	   2.0000000e+00	   3.3800000e+00	   3.2350000e+00	   2.8150000e+00	   1.0000000e+00	   2.0000000e+00	   3.0000000e+00	   3.0000000e+00	   2.0080000e+03	
   3.1100000e+02	   3.1400000e+02	   1.1200000e+02	   7.0000000e+00	   5.0000000e+00	   3.9750000e+00	   3.3950000e+00	   2.5000000e+00	   2.0000000e+00	   1.0000000e+00	   3.0000000e+00	   1.0000000e+00	   1.8730000e+03	
   1.1400000e+02	   3.1100000e+02	   2.1300000e+02	   1.1000000e+01	   5.0000000e+00	   3.4700000e+00	   3.9750000e+00	   2.5000000e+00	   3.0000000e+00	   1.0000000e+00	   2.0000000e+00	   1.0000000e+00	   1.1630000e+03	
   3.0300000e+02	   3.1400000e+02	   2.1300000e+02	   1.1000000e+01	   1.0000000e+00	   3.4550000e+00	   3.3950000e+00	   2.5000000e+00	   2.0000000e+00	   1.0000000e+00	   3.0000000e+00	   1.0000000e+00	   8.3700000e+02	
   3.0300000e+02	   3.1200000e+02	   1.1500000e+02	   8.0000000e+00	   3.0000000e+00	   3.4550000e+00	   3.2350000e+00	   2.7250000e+00	   3.0000000e+00	   2.0000000e+00	   1.0000000e+00	   3.0000000e+00	   1.6980000e+03	
   1.0500000e+02	   2.1000000e+02	   2.1400000e+02	   1.2000000e+01	   4.0000000e+00	   3.3800000e+00	   3.0650000e+00	   2.1550000e+00	   3.0000000e+00	   1.0000000e+00	   2.0000000e+00	   1.0000000e+00	   1.1480000e+03	
   1.1400000e+02	   2.0600000e+02	   1.1200000e+02	   7.0000000e+00	   3.0000000e+00	   3.4700000e+00	   3.2650000e+00	   2.5000000e+00	   1.0000000e+00	   3.0000000e+00	   2.0000000e+00	   3.0000000e+00	   1.8890000e+03	
   1.1300000e+02	   2.0600000e+02	   3.1300000e+02	   1.5000000e+01	   2.0000000e+00	   3.4050000e+00	   3.2650000e+00	   5.3500000e-01	   2.0000000e+00	   1.0000000e+00	   3.0000000e+00	   1.0000000e+00	   1.2740000e+03	
   2.1000000e+02	   3.1200000e+02	   3.0700000e+02	   1.3000000e+01	   3.0000000e+00	   3.0650000e+00	   3.2350000e+00	   1.2400000e+00	   2.0000000e+00	   1.0000000e+00	   3.0000000e+00	   2.0000000e+00	   5.6320000e+03	
   1.1400000e+02	   2.0600000e+02	   1.0100000e+02	   1.0000000e+00	   3.0000000e+00	   3.4700000e+00	   3.2650000e+00	   1.5450000e+00	   2.0000000e+00	   1.0000000e+00	   3.0000000e+00	   2.0000000e+00	   3.9240000e+03	
   2.0600000e+02	   3.0300000e+02	   1.0900000e+02	   6.0000000e+00	   3.0000000e+00	   3.2650000e+00	   3.4550000e+00	   1.7150000e+00	   1.0000000e+00	   2.0000000e+00	   3.0000000e+00	   2.0000000e+00	   2.4840000e+03	
   2.1000000e+02	   3.1400000e+02	   1.0200000e+02	   2.0000000e+00	   4.0000000e+00	   3.0650000e+00	   3.3950000e+00	   2.1200000e+00	   1.0000000e+00	   2.0000000e+00	   3.0000000e+00	   3.0000000e+00	   1.4490000e+03	
   2.1000000e+02	   3.1200000e+02	   1.0700000e+02	   4.0000000e+00	   3.0000000e+00	   3.0650000e+00	   3.2350000e+00	   2.8150000e+00	   3.0000000e+00	   2.0000000e+00	   1.0000000e+00	   1.0000000e+00	   1.5700000e+03	
   2.0800000e+02	   3.0900000e+02	   2.0400000e+02	   9.0000000e+00	   5.0000000e+00	   3.1750000e+00	   3.8700000e+00	   2.5000000e+00	   2.0000000e+00	   1.0000000e+00	   3.0000000e+00	   2.0000000e+00	   1.9910000e+03	
   2.1100000e+02	   3.1200000e+02	   2.0900000e+02	   1.0000000e+01	   1.0000000e+00	   3.2650000e+00	   3.2350000e+00	   2.2050000e+00	   2.0000000e+00	   1.0000000e+00	   3.0000000e+00	   2.0000000e+00	   1.0000000e+03	
   2.0600000e+02	   3.0400000e+02	   2.1400000e+02	   1.2000000e+01	   4.0000000e+00	   3.2650000e+00	   3.5200000e+00	   2.1550000e+00	   1.0000000e+00	   2.0000000e+00	   3.0000000e+00	   2.0000000e+00	   1.5020000e+03	
   1.0500000e+02	   2.1000000e+02	   1.1200000e+02	   7.0000000e+00	   4.0000000e+00	   3.3800000e+00	   3.0650000e+00	   2.5000000e+00	   1.0000000e+00	   2.0000000e+00	   3.0000000e+00	   1.0000000e+00	   1.5030000e+03	
   2.0800000e+02	   3.1200000e+02	   1.0400000e+02	   3.0000000e+00	   1.0000000e+00	   3.1750000e+00	   3.2350000e+00	   2.5400000e+00	   3.0000000e+00	   2.0000000e+00	   1.0000000e+00	   2.0000000e+00	   8.1300000e+02	
   1.1400000e+02	   2.0800000e+02	   2.0400000e+02	   9.0000000e+00	   4.0000000e+00	   3.4700000e+00	   3.1750000e+00	   2.5000000e+00	   1.0000000e+00	   3.0000000e+00	   2.0000000e+00	   1.0000000e+00	   1.1800000e+03	
   2.0600000e+02	   2.0800000e+02	   1.0900000e+02	   6.0000000e+00	   2.0000000e+00	   3.2650000e+00	   3.1750000e+00	   1.7150000e+00	   2.0000000e+00	   3.0000000e+00	   1.0000000e+00	   2.0000000e+00	   1.5980000e+03	
   2.1000000e+02	   3.0400000e+02	   2.1300000e+02	   1.1000000e+01	   4.0000000e+00	   3.0650000e+00	   3.5200000e+00	   2.5000000e+00	   3.0000000e+00	   1.0000000e+00	   2.0000000e+00	   1.0000000e+00	   1.0480000e+03	
   2.0800000e+02	   3.1400000e+02	   1.0800000e+02	   5.0000000e+00	   3.0000000e+00	   3.1750000e+00	   3.3950000e+00	   1.8750000e+00	   2.0000000e+00	   3.0000000e+00	   1.0000000e+00	   2.0000000e+00	   9.9400000e+02	
   1.0300000e+02	   2.1000000e+02	   2.0400000e+02	   9.0000000e+00	   4.0000000e+00	   3.4000000e+00	   3.0650000e+00	   2.5000000e+00	   3.0000000e+00	   2.0000000e+00	   1.0000000e+00	   2.0000000e+00	   8.3800000e+02	
   2.0800000e+02	   3.1400000e+02	   1.1200000e+02	   7.0000000e+00	   3.0000000e+00	   3.1750000e+00	   3.3950000e+00	   2.5000000e+00	   2.0000000e+00	   3.0000000e+00	   1.0000000e+00	   2.0000000e+00	   7.7700000e+02	
   1.0500000e+02	   2.0700000e+02	   2.0900000e+02	   1.0000000e+01	   3.0000000e+00	   3.3800000e+00	   3.2050000e+00	   2.2050000e+00	   3.0000000e+00	   1.0000000e+00	   2.0000000e+00	   2.0000000e+00	   1.0620000e+03	
   2.1000000e+02	   3.1400000e+02	   1.0400000e+02	   3.0000000e+00	   4.0000000e+00	   3.0650000e+00	   3.3950000e+00	   2.5400000e+00	   2.0000000e+00	   1.0000000e+00	   3.0000000e+00	   1.0000000e+00	   1.9020000e+03	
   1.0300000e+02	   3.0300000e+02	   1.1500000e+02	   8.0000000e+00	   1.0000000e+00	   3.4000000e+00	   3.4550000e+00	   2.7250000e+00	   1.0000000e+00	   2.0000000e+00	   3.0000000e+00	   2.0000000e+00	   1.0910000e+03	
   3.0300000e+02	   3.1200000e+02	   2.0400000e+02	   9.0000000e+00	   3.0000000e+00	   3.4550000e+00	   3.2350000e+00	   2.5000000e+00	   2.0000000e+00	   3.0000000e+00	   1.0000000e+00	   2.0000000e+00	   9.7600000e+02	
   2.0600000e+02	   2.0800000e+02	   1.0700000e+02	   4.0000000e+00	   2.0000000e+00	   3.2650000e+00	   3.1750000e+00	   2.8150000e+00	   3.0000000e+00	   2.0000000e+00	   1.0000000e+00	   2.0000000e+00	   8.5200000e+02	
   2.0800000e+02	   3.0300000e+02	   1.0900000e+02	   6.0000000e+00	   4.0000000e+00	   3.1750000e+00	   3.4550000e+00	   1.7150000e+00	   1.0000000e+00	   2.0000000e+00	   3.0000000e+00	   2.0000000e+00	   1.1130000e+03	
   2.1000000e+02	   3.1200000e+02	   1.0400000e+02	   3.0000000e+00	   3.0000000e+00	   3.0650000e+00	   3.2350000e+00	   2.5400000e+00	   1.0000000e+00	   3.0000000e+00	   2.0000000e+00	   1.0000000e+00	   1.0520000e+03	
   1.0300000e+02	   3.1400000e+02	   3.0700000e+02	   1.3000000e+01	   1.0000000e+00	   3.4000000e+00	   3.3950000e+00	   1.2400000e+00	   2.0000000e+00	   1.0000000e+00	   3.0000000e+00	   2.0000000e+00	   8.2200000e+02	
   3.0400000e+02	   3.1400000e+02	   2.0900000e+02	   1.0000000e+01	   2.0000000e+00	   3.5200000e+00	   3.3950000e+00	   2.2050000e+00	   2.0000000e+00	   3.0000000e+00	   1.0000000e+00	   2.0000000e+00	   1.3090000e+03	
   2.1100000e+02	   3.1200000e+02	   1.0100000e+02	   1.0000000e+00	   1.0000000e+00	   3.2650000e+00	   3.2350000e+00	   1.5450000e+00	   1.0000000e+00	   3.0000000e+00	   2.0000000e+00	   1.0000000e+00	   9.0700000e+02	
   1.1300000e+02	   2.0600000e+02	   2.1400000e+02	   1.2000000e+01	   2.0000000e+00	   3.4050000e+00	   3.2650000e+00	   2.1550000e+00	   2.0000000e+00	   3.0000000e+00	   1.0000000e+00	   3.0000000e+00	   1.3220000e+03	
   1.0300000e+02	   3.0300000e+02	   3.1300000e+02	   1.5000000e+01	   1.0000000e+00	   3.4000000e+00	   3.4550000e+00	   5.3500000e-01	   3.0000000e+00	   2.0000000e+00	   1.0000000e+00	   2.0000000e+00	   8.2200000e+02	
   2.0700000e+02	   3.1200000e+02	   2.1300000e+02	   1.1000000e+01	   1.0000000e+00	   3.2050000e+00	   3.2350000e+00	   2.5000000e+00	   2.0000000e+00	   1.0000000e+00	   3.0000000e+00	   2.0000000e+00	   1.1280000e+03	
   2.0800000e+02	   2.1000000e+02	   3.0700000e+02	   1.3000000e+01	   2.0000000e+00	   3.1750000e+00	   3.0650000e+00	   1.2400000e+00	   1.0000000e+00	   2.0000000e+00	   3.0000000e+00	   1.0000000e+00	   1.1400000e+03	
   3.0400000e+02	   3.1400000e+02	   1.0100000e+02	   1.0000000e+00	   2.0000000e+00	   3.5200000e+00	   3.3950000e+00	   1.5450000e+00	   2.0000000e+00	   3.0000000e+00	   1.0000000e+00	   2.0000000e+00	   1.9020000e+03	
   1.1400000e+02	   2.1000000e+02	   1.1500000e+02	   8.0000000e+00	   4.0000000e+00	   3.4700000e+00	   3.0650000e+00	   2.7250000e+00	   3.0000000e+00	   1.0000000e+00	   2.0000000e+00	   2.0000000e+00	   1.2950000e+03	
   1.0300000e+02	   1.1300000e+02	   2.1400000e+02	   1.2000000e+01	   1.0000000e+00	   3.4000000e+00	   3.4050000e+00	   2.1550000e+00	   2.0000000e+00	   1.0000000e+00	   3.0000000e+00	   2.0000000e+00	   8.2100000e+02	
   1.0500000e+02	   3.1100000e+02	   1.0200000e+02	   2.0000000e+00	   5.0000000e+00	   3.3800000e+00	   3.9750000e+00	   2.1200000e+00	   2.0000000e+00	   1.0000000e+00	   3.0000000e+00	   2.0000000e+00	   1.0530000e+03	
   1.1400000e+02	   3.1100000e+02	   1.0400000e+02	   3.0000000e+00	   5.0000000e+00	   3.4700000e+00	   3.9750000e+00	   2.5400000e+00	   3.0000000e+00	   2.0000000e+00	   1.0000000e+00	   2.0000000e+00	   1.1740000e+03	
