   1.0000000e+00	   1.1000000e+02	   1.0000000e+00	   1.8200000e+00	   5.3320000e+03	   1.8400000e+00	   5.4650000e+03	
   2.0000000e+00	   2.1300000e+02	   2.0000000e+00	   1.1700000e+00	   2.9360000e+03	   3.0100000e+00	   4.3310000e+03	
   3.0000000e+00	   1.0400000e+02	   1.0000000e+00	   1.3600000e+00	   2.2710000e+03	   1.4700000e+00	   1.3320000e+03	
   4.0000000e+00	   1.1300000e+02	   1.0000000e+00	   2.5000000e+00	   2.4720000e+03	   2.5000000e+00	   1.3330000e+03	
   5.0000000e+00	   1.0500000e+02	   1.0000000e+00	   3.3500000e+00	   2.5030000e+03	   1.1600000e+00	   1.8320000e+03	
   6.0000000e+00	   2.1200000e+02	   2.0000000e+00	   3.0500000e+00	   7.9370000e+03	   1.8400000e+00	   3.4660000e+03	
   7.0000000e+00	   1.0300000e+02	   1.0000000e+00	   3.6600000e+00	   2.3550000e+03	   3.4700000e+00	   1.9990000e+03	
   8.0000000e+00	   3.1300000e+02	   3.0000000e+00	   9.5000000e-01	   1.0054000e+04	   8.7000000e-01	   2.8820000e+03	
   9.0000000e+00	   2.0800000e+02	   2.0000000e+00	   3.5200000e+00	   2.3890000e+03	   3.5700000e+00	   1.9670000e+03	
   1.0000000e+01	   1.1100000e+02	   1.0000000e+00	   0.0000000e+00	   5.1210000e+03	   8.6000000e-01	   3.2650000e+03	
   1.1000000e+01	   1.1500000e+02	   1.0000000e+00	   3.8600000e+00	   2.1230000e+03	   3.8900000e+00	   1.0680000e+03	
   1.2000000e+01	   3.0500000e+02	   3.0000000e+00	   1.0300000e+00	   2.5380000e+03	   7.9000000e-01	   1.5660000e+03	
   1.3000000e+01	   1.0800000e+02	   1.0000000e+00	   3.7800000e+00	   4.7220000e+03	   1.0700000e+00	   1.4650000e+03	
   1.4000000e+01	   1.0600000e+02	   1.0000000e+00	   2.0400000e+00	   6.9880000e+03	   0.0000000e+00	   2.1320000e+03	
   1.5000000e+01	   1.1600000e+02	   1.0000000e+00	   2.5000000e+00	   2.8890000e+03	   2.7000000e-01	   1.8000000e+03	
   1.6000000e+01	   3.0100000e+02	   3.0000000e+00	   4.7000000e-01	   6.2880000e+03	   0.0000000e+00	   2.8320000e+03	
   1.7000000e+01	   3.0200000e+02	   3.0000000e+00	   2.9000000e-01	   4.0560000e+03	   6.0000000e-02	   2.0990000e+03	
   1.8000000e+01	   2.0600000e+02	   2.0000000e+00	   4.7100000e+00	   3.2210000e+03	   4.8500000e+00	   1.5000000e+03	
   1.9000000e+01	   3.1000000e+02	   3.0000000e+00	   4.1200000e+00	   4.9890000e+03	   4.3900000e+00	   1.5000000e+03	
   2.0000000e+01	   2.1000000e+02	   2.0000000e+00	   4.6600000e+00	   1.4380000e+03	   4.7300000e+00	   1.4330000e+03	
   2.1000000e+01	   2.0400000e+02	   2.0000000e+00	   3.3600000e+00	   2.3550000e+03	   1.2200000e+00	   9.3400000e+02	
   2.2000000e+01	   2.1400000e+02	   2.0000000e+00	   0.0000000e+00	   1.8380000e+03	   0.0000000e+00	   1.2000000e+03	
   2.3000000e+01	   1.0900000e+02	   1.0000000e+00	   3.9000000e-01	   2.3710000e+03	   3.7000000e-01	   1.2000000e+03	
   2.4000000e+01	   1.1400000e+02	   1.0000000e+00	   3.4200000e+00	   2.0040000e+03	   3.3600000e+00	   1.0990000e+03	
   2.5000000e+01	   1.1200000e+02	   1.0000000e+00	   4.3800000e+00	   1.7240000e+03	   3.2200000e+00	   1.2330000e+03	
   2.6000000e+01	   2.0200000e+02	   2.0000000e+00	   3.3000000e+00	   1.9550000e+03	   3.8100000e+00	   1.2660000e+03	
   2.7000000e+01	   2.0700000e+02	   2.0000000e+00	   5.0000000e+00	   2.4230000e+03	   2.5000000e+00	   1.3660000e+03	
   2.8000000e+01	   1.0100000e+02	   1.0000000e+00	   0.0000000e+00	   2.5880000e+03	   0.0000000e+00	   1.2000000e+03	
   2.9000000e+01	   2.0300000e+02	   2.0000000e+00	   3.2300000e+00	   4.6880000e+03	   2.9900000e+00	   2.2660000e+03	
   3.0000000e+01	   2.0100000e+02	   2.0000000e+00	   5.0000000e+00	   3.2880000e+03	   3.8000000e-01	   1.1320000e+03	
   3.1000000e+01	   2.0900000e+02	   2.0000000e+00	   5.0000000e+00	   1.7900000e+03	   4.4000000e-01	   1.0660000e+03	
   3.2000000e+01	   3.1200000e+02	   3.0000000e+00	   0.0000000e+00	   4.8220000e+03	   7.4000000e-01	   2.3660000e+03	
   3.3000000e+01	   3.0900000e+02	   3.0000000e+00	   5.0000000e+00	   2.5220000e+03	   3.0400000e+00	   1.2650000e+03	
   3.4000000e+01	   3.0600000e+02	   3.0000000e+00	   9.6000000e-01	   2.0560000e+03	   1.0300000e+00	   1.3990000e+03	
   3.5000000e+01	   1.0700000e+02	   1.0000000e+00	   3.6300000e+00	   1.7550000e+03	   3.7900000e+00	   1.4990000e+03	
   3.6000000e+01	   2.1100000e+02	   2.0000000e+00	   4.2600000e+00	   1.3220000e+03	   4.5700000e+00	   1.3320000e+03	
   3.7000000e+01	   3.0300000e+02	   3.0000000e+00	   4.3200000e+00	   1.3560000e+03	   4.1500000e+00	   1.2000000e+03	
   3.8000000e+01	   3.0800000e+02	   3.0000000e+00	   8.4000000e-01	   2.4220000e+03	   7.4000000e-01	   1.6990000e+03	
   3.9000000e+01	   2.0500000e+02	   2.0000000e+00	   4.5700000e+00	   2.9210000e+03	   1.7700000e+00	   1.0660000e+03	
   4.0000000e+01	   1.0200000e+02	   1.0000000e+00	   1.8400000e+00	   3.3210000e+03	   5.5000000e-01	   1.9320000e+03	
   4.1000000e+01	   3.0700000e+02	   3.0000000e+00	   1.4900000e+00	   7.0890000e+03	   1.8300000e+00	   1.5330000e+03	
   4.2000000e+01	   3.0400000e+02	   3.0000000e+00	   4.1400000e+00	   2.4220000e+03	   4.3200000e+00	   1.6320000e+03	
   4.3000000e+01	   3.1100000e+02	   3.0000000e+00	   3.1000000e+00	   2.7230000e+03	   4.0500000e+00	   3.6990000e+03	
   4.4000000e+01	   3.1400000e+02	   3.0000000e+00	   2.5000000e+00	   2.1220000e+03	   4.3700000e+00	   2.6320000e+03	
   4.5000000e+01	   2.1500000e+02	   2.0000000e+00	   3.3300000e+00	   5.5550000e+03	   2.5000000e+00	   1.5990000e+03	
