   1.0000000e+00	   1.0000000e+00	   2.1100000e+02	   5.0000000e+00	   4.9630000e+03	
   1.0000000e+00	   2.0000000e+00	   3.0900000e+02	   3.0100000e+00	   2.9590000e+03	
   1.0000000e+00	   3.0000000e+00	   3.0500000e+02	   9.7000000e-01	   2.6600000e+03	
   1.0000000e+00	   4.0000000e+00	   1.1200000e+02	   4.5100000e+00	   2.0610000e+03	
   1.0000000e+00	   5.0000000e+00	   3.1300000e+02	   2.4900000e+00	   2.7290000e+03	
   1.0000000e+00	   6.0000000e+00	   1.0300000e+02	   4.6000000e+00	   4.2270000e+03	
   1.0000000e+00	   7.0000000e+00	   1.1000000e+02	   2.9700000e+00	   3.2600000e+03	
   1.0000000e+00	   8.0000000e+00	   1.0700000e+02	   3.5600000e+00	   2.3780000e+03	
   1.0000000e+00	   9.0000000e+00	   1.1400000e+02	   3.5600000e+00	   1.9950000e+03	
   1.0000000e+00	   1.0000000e+01	   1.0400000e+02	   2.5700000e+00	   4.7940000e+03	
   1.0000000e+00	   1.1000000e+01	   3.0800000e+02	   3.5200000e+00	   2.2600000e+03	
   1.0000000e+00	   1.2000000e+01	   1.0200000e+02	   4.5500000e+00	   4.8610000e+03	
   1.0000000e+00	   1.3000000e+01	   2.1400000e+02	   1.4400000e+00	   2.8600000e+03	
   1.0000000e+00	   1.4000000e+01	   1.0100000e+02	   3.6200000e+00	   1.7610000e+03	
   1.0000000e+00	   1.5000000e+01	   1.0500000e+02	   3.0700000e+00	   4.2930000e+03	
   1.0000000e+00	   1.6000000e+01	   2.0500000e+02	   5.0000000e+00	   3.7940000e+03	
   1.0000000e+00	   1.7000000e+01	   1.0600000e+02	   2.4700000e+00	   2.0280000e+03	
   1.0000000e+00	   1.8000000e+01	   2.0100000e+02	   1.5400000e+00	   7.3590000e+03	
   1.0000000e+00	   1.9000000e+01	   2.1000000e+02	   3.5700000e+00	   1.8280000e+03	
   1.0000000e+00	   2.0000000e+01	   3.0700000e+02	   3.5400000e+00	   2.6280000e+03	
   1.0000000e+00	   2.1000000e+01	   3.1400000e+02	   3.5600000e+00	   3.4270000e+03	
   1.0000000e+00	   2.2000000e+01	   1.0800000e+02	   1.0500000e+00	   2.8600000e+03	
   1.0000000e+00	   2.3000000e+01	   2.0400000e+02	   1.4400000e+00	   3.3290000e+03	
   1.0000000e+00	   2.4000000e+01	   2.0600000e+02	   3.6100000e+00	   3.5270000e+03	
   1.0000000e+00	   2.5000000e+01	   3.0200000e+02	   3.0400000e+00	   2.2620000e+03	
   1.0000000e+00	   2.6000000e+01	   1.1300000e+02	   4.5600000e+00	   1.6280000e+03	
   1.0000000e+00	   2.7000000e+01	   3.1100000e+02	   2.9800000e+00	   3.9610000e+03	
   1.0000000e+00	   2.8000000e+01	   3.1000000e+02	   2.9900000e+00	   4.3270000e+03	
   1.0000000e+00	   2.9000000e+01	   2.1500000e+02	   0.0000000e+00	   2.8600000e+03	
   1.0000000e+00	   3.0000000e+01	   1.1600000e+02	   4.4400000e+00	   1.7610000e+03	
   1.0000000e+00	   3.1000000e+01	   3.0300000e+02	   3.5400000e+00	   6.4930000e+03	
   1.0000000e+00	   3.2000000e+01	   1.1500000e+02	   3.6700000e+00	   1.8600000e+03	
   1.0000000e+00	   3.3000000e+01	   2.1300000e+02	   3.0300000e+00	   3.0270000e+03	
   1.0000000e+00	   3.4000000e+01	   2.0700000e+02	   4.7400000e+00	   4.3610000e+03	
   1.0000000e+00	   3.5000000e+01	   3.0100000e+02	   1.9900000e+00	   1.6930000e+03	
   1.0000000e+00	   3.6000000e+01	   3.0400000e+02	   3.0500000e+00	   1.8950000e+03	
   1.0000000e+00	   3.7000000e+01	   3.1200000e+02	   4.6100000e+00	   2.2270000e+03	
   1.0000000e+00	   3.8000000e+01	   2.0200000e+02	   5.0000000e+00	   2.1610000e+03	
   1.0000000e+00	   3.9000000e+01	   1.0900000e+02	   5.0000000e+00	   1.8270000e+03	
   1.0000000e+00	   4.0000000e+01	   2.1200000e+02	   2.5800000e+00	   1.9940000e+03	
   1.0000000e+00	   4.1000000e+01	   1.1100000e+02	   5.0000000e+00	   1.6930000e+03	
   1.0000000e+00	   4.2000000e+01	   2.0800000e+02	   3.6100000e+00	   2.3270000e+03	
   1.0000000e+00	   4.3000000e+01	   2.0300000e+02	   5.0000000e+00	   5.3270000e+03	
   1.0000000e+00	   4.4000000e+01	   2.0900000e+02	   3.0400000e+00	   4.1270000e+03	
   1.0000000e+00	   4.5000000e+01	   3.0600000e+02	   2.5200000e+00	   2.1260000e+03	
   2.0000000e+00	   1.0000000e+00	   3.0900000e+02	   2.5400000e+00	   5.9240000e+03	
   2.0000000e+00	   2.0000000e+00	   3.1200000e+02	   4.5600000e+00	   2.1270000e+03	
   2.0000000e+00	   3.0000000e+00	   2.0100000e+02	   1.4200000e+00	   2.4950000e+03	
   2.0000000e+00	   4.0000000e+00	   3.1300000e+02	   2.5000000e+00	   1.1280000e+03	
   2.0000000e+00	   5.0000000e+00	   2.0900000e+02	   3.0500000e+00	   2.7610000e+03	
   2.0000000e+00	   6.0000000e+00	   1.1200000e+02	   4.6300000e+00	   1.9280000e+03	
   2.0000000e+00	   7.0000000e+00	   1.1000000e+02	   3.0100000e+00	   2.0950000e+03	
   2.0000000e+00	   8.0000000e+00	   2.0300000e+02	   4.9300000e+00	   1.3940000e+03	
   2.0000000e+00	   9.0000000e+00	   2.0700000e+02	   4.5500000e+00	   2.2610000e+03	
   2.0000000e+00	   1.0000000e+01	   3.0200000e+02	   3.0100000e+00	   2.7950000e+03	
   2.0000000e+00	   1.1000000e+01	   2.1400000e+02	   1.0700000e+00	   1.8610000e+03	
   2.0000000e+00	   1.2000000e+01	   3.0400000e+02	   2.9700000e+00	   8.8920000e+03	
   2.0000000e+00	   1.3000000e+01	   2.1100000e+02	   5.0000000e+00	   1.5960000e+03	
   2.0000000e+00	   1.4000000e+01	   1.1300000e+02	   4.9800000e+00	   1.5280000e+03	
   2.0000000e+00	   1.5000000e+01	   1.0800000e+02	   5.4000000e-01	   1.4280000e+03	
   2.0000000e+00	   1.6000000e+01	   1.0400000e+02	   2.6700000e+00	   2.0940000e+03	
   2.0000000e+00	   1.7000000e+01	   1.0100000e+02	   3.6200000e+00	   1.7610000e+03	
   2.0000000e+00	   1.8000000e+01	   3.0700000e+02	   3.5000000e+00	   2.9290000e+03	
   2.0000000e+00	   1.9000000e+01	   2.0800000e+02	   3.5600000e+00	   2.3940000e+03	
   2.0000000e+00	   2.0000000e+01	   3.1000000e+02	   2.6400000e+00	   1.7280000e+03	
   2.0000000e+00	   2.1000000e+01	   1.0700000e+02	   3.5800000e+00	   1.5950000e+03	
   2.0000000e+00	   2.2000000e+01	   1.1400000e+02	   3.5300000e+00	   2.4940000e+03	
   2.0000000e+00	   2.3000000e+01	   3.0500000e+02	   8.6000000e-01	   1.6620000e+03	
   2.0000000e+00	   2.4000000e+01	   1.0200000e+02	   4.6100000e+00	   3.0270000e+03	
   2.0000000e+00	   2.5000000e+01	   2.0600000e+02	   3.5300000e+00	   1.5280000e+03	
   2.0000000e+00	   2.6000000e+01	   2.1500000e+02	   0.0000000e+00	   1.3950000e+03	
   2.0000000e+00	   2.7000000e+01	   3.1100000e+02	   2.3300000e+00	   1.5280000e+03	
   2.0000000e+00	   2.8000000e+01	   2.0400000e+02	   1.5000000e+00	   1.7620000e+03	
   2.0000000e+00	   2.9000000e+01	   2.0200000e+02	   5.0000000e+00	   1.2950000e+03	
   2.0000000e+00	   3.0000000e+01	   2.1000000e+02	   3.6200000e+00	   2.5940000e+03	
   2.0000000e+00	   3.1000000e+01	   1.1500000e+02	   3.4400000e+00	   3.0270000e+03	
   2.0000000e+00	   3.2000000e+01	   1.0900000e+02	   4.9700000e+00	   1.3280000e+03	
   2.0000000e+00	   3.3000000e+01	   1.0300000e+02	   4.4400000e+00	   2.2960000e+03	
   2.0000000e+00	   3.4000000e+01	   2.1300000e+02	   3.6700000e+00	   1.7940000e+03	
   2.0000000e+00	   3.5000000e+01	   1.1600000e+02	   4.6100000e+00	   1.8610000e+03	
   2.0000000e+00	   3.6000000e+01	   1.0600000e+02	   2.4400000e+00	   2.2280000e+03	
   2.0000000e+00	   3.7000000e+01	   3.0300000e+02	   3.5300000e+00	   1.6280000e+03	
   2.0000000e+00	   3.8000000e+01	   2.1200000e+02	   2.5200000e+00	   3.1280000e+03	
   2.0000000e+00	   3.9000000e+01	   3.1400000e+02	   3.6200000e+00	   5.6270000e+03	
   2.0000000e+00	   4.0000000e+01	   3.0800000e+02	   4.5300000e+00	   1.6610000e+03	
   2.0000000e+00	   4.1000000e+01	   2.0500000e+02	   4.5800000e+00	   2.4940000e+03	
   2.0000000e+00	   4.2000000e+01	   3.0600000e+02	   2.3600000e+00	   1.7290000e+03	
   2.0000000e+00	   4.3000000e+01	   1.1100000e+02	   5.0000000e+00	   1.2950000e+03	
   2.0000000e+00	   4.4000000e+01	   3.0100000e+02	   1.9900000e+00	   2.2610000e+03	
   2.0000000e+00	   4.5000000e+01	   1.0500000e+02	   2.5000000e+00	   1.2290000e+03	
