   2.0300000e+02	   3.1200000e+02	   1.0500000e+02	   1.0000000e+00	   3.0000000e+00	   4.9650000e+00	   4.5850000e+00	   2.7850000e+00	   2.0000000e+00	   1.0000000e+00	   3.0000000e+00	   2.0000000e+00	   1.2120000e+03	
   1.0100000e+02	   1.1200000e+02	   1.1500000e+02	   5.0000000e+00	   5.0000000e+00	   3.6200000e+00	   4.5700000e+00	   3.5550000e+00	   2.0000000e+00	   3.0000000e+00	   1.0000000e+00	   3.0000000e+00	   1.1990000e+03	
   1.1600000e+02	   2.0500000e+02	   1.0700000e+02	   3.0000000e+00	   3.0000000e+00	   4.5250000e+00	   4.7900000e+00	   3.5700000e+00	   3.0000000e+00	   1.0000000e+00	   2.0000000e+00	   1.0000000e+00	   9.8000000e+02	
   1.1300000e+02	   2.0500000e+02	   1.0600000e+02	   2.0000000e+00	   1.0000000e+00	   4.7700000e+00	   4.7900000e+00	   2.4550000e+00	   3.0000000e+00	   2.0000000e+00	   1.0000000e+00	   2.0000000e+00	   7.8200000e+02	
   1.0200000e+02	   1.0300000e+02	   1.0500000e+02	   1.0000000e+00	   1.0000000e+00	   4.5800000e+00	   4.5200000e+00	   2.7850000e+00	   3.0000000e+00	   2.0000000e+00	   1.0000000e+00	   3.0000000e+00	   1.1630000e+03	
   1.1600000e+02	   2.0200000e+02	   2.1300000e+02	   8.0000000e+00	   4.0000000e+00	   4.5250000e+00	   5.0000000e+00	   3.3500000e+00	   1.0000000e+00	   3.0000000e+00	   2.0000000e+00	   3.0000000e+00	   1.2080000e+03	
   1.0100000e+02	   2.0700000e+02	   2.0400000e+02	   6.0000000e+00	   5.0000000e+00	   3.6200000e+00	   4.6450000e+00	   1.4700000e+00	   1.0000000e+00	   2.0000000e+00	   3.0000000e+00	   2.0000000e+00	   1.3100000e+03	
   2.0300000e+02	   2.0500000e+02	   1.0500000e+02	   1.0000000e+00	   2.0000000e+00	   4.9650000e+00	   4.7900000e+00	   2.7850000e+00	   3.0000000e+00	   2.0000000e+00	   1.0000000e+00	   2.0000000e+00	   9.9400000e+02	
   1.1600000e+02	   2.0300000e+02	   1.0600000e+02	   2.0000000e+00	   4.0000000e+00	   4.5250000e+00	   4.9650000e+00	   2.4550000e+00	   3.0000000e+00	   2.0000000e+00	   1.0000000e+00	   2.0000000e+00	   1.0730000e+03	
   1.1200000e+02	   1.1300000e+02	   1.1500000e+02	   5.0000000e+00	   2.0000000e+00	   4.5700000e+00	   4.7700000e+00	   3.5550000e+00	   1.0000000e+00	   3.0000000e+00	   2.0000000e+00	   1.0000000e+00	   1.0050000e+03	
   2.0300000e+02	   3.0800000e+02	   2.0400000e+02	   6.0000000e+00	   5.0000000e+00	   4.9650000e+00	   4.0250000e+00	   1.4700000e+00	   2.0000000e+00	   1.0000000e+00	   3.0000000e+00	   2.0000000e+00	   9.3900000e+02	
   2.0700000e+02	   2.1100000e+02	   1.0500000e+02	   1.0000000e+00	   3.0000000e+00	   4.6450000e+00	   5.0000000e+00	   2.7850000e+00	   2.0000000e+00	   1.0000000e+00	   3.0000000e+00	   1.0000000e+00	   1.2230000e+03	
   1.0900000e+02	   3.1200000e+02	   3.0500000e+02	   1.3000000e+01	   3.0000000e+00	   4.9850000e+00	   4.5850000e+00	   9.1500000e-01	   1.0000000e+00	   3.0000000e+00	   2.0000000e+00	   1.0000000e+00	   1.1810000e+03	
   1.1300000e+02	   2.0300000e+02	   1.0700000e+02	   3.0000000e+00	   2.0000000e+00	   4.7700000e+00	   4.9650000e+00	   3.5700000e+00	   1.0000000e+00	   2.0000000e+00	   3.0000000e+00	   2.0000000e+00	   1.3080000e+03	
   1.1600000e+02	   2.0300000e+02	   1.1000000e+02	   4.0000000e+00	   4.0000000e+00	   4.5250000e+00	   4.9650000e+00	   2.9900000e+00	   3.0000000e+00	   2.0000000e+00	   1.0000000e+00	   2.0000000e+00	   8.4000000e+02	
   1.0200000e+02	   2.0300000e+02	   1.0600000e+02	   2.0000000e+00	   3.0000000e+00	   4.5800000e+00	   4.9650000e+00	   2.4550000e+00	   3.0000000e+00	   1.0000000e+00	   2.0000000e+00	   1.0000000e+00	   1.1260000e+03	
   1.0100000e+02	   3.0800000e+02	   2.1200000e+02	   7.0000000e+00	   3.0000000e+00	   3.6200000e+00	   4.0250000e+00	   2.5500000e+00	   2.0000000e+00	   1.0000000e+00	   3.0000000e+00	   1.0000000e+00	   2.3380000e+03	
   1.1200000e+02	   2.1100000e+02	   1.1500000e+02	   5.0000000e+00	   4.0000000e+00	   4.5700000e+00	   5.0000000e+00	   3.5550000e+00	   1.0000000e+00	   3.0000000e+00	   2.0000000e+00	   3.0000000e+00	   1.5250000e+03	
   1.1100000e+02	   2.0500000e+02	   3.0300000e+02	   1.2000000e+01	   2.0000000e+00	   5.0000000e+00	   4.7900000e+00	   3.5350000e+00	   1.0000000e+00	   3.0000000e+00	   2.0000000e+00	   3.0000000e+00	   1.6410000e+03	
   1.0200000e+02	   1.1600000e+02	   3.0100000e+02	   1.0000000e+01	   1.0000000e+00	   4.5800000e+00	   4.5250000e+00	   1.9900000e+00	   3.0000000e+00	   1.0000000e+00	   2.0000000e+00	   3.0000000e+00	   1.3040000e+03	
   1.1200000e+02	   2.0300000e+02	   1.1000000e+02	   4.0000000e+00	   3.0000000e+00	   4.5700000e+00	   4.9650000e+00	   2.9900000e+00	   3.0000000e+00	   1.0000000e+00	   2.0000000e+00	   1.0000000e+00	   8.7200000e+02	
   2.0200000e+02	   2.0700000e+02	   3.0100000e+02	   1.0000000e+01	   3.0000000e+00	   5.0000000e+00	   4.6450000e+00	   1.9900000e+00	   1.0000000e+00	   3.0000000e+00	   2.0000000e+00	   1.0000000e+00	   1.0730000e+03	
   1.0100000e+02	   3.0800000e+02	   3.0300000e+02	   1.2000000e+01	   3.0000000e+00	   3.6200000e+00	   4.0250000e+00	   3.5350000e+00	   1.0000000e+00	   2.0000000e+00	   3.0000000e+00	   2.0000000e+00	   1.4970000e+03	
   1.0100000e+02	   2.0300000e+02	   1.0500000e+02	   1.0000000e+00	   5.0000000e+00	   3.6200000e+00	   4.9650000e+00	   2.7850000e+00	   1.0000000e+00	   2.0000000e+00	   3.0000000e+00	   2.0000000e+00	   9.4100000e+02	
   1.0900000e+02	   1.1100000e+02	   3.1100000e+02	   1.4000000e+01	   1.0000000e+00	   4.9850000e+00	   5.0000000e+00	   2.6550000e+00	   3.0000000e+00	   1.0000000e+00	   2.0000000e+00	   3.0000000e+00	   1.0890000e+03	
   1.1300000e+02	   2.1100000e+02	   3.1400000e+02	   1.5000000e+01	   3.0000000e+00	   4.7700000e+00	   5.0000000e+00	   3.5900000e+00	   1.0000000e+00	   2.0000000e+00	   3.0000000e+00	   2.0000000e+00	   7.0600000e+02	
   1.0100000e+02	   2.0200000e+02	   2.1500000e+02	   9.0000000e+00	   5.0000000e+00	   3.6200000e+00	   5.0000000e+00	   0.0000000e+00	   3.0000000e+00	   2.0000000e+00	   1.0000000e+00	   2.0000000e+00	   6.3400000e+02	
   3.0800000e+02	   3.1200000e+02	   2.0400000e+02	   6.0000000e+00	   4.0000000e+00	   4.0250000e+00	   4.5850000e+00	   1.4700000e+00	   2.0000000e+00	   3.0000000e+00	   1.0000000e+00	   3.0000000e+00	   1.4460000e+03	
   1.1100000e+02	   1.1300000e+02	   3.0100000e+02	   1.0000000e+01	   2.0000000e+00	   5.0000000e+00	   4.7700000e+00	   1.9900000e+00	   1.0000000e+00	   3.0000000e+00	   2.0000000e+00	   1.0000000e+00	   1.9140000e+03	
   2.0200000e+02	   2.0500000e+02	   3.0500000e+02	   1.3000000e+01	   2.0000000e+00	   5.0000000e+00	   4.7900000e+00	   9.1500000e-01	   1.0000000e+00	   2.0000000e+00	   3.0000000e+00	   1.0000000e+00	   7.9400000e+02	
   2.0200000e+02	   3.1200000e+02	   1.1500000e+02	   5.0000000e+00	   3.0000000e+00	   5.0000000e+00	   4.5850000e+00	   3.5550000e+00	   1.0000000e+00	   2.0000000e+00	   3.0000000e+00	   1.0000000e+00	   1.1140000e+03	
   2.0300000e+02	   2.0700000e+02	   3.1400000e+02	   1.5000000e+01	   3.0000000e+00	   4.9650000e+00	   4.6450000e+00	   3.5900000e+00	   3.0000000e+00	   2.0000000e+00	   1.0000000e+00	   2.0000000e+00	   1.6290000e+03	
   2.0700000e+02	   3.1200000e+02	   3.0100000e+02	   1.0000000e+01	   1.0000000e+00	   4.6450000e+00	   4.5850000e+00	   1.9900000e+00	   2.0000000e+00	   3.0000000e+00	   1.0000000e+00	   2.0000000e+00	   7.3000000e+02	
   2.0300000e+02	   2.0500000e+02	   1.1000000e+02	   4.0000000e+00	   2.0000000e+00	   4.9650000e+00	   4.7900000e+00	   2.9900000e+00	   3.0000000e+00	   1.0000000e+00	   2.0000000e+00	   3.0000000e+00	   7.2800000e+02	
   1.1600000e+02	   2.1100000e+02	   1.0600000e+02	   2.0000000e+00	   4.0000000e+00	   4.5250000e+00	   5.0000000e+00	   2.4550000e+00	   3.0000000e+00	   1.0000000e+00	   2.0000000e+00	   1.0000000e+00	   9.6000000e+02	
   2.1100000e+02	   3.1200000e+02	   3.1100000e+02	   1.4000000e+01	   3.0000000e+00	   5.0000000e+00	   4.5850000e+00	   2.6550000e+00	   3.0000000e+00	   2.0000000e+00	   1.0000000e+00	   3.0000000e+00	   8.7000000e+02	
   1.0300000e+02	   1.1300000e+02	   1.0700000e+02	   3.0000000e+00	   3.0000000e+00	   4.5200000e+00	   4.7700000e+00	   3.5700000e+00	   3.0000000e+00	   2.0000000e+00	   1.0000000e+00	   2.0000000e+00	   1.5760000e+03	
   1.1200000e+02	   2.1100000e+02	   2.0400000e+02	   6.0000000e+00	   4.0000000e+00	   4.5700000e+00	   5.0000000e+00	   1.4700000e+00	   3.0000000e+00	   2.0000000e+00	   1.0000000e+00	   2.0000000e+00	   8.1800000e+02	
   1.1100000e+02	   2.0500000e+02	   3.0100000e+02	   1.0000000e+01	   2.0000000e+00	   5.0000000e+00	   4.7900000e+00	   1.9900000e+00	   2.0000000e+00	   1.0000000e+00	   3.0000000e+00	   1.0000000e+00	   9.1100000e+02	
   2.0700000e+02	   3.0800000e+02	   3.0500000e+02	   1.3000000e+01	   5.0000000e+00	   4.6450000e+00	   4.0250000e+00	   9.1500000e-01	   2.0000000e+00	   3.0000000e+00	   1.0000000e+00	   2.0000000e+00	   1.1090000e+03	
   1.1100000e+02	   1.1600000e+02	   3.0300000e+02	   1.2000000e+01	   4.0000000e+00	   5.0000000e+00	   4.5250000e+00	   3.5350000e+00	   2.0000000e+00	   3.0000000e+00	   1.0000000e+00	   2.0000000e+00	   1.3360000e+03	
   1.0900000e+02	   2.0300000e+02	   1.0700000e+02	   3.0000000e+00	   1.0000000e+00	   4.9850000e+00	   4.9650000e+00	   3.5700000e+00	   3.0000000e+00	   2.0000000e+00	   1.0000000e+00	   2.0000000e+00	   1.5890000e+03	
   1.0300000e+02	   1.1300000e+02	   2.1300000e+02	   8.0000000e+00	   3.0000000e+00	   4.5200000e+00	   4.7700000e+00	   3.3500000e+00	   2.0000000e+00	   3.0000000e+00	   1.0000000e+00	   3.0000000e+00	   1.3370000e+03	
   1.0900000e+02	   2.0500000e+02	   3.0500000e+02	   1.3000000e+01	   2.0000000e+00	   4.9850000e+00	   4.7900000e+00	   9.1500000e-01	   1.0000000e+00	   3.0000000e+00	   2.0000000e+00	   3.0000000e+00	   1.0430000e+03	
   1.0300000e+02	   1.1200000e+02	   2.1200000e+02	   7.0000000e+00	   1.0000000e+00	   4.5200000e+00	   4.5700000e+00	   2.5500000e+00	   2.0000000e+00	   1.0000000e+00	   3.0000000e+00	   1.0000000e+00	   1.6590000e+03	
   2.0300000e+02	   3.0800000e+02	   2.1500000e+02	   9.0000000e+00	   5.0000000e+00	   4.9650000e+00	   4.0250000e+00	   0.0000000e+00	   2.0000000e+00	   1.0000000e+00	   3.0000000e+00	   2.0000000e+00	   1.1690000e+03	
   2.0200000e+02	   2.0700000e+02	   1.1000000e+02	   4.0000000e+00	   3.0000000e+00	   5.0000000e+00	   4.6450000e+00	   2.9900000e+00	   3.0000000e+00	   2.0000000e+00	   1.0000000e+00	   3.0000000e+00	   1.4900000e+03	
   1.1300000e+02	   2.0500000e+02	   2.1500000e+02	   9.0000000e+00	   1.0000000e+00	   4.7700000e+00	   4.7900000e+00	   0.0000000e+00	   1.0000000e+00	   3.0000000e+00	   2.0000000e+00	   3.0000000e+00	   6.7400000e+02	
   1.0100000e+02	   1.1100000e+02	   2.0400000e+02	   6.0000000e+00	   5.0000000e+00	   3.6200000e+00	   5.0000000e+00	   1.4700000e+00	   2.0000000e+00	   1.0000000e+00	   3.0000000e+00	   1.0000000e+00	   1.5860000e+03	
   1.0200000e+02	   3.1200000e+02	   1.0600000e+02	   2.0000000e+00	   1.0000000e+00	   4.5800000e+00	   4.5850000e+00	   2.4550000e+00	   3.0000000e+00	   1.0000000e+00	   2.0000000e+00	   1.0000000e+00	   1.2860000e+03	
   2.0200000e+02	   2.0500000e+02	   2.1200000e+02	   7.0000000e+00	   2.0000000e+00	   5.0000000e+00	   4.7900000e+00	   2.5500000e+00	   2.0000000e+00	   3.0000000e+00	   1.0000000e+00	   3.0000000e+00	   7.2200000e+02	
   1.0200000e+02	   2.0700000e+02	   1.0500000e+02	   1.0000000e+00	   1.0000000e+00	   4.5800000e+00	   4.6450000e+00	   2.7850000e+00	   1.0000000e+00	   2.0000000e+00	   3.0000000e+00	   2.0000000e+00	   1.0890000e+03	
   2.0200000e+02	   2.0300000e+02	   2.0400000e+02	   6.0000000e+00	   1.0000000e+00	   5.0000000e+00	   4.9650000e+00	   1.4700000e+00	   1.0000000e+00	   2.0000000e+00	   3.0000000e+00	   2.0000000e+00	   9.3000000e+02	
   2.0500000e+02	   2.0700000e+02	   3.0300000e+02	   1.2000000e+01	   2.0000000e+00	   4.7900000e+00	   4.6450000e+00	   3.5350000e+00	   1.0000000e+00	   3.0000000e+00	   2.0000000e+00	   1.0000000e+00	   1.6250000e+03	
   1.0100000e+02	   1.0200000e+02	   1.0700000e+02	   3.0000000e+00	   5.0000000e+00	   3.6200000e+00	   4.5800000e+00	   3.5700000e+00	   1.0000000e+00	   2.0000000e+00	   3.0000000e+00	   2.0000000e+00	   1.3570000e+03	
   1.0200000e+02	   2.0500000e+02	   3.0200000e+02	   1.1000000e+01	   2.0000000e+00	   4.5800000e+00	   4.7900000e+00	   3.0250000e+00	   2.0000000e+00	   3.0000000e+00	   1.0000000e+00	   3.0000000e+00	   1.2740000e+03	
   2.0500000e+02	   3.0800000e+02	   1.0600000e+02	   2.0000000e+00	   5.0000000e+00	   4.7900000e+00	   4.0250000e+00	   2.4550000e+00	   1.0000000e+00	   3.0000000e+00	   2.0000000e+00	   1.0000000e+00	   9.9600000e+02	
   1.0100000e+02	   2.1100000e+02	   2.1300000e+02	   8.0000000e+00	   5.0000000e+00	   3.6200000e+00	   5.0000000e+00	   3.3500000e+00	   1.0000000e+00	   2.0000000e+00	   3.0000000e+00	   2.0000000e+00	   1.5360000e+03	
   2.0300000e+02	   3.0800000e+02	   1.1000000e+02	   4.0000000e+00	   5.0000000e+00	   4.9650000e+00	   4.0250000e+00	   2.9900000e+00	   2.0000000e+00	   1.0000000e+00	   3.0000000e+00	   2.0000000e+00	   1.2000000e+03	
   1.0900000e+02	   1.1300000e+02	   2.1200000e+02	   7.0000000e+00	   2.0000000e+00	   4.9850000e+00	   4.7700000e+00	   2.5500000e+00	   3.0000000e+00	   1.0000000e+00	   2.0000000e+00	   3.0000000e+00	   9.1500000e+02	
   1.0100000e+02	   1.1600000e+02	   1.0700000e+02	   3.0000000e+00	   5.0000000e+00	   3.6200000e+00	   4.5250000e+00	   3.5700000e+00	   1.0000000e+00	   2.0000000e+00	   3.0000000e+00	   2.0000000e+00	   1.0840000e+03	
   1.0300000e+02	   3.1200000e+02	   1.0600000e+02	   2.0000000e+00	   2.0000000e+00	   4.5200000e+00	   4.5850000e+00	   2.4550000e+00	   1.0000000e+00	   2.0000000e+00	   3.0000000e+00	   2.0000000e+00	   8.6000000e+02	
   1.1200000e+02	   2.0300000e+02	   1.1500000e+02	   5.0000000e+00	   3.0000000e+00	   4.5700000e+00	   4.9650000e+00	   3.5550000e+00	   3.0000000e+00	   1.0000000e+00	   2.0000000e+00	   1.0000000e+00	   8.5400000e+02	
   1.1200000e+02	   3.0800000e+02	   1.0700000e+02	   3.0000000e+00	   4.0000000e+00	   4.5700000e+00	   4.0250000e+00	   3.5700000e+00	   1.0000000e+00	   2.0000000e+00	   3.0000000e+00	   2.0000000e+00	   1.3660000e+03	
   1.0200000e+02	   2.0300000e+02	   3.1400000e+02	   1.5000000e+01	   3.0000000e+00	   4.5800000e+00	   4.9650000e+00	   3.5900000e+00	   2.0000000e+00	   3.0000000e+00	   1.0000000e+00	   3.0000000e+00	   1.4420000e+03	
   2.0700000e+02	   3.1200000e+02	   3.1400000e+02	   1.5000000e+01	   1.0000000e+00	   4.6450000e+00	   4.5850000e+00	   3.5900000e+00	   1.0000000e+00	   2.0000000e+00	   3.0000000e+00	   1.0000000e+00	   1.0870000e+03	
   2.0300000e+02	   2.0500000e+02	   3.0500000e+02	   1.3000000e+01	   2.0000000e+00	   4.9650000e+00	   4.7900000e+00	   9.1500000e-01	   2.0000000e+00	   3.0000000e+00	   1.0000000e+00	   2.0000000e+00	   9.2300000e+02	
   1.0300000e+02	   1.1600000e+02	   1.0700000e+02	   3.0000000e+00	   1.0000000e+00	   4.5200000e+00	   4.5250000e+00	   3.5700000e+00	   3.0000000e+00	   1.0000000e+00	   2.0000000e+00	   2.0000000e+00	   1.1180000e+03	
   1.0300000e+02	   1.1200000e+02	   2.1500000e+02	   9.0000000e+00	   1.0000000e+00	   4.5200000e+00	   4.5700000e+00	   0.0000000e+00	   1.0000000e+00	   3.0000000e+00	   2.0000000e+00	   3.0000000e+00	   9.2700000e+02	
   2.0300000e+02	   3.0800000e+02	   3.0200000e+02	   1.1000000e+01	   5.0000000e+00	   4.9650000e+00	   4.0250000e+00	   3.0250000e+00	   1.0000000e+00	   3.0000000e+00	   2.0000000e+00	   1.0000000e+00	   7.9600000e+02	
   1.1300000e+02	   1.1600000e+02	   1.1000000e+02	   4.0000000e+00	   3.0000000e+00	   4.7700000e+00	   4.5250000e+00	   2.9900000e+00	   1.0000000e+00	   2.0000000e+00	   3.0000000e+00	   2.0000000e+00	   9.9600000e+02	
   1.0200000e+02	   3.0800000e+02	   3.0200000e+02	   1.1000000e+01	   4.0000000e+00	   4.5800000e+00	   4.0250000e+00	   3.0250000e+00	   3.0000000e+00	   2.0000000e+00	   1.0000000e+00	   2.0000000e+00	   1.8110000e+03	
   1.0900000e+02	   2.0300000e+02	   3.1400000e+02	   1.5000000e+01	   1.0000000e+00	   4.9850000e+00	   4.9650000e+00	   3.5900000e+00	   1.0000000e+00	   2.0000000e+00	   3.0000000e+00	   2.0000000e+00	   9.9800000e+02	
   1.0900000e+02	   2.1100000e+02	   1.1000000e+02	   4.0000000e+00	   1.0000000e+00	   4.9850000e+00	   5.0000000e+00	   2.9900000e+00	   2.0000000e+00	   3.0000000e+00	   1.0000000e+00	   3.0000000e+00	   9.9700000e+02	
   2.0300000e+02	   2.0700000e+02	   1.0600000e+02	   2.0000000e+00	   3.0000000e+00	   4.9650000e+00	   4.6450000e+00	   2.4550000e+00	   3.0000000e+00	   1.0000000e+00	   2.0000000e+00	   3.0000000e+00	   9.6800000e+02	
   1.1200000e+02	   1.1300000e+02	   2.1500000e+02	   9.0000000e+00	   2.0000000e+00	   4.5700000e+00	   4.7700000e+00	   0.0000000e+00	   1.0000000e+00	   2.0000000e+00	   3.0000000e+00	   2.0000000e+00	   2.1010000e+03	
   1.1100000e+02	   2.0500000e+02	   1.0500000e+02	   1.0000000e+00	   2.0000000e+00	   5.0000000e+00	   4.7900000e+00	   2.7850000e+00	   2.0000000e+00	   3.0000000e+00	   1.0000000e+00	   3.0000000e+00	   9.9200000e+02	
   1.1100000e+02	   2.0300000e+02	   2.1300000e+02	   8.0000000e+00	   1.0000000e+00	   5.0000000e+00	   4.9650000e+00	   3.3500000e+00	   3.0000000e+00	   1.0000000e+00	   2.0000000e+00	   1.0000000e+00	   8.1400000e+02	
   1.0200000e+02	   3.1200000e+02	   2.1500000e+02	   9.0000000e+00	   1.0000000e+00	   4.5800000e+00	   4.5850000e+00	   0.0000000e+00	   1.0000000e+00	   3.0000000e+00	   2.0000000e+00	   3.0000000e+00	   9.0100000e+02	
   2.0300000e+02	   2.1100000e+02	   2.0400000e+02	   6.0000000e+00	   1.0000000e+00	   4.9650000e+00	   5.0000000e+00	   1.4700000e+00	   1.0000000e+00	   2.0000000e+00	   3.0000000e+00	   1.0000000e+00	   1.3370000e+03	
   1.0300000e+02	   2.0300000e+02	   3.0500000e+02	   1.3000000e+01	   4.0000000e+00	   4.5200000e+00	   4.9650000e+00	   9.1500000e-01	   3.0000000e+00	   2.0000000e+00	   1.0000000e+00	   2.0000000e+00	   8.2700000e+02	
   1.0100000e+02	   1.1600000e+02	   3.1100000e+02	   1.4000000e+01	   5.0000000e+00	   3.6200000e+00	   4.5250000e+00	   2.6550000e+00	   2.0000000e+00	   1.0000000e+00	   3.0000000e+00	   1.0000000e+00	   2.0680000e+03	
   2.0300000e+02	   2.0500000e+02	   3.1400000e+02	   1.5000000e+01	   2.0000000e+00	   4.9650000e+00	   4.7900000e+00	   3.5900000e+00	   1.0000000e+00	   3.0000000e+00	   2.0000000e+00	   1.0000000e+00	   9.2700000e+02	
   1.1200000e+02	   3.1200000e+02	   2.1500000e+02	   9.0000000e+00	   1.0000000e+00	   4.5700000e+00	   4.5850000e+00	   0.0000000e+00	   2.0000000e+00	   3.0000000e+00	   1.0000000e+00	   3.0000000e+00	   1.2770000e+03	
   1.0300000e+02	   1.0900000e+02	   3.1400000e+02	   1.5000000e+01	   4.0000000e+00	   4.5200000e+00	   4.9850000e+00	   3.5900000e+00	   1.0000000e+00	   3.0000000e+00	   2.0000000e+00	   3.0000000e+00	   1.2480000e+03	
   1.0300000e+02	   1.0900000e+02	   1.0600000e+02	   2.0000000e+00	   4.0000000e+00	   4.5200000e+00	   4.9850000e+00	   2.4550000e+00	   1.0000000e+00	   2.0000000e+00	   3.0000000e+00	   2.0000000e+00	   7.1800000e+02	
   1.0200000e+02	   1.1100000e+02	   1.0600000e+02	   2.0000000e+00	   4.0000000e+00	   4.5800000e+00	   5.0000000e+00	   2.4550000e+00	   3.0000000e+00	   2.0000000e+00	   1.0000000e+00	   2.0000000e+00	   1.3110000e+03	
   1.0900000e+02	   1.1200000e+02	   1.0600000e+02	   2.0000000e+00	   3.0000000e+00	   4.9850000e+00	   4.5700000e+00	   2.4550000e+00	   3.0000000e+00	   2.0000000e+00	   1.0000000e+00	   3.0000000e+00	   8.7200000e+02	
   1.0100000e+02	   1.1300000e+02	   3.0300000e+02	   1.2000000e+01	   5.0000000e+00	   3.6200000e+00	   4.7700000e+00	   3.5350000e+00	   2.0000000e+00	   3.0000000e+00	   1.0000000e+00	   3.0000000e+00	   2.0000000e+03	
   1.1100000e+02	   1.1300000e+02	   3.1400000e+02	   1.5000000e+01	   2.0000000e+00	   5.0000000e+00	   4.7700000e+00	   3.5900000e+00	   2.0000000e+00	   1.0000000e+00	   3.0000000e+00	   2.0000000e+00	   1.3190000e+03	
   1.0300000e+02	   3.1200000e+02	   3.0100000e+02	   1.0000000e+01	   2.0000000e+00	   4.5200000e+00	   4.5850000e+00	   1.9900000e+00	   1.0000000e+00	   3.0000000e+00	   2.0000000e+00	   3.0000000e+00	   1.2090000e+03	
   1.0300000e+02	   1.1100000e+02	   1.0500000e+02	   1.0000000e+00	   4.0000000e+00	   4.5200000e+00	   5.0000000e+00	   2.7850000e+00	   3.0000000e+00	   1.0000000e+00	   2.0000000e+00	   1.0000000e+00	   1.3650000e+03	
   1.1300000e+02	   2.0300000e+02	   3.0200000e+02	   1.1000000e+01	   2.0000000e+00	   4.7700000e+00	   4.9650000e+00	   3.0250000e+00	   1.0000000e+00	   3.0000000e+00	   2.0000000e+00	   3.0000000e+00	   1.0340000e+03	
   2.1100000e+02	   3.1200000e+02	   3.0100000e+02	   1.0000000e+01	   3.0000000e+00	   5.0000000e+00	   4.5850000e+00	   1.9900000e+00	   2.0000000e+00	   3.0000000e+00	   1.0000000e+00	   2.0000000e+00	   8.7500000e+02	
   2.1100000e+02	   3.0800000e+02	   3.1100000e+02	   1.4000000e+01	   5.0000000e+00	   5.0000000e+00	   4.0250000e+00	   2.6550000e+00	   2.0000000e+00	   1.0000000e+00	   3.0000000e+00	   2.0000000e+00	   1.2320000e+03	
   1.1200000e+02	   2.0300000e+02	   2.1500000e+02	   9.0000000e+00	   3.0000000e+00	   4.5700000e+00	   4.9650000e+00	   0.0000000e+00	   3.0000000e+00	   1.0000000e+00	   2.0000000e+00	   1.0000000e+00	   1.1490000e+03	
   1.0200000e+02	   1.1600000e+02	   1.1500000e+02	   5.0000000e+00	   1.0000000e+00	   4.5800000e+00	   4.5250000e+00	   3.5550000e+00	   2.0000000e+00	   1.0000000e+00	   3.0000000e+00	   1.0000000e+00	   1.6740000e+03	
   1.0900000e+02	   2.1100000e+02	   3.0500000e+02	   1.3000000e+01	   1.0000000e+00	   4.9850000e+00	   5.0000000e+00	   9.1500000e-01	   1.0000000e+00	   3.0000000e+00	   2.0000000e+00	   3.0000000e+00	   8.7100000e+02	
   2.0200000e+02	   2.0500000e+02	   1.1500000e+02	   5.0000000e+00	   2.0000000e+00	   5.0000000e+00	   4.7900000e+00	   3.5550000e+00	   1.0000000e+00	   3.0000000e+00	   2.0000000e+00	   1.0000000e+00	   1.2610000e+03	
   1.1300000e+02	   2.0200000e+02	   2.0400000e+02	   6.0000000e+00	   2.0000000e+00	   4.7700000e+00	   5.0000000e+00	   1.4700000e+00	   1.0000000e+00	   3.0000000e+00	   2.0000000e+00	   3.0000000e+00	   1.1030000e+03	
   1.1600000e+02	   2.0200000e+02	   1.1500000e+02	   5.0000000e+00	   4.0000000e+00	   4.5250000e+00	   5.0000000e+00	   3.5550000e+00	   1.0000000e+00	   2.0000000e+00	   3.0000000e+00	   2.0000000e+00	   7.2800000e+02	
   2.0700000e+02	   2.1100000e+02	   3.1100000e+02	   1.4000000e+01	   3.0000000e+00	   4.6450000e+00	   5.0000000e+00	   2.6550000e+00	   3.0000000e+00	   1.0000000e+00	   2.0000000e+00	   1.0000000e+00	   1.3080000e+03	
   2.0700000e+02	   2.1100000e+02	   2.0400000e+02	   6.0000000e+00	   3.0000000e+00	   4.6450000e+00	   5.0000000e+00	   1.4700000e+00	   1.0000000e+00	   2.0000000e+00	   3.0000000e+00	   2.0000000e+00	   6.6300000e+02	
   1.0100000e+02	   2.0700000e+02	   2.1200000e+02	   7.0000000e+00	   5.0000000e+00	   3.6200000e+00	   4.6450000e+00	   2.5500000e+00	   1.0000000e+00	   2.0000000e+00	   3.0000000e+00	   2.0000000e+00	   9.7900000e+02	
   1.1300000e+02	   2.0700000e+02	   2.1500000e+02	   9.0000000e+00	   2.0000000e+00	   4.7700000e+00	   4.6450000e+00	   0.0000000e+00	   1.0000000e+00	   2.0000000e+00	   3.0000000e+00	   2.0000000e+00	   7.4500000e+02	
   2.0200000e+02	   2.0300000e+02	   3.0300000e+02	   1.2000000e+01	   1.0000000e+00	   5.0000000e+00	   4.9650000e+00	   3.5350000e+00	   2.0000000e+00	   3.0000000e+00	   1.0000000e+00	   2.0000000e+00	   8.4200000e+02	
   3.0800000e+02	   3.1200000e+02	   2.1500000e+02	   9.0000000e+00	   4.0000000e+00	   4.0250000e+00	   4.5850000e+00	   0.0000000e+00	   3.0000000e+00	   2.0000000e+00	   1.0000000e+00	   2.0000000e+00	   1.1350000e+03	
   1.0100000e+02	   3.1200000e+02	   2.1300000e+02	   8.0000000e+00	   5.0000000e+00	   3.6200000e+00	   4.5850000e+00	   3.3500000e+00	   1.0000000e+00	   2.0000000e+00	   3.0000000e+00	   2.0000000e+00	   9.5200000e+02	
   1.0200000e+02	   2.0700000e+02	   1.1500000e+02	   5.0000000e+00	   1.0000000e+00	   4.5800000e+00	   4.6450000e+00	   3.5550000e+00	   1.0000000e+00	   2.0000000e+00	   3.0000000e+00	   2.0000000e+00	   9.7200000e+02	
   1.1300000e+02	   2.0500000e+02	   1.1000000e+02	   4.0000000e+00	   1.0000000e+00	   4.7700000e+00	   4.7900000e+00	   2.9900000e+00	   3.0000000e+00	   1.0000000e+00	   2.0000000e+00	   1.0000000e+00	   1.0160000e+03	
   1.0900000e+02	   2.0500000e+02	   1.1000000e+02	   4.0000000e+00	   2.0000000e+00	   4.9850000e+00	   4.7900000e+00	   2.9900000e+00	   2.0000000e+00	   1.0000000e+00	   3.0000000e+00	   1.0000000e+00	   8.2900000e+02	
   1.0100000e+02	   2.0700000e+02	   2.1300000e+02	   8.0000000e+00	   5.0000000e+00	   3.6200000e+00	   4.6450000e+00	   3.3500000e+00	   1.0000000e+00	   3.0000000e+00	   2.0000000e+00	   3.0000000e+00	   1.1930000e+03	
   2.0500000e+02	   2.1100000e+02	   2.0400000e+02	   6.0000000e+00	   2.0000000e+00	   4.7900000e+00	   5.0000000e+00	   1.4700000e+00	   1.0000000e+00	   3.0000000e+00	   2.0000000e+00	   1.0000000e+00	   7.3200000e+02	
   1.1100000e+02	   2.0300000e+02	   2.0400000e+02	   6.0000000e+00	   1.0000000e+00	   5.0000000e+00	   4.9650000e+00	   1.4700000e+00	   3.0000000e+00	   1.0000000e+00	   2.0000000e+00	   1.0000000e+00	   9.9700000e+02	
   1.0200000e+02	   3.0800000e+02	   1.0700000e+02	   3.0000000e+00	   4.0000000e+00	   4.5800000e+00	   4.0250000e+00	   3.5700000e+00	   2.0000000e+00	   1.0000000e+00	   3.0000000e+00	   1.0000000e+00	   1.2410000e+03	
   1.0900000e+02	   1.1600000e+02	   3.1400000e+02	   1.5000000e+01	   4.0000000e+00	   4.9850000e+00	   4.5250000e+00	   3.5900000e+00	   1.0000000e+00	   2.0000000e+00	   3.0000000e+00	   1.0000000e+00	   9.0100000e+02	
   1.0100000e+02	   2.0300000e+02	   1.1500000e+02	   5.0000000e+00	   5.0000000e+00	   3.6200000e+00	   4.9650000e+00	   3.5550000e+00	   3.0000000e+00	   2.0000000e+00	   1.0000000e+00	   2.0000000e+00	   8.1100000e+02	
   2.0700000e+02	   3.1200000e+02	   3.0500000e+02	   1.3000000e+01	   1.0000000e+00	   4.6450000e+00	   4.5850000e+00	   9.1500000e-01	   1.0000000e+00	   2.0000000e+00	   3.0000000e+00	   1.0000000e+00	   1.5430000e+03	
   1.1300000e+02	   3.0800000e+02	   3.1400000e+02	   1.5000000e+01	   5.0000000e+00	   4.7700000e+00	   4.0250000e+00	   3.5900000e+00	   3.0000000e+00	   2.0000000e+00	   1.0000000e+00	   3.0000000e+00	   1.8960000e+03	
   1.1300000e+02	   2.1100000e+02	   3.1100000e+02	   1.4000000e+01	   3.0000000e+00	   4.7700000e+00	   5.0000000e+00	   2.6550000e+00	   1.0000000e+00	   3.0000000e+00	   2.0000000e+00	   3.0000000e+00	   7.3000000e+02	
   1.0900000e+02	   2.0700000e+02	   3.0300000e+02	   1.2000000e+01	   3.0000000e+00	   4.9850000e+00	   4.6450000e+00	   3.5350000e+00	   1.0000000e+00	   2.0000000e+00	   3.0000000e+00	   2.0000000e+00	   9.1500000e+02	
   1.0300000e+02	   2.1100000e+02	   2.1300000e+02	   8.0000000e+00	   4.0000000e+00	   4.5200000e+00	   5.0000000e+00	   3.3500000e+00	   1.0000000e+00	   2.0000000e+00	   3.0000000e+00	   2.0000000e+00	   7.5300000e+02	
   1.0300000e+02	   3.0800000e+02	   1.1500000e+02	   5.0000000e+00	   4.0000000e+00	   4.5200000e+00	   4.0250000e+00	   3.5550000e+00	   1.0000000e+00	   2.0000000e+00	   3.0000000e+00	   2.0000000e+00	   1.0490000e+03	
   1.0100000e+02	   2.0700000e+02	   3.0200000e+02	   1.1000000e+01	   5.0000000e+00	   3.6200000e+00	   4.6450000e+00	   3.0250000e+00	   2.0000000e+00	   1.0000000e+00	   3.0000000e+00	   1.0000000e+00	   1.0060000e+03	
   2.0500000e+02	   2.1100000e+02	   3.0100000e+02	   1.0000000e+01	   2.0000000e+00	   4.7900000e+00	   5.0000000e+00	   1.9900000e+00	   2.0000000e+00	   3.0000000e+00	   1.0000000e+00	   3.0000000e+00	   8.4200000e+02	
   1.0200000e+02	   1.1600000e+02	   1.1000000e+02	   4.0000000e+00	   1.0000000e+00	   4.5800000e+00	   4.5250000e+00	   2.9900000e+00	   3.0000000e+00	   1.0000000e+00	   2.0000000e+00	   3.0000000e+00	   1.9430000e+03	
   1.1300000e+02	   2.0700000e+02	   2.1200000e+02	   7.0000000e+00	   2.0000000e+00	   4.7700000e+00	   4.6450000e+00	   2.5500000e+00	   1.0000000e+00	   3.0000000e+00	   2.0000000e+00	   3.0000000e+00	   1.0240000e+03	
   1.0300000e+02	   3.1200000e+02	   1.0500000e+02	   1.0000000e+00	   2.0000000e+00	   4.5200000e+00	   4.5850000e+00	   2.7850000e+00	   1.0000000e+00	   3.0000000e+00	   2.0000000e+00	   3.0000000e+00	   9.9000000e+02	
   1.1300000e+02	   2.0200000e+02	   3.1400000e+02	   1.5000000e+01	   2.0000000e+00	   4.7700000e+00	   5.0000000e+00	   3.5900000e+00	   3.0000000e+00	   1.0000000e+00	   2.0000000e+00	   1.0000000e+00	   1.0060000e+03	
   1.0900000e+02	   2.0300000e+02	   1.1000000e+02	   4.0000000e+00	   1.0000000e+00	   4.9850000e+00	   4.9650000e+00	   2.9900000e+00	   2.0000000e+00	   3.0000000e+00	   1.0000000e+00	   2.0000000e+00	   9.1000000e+02	
   1.1600000e+02	   2.0300000e+02	   2.1300000e+02	   8.0000000e+00	   4.0000000e+00	   4.5250000e+00	   4.9650000e+00	   3.3500000e+00	   3.0000000e+00	   1.0000000e+00	   2.0000000e+00	   1.0000000e+00	   6.7300000e+02	
   1.0300000e+02	   2.0300000e+02	   2.1500000e+02	   9.0000000e+00	   4.0000000e+00	   4.5200000e+00	   4.9650000e+00	   0.0000000e+00	   2.0000000e+00	   3.0000000e+00	   1.0000000e+00	   3.0000000e+00	   7.2700000e+02	
   1.1600000e+02	   2.0300000e+02	   2.0400000e+02	   6.0000000e+00	   4.0000000e+00	   4.5250000e+00	   4.9650000e+00	   1.4700000e+00	   2.0000000e+00	   1.0000000e+00	   3.0000000e+00	   1.0000000e+00	   8.0500000e+02	
   1.0900000e+02	   2.0700000e+02	   3.0200000e+02	   1.1000000e+01	   3.0000000e+00	   4.9850000e+00	   4.6450000e+00	   3.0250000e+00	   1.0000000e+00	   3.0000000e+00	   2.0000000e+00	   1.0000000e+00	   1.7950000e+03	
   1.0300000e+02	   3.1200000e+02	   3.0300000e+02	   1.2000000e+01	   2.0000000e+00	   4.5200000e+00	   4.5850000e+00	   3.5350000e+00	   2.0000000e+00	   1.0000000e+00	   3.0000000e+00	   1.0000000e+00	   1.1040000e+03	
   1.0100000e+02	   1.1600000e+02	   3.0500000e+02	   1.3000000e+01	   5.0000000e+00	   3.6200000e+00	   4.5250000e+00	   9.1500000e-01	   2.0000000e+00	   1.0000000e+00	   3.0000000e+00	   1.0000000e+00	   2.5000000e+03	
   1.0300000e+02	   2.0200000e+02	   2.1200000e+02	   7.0000000e+00	   4.0000000e+00	   4.5200000e+00	   5.0000000e+00	   2.5500000e+00	   3.0000000e+00	   1.0000000e+00	   2.0000000e+00	   1.0000000e+00	   6.3000000e+02	
   1.1300000e+02	   3.0800000e+02	   3.1100000e+02	   1.4000000e+01	   5.0000000e+00	   4.7700000e+00	   4.0250000e+00	   2.6550000e+00	   1.0000000e+00	   2.0000000e+00	   3.0000000e+00	   1.0000000e+00	   9.4300000e+02	
   1.0300000e+02	   2.0500000e+02	   1.0600000e+02	   2.0000000e+00	   3.0000000e+00	   4.5200000e+00	   4.7900000e+00	   2.4550000e+00	   2.0000000e+00	   1.0000000e+00	   3.0000000e+00	   1.0000000e+00	   6.8500000e+02	
   1.0200000e+02	   1.1100000e+02	   3.0500000e+02	   1.3000000e+01	   4.0000000e+00	   4.5800000e+00	   5.0000000e+00	   9.1500000e-01	   1.0000000e+00	   3.0000000e+00	   2.0000000e+00	   3.0000000e+00	   7.1000000e+02	
   1.0300000e+02	   2.0300000e+02	   3.0100000e+02	   1.0000000e+01	   4.0000000e+00	   4.5200000e+00	   4.9650000e+00	   1.9900000e+00	   3.0000000e+00	   2.0000000e+00	   1.0000000e+00	   2.0000000e+00	   1.2420000e+03	
   1.1300000e+02	   3.1200000e+02	   1.0600000e+02	   2.0000000e+00	   2.0000000e+00	   4.7700000e+00	   4.5850000e+00	   2.4550000e+00	   2.0000000e+00	   3.0000000e+00	   1.0000000e+00	   2.0000000e+00	   7.0200000e+02	
   1.0200000e+02	   2.0700000e+02	   1.0700000e+02	   3.0000000e+00	   1.0000000e+00	   4.5800000e+00	   4.6450000e+00	   3.5700000e+00	   3.0000000e+00	   2.0000000e+00	   1.0000000e+00	   2.0000000e+00	   8.4700000e+02	
   1.0100000e+02	   1.0900000e+02	   3.1400000e+02	   1.5000000e+01	   5.0000000e+00	   3.6200000e+00	   4.9850000e+00	   3.5900000e+00	   3.0000000e+00	   2.0000000e+00	   1.0000000e+00	   2.0000000e+00	   1.0010000e+03	
   1.0300000e+02	   2.0300000e+02	   1.0700000e+02	   3.0000000e+00	   4.0000000e+00	   4.5200000e+00	   4.9650000e+00	   3.5700000e+00	   3.0000000e+00	   1.0000000e+00	   2.0000000e+00	   1.0000000e+00	   6.8800000e+02	
   1.1300000e+02	   2.0500000e+02	   1.0500000e+02	   1.0000000e+00	   1.0000000e+00	   4.7700000e+00	   4.7900000e+00	   2.7850000e+00	   1.0000000e+00	   2.0000000e+00	   3.0000000e+00	   2.0000000e+00	   1.1360000e+03	
   2.0500000e+02	   3.0800000e+02	   1.1000000e+02	   4.0000000e+00	   5.0000000e+00	   4.7900000e+00	   4.0250000e+00	   2.9900000e+00	   1.0000000e+00	   2.0000000e+00	   3.0000000e+00	   1.0000000e+00	   8.3300000e+02	
   1.1600000e+02	   3.1200000e+02	   3.0300000e+02	   1.2000000e+01	   1.0000000e+00	   4.5250000e+00	   4.5850000e+00	   3.5350000e+00	   2.0000000e+00	   1.0000000e+00	   3.0000000e+00	   1.0000000e+00	   1.1810000e+03	
   1.1300000e+02	   3.0800000e+02	   2.0400000e+02	   6.0000000e+00	   5.0000000e+00	   4.7700000e+00	   4.0250000e+00	   1.4700000e+00	   3.0000000e+00	   2.0000000e+00	   1.0000000e+00	   3.0000000e+00	   1.4830000e+03	
   1.0200000e+02	   3.0800000e+02	   3.1100000e+02	   1.4000000e+01	   4.0000000e+00	   4.5800000e+00	   4.0250000e+00	   2.6550000e+00	   3.0000000e+00	   2.0000000e+00	   1.0000000e+00	   2.0000000e+00	   1.1860000e+03	
   2.0200000e+02	   3.1200000e+02	   1.1000000e+02	   4.0000000e+00	   3.0000000e+00	   5.0000000e+00	   4.5850000e+00	   2.9900000e+00	   2.0000000e+00	   1.0000000e+00	   3.0000000e+00	   2.0000000e+00	   9.4300000e+02	
   2.0300000e+02	   2.0700000e+02	   2.1500000e+02	   9.0000000e+00	   3.0000000e+00	   4.9650000e+00	   4.6450000e+00	   0.0000000e+00	   2.0000000e+00	   3.0000000e+00	   1.0000000e+00	   2.0000000e+00	   7.7500000e+02	
   2.0500000e+02	   2.1100000e+02	   2.1500000e+02	   9.0000000e+00	   2.0000000e+00	   4.7900000e+00	   5.0000000e+00	   0.0000000e+00	   3.0000000e+00	   2.0000000e+00	   1.0000000e+00	   2.0000000e+00	   6.1500000e+02	
   1.0300000e+02	   1.1200000e+02	   3.0100000e+02	   1.0000000e+01	   1.0000000e+00	   4.5200000e+00	   4.5700000e+00	   1.9900000e+00	   2.0000000e+00	   3.0000000e+00	   1.0000000e+00	   3.0000000e+00	   1.3130000e+03	
   1.1100000e+02	   2.0700000e+02	   3.0500000e+02	   1.3000000e+01	   3.0000000e+00	   5.0000000e+00	   4.6450000e+00	   9.1500000e-01	   3.0000000e+00	   2.0000000e+00	   1.0000000e+00	   2.0000000e+00	   2.4580000e+03	
   1.0900000e+02	   2.1100000e+02	   3.0200000e+02	   1.1000000e+01	   1.0000000e+00	   4.9850000e+00	   5.0000000e+00	   3.0250000e+00	   3.0000000e+00	   2.0000000e+00	   1.0000000e+00	   2.0000000e+00	   8.0800000e+02	
   1.0200000e+02	   2.0300000e+02	   2.1300000e+02	   8.0000000e+00	   3.0000000e+00	   4.5800000e+00	   4.9650000e+00	   3.3500000e+00	   2.0000000e+00	   1.0000000e+00	   3.0000000e+00	   1.0000000e+00	   7.5600000e+02	
   1.1100000e+02	   2.0300000e+02	   2.1200000e+02	   7.0000000e+00	   1.0000000e+00	   5.0000000e+00	   4.9650000e+00	   2.5500000e+00	   1.0000000e+00	   2.0000000e+00	   3.0000000e+00	   2.0000000e+00	   7.6400000e+02	
   1.0200000e+02	   2.0200000e+02	   1.0700000e+02	   3.0000000e+00	   4.0000000e+00	   4.5800000e+00	   5.0000000e+00	   3.5700000e+00	   3.0000000e+00	   2.0000000e+00	   1.0000000e+00	   2.0000000e+00	   9.7600000e+02	
   1.0900000e+02	   1.1600000e+02	   3.0300000e+02	   1.2000000e+01	   4.0000000e+00	   4.9850000e+00	   4.5250000e+00	   3.5350000e+00	   2.0000000e+00	   1.0000000e+00	   3.0000000e+00	   2.0000000e+00	   1.1120000e+03	
   1.0900000e+02	   2.0200000e+02	   3.0200000e+02	   1.1000000e+01	   1.0000000e+00	   4.9850000e+00	   5.0000000e+00	   3.0250000e+00	   1.0000000e+00	   3.0000000e+00	   2.0000000e+00	   3.0000000e+00	   9.2100000e+02	
   1.0200000e+02	   2.0700000e+02	   1.0600000e+02	   2.0000000e+00	   1.0000000e+00	   4.5800000e+00	   4.6450000e+00	   2.4550000e+00	   1.0000000e+00	   2.0000000e+00	   3.0000000e+00	   2.0000000e+00	   7.5800000e+02	
   2.0200000e+02	   3.0800000e+02	   1.1000000e+02	   4.0000000e+00	   5.0000000e+00	   5.0000000e+00	   4.0250000e+00	   2.9900000e+00	   2.0000000e+00	   1.0000000e+00	   3.0000000e+00	   2.0000000e+00	   5.7600000e+02	
   1.0100000e+02	   1.1200000e+02	   3.1400000e+02	   1.5000000e+01	   5.0000000e+00	   3.6200000e+00	   4.5700000e+00	   3.5900000e+00	   1.0000000e+00	   3.0000000e+00	   2.0000000e+00	   3.0000000e+00	   9.0300000e+02	
   1.0900000e+02	   3.0800000e+02	   1.0600000e+02	   2.0000000e+00	   5.0000000e+00	   4.9850000e+00	   4.0250000e+00	   2.4550000e+00	   1.0000000e+00	   3.0000000e+00	   2.0000000e+00	   1.0000000e+00	   1.8200000e+03	
   1.0200000e+02	   2.0700000e+02	   3.1100000e+02	   1.4000000e+01	   1.0000000e+00	   4.5800000e+00	   4.6450000e+00	   2.6550000e+00	   2.0000000e+00	   3.0000000e+00	   1.0000000e+00	   3.0000000e+00	   1.1230000e+03	
   1.1600000e+02	   3.1200000e+02	   3.0200000e+02	   1.1000000e+01	   1.0000000e+00	   4.5250000e+00	   4.5850000e+00	   3.0250000e+00	   2.0000000e+00	   1.0000000e+00	   3.0000000e+00	   1.0000000e+00	   1.4300000e+03	
   1.1600000e+02	   3.0800000e+02	   3.0100000e+02	   1.0000000e+01	   4.0000000e+00	   4.5250000e+00	   4.0250000e+00	   1.9900000e+00	   1.0000000e+00	   3.0000000e+00	   2.0000000e+00	   3.0000000e+00	   1.8140000e+03	
   1.0200000e+02	   2.1100000e+02	   3.0200000e+02	   1.1000000e+01	   4.0000000e+00	   4.5800000e+00	   5.0000000e+00	   3.0250000e+00	   2.0000000e+00	   1.0000000e+00	   3.0000000e+00	   1.0000000e+00	   6.8500000e+02	
   2.0200000e+02	   3.1200000e+02	   3.0200000e+02	   1.1000000e+01	   3.0000000e+00	   5.0000000e+00	   4.5850000e+00	   3.0250000e+00	   3.0000000e+00	   1.0000000e+00	   2.0000000e+00	   3.0000000e+00	   9.1000000e+02	
   1.0200000e+02	   2.0500000e+02	   1.0700000e+02	   3.0000000e+00	   2.0000000e+00	   4.5800000e+00	   4.7900000e+00	   3.5700000e+00	   2.0000000e+00	   3.0000000e+00	   1.0000000e+00	   3.0000000e+00	   8.1300000e+02	
   2.0200000e+02	   3.0800000e+02	   1.0700000e+02	   3.0000000e+00	   5.0000000e+00	   5.0000000e+00	   4.0250000e+00	   3.5700000e+00	   3.0000000e+00	   1.0000000e+00	   2.0000000e+00	   3.0000000e+00	   7.5100000e+02	
   1.0100000e+02	   3.1200000e+02	   3.0200000e+02	   1.1000000e+01	   5.0000000e+00	   3.6200000e+00	   4.5850000e+00	   3.0250000e+00	   2.0000000e+00	   1.0000000e+00	   3.0000000e+00	   1.0000000e+00	   9.3800000e+02	
   1.0300000e+02	   2.0500000e+02	   3.0200000e+02	   1.1000000e+01	   3.0000000e+00	   4.5200000e+00	   4.7900000e+00	   3.0250000e+00	   2.0000000e+00	   1.0000000e+00	   3.0000000e+00	   1.0000000e+00	   9.6700000e+02	
   1.0200000e+02	   3.1200000e+02	   3.1400000e+02	   1.5000000e+01	   1.0000000e+00	   4.5800000e+00	   4.5850000e+00	   3.5900000e+00	   1.0000000e+00	   2.0000000e+00	   3.0000000e+00	   2.0000000e+00	   2.8600000e+03	
   1.0200000e+02	   2.0300000e+02	   3.1100000e+02	   1.4000000e+01	   3.0000000e+00	   4.5800000e+00	   4.9650000e+00	   2.6550000e+00	   1.0000000e+00	   2.0000000e+00	   3.0000000e+00	   2.0000000e+00	   9.8100000e+02	
   1.0300000e+02	   3.1200000e+02	   2.1300000e+02	   8.0000000e+00	   2.0000000e+00	   4.5200000e+00	   4.5850000e+00	   3.3500000e+00	   3.0000000e+00	   1.0000000e+00	   2.0000000e+00	   1.0000000e+00	   1.5350000e+03	
   2.0300000e+02	   3.0800000e+02	   3.0100000e+02	   1.0000000e+01	   5.0000000e+00	   4.9650000e+00	   4.0250000e+00	   1.9900000e+00	   2.0000000e+00	   3.0000000e+00	   1.0000000e+00	   2.0000000e+00	   7.7100000e+02	
   1.0300000e+02	   2.0500000e+02	   3.0300000e+02	   1.2000000e+01	   3.0000000e+00	   4.5200000e+00	   4.7900000e+00	   3.5350000e+00	   2.0000000e+00	   1.0000000e+00	   3.0000000e+00	   1.0000000e+00	   9.9400000e+02	
   1.1100000e+02	   2.0500000e+02	   1.1500000e+02	   5.0000000e+00	   2.0000000e+00	   5.0000000e+00	   4.7900000e+00	   3.5550000e+00	   1.0000000e+00	   2.0000000e+00	   3.0000000e+00	   2.0000000e+00	   8.9600000e+02	
   1.0100000e+02	   1.1600000e+02	   2.1300000e+02	   8.0000000e+00	   5.0000000e+00	   3.6200000e+00	   4.5250000e+00	   3.3500000e+00	   1.0000000e+00	   3.0000000e+00	   2.0000000e+00	   3.0000000e+00	   1.2080000e+03	
   1.1600000e+02	   2.0500000e+02	   1.0500000e+02	   1.0000000e+00	   3.0000000e+00	   4.5250000e+00	   4.7900000e+00	   2.7850000e+00	   1.0000000e+00	   3.0000000e+00	   2.0000000e+00	   3.0000000e+00	   7.8300000e+02	
   1.1200000e+02	   3.0800000e+02	   3.0100000e+02	   1.0000000e+01	   4.0000000e+00	   4.5700000e+00	   4.0250000e+00	   1.9900000e+00	   3.0000000e+00	   1.0000000e+00	   2.0000000e+00	   3.0000000e+00	   1.0890000e+03	
   1.0100000e+02	   2.0300000e+02	   2.1200000e+02	   7.0000000e+00	   5.0000000e+00	   3.6200000e+00	   4.9650000e+00	   2.5500000e+00	   3.0000000e+00	   2.0000000e+00	   1.0000000e+00	   2.0000000e+00	   1.3600000e+03	
   1.0300000e+02	   2.0200000e+02	   3.0300000e+02	   1.2000000e+01	   4.0000000e+00	   4.5200000e+00	   5.0000000e+00	   3.5350000e+00	   1.0000000e+00	   2.0000000e+00	   3.0000000e+00	   2.0000000e+00	   6.5800000e+02	
   1.1600000e+02	   2.0200000e+02	   3.0100000e+02	   1.0000000e+01	   4.0000000e+00	   4.5250000e+00	   5.0000000e+00	   1.9900000e+00	   1.0000000e+00	   2.0000000e+00	   3.0000000e+00	   2.0000000e+00	   5.9400000e+02	
   1.1200000e+02	   3.1200000e+02	   2.1300000e+02	   8.0000000e+00	   1.0000000e+00	   4.5700000e+00	   4.5850000e+00	   3.3500000e+00	   1.0000000e+00	   2.0000000e+00	   3.0000000e+00	   2.0000000e+00	   1.3760000e+03	
   1.0100000e+02	   1.0200000e+02	   3.0500000e+02	   1.3000000e+01	   5.0000000e+00	   3.6200000e+00	   4.5800000e+00	   9.1500000e-01	   2.0000000e+00	   1.0000000e+00	   3.0000000e+00	   2.0000000e+00	   1.0850000e+03	
   1.0300000e+02	   1.1600000e+02	   2.1300000e+02	   8.0000000e+00	   1.0000000e+00	   4.5200000e+00	   4.5250000e+00	   3.3500000e+00	   2.0000000e+00	   1.0000000e+00	   3.0000000e+00	   1.0000000e+00	   1.4030000e+03	
   1.0100000e+02	   2.0300000e+02	   1.1000000e+02	   4.0000000e+00	   5.0000000e+00	   3.6200000e+00	   4.9650000e+00	   2.9900000e+00	   1.0000000e+00	   2.0000000e+00	   3.0000000e+00	   2.0000000e+00	   7.2900000e+02	
   2.0700000e+02	   3.0800000e+02	   3.0300000e+02	   1.2000000e+01	   5.0000000e+00	   4.6450000e+00	   4.0250000e+00	   3.5350000e+00	   2.0000000e+00	   3.0000000e+00	   1.0000000e+00	   2.0000000e+00	   8.6100000e+02	
   1.0200000e+02	   2.1100000e+02	   1.0500000e+02	   1.0000000e+00	   4.0000000e+00	   4.5800000e+00	   5.0000000e+00	   2.7850000e+00	   1.0000000e+00	   2.0000000e+00	   3.0000000e+00	   2.0000000e+00	   6.8200000e+02	
   1.1100000e+02	   3.0800000e+02	   1.0600000e+02	   2.0000000e+00	   5.0000000e+00	   5.0000000e+00	   4.0250000e+00	   2.4550000e+00	   2.0000000e+00	   3.0000000e+00	   1.0000000e+00	   3.0000000e+00	   1.0340000e+03	
   1.0200000e+02	   1.0300000e+02	   3.1100000e+02	   1.4000000e+01	   1.0000000e+00	   4.5800000e+00	   4.5200000e+00	   2.6550000e+00	   1.0000000e+00	   3.0000000e+00	   2.0000000e+00	   1.0000000e+00	   1.3680000e+03	
   2.0500000e+02	   3.1200000e+02	   3.0300000e+02	   1.2000000e+01	   2.0000000e+00	   4.7900000e+00	   4.5850000e+00	   3.5350000e+00	   2.0000000e+00	   3.0000000e+00	   1.0000000e+00	   2.0000000e+00	   7.6700000e+02	
   1.1200000e+02	   2.1100000e+02	   1.1000000e+02	   4.0000000e+00	   4.0000000e+00	   4.5700000e+00	   5.0000000e+00	   2.9900000e+00	   1.0000000e+00	   3.0000000e+00	   2.0000000e+00	   3.0000000e+00	   6.7100000e+02	
   1.1100000e+02	   2.0300000e+02	   3.1400000e+02	   1.5000000e+01	   1.0000000e+00	   5.0000000e+00	   4.9650000e+00	   3.5900000e+00	   2.0000000e+00	   3.0000000e+00	   1.0000000e+00	   3.0000000e+00	   6.4500000e+02	
   1.0300000e+02	   1.1300000e+02	   2.0400000e+02	   6.0000000e+00	   3.0000000e+00	   4.5200000e+00	   4.7700000e+00	   1.4700000e+00	   1.0000000e+00	   2.0000000e+00	   3.0000000e+00	   2.0000000e+00	   1.1330000e+03	
   1.1600000e+02	   2.1100000e+02	   2.1200000e+02	   7.0000000e+00	   4.0000000e+00	   4.5250000e+00	   5.0000000e+00	   2.5500000e+00	   3.0000000e+00	   1.0000000e+00	   2.0000000e+00	   1.0000000e+00	   7.1900000e+02	
   1.0100000e+02	   1.1100000e+02	   1.0500000e+02	   1.0000000e+00	   5.0000000e+00	   3.6200000e+00	   5.0000000e+00	   2.7850000e+00	   2.0000000e+00	   1.0000000e+00	   3.0000000e+00	   1.0000000e+00	   1.2560000e+03	
   1.0300000e+02	   1.0900000e+02	   1.1000000e+02	   4.0000000e+00	   4.0000000e+00	   4.5200000e+00	   4.9850000e+00	   2.9900000e+00	   1.0000000e+00	   3.0000000e+00	   2.0000000e+00	   3.0000000e+00	   1.0760000e+03	
   1.0900000e+02	   1.1200000e+02	   1.0500000e+02	   1.0000000e+00	   3.0000000e+00	   4.9850000e+00	   4.5700000e+00	   2.7850000e+00	   1.0000000e+00	   2.0000000e+00	   3.0000000e+00	   1.0000000e+00	   8.8100000e+02	
   1.1300000e+02	   1.1600000e+02	   2.1300000e+02	   8.0000000e+00	   3.0000000e+00	   4.7700000e+00	   4.5250000e+00	   3.3500000e+00	   2.0000000e+00	   3.0000000e+00	   1.0000000e+00	   2.0000000e+00	   1.1010000e+03	
   2.0200000e+02	   3.0800000e+02	   3.1100000e+02	   1.4000000e+01	   5.0000000e+00	   5.0000000e+00	   4.0250000e+00	   2.6550000e+00	   2.0000000e+00	   3.0000000e+00	   1.0000000e+00	   2.0000000e+00	   7.1800000e+02	
   2.0300000e+02	   3.1200000e+02	   3.0500000e+02	   1.3000000e+01	   3.0000000e+00	   4.9650000e+00	   4.5850000e+00	   9.1500000e-01	   2.0000000e+00	   3.0000000e+00	   1.0000000e+00	   2.0000000e+00	   7.5400000e+02	
   1.0200000e+02	   1.1100000e+02	   2.1200000e+02	   7.0000000e+00	   4.0000000e+00	   4.5800000e+00	   5.0000000e+00	   2.5500000e+00	   2.0000000e+00	   1.0000000e+00	   3.0000000e+00	   1.0000000e+00	   1.1500000e+03	
   1.0100000e+02	   2.0700000e+02	   1.0500000e+02	   1.0000000e+00	   5.0000000e+00	   3.6200000e+00	   4.6450000e+00	   2.7850000e+00	   2.0000000e+00	   1.0000000e+00	   3.0000000e+00	   1.0000000e+00	   2.5600000e+03	
   1.0100000e+02	   1.1200000e+02	   2.1500000e+02	   9.0000000e+00	   5.0000000e+00	   3.6200000e+00	   4.5700000e+00	   0.0000000e+00	   3.0000000e+00	   1.0000000e+00	   2.0000000e+00	   1.0000000e+00	   8.7300000e+02	
   2.0200000e+02	   2.0300000e+02	   1.1500000e+02	   5.0000000e+00	   1.0000000e+00	   5.0000000e+00	   4.9650000e+00	   3.5550000e+00	   1.0000000e+00	   2.0000000e+00	   3.0000000e+00	   1.0000000e+00	   6.3000000e+02	
   2.0300000e+02	   2.0500000e+02	   3.1100000e+02	   1.4000000e+01	   2.0000000e+00	   4.9650000e+00	   4.7900000e+00	   2.6550000e+00	   3.0000000e+00	   2.0000000e+00	   1.0000000e+00	   3.0000000e+00	   7.2900000e+02	
   1.0100000e+02	   2.0700000e+02	   3.0100000e+02	   1.0000000e+01	   5.0000000e+00	   3.6200000e+00	   4.6450000e+00	   1.9900000e+00	   1.0000000e+00	   3.0000000e+00	   2.0000000e+00	   3.0000000e+00	   1.0600000e+03	
   1.0200000e+02	   1.0300000e+02	   3.0500000e+02	   1.3000000e+01	   1.0000000e+00	   4.5800000e+00	   4.5200000e+00	   9.1500000e-01	   1.0000000e+00	   2.0000000e+00	   3.0000000e+00	   1.0000000e+00	   9.9700000e+02	
   1.1300000e+02	   3.0800000e+02	   2.1200000e+02	   7.0000000e+00	   5.0000000e+00	   4.7700000e+00	   4.0250000e+00	   2.5500000e+00	   1.0000000e+00	   3.0000000e+00	   2.0000000e+00	   1.0000000e+00	   1.0240000e+03	
   1.0100000e+02	   2.0500000e+02	   1.0500000e+02	   1.0000000e+00	   5.0000000e+00	   3.6200000e+00	   4.7900000e+00	   2.7850000e+00	   2.0000000e+00	   3.0000000e+00	   1.0000000e+00	   3.0000000e+00	   1.1850000e+03	
   1.1600000e+02	   2.0700000e+02	   1.1500000e+02	   5.0000000e+00	   2.0000000e+00	   4.5250000e+00	   4.6450000e+00	   3.5550000e+00	   1.0000000e+00	   2.0000000e+00	   3.0000000e+00	   2.0000000e+00	   8.0800000e+02	
   1.1100000e+02	   3.1200000e+02	   2.0400000e+02	   6.0000000e+00	   3.0000000e+00	   5.0000000e+00	   4.5850000e+00	   1.4700000e+00	   2.0000000e+00	   3.0000000e+00	   1.0000000e+00	   2.0000000e+00	   9.7500000e+02	
   1.1200000e+02	   3.1200000e+02	   3.1100000e+02	   1.4000000e+01	   1.0000000e+00	   4.5700000e+00	   4.5850000e+00	   2.6550000e+00	   1.0000000e+00	   2.0000000e+00	   3.0000000e+00	   1.0000000e+00	   1.1170000e+03	
   1.0100000e+02	   1.0900000e+02	   2.1500000e+02	   9.0000000e+00	   5.0000000e+00	   3.6200000e+00	   4.9850000e+00	   0.0000000e+00	   2.0000000e+00	   1.0000000e+00	   3.0000000e+00	   1.0000000e+00	   8.3000000e+02	
   1.0300000e+02	   2.0700000e+02	   3.1400000e+02	   1.5000000e+01	   2.0000000e+00	   4.5200000e+00	   4.6450000e+00	   3.5900000e+00	   2.0000000e+00	   3.0000000e+00	   1.0000000e+00	   1.0000000e+00	   1.7770000e+03	
   2.1100000e+02	   3.0800000e+02	   3.0200000e+02	   1.1000000e+01	   5.0000000e+00	   5.0000000e+00	   4.0250000e+00	   3.0250000e+00	   3.0000000e+00	   2.0000000e+00	   1.0000000e+00	   3.0000000e+00	   6.6100000e+02	
   2.0200000e+02	   2.0500000e+02	   2.1300000e+02	   8.0000000e+00	   2.0000000e+00	   5.0000000e+00	   4.7900000e+00	   3.3500000e+00	   1.0000000e+00	   3.0000000e+00	   2.0000000e+00	   1.0000000e+00	   7.7000000e+02	
   2.1100000e+02	   3.0800000e+02	   1.0600000e+02	   2.0000000e+00	   5.0000000e+00	   5.0000000e+00	   4.0250000e+00	   2.4550000e+00	   3.0000000e+00	   1.0000000e+00	   2.0000000e+00	   3.0000000e+00	   9.5500000e+02	
   1.1200000e+02	   2.0700000e+02	   2.1200000e+02	   7.0000000e+00	   2.0000000e+00	   4.5700000e+00	   4.6450000e+00	   2.5500000e+00	   3.0000000e+00	   1.0000000e+00	   2.0000000e+00	   1.0000000e+00	   1.8220000e+03	
   1.0100000e+02	   2.0500000e+02	   3.0300000e+02	   1.2000000e+01	   5.0000000e+00	   3.6200000e+00	   4.7900000e+00	   3.5350000e+00	   3.0000000e+00	   2.0000000e+00	   1.0000000e+00	   1.0000000e+00	   1.2120000e+03	
   1.0300000e+02	   1.0900000e+02	   1.1500000e+02	   5.0000000e+00	   4.0000000e+00	   4.5200000e+00	   4.9850000e+00	   3.5550000e+00	   3.0000000e+00	   2.0000000e+00	   1.0000000e+00	   2.0000000e+00	   1.0160000e+03	
   2.0300000e+02	   2.0700000e+02	   1.1500000e+02	   5.0000000e+00	   3.0000000e+00	   4.9650000e+00	   4.6450000e+00	   3.5550000e+00	   3.0000000e+00	   1.0000000e+00	   2.0000000e+00	   3.0000000e+00	   7.3100000e+02	
   1.1200000e+02	   2.0700000e+02	   3.0200000e+02	   1.1000000e+01	   2.0000000e+00	   4.5700000e+00	   4.6450000e+00	   3.0250000e+00	   1.0000000e+00	   3.0000000e+00	   2.0000000e+00	   3.0000000e+00	   9.1400000e+02	
   1.1600000e+02	   2.0700000e+02	   2.0400000e+02	   6.0000000e+00	   2.0000000e+00	   4.5250000e+00	   4.6450000e+00	   1.4700000e+00	   1.0000000e+00	   2.0000000e+00	   3.0000000e+00	   2.0000000e+00	   6.7900000e+02	
   2.1100000e+02	   3.1200000e+02	   2.1500000e+02	   9.0000000e+00	   3.0000000e+00	   5.0000000e+00	   4.5850000e+00	   0.0000000e+00	   2.0000000e+00	   1.0000000e+00	   3.0000000e+00	   2.0000000e+00	   7.2600000e+02	
   1.1100000e+02	   1.1200000e+02	   3.0500000e+02	   1.3000000e+01	   4.0000000e+00	   5.0000000e+00	   4.5700000e+00	   9.1500000e-01	   2.0000000e+00	   3.0000000e+00	   1.0000000e+00	   3.0000000e+00	   1.1200000e+03	
   1.0300000e+02	   3.1200000e+02	   3.1100000e+02	   1.4000000e+01	   2.0000000e+00	   4.5200000e+00	   4.5850000e+00	   2.6550000e+00	   3.0000000e+00	   1.0000000e+00	   2.0000000e+00	   1.0000000e+00	   1.3350000e+03	
   1.1200000e+02	   2.0200000e+02	   2.0400000e+02	   6.0000000e+00	   4.0000000e+00	   4.5700000e+00	   5.0000000e+00	   1.4700000e+00	   2.0000000e+00	   1.0000000e+00	   3.0000000e+00	   1.0000000e+00	   8.3300000e+02	
   1.1600000e+02	   2.0500000e+02	   2.1300000e+02	   8.0000000e+00	   3.0000000e+00	   4.5250000e+00	   4.7900000e+00	   3.3500000e+00	   3.0000000e+00	   2.0000000e+00	   1.0000000e+00	   2.0000000e+00	   1.5620000e+03	
   1.1600000e+02	   2.0200000e+02	   3.1100000e+02	   1.4000000e+01	   4.0000000e+00	   4.5250000e+00	   5.0000000e+00	   2.6550000e+00	   1.0000000e+00	   3.0000000e+00	   2.0000000e+00	   3.0000000e+00	   7.2500000e+02	
   1.0200000e+02	   3.1200000e+02	   3.0200000e+02	   1.1000000e+01	   1.0000000e+00	   4.5800000e+00	   4.5850000e+00	   3.0250000e+00	   2.0000000e+00	   1.0000000e+00	   3.0000000e+00	   1.0000000e+00	   1.1970000e+03	
   1.0200000e+02	   1.1300000e+02	   2.0400000e+02	   6.0000000e+00	   2.0000000e+00	   4.5800000e+00	   4.7700000e+00	   1.4700000e+00	   2.0000000e+00	   1.0000000e+00	   3.0000000e+00	   1.0000000e+00	   1.6040000e+03	
   1.0200000e+02	   1.0300000e+02	   2.1300000e+02	   8.0000000e+00	   1.0000000e+00	   4.5800000e+00	   4.5200000e+00	   3.3500000e+00	   2.0000000e+00	   3.0000000e+00	   1.0000000e+00	   2.0000000e+00	   9.2700000e+02	
   1.0100000e+02	   3.1200000e+02	   1.1500000e+02	   5.0000000e+00	   5.0000000e+00	   3.6200000e+00	   4.5850000e+00	   3.5550000e+00	   2.0000000e+00	   1.0000000e+00	   3.0000000e+00	   1.0000000e+00	   1.4690000e+03	
   1.1600000e+02	   2.0200000e+02	   3.0500000e+02	   1.3000000e+01	   4.0000000e+00	   4.5250000e+00	   5.0000000e+00	   9.1500000e-01	   3.0000000e+00	   2.0000000e+00	   1.0000000e+00	   2.0000000e+00	   7.8200000e+02	
   1.1300000e+02	   3.1200000e+02	   1.1000000e+02	   4.0000000e+00	   2.0000000e+00	   4.7700000e+00	   4.5850000e+00	   2.9900000e+00	   1.0000000e+00	   2.0000000e+00	   3.0000000e+00	   2.0000000e+00	   7.1200000e+02	
   1.1200000e+02	   2.0200000e+02	   3.1100000e+02	   1.4000000e+01	   4.0000000e+00	   4.5700000e+00	   5.0000000e+00	   2.6550000e+00	   1.0000000e+00	   3.0000000e+00	   2.0000000e+00	   3.0000000e+00	   6.8400000e+02	
   1.0100000e+02	   2.0200000e+02	   2.1200000e+02	   7.0000000e+00	   5.0000000e+00	   3.6200000e+00	   5.0000000e+00	   2.5500000e+00	   2.0000000e+00	   3.0000000e+00	   1.0000000e+00	   3.0000000e+00	   9.9100000e+02	
   1.1100000e+02	   3.0800000e+02	   3.1400000e+02	   1.5000000e+01	   5.0000000e+00	   5.0000000e+00	   4.0250000e+00	   3.5900000e+00	   1.0000000e+00	   3.0000000e+00	   2.0000000e+00	   1.0000000e+00	   1.0010000e+03	
   2.0300000e+02	   2.1100000e+02	   1.0600000e+02	   2.0000000e+00	   1.0000000e+00	   4.9650000e+00	   5.0000000e+00	   2.4550000e+00	   2.0000000e+00	   3.0000000e+00	   1.0000000e+00	   2.0000000e+00	   1.0560000e+03	
   1.0300000e+02	   1.1600000e+02	   3.0500000e+02	   1.3000000e+01	   1.0000000e+00	   4.5200000e+00	   4.5250000e+00	   9.1500000e-01	   1.0000000e+00	   3.0000000e+00	   2.0000000e+00	   3.0000000e+00	   6.9100000e+02	
   1.0300000e+02	   1.0900000e+02	   3.0300000e+02	   1.2000000e+01	   4.0000000e+00	   4.5200000e+00	   4.9850000e+00	   3.5350000e+00	   1.0000000e+00	   3.0000000e+00	   2.0000000e+00	   3.0000000e+00	   1.4340000e+03	
   1.1200000e+02	   2.1100000e+02	   1.0500000e+02	   1.0000000e+00	   4.0000000e+00	   4.5700000e+00	   5.0000000e+00	   2.7850000e+00	   2.0000000e+00	   1.0000000e+00	   3.0000000e+00	   1.0000000e+00	   7.6500000e+02	
   2.0200000e+02	   3.1200000e+02	   2.0400000e+02	   6.0000000e+00	   3.0000000e+00	   5.0000000e+00	   4.5850000e+00	   1.4700000e+00	   1.0000000e+00	   2.0000000e+00	   3.0000000e+00	   1.0000000e+00	   7.1000000e+02	
   1.0900000e+02	   1.1300000e+02	   3.0200000e+02	   1.1000000e+01	   2.0000000e+00	   4.9850000e+00	   4.7700000e+00	   3.0250000e+00	   2.0000000e+00	   1.0000000e+00	   3.0000000e+00	   2.0000000e+00	   1.1570000e+03	
   2.0500000e+02	   3.0800000e+02	   3.0300000e+02	   1.2000000e+01	   5.0000000e+00	   4.7900000e+00	   4.0250000e+00	   3.5350000e+00	   2.0000000e+00	   3.0000000e+00	   1.0000000e+00	   2.0000000e+00	   1.4950000e+03	
   1.0200000e+02	   2.0300000e+02	   1.0700000e+02	   3.0000000e+00	   3.0000000e+00	   4.5800000e+00	   4.9650000e+00	   3.5700000e+00	   2.0000000e+00	   1.0000000e+00	   3.0000000e+00	   1.0000000e+00	   7.8900000e+02	
   1.0900000e+02	   3.1200000e+02	   3.1400000e+02	   1.5000000e+01	   3.0000000e+00	   4.9850000e+00	   4.5850000e+00	   3.5900000e+00	   3.0000000e+00	   1.0000000e+00	   2.0000000e+00	   3.0000000e+00	   2.9980000e+03	
   1.1600000e+02	   2.1100000e+02	   2.1300000e+02	   8.0000000e+00	   4.0000000e+00	   4.5250000e+00	   5.0000000e+00	   3.3500000e+00	   3.0000000e+00	   1.0000000e+00	   2.0000000e+00	   1.0000000e+00	   6.7200000e+02	
   1.1300000e+02	   3.1200000e+02	   3.0500000e+02	   1.3000000e+01	   2.0000000e+00	   4.7700000e+00	   4.5850000e+00	   9.1500000e-01	   3.0000000e+00	   1.0000000e+00	   2.0000000e+00	   3.0000000e+00	   1.1080000e+03	
   1.1300000e+02	   2.0300000e+02	   1.0500000e+02	   1.0000000e+00	   2.0000000e+00	   4.7700000e+00	   4.9650000e+00	   2.7850000e+00	   3.0000000e+00	   2.0000000e+00	   1.0000000e+00	   3.0000000e+00	   8.7600000e+02	
   1.1200000e+02	   2.0200000e+02	   3.0200000e+02	   1.1000000e+01	   4.0000000e+00	   4.5700000e+00	   5.0000000e+00	   3.0250000e+00	   1.0000000e+00	   2.0000000e+00	   3.0000000e+00	   2.0000000e+00	   1.2150000e+03	
   1.1200000e+02	   2.0500000e+02	   2.1300000e+02	   8.0000000e+00	   2.0000000e+00	   4.5700000e+00	   4.7900000e+00	   3.3500000e+00	   1.0000000e+00	   3.0000000e+00	   2.0000000e+00	   1.0000000e+00	   1.2390000e+03	
   1.0200000e+02	   2.1100000e+02	   2.1500000e+02	   9.0000000e+00	   4.0000000e+00	   4.5800000e+00	   5.0000000e+00	   0.0000000e+00	   2.0000000e+00	   1.0000000e+00	   3.0000000e+00	   1.0000000e+00	   7.2800000e+02	
   1.1200000e+02	   1.1600000e+02	   2.1200000e+02	   7.0000000e+00	   1.0000000e+00	   4.5700000e+00	   4.5250000e+00	   2.5500000e+00	   1.0000000e+00	   2.0000000e+00	   3.0000000e+00	   1.0000000e+00	   9.0700000e+02	
   1.0300000e+02	   2.1100000e+02	   3.0200000e+02	   1.1000000e+01	   4.0000000e+00	   4.5200000e+00	   5.0000000e+00	   3.0250000e+00	   2.0000000e+00	   3.0000000e+00	   1.0000000e+00	   3.0000000e+00	   8.2800000e+02	
   2.0300000e+02	   3.0800000e+02	   3.0500000e+02	   1.3000000e+01	   5.0000000e+00	   4.9650000e+00	   4.0250000e+00	   9.1500000e-01	   2.0000000e+00	   1.0000000e+00	   3.0000000e+00	   2.0000000e+00	   7.0500000e+02	
   1.1300000e+02	   2.0300000e+02	   1.0600000e+02	   2.0000000e+00	   2.0000000e+00	   4.7700000e+00	   4.9650000e+00	   2.4550000e+00	   1.0000000e+00	   3.0000000e+00	   2.0000000e+00	   3.0000000e+00	   6.9900000e+02	
   1.1600000e+02	   2.0200000e+02	   1.0500000e+02	   1.0000000e+00	   4.0000000e+00	   4.5250000e+00	   5.0000000e+00	   2.7850000e+00	   1.0000000e+00	   2.0000000e+00	   3.0000000e+00	   2.0000000e+00	   7.6600000e+02	
   2.1100000e+02	   3.1200000e+02	   1.1500000e+02	   5.0000000e+00	   3.0000000e+00	   5.0000000e+00	   4.5850000e+00	   3.5550000e+00	   3.0000000e+00	   2.0000000e+00	   1.0000000e+00	   3.0000000e+00	   1.1110000e+03	
   1.0900000e+02	   2.0200000e+02	   1.0700000e+02	   3.0000000e+00	   1.0000000e+00	   4.9850000e+00	   5.0000000e+00	   3.5700000e+00	   1.0000000e+00	   2.0000000e+00	   3.0000000e+00	   2.0000000e+00	   9.4500000e+02	
   2.0500000e+02	   3.0800000e+02	   1.1500000e+02	   5.0000000e+00	   5.0000000e+00	   4.7900000e+00	   4.0250000e+00	   3.5550000e+00	   3.0000000e+00	   2.0000000e+00	   1.0000000e+00	   2.0000000e+00	   1.2690000e+03	
   1.1100000e+02	   2.0700000e+02	   3.0200000e+02	   1.1000000e+01	   3.0000000e+00	   5.0000000e+00	   4.6450000e+00	   3.0250000e+00	   1.0000000e+00	   3.0000000e+00	   2.0000000e+00	   3.0000000e+00	   9.8100000e+02	
   1.1600000e+02	   2.0500000e+02	   2.1200000e+02	   7.0000000e+00	   3.0000000e+00	   4.5250000e+00	   4.7900000e+00	   2.5500000e+00	   2.0000000e+00	   1.0000000e+00	   3.0000000e+00	   1.0000000e+00	   7.7800000e+02	
   1.0900000e+02	   2.0200000e+02	   3.0300000e+02	   1.2000000e+01	   1.0000000e+00	   4.9850000e+00	   5.0000000e+00	   3.5350000e+00	   2.0000000e+00	   1.0000000e+00	   3.0000000e+00	   1.0000000e+00	   7.2200000e+02	
   1.0900000e+02	   2.0500000e+02	   1.0700000e+02	   3.0000000e+00	   2.0000000e+00	   4.9850000e+00	   4.7900000e+00	   3.5700000e+00	   3.0000000e+00	   1.0000000e+00	   2.0000000e+00	   1.0000000e+00	   1.0510000e+03	
   1.0900000e+02	   2.0500000e+02	   2.1500000e+02	   9.0000000e+00	   2.0000000e+00	   4.9850000e+00	   4.7900000e+00	   0.0000000e+00	   2.0000000e+00	   1.0000000e+00	   3.0000000e+00	   1.0000000e+00	   8.6700000e+02	
   1.0200000e+02	   3.0800000e+02	   2.1200000e+02	   7.0000000e+00	   4.0000000e+00	   4.5800000e+00	   4.0250000e+00	   2.5500000e+00	   2.0000000e+00	   1.0000000e+00	   3.0000000e+00	   1.0000000e+00	   1.1780000e+03	
   1.0200000e+02	   3.1200000e+02	   1.1500000e+02	   5.0000000e+00	   1.0000000e+00	   4.5800000e+00	   4.5850000e+00	   3.5550000e+00	   3.0000000e+00	   1.0000000e+00	   2.0000000e+00	   1.0000000e+00	   9.8600000e+02	
   2.0300000e+02	   2.1100000e+02	   2.1200000e+02	   7.0000000e+00	   1.0000000e+00	   4.9650000e+00	   5.0000000e+00	   2.5500000e+00	   1.0000000e+00	   2.0000000e+00	   3.0000000e+00	   1.0000000e+00	   7.1300000e+02	
   1.0300000e+02	   1.1300000e+02	   3.0100000e+02	   1.0000000e+01	   3.0000000e+00	   4.5200000e+00	   4.7700000e+00	   1.9900000e+00	   2.0000000e+00	   1.0000000e+00	   3.0000000e+00	   1.0000000e+00	   1.0640000e+03	
   1.0200000e+02	   3.1200000e+02	   3.0300000e+02	   1.2000000e+01	   1.0000000e+00	   4.5800000e+00	   4.5850000e+00	   3.5350000e+00	   3.0000000e+00	   2.0000000e+00	   1.0000000e+00	   3.0000000e+00	   2.5750000e+03	
   1.1300000e+02	   2.1100000e+02	   2.1200000e+02	   7.0000000e+00	   3.0000000e+00	   4.7700000e+00	   5.0000000e+00	   2.5500000e+00	   1.0000000e+00	   2.0000000e+00	   3.0000000e+00	   2.0000000e+00	   8.8700000e+02	
   2.0200000e+02	   2.0500000e+02	   3.1100000e+02	   1.4000000e+01	   2.0000000e+00	   5.0000000e+00	   4.7900000e+00	   2.6550000e+00	   2.0000000e+00	   3.0000000e+00	   1.0000000e+00	   2.0000000e+00	   6.7800000e+02	
   1.0900000e+02	   1.1300000e+02	   1.1000000e+02	   4.0000000e+00	   2.0000000e+00	   4.9850000e+00	   4.7700000e+00	   2.9900000e+00	   2.0000000e+00	   3.0000000e+00	   1.0000000e+00	   2.0000000e+00	   8.3300000e+02	
   1.0300000e+02	   2.0300000e+02	   3.1400000e+02	   1.5000000e+01	   4.0000000e+00	   4.5200000e+00	   4.9650000e+00	   3.5900000e+00	   2.0000000e+00	   1.0000000e+00	   3.0000000e+00	   1.0000000e+00	   1.1710000e+03	
   2.0500000e+02	   3.1200000e+02	   1.0700000e+02	   3.0000000e+00	   2.0000000e+00	   4.7900000e+00	   4.5850000e+00	   3.5700000e+00	   3.0000000e+00	   1.0000000e+00	   2.0000000e+00	   3.0000000e+00	   1.4120000e+03	
   1.1600000e+02	   2.0700000e+02	   2.1300000e+02	   8.0000000e+00	   2.0000000e+00	   4.5250000e+00	   4.6450000e+00	   3.3500000e+00	   2.0000000e+00	   3.0000000e+00	   1.0000000e+00	   3.0000000e+00	   7.7200000e+02	
   1.1200000e+02	   2.0200000e+02	   1.1000000e+02	   4.0000000e+00	   4.0000000e+00	   4.5700000e+00	   5.0000000e+00	   2.9900000e+00	   2.0000000e+00	   1.0000000e+00	   3.0000000e+00	   1.0000000e+00	   7.1000000e+02	
   1.0900000e+02	   1.1300000e+02	   3.1100000e+02	   1.4000000e+01	   2.0000000e+00	   4.9850000e+00	   4.7700000e+00	   2.6550000e+00	   3.0000000e+00	   1.0000000e+00	   2.0000000e+00	   3.0000000e+00	   9.4300000e+02	
   1.1200000e+02	   2.0200000e+02	   2.1500000e+02	   9.0000000e+00	   4.0000000e+00	   4.5700000e+00	   5.0000000e+00	   0.0000000e+00	   1.0000000e+00	   2.0000000e+00	   3.0000000e+00	   2.0000000e+00	   6.6800000e+02	
   1.0300000e+02	   3.0800000e+02	   3.1400000e+02	   1.5000000e+01	   4.0000000e+00	   4.5200000e+00	   4.0250000e+00	   3.5900000e+00	   1.0000000e+00	   2.0000000e+00	   3.0000000e+00	   2.0000000e+00	   1.0110000e+03	
   1.1200000e+02	   2.0300000e+02	   1.0700000e+02	   3.0000000e+00	   3.0000000e+00	   4.5700000e+00	   4.9650000e+00	   3.5700000e+00	   2.0000000e+00	   3.0000000e+00	   1.0000000e+00	   3.0000000e+00	   1.0820000e+03	
   1.0900000e+02	   2.0200000e+02	   2.0400000e+02	   6.0000000e+00	   1.0000000e+00	   4.9850000e+00	   5.0000000e+00	   1.4700000e+00	   1.0000000e+00	   3.0000000e+00	   2.0000000e+00	   3.0000000e+00	   1.0240000e+03	
   1.1200000e+02	   1.1600000e+02	   3.0100000e+02	   1.0000000e+01	   1.0000000e+00	   4.5700000e+00	   4.5250000e+00	   1.9900000e+00	   2.0000000e+00	   3.0000000e+00	   1.0000000e+00	   2.0000000e+00	   8.5200000e+02	
   1.1100000e+02	   3.0800000e+02	   3.0100000e+02	   1.0000000e+01	   5.0000000e+00	   5.0000000e+00	   4.0250000e+00	   1.9900000e+00	   3.0000000e+00	   2.0000000e+00	   1.0000000e+00	   3.0000000e+00	   8.5600000e+02	
   2.0200000e+02	   2.0700000e+02	   3.0300000e+02	   1.2000000e+01	   3.0000000e+00	   5.0000000e+00	   4.6450000e+00	   3.5350000e+00	   3.0000000e+00	   1.0000000e+00	   2.0000000e+00	   3.0000000e+00	   6.4500000e+02	
   1.0900000e+02	   2.0700000e+02	   2.1200000e+02	   7.0000000e+00	   3.0000000e+00	   4.9850000e+00	   4.6450000e+00	   2.5500000e+00	   1.0000000e+00	   3.0000000e+00	   2.0000000e+00	   3.0000000e+00	   6.5500000e+02	
   2.0300000e+02	   3.1200000e+02	   3.0100000e+02	   1.0000000e+01	   3.0000000e+00	   4.9650000e+00	   4.5850000e+00	   1.9900000e+00	   2.0000000e+00	   1.0000000e+00	   3.0000000e+00	   2.0000000e+00	   6.9700000e+02	
   1.0200000e+02	   3.1200000e+02	   1.0500000e+02	   1.0000000e+00	   1.0000000e+00	   4.5800000e+00	   4.5850000e+00	   2.7850000e+00	   1.0000000e+00	   3.0000000e+00	   2.0000000e+00	   3.0000000e+00	   1.0770000e+03	
   1.0900000e+02	   2.0700000e+02	   3.0500000e+02	   1.3000000e+01	   3.0000000e+00	   4.9850000e+00	   4.6450000e+00	   9.1500000e-01	   2.0000000e+00	   1.0000000e+00	   3.0000000e+00	   2.0000000e+00	   8.3200000e+02	
   1.0100000e+02	   1.0200000e+02	   3.0100000e+02	   1.0000000e+01	   5.0000000e+00	   3.6200000e+00	   4.5800000e+00	   1.9900000e+00	   1.0000000e+00	   2.0000000e+00	   3.0000000e+00	   2.0000000e+00	   8.8300000e+02	
   1.0300000e+02	   3.0800000e+02	   3.1100000e+02	   1.4000000e+01	   4.0000000e+00	   4.5200000e+00	   4.0250000e+00	   2.6550000e+00	   1.0000000e+00	   2.0000000e+00	   3.0000000e+00	   2.0000000e+00	   1.1990000e+03	
   1.0200000e+02	   1.0900000e+02	   2.1500000e+02	   9.0000000e+00	   3.0000000e+00	   4.5800000e+00	   4.9850000e+00	   0.0000000e+00	   2.0000000e+00	   3.0000000e+00	   1.0000000e+00	   3.0000000e+00	   1.1020000e+03	
   1.1100000e+02	   2.0500000e+02	   1.0600000e+02	   2.0000000e+00	   2.0000000e+00	   5.0000000e+00	   4.7900000e+00	   2.4550000e+00	   2.0000000e+00	   3.0000000e+00	   1.0000000e+00	   3.0000000e+00	   1.4580000e+03	
   1.0100000e+02	   1.1200000e+02	   1.0700000e+02	   3.0000000e+00	   5.0000000e+00	   3.6200000e+00	   4.5700000e+00	   3.5700000e+00	   2.0000000e+00	   1.0000000e+00	   3.0000000e+00	   1.0000000e+00	   1.3490000e+03	
