   1.0000000e+00	   3.0200000e+02	   3.0000000e+00	   5.0000000e+00	   1.7533000e+04	   3.6700000e+00	   2.2990000e+03	
   2.0000000e+00	   1.1400000e+02	   1.0000000e+00	   3.5600000e+00	   2.3900000e+03	   3.4700000e+00	   3.2990000e+03	
   3.0000000e+00	   1.1300000e+02	   1.0000000e+00	   5.0000000e+00	   3.4220000e+03	   5.0000000e+00	   1.7650000e+03	
   4.0000000e+00	   1.1600000e+02	   1.0000000e+00	   5.0000000e+00	   1.9900000e+03	   3.0200000e+00	   2.3000000e+03	
   5.0000000e+00	   2.0700000e+02	   2.0000000e+00	   5.0000000e+00	   1.8560000e+03	   3.0200000e+00	   2.5650000e+03	
   6.0000000e+00	   2.1300000e+02	   2.0000000e+00	   5.0000000e+00	   4.7550000e+03	   1.7200000e+00	   2.7990000e+03	
   7.0000000e+00	   1.1500000e+02	   1.0000000e+00	   3.4800000e+00	   2.4240000e+03	   3.6700000e+00	   1.2000000e+03	
   8.0000000e+00	   3.1100000e+02	   3.0000000e+00	   5.0000000e+00	   1.6890000e+03	   4.5400000e+00	   1.1670000e+03	
   9.0000000e+00	   1.1100000e+02	   1.0000000e+00	   5.0000000e+00	   2.0890000e+03	   5.0000000e+00	   1.0000000e+03	
   1.0000000e+01	   3.1200000e+02	   3.0000000e+00	   5.0000000e+00	   1.2230000e+03	   3.7000000e+00	   3.4670000e+03	
   1.1000000e+01	   3.0800000e+02	   3.0000000e+00	   3.5200000e+00	   2.7890000e+03	   3.6200000e+00	   2.2330000e+03	
   1.2000000e+01	   2.0400000e+02	   2.0000000e+00	   1.7500000e+00	   2.6890000e+03	   2.6100000e+00	   1.7320000e+03	
   1.3000000e+01	   2.1200000e+02	   2.0000000e+00	   2.4400000e+00	   2.4220000e+03	   1.5800000e+00	   2.2670000e+03	
   1.4000000e+01	   1.0200000e+02	   1.0000000e+00	   5.0000000e+00	   1.2560000e+03	   5.0000000e+00	   9.6700000e+02	
   1.5000000e+01	   2.0300000e+02	   2.0000000e+00	   5.0000000e+00	   2.3050000e+03	   2.5100000e+00	   1.1330000e+03	
   1.6000000e+01	   3.0700000e+02	   3.0000000e+00	   4.6200000e+00	   3.5890000e+03	   5.0000000e+00	   1.7990000e+03	
   1.7000000e+01	   3.0100000e+02	   3.0000000e+00	   5.0000000e+00	   1.2910000e+03	   4.5600000e+00	   2.0660000e+03	
   1.8000000e+01	   1.0500000e+02	   1.0000000e+00	   5.0000000e+00	   1.8570000e+03	   2.6500000e+00	   1.8320000e+03	
   1.9000000e+01	   1.0700000e+02	   1.0000000e+00	   5.0000000e+00	   1.9570000e+03	   2.5100000e+00	   2.7990000e+03	
   2.0000000e+01	   2.0800000e+02	   2.0000000e+00	   5.0000000e+00	   1.3900000e+03	   4.5600000e+00	   1.8320000e+03	
   2.1000000e+01	   2.0600000e+02	   2.0000000e+00	   5.0000000e+00	   1.3230000e+03	   5.0000000e+00	   9.0000000e+02	
   2.2000000e+01	   3.0600000e+02	   3.0000000e+00	   4.9300000e+00	   1.7380000e+03	   2.6300000e+00	   3.2660000e+03	
   2.3000000e+01	   3.0900000e+02	   3.0000000e+00	   5.0000000e+00	   1.5230000e+03	   3.6700000e+00	   2.1000000e+03	
   2.4000000e+01	   2.1100000e+02	   2.0000000e+00	   5.0000000e+00	   1.4070000e+03	   2.4100000e+00	   1.2000000e+03	
   2.5000000e+01	   3.0400000e+02	   3.0000000e+00	   5.0000000e+00	   1.7560000e+03	   3.7200000e+00	   1.5660000e+03	
   2.6000000e+01	   3.1000000e+02	   3.0000000e+00	   3.5300000e+00	   2.7560000e+03	   2.7200000e+00	   1.9000000e+03	
   2.7000000e+01	   2.0500000e+02	   2.0000000e+00	   5.0000000e+00	   2.5900000e+03	   2.6800000e+00	   1.8330000e+03	
   2.8000000e+01	   3.1300000e+02	   3.0000000e+00	   5.0000000e+00	   1.3230000e+03	   2.0400000e+00	   1.6990000e+03	
   2.9000000e+01	   1.0400000e+02	   1.0000000e+00	   1.4200000e+00	   2.5230000e+03	   1.6500000e+00	   1.9310000e+03	
   3.0000000e+01	   2.0900000e+02	   2.0000000e+00	   5.0000000e+00	   1.6900000e+03	   2.5300000e+00	   2.2660000e+03	
   3.1000000e+01	   1.0900000e+02	   1.0000000e+00	   5.0000000e+00	   1.0890000e+03	   5.0000000e+00	   1.2500000e+03	
   3.2000000e+01	   1.0100000e+02	   1.0000000e+00	   5.0000000e+00	   1.3560000e+03	   3.5600000e+00	   1.3660000e+03	
   3.3000000e+01	   2.0200000e+02	   2.0000000e+00	   5.0000000e+00	   1.1900000e+03	   2.5000000e+00	   1.1340000e+03	
   3.4000000e+01	   1.1000000e+02	   1.0000000e+00	   3.5400000e+00	   2.9560000e+03	   3.0400000e+00	   1.0670000e+03	
   3.5000000e+01	   2.1000000e+02	   2.0000000e+00	   5.0000000e+00	   1.2380000e+03	   3.7400000e+00	   2.2330000e+03	
   3.6000000e+01	   1.0300000e+02	   1.0000000e+00	   5.0000000e+00	   1.7380000e+03	   2.6500000e+00	   1.5660000e+03	
   3.7000000e+01	   1.1200000e+02	   1.0000000e+00	   5.0000000e+00	   1.1220000e+03	   5.0000000e+00	   8.9900000e+02	
   3.8000000e+01	   1.0800000e+02	   1.0000000e+00	   5.0000000e+00	   2.2900000e+03	   2.5000000e+00	   3.5490000e+03	
   3.9000000e+01	   3.0300000e+02	   3.0000000e+00	   4.9900000e+00	   1.6890000e+03	   2.6900000e+00	   2.1660000e+03	
   4.0000000e+01	   3.1400000e+02	   3.0000000e+00	   5.0000000e+00	   1.6230000e+03	   3.6500000e+00	   1.1320000e+03	
   4.1000000e+01	   2.0100000e+02	   2.0000000e+00	   1.7000000e+00	   2.0910000e+03	   1.5200000e+00	   2.4660000e+03	
   4.2000000e+01	   2.1400000e+02	   2.0000000e+00	   6.7000000e-01	   3.1200000e+03	   2.4900000e+00	   2.1320000e+03	
   4.3000000e+01	   3.0500000e+02	   3.0000000e+00	   5.9000000e-01	   2.5890000e+03	   2.4400000e+00	   2.3330000e+03	
   4.4000000e+01	   1.0600000e+02	   1.0000000e+00	   3.3100000e+00	   2.8220000e+03	   3.6700000e+00	   1.9990000e+03	
   4.5000000e+01	   2.1500000e+02	   2.0000000e+00	   4.8000000e-01	   2.7550000e+03	   2.4900000e+00	   1.5320000e+03	
