   1.0000000e+00	   1.0000000e+00	   1.0300000e+02	   3.0100000e+00	   3.7110000e+03	
   1.0000000e+00	   2.0000000e+00	   1.0200000e+02	   3.1700000e+00	   2.3940000e+03	
   1.0000000e+00	   3.0000000e+00	   2.0900000e+02	   1.7500000e+00	   1.9280000e+03	
   1.0000000e+00	   4.0000000e+00	   2.0600000e+02	   1.6800000e+00	   5.5590000e+03	
   1.0000000e+00	   5.0000000e+00	   1.1100000e+02	   3.2200000e+00	   3.3940000e+03	
   1.0000000e+00	   6.0000000e+00	   3.1000000e+02	   3.7200000e+00	   3.5260000e+03	
   1.0000000e+00	   7.0000000e+00	   2.0200000e+02	   7.3000000e-01	   3.8270000e+03	
   1.0000000e+00	   8.0000000e+00	   1.0500000e+02	   1.6700000e+00	   5.3610000e+03	
   1.0000000e+00	   9.0000000e+00	   1.1400000e+02	   1.8600000e+00	   2.9270000e+03	
   1.0000000e+00	   1.0000000e+01	   2.1100000e+02	   3.0000000e-01	   2.7610000e+03	
   1.0000000e+00	   1.1000000e+01	   2.0800000e+02	   3.8300000e+00	   5.5280000e+03	
   1.0000000e+00	   1.2000000e+01	   2.0300000e+02	   4.9000000e-01	   2.4270000e+03	
   1.0000000e+00	   1.3000000e+01	   2.1400000e+02	   3.1800000e+00	   2.9280000e+03	
   1.0000000e+00	   1.4000000e+01	   3.1100000e+02	   4.0300000e+00	   8.8600000e+03	
   1.0000000e+00	   1.5000000e+01	   1.1300000e+02	   1.8500000e+00	   2.1600000e+03	
   1.0000000e+00	   1.6000000e+01	   1.1000000e+02	   1.3800000e+00	   3.2600000e+03	
   1.0000000e+00	   1.7000000e+01	   3.0900000e+02	   2.7800000e+00	   5.1440000e+03	
   1.0000000e+00	   1.8000000e+01	   3.0200000e+02	   1.8400000e+00	   1.7590000e+03	
   1.0000000e+00	   1.9000000e+01	   1.0900000e+02	   3.7800000e+00	   6.2940000e+03	
   1.0000000e+00	   2.0000000e+01	   1.1500000e+02	   8.5000000e-01	   2.4450000e+03	
   1.0000000e+00	   2.1000000e+01	   3.0400000e+02	   1.4000000e-01	   2.3620000e+03	
   1.0000000e+00	   2.2000000e+01	   3.0600000e+02	   2.2100000e+00	   2.7270000e+03	
   1.0000000e+00	   2.3000000e+01	   1.0800000e+02	   1.6900000e+00	   5.6930000e+03	
   1.0000000e+00	   2.4000000e+01	   1.0100000e+02	   1.1400000e+00	   2.0290000e+03	
   1.0000000e+00	   2.5000000e+01	   1.0400000e+02	   1.3700000e+00	   2.6940000e+03	
   1.0000000e+00	   2.6000000e+01	   3.0100000e+02	   2.8700000e+00	   6.2590000e+03	
   1.0000000e+00	   2.7000000e+01	   3.0500000e+02	   1.7800000e+00	   2.2290000e+03	
   1.0000000e+00	   2.8000000e+01	   2.1300000e+02	   4.5000000e-01	   3.5260000e+03	
   1.0000000e+00	   2.9000000e+01	   3.0800000e+02	   4.0000000e-02	   4.4920000e+03	
   1.0000000e+00	   3.0000000e+01	   1.1200000e+02	   3.8700000e+00	   3.0610000e+03	
   1.0000000e+00	   3.1000000e+01	   1.0700000e+02	   2.7800000e+00	   2.7620000e+03	
   1.0000000e+00	   3.2000000e+01	   1.1600000e+02	   3.3000000e+00	   1.1591000e+04	
   1.0000000e+00	   3.3000000e+01	   1.0600000e+02	   4.0200000e+00	   9.1250000e+03	
   1.0000000e+00	   3.4000000e+01	   3.1300000e+02	   6.6000000e-01	   3.1930000e+03	
   1.0000000e+00	   3.5000000e+01	   2.0500000e+02	   2.9600000e+00	   3.7940000e+03	
   1.0000000e+00	   3.6000000e+01	   2.0400000e+02	   7.3000000e-01	   5.6250000e+03	
   1.0000000e+00	   3.7000000e+01	   2.1500000e+02	   2.0500000e+00	   4.2250000e+03	
   1.0000000e+00	   3.8000000e+01	   3.0300000e+02	   1.1600000e+00	   4.7600000e+03	
   1.0000000e+00	   3.9000000e+01	   3.1200000e+02	   6.3000000e-01	   3.1920000e+03	
   1.0000000e+00	   4.0000000e+01	   2.0700000e+02	   3.0700000e+00	   3.1930000e+03	
   1.0000000e+00	   4.1000000e+01	   3.1400000e+02	   5.0000000e+00	   3.1610000e+03	
   1.0000000e+00	   4.2000000e+01	   2.1000000e+02	   1.8200000e+00	   3.5600000e+03	
   1.0000000e+00	   4.3000000e+01	   2.0100000e+02	   1.3100000e+00	   4.0920000e+03	
   1.0000000e+00	   4.4000000e+01	   3.0700000e+02	   2.9300000e+00	   4.0260000e+03	
   1.0000000e+00	   4.5000000e+01	   2.1200000e+02	   1.5700000e+00	   7.0600000e+03	
   2.0000000e+00	   1.0000000e+00	   3.1200000e+02	   1.6100000e+00	   7.3580000e+03	
   2.0000000e+00	   2.0000000e+00	   1.0900000e+02	   4.0300000e+00	   4.9600000e+03	
   2.0000000e+00	   3.0000000e+00	   2.1400000e+02	   2.6700000e+00	   9.6270000e+03	
   2.0000000e+00	   4.0000000e+00	   2.0600000e+02	   2.9300000e+00	   5.8590000e+03	
   2.0000000e+00	   5.0000000e+00	   2.0200000e+02	   2.6000000e-01	   1.2092000e+04	
   2.0000000e+00	   6.0000000e+00	   2.1500000e+02	   2.8100000e+00	   2.6280000e+03	
   2.0000000e+00	   7.0000000e+00	   2.0400000e+02	   1.0900000e+00	   2.6280000e+03	
   2.0000000e+00	   8.0000000e+00	   2.0700000e+02	   3.1300000e+00	   4.4270000e+03	
   2.0000000e+00	   9.0000000e+00	   3.0400000e+02	   5.0000000e-01	   1.8280000e+03	
   2.0000000e+00	   1.0000000e+01	   3.1300000e+02	   9.2000000e-01	   3.1610000e+03	
   2.0000000e+00	   1.1000000e+01	   1.0100000e+02	   1.8400000e+00	   3.7940000e+03	
   2.0000000e+00	   1.2000000e+01	   3.1000000e+02	   3.1200000e+00	   1.7610000e+03	
   2.0000000e+00	   1.3000000e+01	   3.0900000e+02	   2.6400000e+00	   1.9950000e+03	
   2.0000000e+00	   1.4000000e+01	   1.1100000e+02	   3.2900000e+00	   2.7280000e+03	
   2.0000000e+00	   1.5000000e+01	   3.1100000e+02	   3.7500000e+00	   2.9610000e+03	
   2.0000000e+00	   1.6000000e+01	   1.0500000e+02	   1.2300000e+00	   3.3610000e+03	
   2.0000000e+00	   1.7000000e+01	   1.1500000e+02	   1.9000000e-01	   2.1620000e+03	
   2.0000000e+00	   1.8000000e+01	   2.0500000e+02	   2.5900000e+00	   4.7260000e+03	
   2.0000000e+00	   1.9000000e+01	   2.1000000e+02	   1.1500000e+00	   1.7280000e+03	
   2.0000000e+00	   2.0000000e+01	   1.0800000e+02	   2.8400000e+00	   1.2624000e+04	
   2.0000000e+00	   2.1000000e+01	   3.0600000e+02	   1.4800000e+00	   1.9630000e+03	
   2.0000000e+00	   2.2000000e+01	   3.0500000e+02	   2.0600000e+00	   2.2940000e+03	
   2.0000000e+00	   2.3000000e+01	   2.0100000e+02	   3.7000000e-01	   2.3270000e+03	
   2.0000000e+00	   2.4000000e+01	   3.1400000e+02	   5.0000000e+00	   2.6960000e+03	
   2.0000000e+00	   2.5000000e+01	   1.0400000e+02	   2.0500000e+00	   2.1950000e+03	
   2.0000000e+00	   2.6000000e+01	   2.0900000e+02	   1.4900000e+00	   5.8600000e+03	
   2.0000000e+00	   2.7000000e+01	   2.0800000e+02	   3.7300000e+00	   2.2270000e+03	
   2.0000000e+00	   2.8000000e+01	   2.1200000e+02	   2.8200000e+00	   1.8280000e+03	
   2.0000000e+00	   2.9000000e+01	   1.1000000e+02	   8.4000000e-01	   2.4620000e+03	
   2.0000000e+00	   3.0000000e+01	   1.0300000e+02	   2.0100000e+00	   4.0600000e+03	
   2.0000000e+00	   3.1000000e+01	   2.1300000e+02	   7.4000000e-01	   4.8270000e+03	
   2.0000000e+00	   3.2000000e+01	   1.1600000e+02	   2.2400000e+00	   6.4270000e+03	
   2.0000000e+00	   3.3000000e+01	   1.1400000e+02	   6.1000000e-01	   7.7260000e+03	
   2.0000000e+00	   3.4000000e+01	   3.0200000e+02	   1.5400000e+00	   1.8950000e+03	
   2.0000000e+00	   3.5000000e+01	   3.0300000e+02	   3.0000000e-02	   1.8280000e+03	
   2.0000000e+00	   3.6000000e+01	   2.1100000e+02	   1.1100000e+00	   2.2280000e+03	
   2.0000000e+00	   3.7000000e+01	   1.1300000e+02	   4.0000000e-02	   8.3590000e+03	
   2.0000000e+00	   3.8000000e+01	   3.0800000e+02	   1.2000000e-01	   2.4620000e+03	
   2.0000000e+00	   3.9000000e+01	   1.1200000e+02	   3.2500000e+00	   2.2610000e+03	
   2.0000000e+00	   4.0000000e+01	   2.0300000e+02	   1.1000000e+00	   3.7940000e+03	
   2.0000000e+00	   4.1000000e+01	   1.0700000e+02	   6.7000000e-01	   2.7940000e+03	
   2.0000000e+00	   4.2000000e+01	   3.0100000e+02	   1.5000000e+00	   7.0930000e+03	
   2.0000000e+00	   4.3000000e+01	   3.0700000e+02	   1.1000000e+00	   3.7940000e+03	
   2.0000000e+00	   4.4000000e+01	   1.0200000e+02	   2.5000000e+00	   2.3280000e+03	
   2.0000000e+00	   4.5000000e+01	   1.0600000e+02	   4.0800000e+00	   2.7620000e+03	
