   2.0500000e+02	   2.0700000e+02	   2.0300000e+02	   5.0000000e+00	   2.0000000e+00	   2.7750000e+00	   3.1000000e+00	   7.9500000e-01	   1.0000000e+00	   2.0000000e+00	   3.0000000e+00	   1.0000000e+00	   2.0170000e+03	
   2.0800000e+02	   3.0900000e+02	   3.0800000e+02	   1.5000000e+01	   4.0000000e+00	   3.7800000e+00	   2.7100000e+00	   8.0000000e-02	   2.0000000e+00	   3.0000000e+00	   1.0000000e+00	   2.0000000e+00	   1.7840000e+03	
   1.0900000e+02	   1.1200000e+02	   1.0400000e+02	   1.0000000e+00	   2.0000000e+00	   3.9050000e+00	   3.5600000e+00	   1.7100000e+00	   1.0000000e+00	   2.0000000e+00	   3.0000000e+00	   1.0000000e+00	   5.9880000e+03	
   2.1400000e+02	   3.0900000e+02	   2.1300000e+02	   1.2000000e+01	   1.0000000e+00	   2.9250000e+00	   2.7100000e+00	   5.9500000e-01	   3.0000000e+00	   1.0000000e+00	   2.0000000e+00	   1.0000000e+00	   8.9330000e+03	
   1.1200000e+02	   2.0500000e+02	   3.0700000e+02	   1.4000000e+01	   3.0000000e+00	   3.5600000e+00	   2.7750000e+00	   2.0150000e+00	   1.0000000e+00	   2.0000000e+00	   3.0000000e+00	   1.0000000e+00	   1.5560000e+03	
   1.0200000e+02	   2.0800000e+02	   2.0600000e+02	   7.0000000e+00	   4.0000000e+00	   2.8350000e+00	   3.7800000e+00	   2.3050000e+00	   2.0000000e+00	   1.0000000e+00	   3.0000000e+00	   1.0000000e+00	   6.1960000e+03	
   1.1600000e+02	   3.0900000e+02	   1.1400000e+02	   3.0000000e+00	   1.0000000e+00	   2.7700000e+00	   2.7100000e+00	   1.2350000e+00	   3.0000000e+00	   2.0000000e+00	   1.0000000e+00	   3.0000000e+00	   3.5320000e+03	
   1.0600000e+02	   1.0900000e+02	   3.0600000e+02	   1.3000000e+01	   1.0000000e+00	   4.0500000e+00	   3.9050000e+00	   1.8450000e+00	   1.0000000e+00	   2.0000000e+00	   3.0000000e+00	   1.0000000e+00	   2.5150000e+03	
   1.1100000e+02	   1.1200000e+02	   2.0600000e+02	   7.0000000e+00	   2.0000000e+00	   3.2550000e+00	   3.5600000e+00	   2.3050000e+00	   3.0000000e+00	   2.0000000e+00	   1.0000000e+00	   2.0000000e+00	   2.8040000e+03	
   1.0600000e+02	   2.0500000e+02	   3.0600000e+02	   1.3000000e+01	   5.0000000e+00	   4.0500000e+00	   2.7750000e+00	   1.8450000e+00	   3.0000000e+00	   2.0000000e+00	   1.0000000e+00	   2.0000000e+00	   1.1786000e+04	
   2.0500000e+02	   3.1400000e+02	   2.0300000e+02	   5.0000000e+00	   5.0000000e+00	   2.7750000e+00	   5.0000000e+00	   7.9500000e-01	   2.0000000e+00	   1.0000000e+00	   3.0000000e+00	   1.0000000e+00	   1.5480000e+03	
   1.0600000e+02	   3.1400000e+02	   2.0400000e+02	   6.0000000e+00	   4.0000000e+00	   4.0500000e+00	   5.0000000e+00	   9.1000000e-01	   1.0000000e+00	   3.0000000e+00	   2.0000000e+00	   3.0000000e+00	   1.0330000e+03	
   1.0900000e+02	   3.1400000e+02	   2.1200000e+02	   1.1000000e+01	   4.0000000e+00	   3.9050000e+00	   5.0000000e+00	   2.1950000e+00	   1.0000000e+00	   3.0000000e+00	   2.0000000e+00	   3.0000000e+00	   2.0820000e+03	
   1.0900000e+02	   2.1400000e+02	   2.0400000e+02	   6.0000000e+00	   4.0000000e+00	   3.9050000e+00	   2.9250000e+00	   9.1000000e-01	   2.0000000e+00	   3.0000000e+00	   1.0000000e+00	   2.0000000e+00	   2.9370000e+03	
   2.0800000e+02	   2.1400000e+02	   3.0700000e+02	   1.4000000e+01	   4.0000000e+00	   3.7800000e+00	   2.9250000e+00	   2.0150000e+00	   3.0000000e+00	   2.0000000e+00	   1.0000000e+00	   1.0000000e+00	   8.1760000e+03	
   1.0200000e+02	   2.0500000e+02	   2.1000000e+02	   9.0000000e+00	   1.0000000e+00	   2.8350000e+00	   2.7750000e+00	   1.4850000e+00	   1.0000000e+00	   3.0000000e+00	   2.0000000e+00	   1.0000000e+00	   3.1910000e+03	
   1.0600000e+02	   1.1600000e+02	   2.1300000e+02	   1.2000000e+01	   5.0000000e+00	   4.0500000e+00	   2.7700000e+00	   5.9500000e-01	   2.0000000e+00	   3.0000000e+00	   1.0000000e+00	   2.0000000e+00	   2.0580000e+03	
   2.0700000e+02	   2.0800000e+02	   2.0200000e+02	   4.0000000e+00	   3.0000000e+00	   3.1000000e+00	   3.7800000e+00	   4.9500000e-01	   1.0000000e+00	   2.0000000e+00	   3.0000000e+00	   1.0000000e+00	   5.9910000e+03	
   1.0900000e+02	   3.0900000e+02	   2.1100000e+02	   1.0000000e+01	   5.0000000e+00	   3.9050000e+00	   2.7100000e+00	   7.0500000e-01	   1.0000000e+00	   3.0000000e+00	   2.0000000e+00	   1.0000000e+00	   2.6150000e+03	
   2.0700000e+02	   3.1000000e+02	   2.0900000e+02	   8.0000000e+00	   2.0000000e+00	   3.1000000e+00	   3.4200000e+00	   1.6200000e+00	   1.0000000e+00	   2.0000000e+00	   3.0000000e+00	   2.0000000e+00	   2.3220000e+03	
   1.0900000e+02	   1.1600000e+02	   1.1400000e+02	   3.0000000e+00	   4.0000000e+00	   3.9050000e+00	   2.7700000e+00	   1.2350000e+00	   3.0000000e+00	   1.0000000e+00	   2.0000000e+00	   3.0000000e+00	   3.1430000e+03	
   2.1400000e+02	   3.1400000e+02	   2.1300000e+02	   1.2000000e+01	   5.0000000e+00	   2.9250000e+00	   5.0000000e+00	   5.9500000e-01	   3.0000000e+00	   2.0000000e+00	   1.0000000e+00	   2.0000000e+00	   1.7470000e+03	
   1.0900000e+02	   2.0800000e+02	   2.1000000e+02	   9.0000000e+00	   1.0000000e+00	   3.9050000e+00	   3.7800000e+00	   1.4850000e+00	   3.0000000e+00	   2.0000000e+00	   1.0000000e+00	   3.0000000e+00	   3.4940000e+03	
   1.0300000e+02	   3.0900000e+02	   2.0400000e+02	   6.0000000e+00	   1.0000000e+00	   2.5100000e+00	   2.7100000e+00	   9.1000000e-01	   1.0000000e+00	   2.0000000e+00	   3.0000000e+00	   2.0000000e+00	   2.5550000e+03	
   1.1100000e+02	   3.0900000e+02	   2.1200000e+02	   1.1000000e+01	   3.0000000e+00	   3.2550000e+00	   2.7100000e+00	   2.1950000e+00	   3.0000000e+00	   1.0000000e+00	   2.0000000e+00	   1.0000000e+00	   4.6420000e+03	
   1.1100000e+02	   2.0500000e+02	   3.0700000e+02	   1.4000000e+01	   2.0000000e+00	   3.2550000e+00	   2.7750000e+00	   2.0150000e+00	   2.0000000e+00	   3.0000000e+00	   1.0000000e+00	   2.0000000e+00	   1.3980000e+04	
   1.0900000e+02	   1.1100000e+02	   2.0900000e+02	   8.0000000e+00	   3.0000000e+00	   3.9050000e+00	   3.2550000e+00	   1.6200000e+00	   2.0000000e+00	   3.0000000e+00	   1.0000000e+00	   2.0000000e+00	   3.8050000e+03	
   1.0300000e+02	   1.1600000e+02	   2.1200000e+02	   1.1000000e+01	   2.0000000e+00	   2.5100000e+00	   2.7700000e+00	   2.1950000e+00	   3.0000000e+00	   2.0000000e+00	   1.0000000e+00	   2.0000000e+00	   2.4520000e+03	
   1.1100000e+02	   2.1400000e+02	   1.1400000e+02	   3.0000000e+00	   2.0000000e+00	   3.2550000e+00	   2.9250000e+00	   1.2350000e+00	   3.0000000e+00	   2.0000000e+00	   1.0000000e+00	   3.0000000e+00	   4.1300000e+03	
   1.0600000e+02	   1.0900000e+02	   2.0600000e+02	   7.0000000e+00	   1.0000000e+00	   4.0500000e+00	   3.9050000e+00	   2.3050000e+00	   3.0000000e+00	   2.0000000e+00	   1.0000000e+00	   2.0000000e+00	   6.8150000e+03	
   1.1200000e+02	   3.0900000e+02	   1.1000000e+02	   2.0000000e+00	   4.0000000e+00	   3.5600000e+00	   2.7100000e+00	   1.1100000e+00	   1.0000000e+00	   2.0000000e+00	   3.0000000e+00	   1.0000000e+00	   1.4930000e+03	
   1.1600000e+02	   2.0800000e+02	   2.1300000e+02	   1.2000000e+01	   4.0000000e+00	   2.7700000e+00	   3.7800000e+00	   5.9500000e-01	   2.0000000e+00	   3.0000000e+00	   1.0000000e+00	   2.0000000e+00	   3.5390000e+03	
   1.0200000e+02	   3.1000000e+02	   2.1000000e+02	   9.0000000e+00	   3.0000000e+00	   2.8350000e+00	   3.4200000e+00	   1.4850000e+00	   3.0000000e+00	   1.0000000e+00	   2.0000000e+00	   1.0000000e+00	   3.4670000e+03	
   2.1400000e+02	   3.1100000e+02	   2.0300000e+02	   5.0000000e+00	   4.0000000e+00	   2.9250000e+00	   3.8900000e+00	   7.9500000e-01	   1.0000000e+00	   2.0000000e+00	   3.0000000e+00	   2.0000000e+00	   1.7360000e+03	
   1.1200000e+02	   2.0700000e+02	   1.0400000e+02	   1.0000000e+00	   2.0000000e+00	   3.5600000e+00	   3.1000000e+00	   1.7100000e+00	   1.0000000e+00	   2.0000000e+00	   3.0000000e+00	   1.0000000e+00	   1.5260000e+03	
   1.0300000e+02	   2.1400000e+02	   2.0200000e+02	   4.0000000e+00	   2.0000000e+00	   2.5100000e+00	   2.9250000e+00	   4.9500000e-01	   1.0000000e+00	   3.0000000e+00	   2.0000000e+00	   3.0000000e+00	   5.4780000e+03	
   2.0500000e+02	   3.1000000e+02	   2.0400000e+02	   6.0000000e+00	   3.0000000e+00	   2.7750000e+00	   3.4200000e+00	   9.1000000e-01	   2.0000000e+00	   1.0000000e+00	   3.0000000e+00	   1.0000000e+00	   1.6440000e+03	
   1.1200000e+02	   3.1400000e+02	   2.1200000e+02	   1.1000000e+01	   5.0000000e+00	   3.5600000e+00	   5.0000000e+00	   2.1950000e+00	   1.0000000e+00	   2.0000000e+00	   3.0000000e+00	   2.0000000e+00	   1.0090000e+03	
   1.0900000e+02	   2.0700000e+02	   3.0700000e+02	   1.4000000e+01	   3.0000000e+00	   3.9050000e+00	   3.1000000e+00	   2.0150000e+00	   3.0000000e+00	   2.0000000e+00	   1.0000000e+00	   3.0000000e+00	   2.2220000e+03	
   1.0600000e+02	   3.1100000e+02	   2.1100000e+02	   1.0000000e+01	   1.0000000e+00	   4.0500000e+00	   3.8900000e+00	   7.0500000e-01	   2.0000000e+00	   1.0000000e+00	   3.0000000e+00	   1.0000000e+00	   1.0960000e+03	
   1.0200000e+02	   2.1400000e+02	   1.1000000e+02	   2.0000000e+00	   1.0000000e+00	   2.8350000e+00	   2.9250000e+00	   1.1100000e+00	   3.0000000e+00	   1.0000000e+00	   2.0000000e+00	   3.0000000e+00	   2.3610000e+03	
   1.0300000e+02	   1.0900000e+02	   3.0700000e+02	   1.4000000e+01	   5.0000000e+00	   2.5100000e+00	   3.9050000e+00	   2.0150000e+00	   3.0000000e+00	   1.0000000e+00	   2.0000000e+00	   1.0000000e+00	   2.3270000e+03	
   3.1000000e+02	   3.1100000e+02	   3.0800000e+02	   1.5000000e+01	   2.0000000e+00	   3.4200000e+00	   3.8900000e+00	   8.0000000e-02	   2.0000000e+00	   1.0000000e+00	   3.0000000e+00	   1.0000000e+00	   2.9740000e+03	
   3.0900000e+02	   3.1000000e+02	   2.0600000e+02	   7.0000000e+00	   3.0000000e+00	   2.7100000e+00	   3.4200000e+00	   2.3050000e+00	   2.0000000e+00	   1.0000000e+00	   3.0000000e+00	   1.0000000e+00	   1.7840000e+03	
   3.1000000e+02	   3.1100000e+02	   2.0300000e+02	   5.0000000e+00	   2.0000000e+00	   3.4200000e+00	   3.8900000e+00	   7.9500000e-01	   1.0000000e+00	   2.0000000e+00	   3.0000000e+00	   2.0000000e+00	   2.7980000e+03	
   1.0600000e+02	   2.0500000e+02	   2.1300000e+02	   1.2000000e+01	   5.0000000e+00	   4.0500000e+00	   2.7750000e+00	   5.9500000e-01	   2.0000000e+00	   1.0000000e+00	   3.0000000e+00	   2.0000000e+00	   5.3520000e+03	
   1.1200000e+02	   3.0900000e+02	   3.0700000e+02	   1.4000000e+01	   4.0000000e+00	   3.5600000e+00	   2.7100000e+00	   2.0150000e+00	   3.0000000e+00	   2.0000000e+00	   1.0000000e+00	   3.0000000e+00	   1.7590000e+03	
   2.1400000e+02	   3.1400000e+02	   2.1100000e+02	   1.0000000e+01	   5.0000000e+00	   2.9250000e+00	   5.0000000e+00	   7.0500000e-01	   2.0000000e+00	   1.0000000e+00	   3.0000000e+00	   1.0000000e+00	   1.0720000e+03	
   1.1100000e+02	   2.0700000e+02	   2.0400000e+02	   6.0000000e+00	   1.0000000e+00	   3.2550000e+00	   3.1000000e+00	   9.1000000e-01	   2.0000000e+00	   1.0000000e+00	   3.0000000e+00	   2.0000000e+00	   2.6010000e+03	
   1.1100000e+02	   3.1400000e+02	   1.1400000e+02	   3.0000000e+00	   5.0000000e+00	   3.2550000e+00	   5.0000000e+00	   1.2350000e+00	   2.0000000e+00	   1.0000000e+00	   3.0000000e+00	   1.0000000e+00	   1.4750000e+03	
   1.0200000e+02	   2.0500000e+02	   2.0900000e+02	   8.0000000e+00	   1.0000000e+00	   2.8350000e+00	   2.7750000e+00	   1.6200000e+00	   2.0000000e+00	   1.0000000e+00	   3.0000000e+00	   1.0000000e+00	   3.9920000e+03	
   2.1400000e+02	   3.0900000e+02	   3.0600000e+02	   1.3000000e+01	   1.0000000e+00	   2.9250000e+00	   2.7100000e+00	   1.8450000e+00	   3.0000000e+00	   1.0000000e+00	   2.0000000e+00	   1.0000000e+00	   2.0550000e+03	
   1.0900000e+02	   3.1100000e+02	   1.0400000e+02	   1.0000000e+00	   1.0000000e+00	   3.9050000e+00	   3.8900000e+00	   1.7100000e+00	   1.0000000e+00	   3.0000000e+00	   2.0000000e+00	   3.0000000e+00	   1.6200000e+03	
   2.1400000e+02	   3.0900000e+02	   2.1000000e+02	   9.0000000e+00	   1.0000000e+00	   2.9250000e+00	   2.7100000e+00	   1.4850000e+00	   2.0000000e+00	   1.0000000e+00	   3.0000000e+00	   1.0000000e+00	   2.8700000e+03	
   1.1600000e+02	   3.0900000e+02	   2.0600000e+02	   7.0000000e+00	   1.0000000e+00	   2.7700000e+00	   2.7100000e+00	   2.3050000e+00	   1.0000000e+00	   3.0000000e+00	   2.0000000e+00	   1.0000000e+00	   3.3920000e+03	
   1.1100000e+02	   1.1600000e+02	   1.1400000e+02	   3.0000000e+00	   2.0000000e+00	   3.2550000e+00	   2.7700000e+00	   1.2350000e+00	   1.0000000e+00	   3.0000000e+00	   2.0000000e+00	   1.0000000e+00	   4.7850000e+03	
   2.0800000e+02	   3.1100000e+02	   2.1100000e+02	   1.0000000e+01	   1.0000000e+00	   3.7800000e+00	   3.8900000e+00	   7.0500000e-01	   2.0000000e+00	   3.0000000e+00	   1.0000000e+00	   3.0000000e+00	   1.8870000e+03	
   1.1200000e+02	   2.0500000e+02	   2.0900000e+02	   8.0000000e+00	   3.0000000e+00	   3.5600000e+00	   2.7750000e+00	   1.6200000e+00	   3.0000000e+00	   2.0000000e+00	   1.0000000e+00	   2.0000000e+00	   6.3690000e+03	
   1.0200000e+02	   3.1400000e+02	   3.0800000e+02	   1.5000000e+01	   5.0000000e+00	   2.8350000e+00	   5.0000000e+00	   8.0000000e-02	   3.0000000e+00	   2.0000000e+00	   1.0000000e+00	   2.0000000e+00	   1.4250000e+03	
   1.0200000e+02	   3.1000000e+02	   3.0600000e+02	   1.3000000e+01	   3.0000000e+00	   2.8350000e+00	   3.4200000e+00	   1.8450000e+00	   3.0000000e+00	   2.0000000e+00	   1.0000000e+00	   2.0000000e+00	   1.3970000e+03	
   1.1200000e+02	   3.0900000e+02	   3.0600000e+02	   1.3000000e+01	   4.0000000e+00	   3.5600000e+00	   2.7100000e+00	   1.8450000e+00	   1.0000000e+00	   3.0000000e+00	   2.0000000e+00	   1.0000000e+00	   1.5070000e+03	
   1.0900000e+02	   2.0500000e+02	   3.0800000e+02	   1.5000000e+01	   4.0000000e+00	   3.9050000e+00	   2.7750000e+00	   8.0000000e-02	   3.0000000e+00	   1.0000000e+00	   2.0000000e+00	   3.0000000e+00	   4.2830000e+03	
   1.0600000e+02	   1.1600000e+02	   3.0700000e+02	   1.4000000e+01	   5.0000000e+00	   4.0500000e+00	   2.7700000e+00	   2.0150000e+00	   3.0000000e+00	   2.0000000e+00	   1.0000000e+00	   3.0000000e+00	   3.9680000e+03	
   2.1400000e+02	   3.0900000e+02	   2.0400000e+02	   6.0000000e+00	   1.0000000e+00	   2.9250000e+00	   2.7100000e+00	   9.1000000e-01	   1.0000000e+00	   2.0000000e+00	   3.0000000e+00	   2.0000000e+00	   4.1450000e+03	
   1.1200000e+02	   1.1600000e+02	   2.0900000e+02	   8.0000000e+00	   3.0000000e+00	   3.5600000e+00	   2.7700000e+00	   1.6200000e+00	   3.0000000e+00	   2.0000000e+00	   1.0000000e+00	   3.0000000e+00	   2.5550000e+03	
   1.0300000e+02	   3.1400000e+02	   1.1000000e+02	   2.0000000e+00	   5.0000000e+00	   2.5100000e+00	   5.0000000e+00	   1.1100000e+00	   2.0000000e+00	   1.0000000e+00	   3.0000000e+00	   1.0000000e+00	   8.6900000e+02	
   1.0600000e+02	   3.1100000e+02	   2.0900000e+02	   8.0000000e+00	   1.0000000e+00	   4.0500000e+00	   3.8900000e+00	   1.6200000e+00	   2.0000000e+00	   3.0000000e+00	   1.0000000e+00	   3.0000000e+00	   1.4430000e+03	
   3.0900000e+02	   3.1400000e+02	   2.1200000e+02	   1.1000000e+01	   5.0000000e+00	   2.7100000e+00	   5.0000000e+00	   2.1950000e+00	   1.0000000e+00	   2.0000000e+00	   3.0000000e+00	   2.0000000e+00	   1.4530000e+03	
   1.1200000e+02	   2.0700000e+02	   2.1200000e+02	   1.1000000e+01	   2.0000000e+00	   3.5600000e+00	   3.1000000e+00	   2.1950000e+00	   3.0000000e+00	   1.0000000e+00	   2.0000000e+00	   3.0000000e+00	   1.6350000e+03	
   2.0500000e+02	   2.0800000e+02	   2.1200000e+02	   1.1000000e+01	   4.0000000e+00	   2.7750000e+00	   3.7800000e+00	   2.1950000e+00	   1.0000000e+00	   3.0000000e+00	   2.0000000e+00	   1.0000000e+00	   8.9410000e+03	
   1.1600000e+02	   2.0500000e+02	   2.0600000e+02	   7.0000000e+00	   1.0000000e+00	   2.7700000e+00	   2.7750000e+00	   2.3050000e+00	   1.0000000e+00	   3.0000000e+00	   2.0000000e+00	   3.0000000e+00	   2.8490000e+03	
   2.0700000e+02	   3.0900000e+02	   1.0400000e+02	   1.0000000e+00	   2.0000000e+00	   3.1000000e+00	   2.7100000e+00	   1.7100000e+00	   2.0000000e+00	   1.0000000e+00	   3.0000000e+00	   1.0000000e+00	   2.9270000e+03	
   1.0900000e+02	   2.0500000e+02	   2.0400000e+02	   6.0000000e+00	   4.0000000e+00	   3.9050000e+00	   2.7750000e+00	   9.1000000e-01	   1.0000000e+00	   2.0000000e+00	   3.0000000e+00	   1.0000000e+00	   3.5060000e+03	
   1.1200000e+02	   2.0800000e+02	   3.0700000e+02	   1.4000000e+01	   1.0000000e+00	   3.5600000e+00	   3.7800000e+00	   2.0150000e+00	   3.0000000e+00	   2.0000000e+00	   1.0000000e+00	   3.0000000e+00	   1.8390000e+03	
   1.0200000e+02	   3.1100000e+02	   2.1100000e+02	   1.0000000e+01	   4.0000000e+00	   2.8350000e+00	   3.8900000e+00	   7.0500000e-01	   3.0000000e+00	   2.0000000e+00	   1.0000000e+00	   2.0000000e+00	   1.6620000e+03	
   2.0800000e+02	   3.1000000e+02	   3.0600000e+02	   1.3000000e+01	   2.0000000e+00	   3.7800000e+00	   3.4200000e+00	   1.8450000e+00	   3.0000000e+00	   2.0000000e+00	   1.0000000e+00	   2.0000000e+00	   2.5270000e+03	
   1.0600000e+02	   2.1400000e+02	   2.1100000e+02	   1.0000000e+01	   4.0000000e+00	   4.0500000e+00	   2.9250000e+00	   7.0500000e-01	   2.0000000e+00	   1.0000000e+00	   3.0000000e+00	   2.0000000e+00	   3.4350000e+03	
   3.0900000e+02	   3.1100000e+02	   1.0400000e+02	   1.0000000e+00	   5.0000000e+00	   2.7100000e+00	   3.8900000e+00	   1.7100000e+00	   2.0000000e+00	   1.0000000e+00	   3.0000000e+00	   1.0000000e+00	   1.5710000e+03	
   2.0800000e+02	   3.1000000e+02	   2.1300000e+02	   1.2000000e+01	   2.0000000e+00	   3.7800000e+00	   3.4200000e+00	   5.9500000e-01	   2.0000000e+00	   1.0000000e+00	   3.0000000e+00	   1.0000000e+00	   1.1840000e+03	
   1.1200000e+02	   2.1400000e+02	   2.0200000e+02	   4.0000000e+00	   3.0000000e+00	   3.5600000e+00	   2.9250000e+00	   4.9500000e-01	   2.0000000e+00	   3.0000000e+00	   1.0000000e+00	   2.0000000e+00	   3.3950000e+03	
   1.1200000e+02	   3.1100000e+02	   2.1100000e+02	   1.0000000e+01	   2.0000000e+00	   3.5600000e+00	   3.8900000e+00	   7.0500000e-01	   2.0000000e+00	   3.0000000e+00	   1.0000000e+00	   3.0000000e+00	   1.0570000e+03	
   2.0800000e+02	   3.0900000e+02	   3.0700000e+02	   1.4000000e+01	   4.0000000e+00	   3.7800000e+00	   2.7100000e+00	   2.0150000e+00	   1.0000000e+00	   2.0000000e+00	   3.0000000e+00	   2.0000000e+00	   3.3300000e+03	
   1.1100000e+02	   2.1400000e+02	   2.0600000e+02	   7.0000000e+00	   2.0000000e+00	   3.2550000e+00	   2.9250000e+00	   2.3050000e+00	   2.0000000e+00	   3.0000000e+00	   1.0000000e+00	   2.0000000e+00	   2.2620000e+03	
   1.0900000e+02	   1.1600000e+02	   2.1300000e+02	   1.2000000e+01	   4.0000000e+00	   3.9050000e+00	   2.7700000e+00	   5.9500000e-01	   1.0000000e+00	   2.0000000e+00	   3.0000000e+00	   1.0000000e+00	   1.0320000e+03	
   1.1100000e+02	   2.0500000e+02	   2.1000000e+02	   9.0000000e+00	   2.0000000e+00	   3.2550000e+00	   2.7750000e+00	   1.4850000e+00	   2.0000000e+00	   3.0000000e+00	   1.0000000e+00	   3.0000000e+00	   1.6620000e+03	
   1.0600000e+02	   1.1600000e+02	   1.1400000e+02	   3.0000000e+00	   5.0000000e+00	   4.0500000e+00	   2.7700000e+00	   1.2350000e+00	   1.0000000e+00	   2.0000000e+00	   3.0000000e+00	   1.0000000e+00	   1.4700000e+03	
   1.0300000e+02	   1.1200000e+02	   2.1100000e+02	   1.0000000e+01	   4.0000000e+00	   2.5100000e+00	   3.5600000e+00	   7.0500000e-01	   2.0000000e+00	   3.0000000e+00	   1.0000000e+00	   3.0000000e+00	   2.2410000e+03	
   1.0300000e+02	   1.0900000e+02	   1.1000000e+02	   2.0000000e+00	   5.0000000e+00	   2.5100000e+00	   3.9050000e+00	   1.1100000e+00	   2.0000000e+00	   1.0000000e+00	   3.0000000e+00	   1.0000000e+00	   1.7230000e+03	
   1.1100000e+02	   2.0500000e+02	   2.0400000e+02	   6.0000000e+00	   2.0000000e+00	   3.2550000e+00	   2.7750000e+00	   9.1000000e-01	   1.0000000e+00	   2.0000000e+00	   3.0000000e+00	   2.0000000e+00	   1.4000000e+03	
   1.1600000e+02	   2.0800000e+02	   2.1200000e+02	   1.1000000e+01	   4.0000000e+00	   2.7700000e+00	   3.7800000e+00	   2.1950000e+00	   1.0000000e+00	   2.0000000e+00	   3.0000000e+00	   2.0000000e+00	   3.5800000e+03	
   1.0200000e+02	   2.0800000e+02	   2.0300000e+02	   5.0000000e+00	   4.0000000e+00	   2.8350000e+00	   3.7800000e+00	   7.9500000e-01	   1.0000000e+00	   2.0000000e+00	   3.0000000e+00	   2.0000000e+00	   6.7290000e+03	
   1.0300000e+02	   2.0800000e+02	   1.1000000e+02	   2.0000000e+00	   5.0000000e+00	   2.5100000e+00	   3.7800000e+00	   1.1100000e+00	   2.0000000e+00	   1.0000000e+00	   3.0000000e+00	   1.0000000e+00	   3.7760000e+03	
   1.1200000e+02	   3.1000000e+02	   1.1400000e+02	   3.0000000e+00	   1.0000000e+00	   3.5600000e+00	   3.4200000e+00	   1.2350000e+00	   1.0000000e+00	   3.0000000e+00	   2.0000000e+00	   3.0000000e+00	   1.1920000e+03	
   1.1600000e+02	   3.0900000e+02	   2.0900000e+02	   8.0000000e+00	   1.0000000e+00	   2.7700000e+00	   2.7100000e+00	   1.6200000e+00	   2.0000000e+00	   1.0000000e+00	   3.0000000e+00	   1.0000000e+00	   4.8400000e+03	
   1.0900000e+02	   2.1400000e+02	   1.1400000e+02	   3.0000000e+00	   4.0000000e+00	   3.9050000e+00	   2.9250000e+00	   1.2350000e+00	   2.0000000e+00	   1.0000000e+00	   3.0000000e+00	   2.0000000e+00	   1.3570000e+03	
   1.1200000e+02	   2.1400000e+02	   2.0400000e+02	   6.0000000e+00	   3.0000000e+00	   3.5600000e+00	   2.9250000e+00	   9.1000000e-01	   2.0000000e+00	   3.0000000e+00	   1.0000000e+00	   2.0000000e+00	   1.3820000e+03	
   1.0200000e+02	   2.0700000e+02	   1.1000000e+02	   2.0000000e+00	   2.0000000e+00	   2.8350000e+00	   3.1000000e+00	   1.1100000e+00	   3.0000000e+00	   1.0000000e+00	   2.0000000e+00	   3.0000000e+00	   3.0440000e+03	
   1.0600000e+02	   3.1100000e+02	   2.0400000e+02	   6.0000000e+00	   1.0000000e+00	   4.0500000e+00	   3.8900000e+00	   9.1000000e-01	   3.0000000e+00	   1.0000000e+00	   2.0000000e+00	   1.0000000e+00	   1.0140000e+03	
   1.1100000e+02	   1.1200000e+02	   1.1000000e+02	   2.0000000e+00	   2.0000000e+00	   3.2550000e+00	   3.5600000e+00	   1.1100000e+00	   2.0000000e+00	   1.0000000e+00	   3.0000000e+00	   1.0000000e+00	   1.4830000e+03	
   1.1200000e+02	   3.0900000e+02	   2.1200000e+02	   1.1000000e+01	   4.0000000e+00	   3.5600000e+00	   2.7100000e+00	   2.1950000e+00	   1.0000000e+00	   3.0000000e+00	   2.0000000e+00	   1.0000000e+00	   1.3040000e+03	
   1.1600000e+02	   2.0500000e+02	   1.1400000e+02	   3.0000000e+00	   1.0000000e+00	   2.7700000e+00	   2.7750000e+00	   1.2350000e+00	   3.0000000e+00	   2.0000000e+00	   1.0000000e+00	   3.0000000e+00	   1.7780000e+03	
   1.1100000e+02	   3.1100000e+02	   3.0800000e+02	   1.5000000e+01	   3.0000000e+00	   3.2550000e+00	   3.8900000e+00	   8.0000000e-02	   2.0000000e+00	   1.0000000e+00	   3.0000000e+00	   1.0000000e+00	   9.6200000e+02	
   1.0200000e+02	   3.1400000e+02	   2.1100000e+02	   1.0000000e+01	   5.0000000e+00	   2.8350000e+00	   5.0000000e+00	   7.0500000e-01	   1.0000000e+00	   3.0000000e+00	   2.0000000e+00	   3.0000000e+00	   1.0730000e+03	
   1.1200000e+02	   3.0900000e+02	   2.0200000e+02	   4.0000000e+00	   4.0000000e+00	   3.5600000e+00	   2.7100000e+00	   4.9500000e-01	   3.0000000e+00	   2.0000000e+00	   1.0000000e+00	   3.0000000e+00	   1.4130000e+03	
   1.0200000e+02	   1.0900000e+02	   2.0200000e+02	   4.0000000e+00	   4.0000000e+00	   2.8350000e+00	   3.9050000e+00	   4.9500000e-01	   3.0000000e+00	   1.0000000e+00	   2.0000000e+00	   1.0000000e+00	   1.4630000e+03	
   1.0600000e+02	   2.0500000e+02	   2.0200000e+02	   4.0000000e+00	   5.0000000e+00	   4.0500000e+00	   2.7750000e+00	   4.9500000e-01	   2.0000000e+00	   1.0000000e+00	   3.0000000e+00	   2.0000000e+00	   1.6530000e+03	
   2.0700000e+02	   3.1000000e+02	   2.1100000e+02	   1.0000000e+01	   2.0000000e+00	   3.1000000e+00	   3.4200000e+00	   7.0500000e-01	   3.0000000e+00	   1.0000000e+00	   2.0000000e+00	   1.0000000e+00	   9.0500000e+02	
   1.0300000e+02	   1.0600000e+02	   2.1000000e+02	   9.0000000e+00	   5.0000000e+00	   2.5100000e+00	   4.0500000e+00	   1.4850000e+00	   1.0000000e+00	   3.0000000e+00	   2.0000000e+00	   3.0000000e+00	   1.1940000e+03	
   2.0800000e+02	   2.1400000e+02	   2.0900000e+02	   8.0000000e+00	   4.0000000e+00	   3.7800000e+00	   2.9250000e+00	   1.6200000e+00	   3.0000000e+00	   1.0000000e+00	   2.0000000e+00	   3.0000000e+00	   3.1910000e+03	
   1.0300000e+02	   1.0600000e+02	   1.1000000e+02	   2.0000000e+00	   5.0000000e+00	   2.5100000e+00	   4.0500000e+00	   1.1100000e+00	   3.0000000e+00	   2.0000000e+00	   1.0000000e+00	   2.0000000e+00	   1.5910000e+03	
   1.1600000e+02	   3.1000000e+02	   2.0300000e+02	   5.0000000e+00	   3.0000000e+00	   2.7700000e+00	   3.4200000e+00	   7.9500000e-01	   2.0000000e+00	   3.0000000e+00	   1.0000000e+00	   3.0000000e+00	   1.4470000e+03	
   1.0300000e+02	   3.0900000e+02	   2.1300000e+02	   1.2000000e+01	   1.0000000e+00	   2.5100000e+00	   2.7100000e+00	   5.9500000e-01	   1.0000000e+00	   2.0000000e+00	   3.0000000e+00	   2.0000000e+00	   2.9880000e+03	
   2.0700000e+02	   2.1400000e+02	   2.1100000e+02	   1.0000000e+01	   1.0000000e+00	   3.1000000e+00	   2.9250000e+00	   7.0500000e-01	   1.0000000e+00	   3.0000000e+00	   2.0000000e+00	   3.0000000e+00	   3.2790000e+03	
   1.0200000e+02	   2.0800000e+02	   1.1400000e+02	   3.0000000e+00	   4.0000000e+00	   2.8350000e+00	   3.7800000e+00	   1.2350000e+00	   1.0000000e+00	   3.0000000e+00	   2.0000000e+00	   1.0000000e+00	   3.7440000e+03	
   1.0600000e+02	   3.1000000e+02	   3.0600000e+02	   1.3000000e+01	   3.0000000e+00	   4.0500000e+00	   3.4200000e+00	   1.8450000e+00	   2.0000000e+00	   1.0000000e+00	   3.0000000e+00	   1.0000000e+00	   1.1630000e+03	
   1.0300000e+02	   1.1200000e+02	   3.0700000e+02	   1.4000000e+01	   4.0000000e+00	   2.5100000e+00	   3.5600000e+00	   2.0150000e+00	   1.0000000e+00	   2.0000000e+00	   3.0000000e+00	   2.0000000e+00	   2.4690000e+03	
   2.0800000e+02	   3.1100000e+02	   1.0400000e+02	   1.0000000e+00	   1.0000000e+00	   3.7800000e+00	   3.8900000e+00	   1.7100000e+00	   2.0000000e+00	   3.0000000e+00	   1.0000000e+00	   3.0000000e+00	   2.8470000e+03	
   1.0900000e+02	   3.0900000e+02	   2.0200000e+02	   4.0000000e+00	   5.0000000e+00	   3.9050000e+00	   2.7100000e+00	   4.9500000e-01	   1.0000000e+00	   3.0000000e+00	   2.0000000e+00	   1.0000000e+00	   2.7130000e+03	
   2.0500000e+02	   3.1400000e+02	   3.0800000e+02	   1.5000000e+01	   5.0000000e+00	   2.7750000e+00	   5.0000000e+00	   8.0000000e-02	   3.0000000e+00	   2.0000000e+00	   1.0000000e+00	   2.0000000e+00	   9.1000000e+02	
   2.0800000e+02	   3.0900000e+02	   2.0600000e+02	   7.0000000e+00	   4.0000000e+00	   3.7800000e+00	   2.7100000e+00	   2.3050000e+00	   1.0000000e+00	   2.0000000e+00	   3.0000000e+00	   1.0000000e+00	   4.9640000e+03	
   1.1600000e+02	   2.0500000e+02	   3.0700000e+02	   1.4000000e+01	   1.0000000e+00	   2.7700000e+00	   2.7750000e+00	   2.0150000e+00	   2.0000000e+00	   1.0000000e+00	   3.0000000e+00	   1.0000000e+00	   1.7250000e+03	
   1.1600000e+02	   2.1400000e+02	   1.1400000e+02	   3.0000000e+00	   1.0000000e+00	   2.7700000e+00	   2.9250000e+00	   1.2350000e+00	   2.0000000e+00	   1.0000000e+00	   3.0000000e+00	   2.0000000e+00	   2.6910000e+03	
   3.1000000e+02	   3.1100000e+02	   2.0200000e+02	   4.0000000e+00	   2.0000000e+00	   3.4200000e+00	   3.8900000e+00	   4.9500000e-01	   3.0000000e+00	   1.0000000e+00	   2.0000000e+00	   1.0000000e+00	   1.0620000e+03	
   1.0900000e+02	   3.1100000e+02	   3.0700000e+02	   1.4000000e+01	   1.0000000e+00	   3.9050000e+00	   3.8900000e+00	   2.0150000e+00	   1.0000000e+00	   3.0000000e+00	   2.0000000e+00	   3.0000000e+00	   8.8100000e+02	
   3.0900000e+02	   3.1400000e+02	   2.0900000e+02	   8.0000000e+00	   5.0000000e+00	   2.7100000e+00	   5.0000000e+00	   1.6200000e+00	   1.0000000e+00	   3.0000000e+00	   2.0000000e+00	   3.0000000e+00	   1.6250000e+03	
   1.1200000e+02	   1.1600000e+02	   2.0400000e+02	   6.0000000e+00	   3.0000000e+00	   3.5600000e+00	   2.7700000e+00	   9.1000000e-01	   2.0000000e+00	   3.0000000e+00	   1.0000000e+00	   2.0000000e+00	   1.5640000e+03	
   1.0300000e+02	   2.0800000e+02	   2.0300000e+02	   5.0000000e+00	   5.0000000e+00	   2.5100000e+00	   3.7800000e+00	   7.9500000e-01	   2.0000000e+00	   1.0000000e+00	   3.0000000e+00	   3.0000000e+00	   3.6590000e+03	
   2.1400000e+02	   3.0900000e+02	   2.1100000e+02	   1.0000000e+01	   1.0000000e+00	   2.9250000e+00	   2.7100000e+00	   7.0500000e-01	   2.0000000e+00	   3.0000000e+00	   1.0000000e+00	   2.0000000e+00	   3.8670000e+03	
   2.0500000e+02	   2.0700000e+02	   2.0900000e+02	   8.0000000e+00	   2.0000000e+00	   2.7750000e+00	   3.1000000e+00	   1.6200000e+00	   2.0000000e+00	   3.0000000e+00	   1.0000000e+00	   2.0000000e+00	   1.4840000e+03	
   1.1100000e+02	   3.1400000e+02	   2.0600000e+02	   7.0000000e+00	   5.0000000e+00	   3.2550000e+00	   5.0000000e+00	   2.3050000e+00	   1.0000000e+00	   3.0000000e+00	   2.0000000e+00	   3.0000000e+00	   8.4300000e+02	
   1.0600000e+02	   2.0700000e+02	   3.0600000e+02	   1.3000000e+01	   4.0000000e+00	   4.0500000e+00	   3.1000000e+00	   1.8450000e+00	   1.0000000e+00	   3.0000000e+00	   2.0000000e+00	   1.0000000e+00	   2.4620000e+03	
   1.1100000e+02	   2.0800000e+02	   2.1100000e+02	   1.0000000e+01	   3.0000000e+00	   3.2550000e+00	   3.7800000e+00	   7.0500000e-01	   3.0000000e+00	   2.0000000e+00	   1.0000000e+00	   3.0000000e+00	   5.7090000e+03	
   1.1600000e+02	   2.0700000e+02	   2.1200000e+02	   1.1000000e+01	   2.0000000e+00	   2.7700000e+00	   3.1000000e+00	   2.1950000e+00	   1.0000000e+00	   2.0000000e+00	   3.0000000e+00	   1.0000000e+00	   4.7260000e+03	
   1.0600000e+02	   1.1100000e+02	   2.1300000e+02	   1.2000000e+01	   3.0000000e+00	   4.0500000e+00	   3.2550000e+00	   5.9500000e-01	   2.0000000e+00	   3.0000000e+00	   1.0000000e+00	   2.0000000e+00	   1.4180000e+03	
   1.1100000e+02	   2.1400000e+02	   3.0800000e+02	   1.5000000e+01	   2.0000000e+00	   3.2550000e+00	   2.9250000e+00	   8.0000000e-02	   2.0000000e+00	   3.0000000e+00	   1.0000000e+00	   2.0000000e+00	   5.5470000e+03	
   1.0600000e+02	   1.1200000e+02	   2.1200000e+02	   1.1000000e+01	   3.0000000e+00	   4.0500000e+00	   3.5600000e+00	   2.1950000e+00	   2.0000000e+00	   3.0000000e+00	   1.0000000e+00	   2.0000000e+00	   1.2190000e+03	
   2.0700000e+02	   3.1400000e+02	   3.0600000e+02	   1.3000000e+01	   5.0000000e+00	   3.1000000e+00	   5.0000000e+00	   1.8450000e+00	   1.0000000e+00	   3.0000000e+00	   2.0000000e+00	   3.0000000e+00	   1.0130000e+03	
   2.0700000e+02	   3.0900000e+02	   1.1000000e+02	   2.0000000e+00	   2.0000000e+00	   3.1000000e+00	   2.7100000e+00	   1.1100000e+00	   3.0000000e+00	   2.0000000e+00	   1.0000000e+00	   2.0000000e+00	   1.6810000e+03	
   2.0700000e+02	   3.0900000e+02	   2.0300000e+02	   5.0000000e+00	   2.0000000e+00	   3.1000000e+00	   2.7100000e+00	   7.9500000e-01	   2.0000000e+00	   1.0000000e+00	   3.0000000e+00	   3.0000000e+00	   2.6580000e+03	
   1.0300000e+02	   2.0700000e+02	   2.0300000e+02	   5.0000000e+00	   3.0000000e+00	   2.5100000e+00	   3.1000000e+00	   7.9500000e-01	   2.0000000e+00	   3.0000000e+00	   1.0000000e+00	   1.0000000e+00	   4.0100000e+03	
   1.0200000e+02	   1.1200000e+02	   2.1000000e+02	   9.0000000e+00	   3.0000000e+00	   2.8350000e+00	   3.5600000e+00	   1.4850000e+00	   3.0000000e+00	   1.0000000e+00	   2.0000000e+00	   1.0000000e+00	   1.8370000e+03	
   1.0200000e+02	   1.1600000e+02	   2.0300000e+02	   5.0000000e+00	   1.0000000e+00	   2.8350000e+00	   2.7700000e+00	   7.9500000e-01	   3.0000000e+00	   1.0000000e+00	   2.0000000e+00	   3.0000000e+00	   2.3900000e+03	
   1.0300000e+02	   3.1400000e+02	   2.0600000e+02	   7.0000000e+00	   5.0000000e+00	   2.5100000e+00	   5.0000000e+00	   2.3050000e+00	   2.0000000e+00	   3.0000000e+00	   1.0000000e+00	   3.0000000e+00	   1.3110000e+03	
   1.0200000e+02	   2.1400000e+02	   3.0600000e+02	   1.3000000e+01	   1.0000000e+00	   2.8350000e+00	   2.9250000e+00	   1.8450000e+00	   2.0000000e+00	   1.0000000e+00	   3.0000000e+00	   2.0000000e+00	   3.6790000e+03	
   1.0900000e+02	   2.1400000e+02	   3.0800000e+02	   1.5000000e+01	   4.0000000e+00	   3.9050000e+00	   2.9250000e+00	   8.0000000e-02	   1.0000000e+00	   3.0000000e+00	   2.0000000e+00	   1.0000000e+00	   1.6870000e+03	
   1.0900000e+02	   1.1600000e+02	   2.0200000e+02	   4.0000000e+00	   4.0000000e+00	   3.9050000e+00	   2.7700000e+00	   4.9500000e-01	   2.0000000e+00	   1.0000000e+00	   3.0000000e+00	   2.0000000e+00	   1.9380000e+03	
   1.1100000e+02	   3.0900000e+02	   2.0900000e+02	   8.0000000e+00	   3.0000000e+00	   3.2550000e+00	   2.7100000e+00	   1.6200000e+00	   2.0000000e+00	   1.0000000e+00	   3.0000000e+00	   2.0000000e+00	   3.5300000e+03	
   2.0500000e+02	   2.0700000e+02	   2.1100000e+02	   1.0000000e+01	   2.0000000e+00	   2.7750000e+00	   3.1000000e+00	   7.0500000e-01	   2.0000000e+00	   3.0000000e+00	   1.0000000e+00	   2.0000000e+00	   1.3620000e+03	
   1.0300000e+02	   3.1000000e+02	   1.0400000e+02	   1.0000000e+00	   4.0000000e+00	   2.5100000e+00	   3.4200000e+00	   1.7100000e+00	   3.0000000e+00	   2.0000000e+00	   1.0000000e+00	   2.0000000e+00	   8.2100000e+02	
   1.1200000e+02	   3.1100000e+02	   2.0600000e+02	   7.0000000e+00	   2.0000000e+00	   3.5600000e+00	   3.8900000e+00	   2.3050000e+00	   1.0000000e+00	   3.0000000e+00	   2.0000000e+00	   3.0000000e+00	   1.1070000e+03	
   1.0200000e+02	   1.0900000e+02	   1.1400000e+02	   3.0000000e+00	   4.0000000e+00	   2.8350000e+00	   3.9050000e+00	   1.2350000e+00	   3.0000000e+00	   1.0000000e+00	   2.0000000e+00	   1.0000000e+00	   1.2860000e+03	
   1.1200000e+02	   1.1600000e+02	   3.0800000e+02	   1.5000000e+01	   3.0000000e+00	   3.5600000e+00	   2.7700000e+00	   8.0000000e-02	   3.0000000e+00	   1.0000000e+00	   2.0000000e+00	   3.0000000e+00	   1.0790000e+03	
   1.0200000e+02	   1.1100000e+02	   1.0400000e+02	   1.0000000e+00	   2.0000000e+00	   2.8350000e+00	   3.2550000e+00	   1.7100000e+00	   3.0000000e+00	   1.0000000e+00	   2.0000000e+00	   1.0000000e+00	   1.9160000e+03	
   1.1600000e+02	   2.0800000e+02	   2.0900000e+02	   8.0000000e+00	   4.0000000e+00	   2.7700000e+00	   3.7800000e+00	   1.6200000e+00	   1.0000000e+00	   2.0000000e+00	   3.0000000e+00	   1.0000000e+00	   2.3300000e+03	
   1.1100000e+02	   3.1100000e+02	   2.1000000e+02	   9.0000000e+00	   3.0000000e+00	   3.2550000e+00	   3.8900000e+00	   1.4850000e+00	   2.0000000e+00	   3.0000000e+00	   1.0000000e+00	   3.0000000e+00	   1.4410000e+03	
   1.0300000e+02	   1.1600000e+02	   2.1300000e+02	   1.2000000e+01	   2.0000000e+00	   2.5100000e+00	   2.7700000e+00	   5.9500000e-01	   3.0000000e+00	   1.0000000e+00	   2.0000000e+00	   1.0000000e+00	   2.5860000e+03	
   1.0200000e+02	   1.1100000e+02	   3.0700000e+02	   1.4000000e+01	   2.0000000e+00	   2.8350000e+00	   3.2550000e+00	   2.0150000e+00	   3.0000000e+00	   2.0000000e+00	   1.0000000e+00	   2.0000000e+00	   8.4880000e+03	
   1.0900000e+02	   3.1000000e+02	   1.1400000e+02	   3.0000000e+00	   2.0000000e+00	   3.9050000e+00	   3.4200000e+00	   1.2350000e+00	   3.0000000e+00	   1.0000000e+00	   2.0000000e+00	   1.0000000e+00	   9.6100000e+02	
   1.0300000e+02	   2.0800000e+02	   2.0400000e+02	   6.0000000e+00	   5.0000000e+00	   2.5100000e+00	   3.7800000e+00	   9.1000000e-01	   3.0000000e+00	   2.0000000e+00	   1.0000000e+00	   2.0000000e+00	   1.9470000e+03	
   2.0500000e+02	   3.1000000e+02	   2.0300000e+02	   5.0000000e+00	   3.0000000e+00	   2.7750000e+00	   3.4200000e+00	   7.9500000e-01	   2.0000000e+00	   1.0000000e+00	   3.0000000e+00	   1.0000000e+00	   7.4300000e+02	
   2.0800000e+02	   3.1100000e+02	   2.0300000e+02	   5.0000000e+00	   1.0000000e+00	   3.7800000e+00	   3.8900000e+00	   7.9500000e-01	   2.0000000e+00	   3.0000000e+00	   1.0000000e+00	   3.0000000e+00	   7.8300000e+02	
   1.0600000e+02	   3.1400000e+02	   3.0600000e+02	   1.3000000e+01	   4.0000000e+00	   4.0500000e+00	   5.0000000e+00	   1.8450000e+00	   1.0000000e+00	   2.0000000e+00	   3.0000000e+00	   2.0000000e+00	   8.5300000e+02	
   1.1600000e+02	   2.1400000e+02	   2.1200000e+02	   1.1000000e+01	   1.0000000e+00	   2.7700000e+00	   2.9250000e+00	   2.1950000e+00	   3.0000000e+00	   2.0000000e+00	   1.0000000e+00	   2.0000000e+00	   4.1690000e+03	
   1.0200000e+02	   1.0300000e+02	   2.0400000e+02	   6.0000000e+00	   2.0000000e+00	   2.8350000e+00	   2.5100000e+00	   9.1000000e-01	   1.0000000e+00	   2.0000000e+00	   3.0000000e+00	   1.0000000e+00	   6.7980000e+03	
   1.0900000e+02	   1.1600000e+02	   1.0400000e+02	   1.0000000e+00	   4.0000000e+00	   3.9050000e+00	   2.7700000e+00	   1.7100000e+00	   1.0000000e+00	   2.0000000e+00	   3.0000000e+00	   1.0000000e+00	   1.5540000e+03	
   1.1600000e+02	   3.1000000e+02	   1.1000000e+02	   2.0000000e+00	   3.0000000e+00	   2.7700000e+00	   3.4200000e+00	   1.1100000e+00	   2.0000000e+00	   3.0000000e+00	   1.0000000e+00	   3.0000000e+00	   7.6800000e+02	
   1.0200000e+02	   3.0900000e+02	   2.0200000e+02	   4.0000000e+00	   1.0000000e+00	   2.8350000e+00	   2.7100000e+00	   4.9500000e-01	   3.0000000e+00	   2.0000000e+00	   1.0000000e+00	   3.0000000e+00	   1.7160000e+03	
   2.0500000e+02	   2.0700000e+02	   2.0400000e+02	   6.0000000e+00	   2.0000000e+00	   2.7750000e+00	   3.1000000e+00	   9.1000000e-01	   2.0000000e+00	   3.0000000e+00	   1.0000000e+00	   2.0000000e+00	   1.1790000e+03	
   1.1600000e+02	   3.1000000e+02	   3.0800000e+02	   1.5000000e+01	   3.0000000e+00	   2.7700000e+00	   3.4200000e+00	   8.0000000e-02	   3.0000000e+00	   2.0000000e+00	   1.0000000e+00	   2.0000000e+00	   7.1600000e+02	
   1.0300000e+02	   3.0900000e+02	   2.0300000e+02	   5.0000000e+00	   1.0000000e+00	   2.5100000e+00	   2.7100000e+00	   7.9500000e-01	   1.0000000e+00	   2.0000000e+00	   3.0000000e+00	   3.0000000e+00	   2.0750000e+03	
   1.0900000e+02	   2.1400000e+02	   2.0600000e+02	   7.0000000e+00	   4.0000000e+00	   3.9050000e+00	   2.9250000e+00	   2.3050000e+00	   1.0000000e+00	   3.0000000e+00	   2.0000000e+00	   1.0000000e+00	   1.3160000e+03	
   1.1100000e+02	   3.0900000e+02	   3.0700000e+02	   1.4000000e+01	   3.0000000e+00	   3.2550000e+00	   2.7100000e+00	   2.0150000e+00	   2.0000000e+00	   3.0000000e+00	   1.0000000e+00	   2.0000000e+00	   3.5350000e+03	
   1.1200000e+02	   1.1600000e+02	   2.0300000e+02	   5.0000000e+00	   3.0000000e+00	   3.5600000e+00	   2.7700000e+00	   7.9500000e-01	   3.0000000e+00	   2.0000000e+00	   1.0000000e+00	   3.0000000e+00	   1.2590000e+03	
   2.0500000e+02	   2.0800000e+02	   2.0900000e+02	   8.0000000e+00	   4.0000000e+00	   2.7750000e+00	   3.7800000e+00	   1.6200000e+00	   1.0000000e+00	   3.0000000e+00	   2.0000000e+00	   3.0000000e+00	   5.0790000e+03	
   1.0900000e+02	   2.1400000e+02	   2.1000000e+02	   9.0000000e+00	   4.0000000e+00	   3.9050000e+00	   2.9250000e+00	   1.4850000e+00	   1.0000000e+00	   2.0000000e+00	   3.0000000e+00	   1.0000000e+00	   1.9310000e+03	
   1.0300000e+02	   2.0700000e+02	   2.1300000e+02	   1.2000000e+01	   3.0000000e+00	   2.5100000e+00	   3.1000000e+00	   5.9500000e-01	   2.0000000e+00	   1.0000000e+00	   3.0000000e+00	   1.0000000e+00	   4.3590000e+03	
   1.1100000e+02	   2.0500000e+02	   3.0800000e+02	   1.5000000e+01	   2.0000000e+00	   3.2550000e+00	   2.7750000e+00	   8.0000000e-02	   3.0000000e+00	   2.0000000e+00	   1.0000000e+00	   2.0000000e+00	   2.3990000e+03	
   1.1200000e+02	   2.1400000e+02	   2.0600000e+02	   7.0000000e+00	   3.0000000e+00	   3.5600000e+00	   2.9250000e+00	   2.3050000e+00	   3.0000000e+00	   2.0000000e+00	   1.0000000e+00	   3.0000000e+00	   1.1330000e+03	
   2.0800000e+02	   3.1000000e+02	   2.1000000e+02	   9.0000000e+00	   2.0000000e+00	   3.7800000e+00	   3.4200000e+00	   1.4850000e+00	   1.0000000e+00	   3.0000000e+00	   2.0000000e+00	   3.0000000e+00	   1.2490000e+03	
   1.0200000e+02	   1.0600000e+02	   3.0800000e+02	   1.5000000e+01	   5.0000000e+00	   2.8350000e+00	   4.0500000e+00	   8.0000000e-02	   2.0000000e+00	   3.0000000e+00	   1.0000000e+00	   3.0000000e+00	   2.7240000e+03	
   1.0900000e+02	   2.0500000e+02	   2.0200000e+02	   4.0000000e+00	   4.0000000e+00	   3.9050000e+00	   2.7750000e+00	   4.9500000e-01	   3.0000000e+00	   2.0000000e+00	   1.0000000e+00	   3.0000000e+00	   1.8870000e+03	
   1.0200000e+02	   3.1400000e+02	   2.1000000e+02	   9.0000000e+00	   5.0000000e+00	   2.8350000e+00	   5.0000000e+00	   1.4850000e+00	   1.0000000e+00	   2.0000000e+00	   3.0000000e+00	   2.0000000e+00	   8.9900000e+02	
   2.0800000e+02	   3.1000000e+02	   1.1400000e+02	   3.0000000e+00	   2.0000000e+00	   3.7800000e+00	   3.4200000e+00	   1.2350000e+00	   3.0000000e+00	   1.0000000e+00	   2.0000000e+00	   1.0000000e+00	   7.7600000e+02	
   1.0600000e+02	   1.1200000e+02	   3.0700000e+02	   1.4000000e+01	   3.0000000e+00	   4.0500000e+00	   3.5600000e+00	   2.0150000e+00	   3.0000000e+00	   2.0000000e+00	   1.0000000e+00	   3.0000000e+00	   2.3250000e+03	
   1.1200000e+02	   2.0800000e+02	   3.0800000e+02	   1.5000000e+01	   1.0000000e+00	   3.5600000e+00	   3.7800000e+00	   8.0000000e-02	   2.0000000e+00	   1.0000000e+00	   3.0000000e+00	   1.0000000e+00	   2.8170000e+03	
   1.0300000e+02	   3.1000000e+02	   2.1300000e+02	   1.2000000e+01	   4.0000000e+00	   2.5100000e+00	   3.4200000e+00	   5.9500000e-01	   3.0000000e+00	   1.0000000e+00	   2.0000000e+00	   1.0000000e+00	   1.2950000e+03	
   3.1000000e+02	   3.1400000e+02	   1.0400000e+02	   1.0000000e+00	   5.0000000e+00	   3.4200000e+00	   5.0000000e+00	   1.7100000e+00	   3.0000000e+00	   2.0000000e+00	   1.0000000e+00	   2.0000000e+00	   1.6600000e+03	
   1.1600000e+02	   3.1000000e+02	   2.0200000e+02	   4.0000000e+00	   3.0000000e+00	   2.7700000e+00	   3.4200000e+00	   4.9500000e-01	   3.0000000e+00	   2.0000000e+00	   1.0000000e+00	   2.0000000e+00	   1.0130000e+03	
   1.0900000e+02	   3.1000000e+02	   3.0800000e+02	   1.5000000e+01	   2.0000000e+00	   3.9050000e+00	   3.4200000e+00	   8.0000000e-02	   1.0000000e+00	   3.0000000e+00	   2.0000000e+00	   3.0000000e+00	   1.4610000e+03	
   1.0200000e+02	   2.1400000e+02	   2.1200000e+02	   1.1000000e+01	   1.0000000e+00	   2.8350000e+00	   2.9250000e+00	   2.1950000e+00	   1.0000000e+00	   2.0000000e+00	   3.0000000e+00	   1.0000000e+00	   5.0580000e+03	
   1.0200000e+02	   2.0800000e+02	   2.1000000e+02	   9.0000000e+00	   4.0000000e+00	   2.8350000e+00	   3.7800000e+00	   1.4850000e+00	   2.0000000e+00	   1.0000000e+00	   3.0000000e+00	   1.0000000e+00	   1.9780000e+03	
   3.0900000e+02	   3.1000000e+02	   1.1400000e+02	   3.0000000e+00	   3.0000000e+00	   2.7100000e+00	   3.4200000e+00	   1.2350000e+00	   1.0000000e+00	   3.0000000e+00	   2.0000000e+00	   3.0000000e+00	   2.8750000e+03	
   2.0800000e+02	   2.1400000e+02	   1.0400000e+02	   1.0000000e+00	   4.0000000e+00	   3.7800000e+00	   2.9250000e+00	   1.7100000e+00	   1.0000000e+00	   3.0000000e+00	   2.0000000e+00	   1.0000000e+00	   2.1750000e+03	
   1.0900000e+02	   3.0900000e+02	   2.1200000e+02	   1.1000000e+01	   5.0000000e+00	   3.9050000e+00	   2.7100000e+00	   2.1950000e+00	   1.0000000e+00	   2.0000000e+00	   3.0000000e+00	   1.0000000e+00	   4.5380000e+03	
   1.0200000e+02	   1.0600000e+02	   2.0900000e+02	   8.0000000e+00	   5.0000000e+00	   2.8350000e+00	   4.0500000e+00	   1.6200000e+00	   3.0000000e+00	   1.0000000e+00	   2.0000000e+00	   1.0000000e+00	   3.0730000e+03	
   1.0900000e+02	   1.1600000e+02	   3.0800000e+02	   1.5000000e+01	   4.0000000e+00	   3.9050000e+00	   2.7700000e+00	   8.0000000e-02	   3.0000000e+00	   1.0000000e+00	   2.0000000e+00	   3.0000000e+00	   2.0580000e+03	
   1.1100000e+02	   2.0700000e+02	   2.1300000e+02	   1.2000000e+01	   1.0000000e+00	   3.2550000e+00	   3.1000000e+00	   5.9500000e-01	   2.0000000e+00	   3.0000000e+00	   1.0000000e+00	   2.0000000e+00	   3.0380000e+03	
   1.0900000e+02	   3.1100000e+02	   2.0600000e+02	   7.0000000e+00	   1.0000000e+00	   3.9050000e+00	   3.8900000e+00	   2.3050000e+00	   1.0000000e+00	   3.0000000e+00	   2.0000000e+00	   3.0000000e+00	   2.2600000e+03	
   2.0500000e+02	   3.1000000e+02	   2.0600000e+02	   7.0000000e+00	   3.0000000e+00	   2.7750000e+00	   3.4200000e+00	   2.3050000e+00	   2.0000000e+00	   3.0000000e+00	   1.0000000e+00	   3.0000000e+00	   1.4890000e+03	
   1.0600000e+02	   3.0900000e+02	   1.1400000e+02	   3.0000000e+00	   5.0000000e+00	   4.0500000e+00	   2.7100000e+00	   1.2350000e+00	   1.0000000e+00	   3.0000000e+00	   2.0000000e+00	   1.0000000e+00	   1.6070000e+03	
   1.0600000e+02	   1.0900000e+02	   2.0200000e+02	   4.0000000e+00	   1.0000000e+00	   4.0500000e+00	   3.9050000e+00	   4.9500000e-01	   2.0000000e+00	   1.0000000e+00	   3.0000000e+00	   1.0000000e+00	   2.0480000e+03	
   1.0600000e+02	   3.1000000e+02	   2.1000000e+02	   9.0000000e+00	   3.0000000e+00	   4.0500000e+00	   3.4200000e+00	   1.4850000e+00	   2.0000000e+00	   3.0000000e+00	   1.0000000e+00	   3.0000000e+00	   1.5820000e+03	
   1.1200000e+02	   1.1600000e+02	   1.0400000e+02	   1.0000000e+00	   3.0000000e+00	   3.5600000e+00	   2.7700000e+00	   1.7100000e+00	   3.0000000e+00	   1.0000000e+00	   2.0000000e+00	   3.0000000e+00	   1.8480000e+03	
   1.1200000e+02	   2.0500000e+02	   1.1400000e+02	   3.0000000e+00	   3.0000000e+00	   3.5600000e+00	   2.7750000e+00	   1.2350000e+00	   3.0000000e+00	   2.0000000e+00	   1.0000000e+00	   2.0000000e+00	   4.2600000e+03	
   1.0900000e+02	   2.0700000e+02	   2.1100000e+02	   1.0000000e+01	   3.0000000e+00	   3.9050000e+00	   3.1000000e+00	   7.0500000e-01	   2.0000000e+00	   1.0000000e+00	   3.0000000e+00	   2.0000000e+00	   1.1760000e+03	
   1.0900000e+02	   1.1200000e+02	   3.0700000e+02	   1.4000000e+01	   2.0000000e+00	   3.9050000e+00	   3.5600000e+00	   2.0150000e+00	   2.0000000e+00	   3.0000000e+00	   1.0000000e+00	   3.0000000e+00	   1.4200000e+03	
   1.0600000e+02	   3.1000000e+02	   2.1300000e+02	   1.2000000e+01	   3.0000000e+00	   4.0500000e+00	   3.4200000e+00	   5.9500000e-01	   1.0000000e+00	   2.0000000e+00	   3.0000000e+00	   2.0000000e+00	   8.4800000e+02	
   1.0900000e+02	   1.1600000e+02	   2.1000000e+02	   9.0000000e+00	   4.0000000e+00	   3.9050000e+00	   2.7700000e+00	   1.4850000e+00	   3.0000000e+00	   2.0000000e+00	   1.0000000e+00	   3.0000000e+00	   1.9610000e+03	
   1.1100000e+02	   3.1100000e+02	   2.1100000e+02	   1.0000000e+01	   3.0000000e+00	   3.2550000e+00	   3.8900000e+00	   7.0500000e-01	   3.0000000e+00	   2.0000000e+00	   1.0000000e+00	   2.0000000e+00	   8.9600000e+02	
   3.0900000e+02	   3.1100000e+02	   3.0700000e+02	   1.4000000e+01	   5.0000000e+00	   2.7100000e+00	   3.8900000e+00	   2.0150000e+00	   1.0000000e+00	   2.0000000e+00	   3.0000000e+00	   2.0000000e+00	   1.5870000e+03	
   1.1100000e+02	   3.1000000e+02	   2.0200000e+02	   4.0000000e+00	   1.0000000e+00	   3.2550000e+00	   3.4200000e+00	   4.9500000e-01	   3.0000000e+00	   2.0000000e+00	   1.0000000e+00	   2.0000000e+00	   1.1480000e+03	
   2.1400000e+02	   3.1000000e+02	   3.0600000e+02	   1.3000000e+01	   3.0000000e+00	   2.9250000e+00	   3.4200000e+00	   1.8450000e+00	   3.0000000e+00	   1.0000000e+00	   2.0000000e+00	   1.0000000e+00	   1.4240000e+03	
   1.1100000e+02	   1.1600000e+02	   2.0400000e+02	   6.0000000e+00	   2.0000000e+00	   3.2550000e+00	   2.7700000e+00	   9.1000000e-01	   2.0000000e+00	   1.0000000e+00	   3.0000000e+00	   2.0000000e+00	   3.0030000e+03	
   1.1600000e+02	   3.1400000e+02	   2.0900000e+02	   8.0000000e+00	   5.0000000e+00	   2.7700000e+00	   5.0000000e+00	   1.6200000e+00	   2.0000000e+00	   3.0000000e+00	   1.0000000e+00	   3.0000000e+00	   8.6100000e+02	
   3.1000000e+02	   3.1100000e+02	   2.1000000e+02	   9.0000000e+00	   2.0000000e+00	   3.4200000e+00	   3.8900000e+00	   1.4850000e+00	   1.0000000e+00	   2.0000000e+00	   3.0000000e+00	   2.0000000e+00	   1.7390000e+03	
   2.1400000e+02	   3.1400000e+02	   2.0900000e+02	   8.0000000e+00	   5.0000000e+00	   2.9250000e+00	   5.0000000e+00	   1.6200000e+00	   3.0000000e+00	   1.0000000e+00	   2.0000000e+00	   1.0000000e+00	   1.1650000e+03	
   1.0900000e+02	   1.1100000e+02	   1.1400000e+02	   3.0000000e+00	   3.0000000e+00	   3.9050000e+00	   3.2550000e+00	   1.2350000e+00	   2.0000000e+00	   3.0000000e+00	   1.0000000e+00	   2.0000000e+00	   2.4760000e+03	
   1.1100000e+02	   3.1000000e+02	   3.0700000e+02	   1.4000000e+01	   1.0000000e+00	   3.2550000e+00	   3.4200000e+00	   2.0150000e+00	   2.0000000e+00	   1.0000000e+00	   3.0000000e+00	   1.0000000e+00	   1.2320000e+03	
   1.0300000e+02	   3.1100000e+02	   2.1100000e+02	   1.0000000e+01	   5.0000000e+00	   2.5100000e+00	   3.8900000e+00	   7.0500000e-01	   3.0000000e+00	   2.0000000e+00	   1.0000000e+00	   2.0000000e+00	   1.6790000e+03	
   1.1200000e+02	   3.1100000e+02	   2.1300000e+02	   1.2000000e+01	   2.0000000e+00	   3.5600000e+00	   3.8900000e+00	   5.9500000e-01	   2.0000000e+00	   3.0000000e+00	   1.0000000e+00	   3.0000000e+00	   1.4600000e+03	
   1.0200000e+02	   1.0300000e+02	   2.0300000e+02	   5.0000000e+00	   2.0000000e+00	   2.8350000e+00	   2.5100000e+00	   7.9500000e-01	   3.0000000e+00	   1.0000000e+00	   2.0000000e+00	   2.0000000e+00	   3.6190000e+03	
   1.0300000e+02	   3.1400000e+02	   1.0400000e+02	   1.0000000e+00	   5.0000000e+00	   2.5100000e+00	   5.0000000e+00	   1.7100000e+00	   3.0000000e+00	   1.0000000e+00	   2.0000000e+00	   1.0000000e+00	   9.1500000e+02	
   1.0900000e+02	   3.1400000e+02	   1.1000000e+02	   2.0000000e+00	   4.0000000e+00	   3.9050000e+00	   5.0000000e+00	   1.1100000e+00	   1.0000000e+00	   2.0000000e+00	   3.0000000e+00	   2.0000000e+00	   1.1980000e+03	
   1.1100000e+02	   3.1000000e+02	   3.0600000e+02	   1.3000000e+01	   1.0000000e+00	   3.2550000e+00	   3.4200000e+00	   1.8450000e+00	   2.0000000e+00	   3.0000000e+00	   1.0000000e+00	   3.0000000e+00	   8.2900000e+02	
   1.1200000e+02	   3.1000000e+02	   3.0800000e+02	   1.5000000e+01	   1.0000000e+00	   3.5600000e+00	   3.4200000e+00	   8.0000000e-02	   3.0000000e+00	   2.0000000e+00	   1.0000000e+00	   2.0000000e+00	   1.1340000e+03	
   2.0800000e+02	   3.1400000e+02	   2.1000000e+02	   9.0000000e+00	   5.0000000e+00	   3.7800000e+00	   5.0000000e+00	   1.4850000e+00	   3.0000000e+00	   1.0000000e+00	   2.0000000e+00	   1.0000000e+00	   1.0630000e+03	
   1.0900000e+02	   2.1400000e+02	   2.0300000e+02	   5.0000000e+00	   4.0000000e+00	   3.9050000e+00	   2.9250000e+00	   7.9500000e-01	   1.0000000e+00	   2.0000000e+00	   3.0000000e+00	   1.0000000e+00	   3.0420000e+03	
   1.1100000e+02	   3.1400000e+02	   2.0400000e+02	   6.0000000e+00	   5.0000000e+00	   3.2550000e+00	   5.0000000e+00	   9.1000000e-01	   1.0000000e+00	   2.0000000e+00	   3.0000000e+00	   2.0000000e+00	   6.6300000e+02	
   1.0900000e+02	   3.1100000e+02	   3.0800000e+02	   1.5000000e+01	   1.0000000e+00	   3.9050000e+00	   3.8900000e+00	   8.0000000e-02	   1.0000000e+00	   3.0000000e+00	   2.0000000e+00	   3.0000000e+00	   1.6760000e+03	
   1.1100000e+02	   2.0500000e+02	   2.0900000e+02	   8.0000000e+00	   2.0000000e+00	   3.2550000e+00	   2.7750000e+00	   1.6200000e+00	   3.0000000e+00	   1.0000000e+00	   2.0000000e+00	   1.0000000e+00	   1.6640000e+03	
   1.1200000e+02	   1.1600000e+02	   2.0200000e+02	   4.0000000e+00	   3.0000000e+00	   3.5600000e+00	   2.7700000e+00	   4.9500000e-01	   3.0000000e+00	   2.0000000e+00	   1.0000000e+00	   3.0000000e+00	   2.2430000e+03	
   1.0200000e+02	   1.0900000e+02	   2.0400000e+02	   6.0000000e+00	   4.0000000e+00	   2.8350000e+00	   3.9050000e+00	   9.1000000e-01	   3.0000000e+00	   1.0000000e+00	   2.0000000e+00	   1.0000000e+00	   1.6100000e+03	
   2.1400000e+02	   3.0900000e+02	   2.0900000e+02	   8.0000000e+00	   1.0000000e+00	   2.9250000e+00	   2.7100000e+00	   1.6200000e+00	   3.0000000e+00	   2.0000000e+00	   1.0000000e+00	   2.0000000e+00	   3.6420000e+03	
   2.0500000e+02	   3.1400000e+02	   2.0400000e+02	   6.0000000e+00	   5.0000000e+00	   2.7750000e+00	   5.0000000e+00	   9.1000000e-01	   1.0000000e+00	   2.0000000e+00	   3.0000000e+00	   2.0000000e+00	   7.3200000e+02	
   1.1600000e+02	   3.1400000e+02	   2.1000000e+02	   9.0000000e+00	   5.0000000e+00	   2.7700000e+00	   5.0000000e+00	   1.4850000e+00	   3.0000000e+00	   2.0000000e+00	   1.0000000e+00	   2.0000000e+00	   6.4800000e+02	
   1.1100000e+02	   3.1100000e+02	   2.1300000e+02	   1.2000000e+01	   3.0000000e+00	   3.2550000e+00	   3.8900000e+00	   5.9500000e-01	   1.0000000e+00	   2.0000000e+00	   3.0000000e+00	   2.0000000e+00	   7.3300000e+02	
   1.0300000e+02	   1.0900000e+02	   1.0400000e+02	   1.0000000e+00	   5.0000000e+00	   2.5100000e+00	   3.9050000e+00	   1.7100000e+00	   3.0000000e+00	   2.0000000e+00	   1.0000000e+00	   2.0000000e+00	   9.2300000e+02	
   3.0900000e+02	   3.1100000e+02	   3.0800000e+02	   1.5000000e+01	   5.0000000e+00	   2.7100000e+00	   3.8900000e+00	   8.0000000e-02	   1.0000000e+00	   3.0000000e+00	   2.0000000e+00	   3.0000000e+00	   1.1690000e+03	
   1.1200000e+02	   3.1400000e+02	   2.0300000e+02	   5.0000000e+00	   5.0000000e+00	   3.5600000e+00	   5.0000000e+00	   7.9500000e-01	   3.0000000e+00	   2.0000000e+00	   1.0000000e+00	   2.0000000e+00	   1.4210000e+03	
   2.1400000e+02	   3.0900000e+02	   2.0200000e+02	   4.0000000e+00	   1.0000000e+00	   2.9250000e+00	   2.7100000e+00	   4.9500000e-01	   1.0000000e+00	   2.0000000e+00	   3.0000000e+00	   1.0000000e+00	   3.4110000e+03	
   2.0500000e+02	   3.0900000e+02	   2.1200000e+02	   1.1000000e+01	   1.0000000e+00	   2.7750000e+00	   2.7100000e+00	   2.1950000e+00	   2.0000000e+00	   3.0000000e+00	   1.0000000e+00	   2.0000000e+00	   2.0620000e+03	
   1.0200000e+02	   1.0600000e+02	   1.1400000e+02	   3.0000000e+00	   5.0000000e+00	   2.8350000e+00	   4.0500000e+00	   1.2350000e+00	   3.0000000e+00	   2.0000000e+00	   1.0000000e+00	   2.0000000e+00	   1.3590000e+03	
   1.0300000e+02	   2.0500000e+02	   2.0900000e+02	   8.0000000e+00	   2.0000000e+00	   2.5100000e+00	   2.7750000e+00	   1.6200000e+00	   3.0000000e+00	   2.0000000e+00	   1.0000000e+00	   2.0000000e+00	   1.8200000e+03	
   3.0900000e+02	   3.1100000e+02	   2.0300000e+02	   5.0000000e+00	   5.0000000e+00	   2.7100000e+00	   3.8900000e+00	   7.9500000e-01	   1.0000000e+00	   2.0000000e+00	   3.0000000e+00	   2.0000000e+00	   1.3900000e+03	
   1.0200000e+02	   2.0800000e+02	   2.1100000e+02	   1.0000000e+01	   4.0000000e+00	   2.8350000e+00	   3.7800000e+00	   7.0500000e-01	   3.0000000e+00	   1.0000000e+00	   2.0000000e+00	   1.0000000e+00	   3.5930000e+03	
   1.0200000e+02	   2.0500000e+02	   1.1000000e+02	   2.0000000e+00	   1.0000000e+00	   2.8350000e+00	   2.7750000e+00	   1.1100000e+00	   3.0000000e+00	   1.0000000e+00	   2.0000000e+00	   1.0000000e+00	   1.8470000e+03	
   1.1200000e+02	   2.0500000e+02	   1.0400000e+02	   1.0000000e+00	   3.0000000e+00	   3.5600000e+00	   2.7750000e+00	   1.7100000e+00	   3.0000000e+00	   1.0000000e+00	   2.0000000e+00	   3.0000000e+00	   3.0510000e+03	
   2.0500000e+02	   2.0800000e+02	   2.0300000e+02	   5.0000000e+00	   4.0000000e+00	   2.7750000e+00	   3.7800000e+00	   7.9500000e-01	   3.0000000e+00	   1.0000000e+00	   2.0000000e+00	   1.0000000e+00	   6.9850000e+03	
   1.0900000e+02	   1.1100000e+02	   2.0400000e+02	   6.0000000e+00	   3.0000000e+00	   3.9050000e+00	   3.2550000e+00	   9.1000000e-01	   3.0000000e+00	   2.0000000e+00	   1.0000000e+00	   3.0000000e+00	   1.6870000e+03	
   2.0800000e+02	   2.1400000e+02	   1.1000000e+02	   2.0000000e+00	   4.0000000e+00	   3.7800000e+00	   2.9250000e+00	   1.1100000e+00	   1.0000000e+00	   3.0000000e+00	   2.0000000e+00	   1.0000000e+00	   1.3430000e+03	
   1.0600000e+02	   1.1600000e+02	   2.0600000e+02	   7.0000000e+00	   5.0000000e+00	   4.0500000e+00	   2.7700000e+00	   2.3050000e+00	   3.0000000e+00	   1.0000000e+00	   2.0000000e+00	   3.0000000e+00	   2.4940000e+03	
   2.0500000e+02	   2.1400000e+02	   1.1000000e+02	   2.0000000e+00	   1.0000000e+00	   2.7750000e+00	   2.9250000e+00	   1.1100000e+00	   1.0000000e+00	   3.0000000e+00	   2.0000000e+00	   3.0000000e+00	   1.8120000e+03	
   1.0900000e+02	   2.0500000e+02	   2.0900000e+02	   8.0000000e+00	   4.0000000e+00	   3.9050000e+00	   2.7750000e+00	   1.6200000e+00	   3.0000000e+00	   2.0000000e+00	   1.0000000e+00	   3.0000000e+00	   1.2790000e+03	
   2.1400000e+02	   3.0900000e+02	   1.0400000e+02	   1.0000000e+00	   1.0000000e+00	   2.9250000e+00	   2.7100000e+00	   1.7100000e+00	   3.0000000e+00	   1.0000000e+00	   2.0000000e+00	   3.0000000e+00	   1.4000000e+03	
   1.0900000e+02	   1.1200000e+02	   2.0600000e+02	   7.0000000e+00	   2.0000000e+00	   3.9050000e+00	   3.5600000e+00	   2.3050000e+00	   2.0000000e+00	   1.0000000e+00	   3.0000000e+00	   2.0000000e+00	   9.0600000e+02	
   1.0200000e+02	   2.0700000e+02	   3.0600000e+02	   1.3000000e+01	   2.0000000e+00	   2.8350000e+00	   3.1000000e+00	   1.8450000e+00	   3.0000000e+00	   1.0000000e+00	   2.0000000e+00	   3.0000000e+00	   3.5790000e+03	
   1.0900000e+02	   3.1400000e+02	   2.0600000e+02	   7.0000000e+00	   4.0000000e+00	   3.9050000e+00	   5.0000000e+00	   2.3050000e+00	   2.0000000e+00	   3.0000000e+00	   1.0000000e+00	   3.0000000e+00	   9.7300000e+02	
   1.1200000e+02	   2.1400000e+02	   1.0400000e+02	   1.0000000e+00	   3.0000000e+00	   3.5600000e+00	   2.9250000e+00	   1.7100000e+00	   3.0000000e+00	   2.0000000e+00	   1.0000000e+00	   3.0000000e+00	   7.9000000e+02	
   1.1100000e+02	   3.1100000e+02	   1.0400000e+02	   1.0000000e+00	   3.0000000e+00	   3.2550000e+00	   3.8900000e+00	   1.7100000e+00	   1.0000000e+00	   2.0000000e+00	   3.0000000e+00	   2.0000000e+00	   1.1360000e+03	
   1.1600000e+02	   2.0800000e+02	   3.0600000e+02	   1.3000000e+01	   4.0000000e+00	   2.7700000e+00	   3.7800000e+00	   1.8450000e+00	   3.0000000e+00	   1.0000000e+00	   2.0000000e+00	   1.0000000e+00	   3.2260000e+03	
   3.1000000e+02	   3.1400000e+02	   2.1300000e+02	   1.2000000e+01	   5.0000000e+00	   3.4200000e+00	   5.0000000e+00	   5.9500000e-01	   2.0000000e+00	   1.0000000e+00	   3.0000000e+00	   1.0000000e+00	   1.4610000e+03	
   3.0900000e+02	   3.1100000e+02	   3.0600000e+02	   1.3000000e+01	   5.0000000e+00	   2.7100000e+00	   3.8900000e+00	   1.8450000e+00	   3.0000000e+00	   1.0000000e+00	   2.0000000e+00	   1.0000000e+00	   8.9100000e+02	
   1.0300000e+02	   2.0700000e+02	   2.0600000e+02	   7.0000000e+00	   3.0000000e+00	   2.5100000e+00	   3.1000000e+00	   2.3050000e+00	   2.0000000e+00	   1.0000000e+00	   3.0000000e+00	   3.0000000e+00	   2.8510000e+03	
   1.1200000e+02	   3.1000000e+02	   1.0400000e+02	   1.0000000e+00	   1.0000000e+00	   3.5600000e+00	   3.4200000e+00	   1.7100000e+00	   1.0000000e+00	   3.0000000e+00	   2.0000000e+00	   3.0000000e+00	   8.4800000e+02	
   1.1100000e+02	   2.0500000e+02	   2.1200000e+02	   1.1000000e+01	   2.0000000e+00	   3.2550000e+00	   2.7750000e+00	   2.1950000e+00	   3.0000000e+00	   2.0000000e+00	   1.0000000e+00	   2.0000000e+00	   1.6550000e+03	
   3.0900000e+02	   3.1000000e+02	   1.1000000e+02	   2.0000000e+00	   3.0000000e+00	   2.7100000e+00	   3.4200000e+00	   1.1100000e+00	   3.0000000e+00	   2.0000000e+00	   1.0000000e+00	   2.0000000e+00	   9.0600000e+02	
   2.0500000e+02	   3.1400000e+02	   2.0200000e+02	   4.0000000e+00	   5.0000000e+00	   2.7750000e+00	   5.0000000e+00	   4.9500000e-01	   2.0000000e+00	   1.0000000e+00	   3.0000000e+00	   1.0000000e+00	   8.8400000e+02	
   1.1100000e+02	   1.1600000e+02	   3.0600000e+02	   1.3000000e+01	   2.0000000e+00	   3.2550000e+00	   2.7700000e+00	   1.8450000e+00	   2.0000000e+00	   3.0000000e+00	   1.0000000e+00	   2.0000000e+00	   1.8950000e+03	
   1.0200000e+02	   1.0600000e+02	   3.0600000e+02	   1.3000000e+01	   5.0000000e+00	   2.8350000e+00	   4.0500000e+00	   1.8450000e+00	   1.0000000e+00	   2.0000000e+00	   3.0000000e+00	   2.0000000e+00	   9.7500000e+02	
   2.0500000e+02	   3.0900000e+02	   1.1000000e+02	   2.0000000e+00	   1.0000000e+00	   2.7750000e+00	   2.7100000e+00	   1.1100000e+00	   2.0000000e+00	   3.0000000e+00	   1.0000000e+00	   2.0000000e+00	   1.2530000e+03	
   1.0600000e+02	   2.0800000e+02	   1.1000000e+02	   2.0000000e+00	   2.0000000e+00	   4.0500000e+00	   3.7800000e+00	   1.1100000e+00	   1.0000000e+00	   3.0000000e+00	   2.0000000e+00	   3.0000000e+00	   1.3080000e+03	
   2.0700000e+02	   3.1100000e+02	   1.1000000e+02	   2.0000000e+00	   3.0000000e+00	   3.1000000e+00	   3.8900000e+00	   1.1100000e+00	   3.0000000e+00	   1.0000000e+00	   2.0000000e+00	   1.0000000e+00	   8.1500000e+02	
   1.0600000e+02	   2.0500000e+02	   3.0700000e+02	   1.4000000e+01	   5.0000000e+00	   4.0500000e+00	   2.7750000e+00	   2.0150000e+00	   2.0000000e+00	   1.0000000e+00	   3.0000000e+00	   2.0000000e+00	   1.4490000e+03	
   1.0900000e+02	   3.1100000e+02	   2.1000000e+02	   9.0000000e+00	   1.0000000e+00	   3.9050000e+00	   3.8900000e+00	   1.4850000e+00	   3.0000000e+00	   2.0000000e+00	   1.0000000e+00	   2.0000000e+00	   8.4000000e+02	
   1.0200000e+02	   1.0600000e+02	   2.0200000e+02	   4.0000000e+00	   5.0000000e+00	   2.8350000e+00	   4.0500000e+00	   4.9500000e-01	   3.0000000e+00	   2.0000000e+00	   1.0000000e+00	   2.0000000e+00	   3.2180000e+03	
   1.0600000e+02	   3.1400000e+02	   2.1300000e+02	   1.2000000e+01	   4.0000000e+00	   4.0500000e+00	   5.0000000e+00	   5.9500000e-01	   1.0000000e+00	   2.0000000e+00	   3.0000000e+00	   2.0000000e+00	   7.1400000e+02	
   1.1100000e+02	   2.0800000e+02	   1.1400000e+02	   3.0000000e+00	   3.0000000e+00	   3.2550000e+00	   3.7800000e+00	   1.2350000e+00	   1.0000000e+00	   3.0000000e+00	   2.0000000e+00	   3.0000000e+00	   1.4590000e+03	
   2.0800000e+02	   3.0900000e+02	   1.0400000e+02	   1.0000000e+00	   4.0000000e+00	   3.7800000e+00	   2.7100000e+00	   1.7100000e+00	   1.0000000e+00	   2.0000000e+00	   3.0000000e+00	   1.0000000e+00	   1.1230000e+03	
   1.1100000e+02	   2.1400000e+02	   2.1300000e+02	   1.2000000e+01	   2.0000000e+00	   3.2550000e+00	   2.9250000e+00	   5.9500000e-01	   3.0000000e+00	   1.0000000e+00	   2.0000000e+00	   3.0000000e+00	   2.6610000e+03	
   2.1400000e+02	   3.1000000e+02	   2.1100000e+02	   1.0000000e+01	   3.0000000e+00	   2.9250000e+00	   3.4200000e+00	   7.0500000e-01	   2.0000000e+00	   1.0000000e+00	   3.0000000e+00	   1.0000000e+00	   7.1300000e+02	
   1.0300000e+02	   2.0800000e+02	   2.0600000e+02	   7.0000000e+00	   5.0000000e+00	   2.5100000e+00	   3.7800000e+00	   2.3050000e+00	   1.0000000e+00	   3.0000000e+00	   2.0000000e+00	   3.0000000e+00	   2.4710000e+03	
   1.0200000e+02	   3.1000000e+02	   3.0800000e+02	   1.5000000e+01	   3.0000000e+00	   2.8350000e+00	   3.4200000e+00	   8.0000000e-02	   2.0000000e+00	   1.0000000e+00	   3.0000000e+00	   1.0000000e+00	   1.7740000e+03	
   1.0600000e+02	   2.0800000e+02	   3.0700000e+02	   1.4000000e+01	   2.0000000e+00	   4.0500000e+00	   3.7800000e+00	   2.0150000e+00	   3.0000000e+00	   2.0000000e+00	   1.0000000e+00	   2.0000000e+00	   1.6570000e+03	
   2.0700000e+02	   3.1100000e+02	   2.1200000e+02	   1.1000000e+01	   3.0000000e+00	   3.1000000e+00	   3.8900000e+00	   2.1950000e+00	   2.0000000e+00	   1.0000000e+00	   3.0000000e+00	   1.0000000e+00	   1.2060000e+03	
   2.1400000e+02	   3.1400000e+02	   2.0400000e+02	   6.0000000e+00	   5.0000000e+00	   2.9250000e+00	   5.0000000e+00	   9.1000000e-01	   2.0000000e+00	   1.0000000e+00	   3.0000000e+00	   1.0000000e+00	   1.5920000e+03	
   1.1600000e+02	   2.0500000e+02	   2.1300000e+02	   1.2000000e+01	   1.0000000e+00	   2.7700000e+00	   2.7750000e+00	   5.9500000e-01	   3.0000000e+00	   1.0000000e+00	   2.0000000e+00	   1.0000000e+00	   4.7830000e+03	
   1.1200000e+02	   1.1600000e+02	   2.1200000e+02	   1.1000000e+01	   3.0000000e+00	   3.5600000e+00	   2.7700000e+00	   2.1950000e+00	   1.0000000e+00	   3.0000000e+00	   2.0000000e+00	   1.0000000e+00	   1.7070000e+03	
   1.0600000e+02	   3.1100000e+02	   2.0300000e+02	   5.0000000e+00	   1.0000000e+00	   4.0500000e+00	   3.8900000e+00	   7.9500000e-01	   3.0000000e+00	   1.0000000e+00	   2.0000000e+00	   1.0000000e+00	   1.3930000e+03	
   1.0600000e+02	   2.0500000e+02	   2.1200000e+02	   1.1000000e+01	   5.0000000e+00	   4.0500000e+00	   2.7750000e+00	   2.1950000e+00	   3.0000000e+00	   1.0000000e+00	   2.0000000e+00	   3.0000000e+00	   1.3370000e+03	
   2.0700000e+02	   3.0900000e+02	   3.0600000e+02	   1.3000000e+01	   2.0000000e+00	   3.1000000e+00	   2.7100000e+00	   1.8450000e+00	   2.0000000e+00	   3.0000000e+00	   1.0000000e+00	   1.0000000e+00	   8.3080000e+03	
   2.0500000e+02	   2.1400000e+02	   2.1200000e+02	   1.1000000e+01	   1.0000000e+00	   2.7750000e+00	   2.9250000e+00	   2.1950000e+00	   3.0000000e+00	   1.0000000e+00	   2.0000000e+00	   3.0000000e+00	   1.3810000e+03	
   1.0900000e+02	   1.1100000e+02	   1.1000000e+02	   2.0000000e+00	   3.0000000e+00	   3.9050000e+00	   3.2550000e+00	   1.1100000e+00	   3.0000000e+00	   1.0000000e+00	   2.0000000e+00	   3.0000000e+00	   1.8070000e+03	
   2.0500000e+02	   2.1400000e+02	   3.0800000e+02	   1.5000000e+01	   1.0000000e+00	   2.7750000e+00	   2.9250000e+00	   8.0000000e-02	   2.0000000e+00	   1.0000000e+00	   3.0000000e+00	   2.0000000e+00	   1.9500000e+03	
   2.0800000e+02	   3.1000000e+02	   2.0200000e+02	   4.0000000e+00	   2.0000000e+00	   3.7800000e+00	   3.4200000e+00	   4.9500000e-01	   1.0000000e+00	   2.0000000e+00	   3.0000000e+00	   2.0000000e+00	   2.2680000e+03	
   1.1100000e+02	   1.1200000e+02	   2.1000000e+02	   9.0000000e+00	   2.0000000e+00	   3.2550000e+00	   3.5600000e+00	   1.4850000e+00	   3.0000000e+00	   2.0000000e+00	   1.0000000e+00	   2.0000000e+00	   2.3300000e+03	
   1.1100000e+02	   1.1200000e+02	   2.1100000e+02	   1.0000000e+01	   2.0000000e+00	   3.2550000e+00	   3.5600000e+00	   7.0500000e-01	   3.0000000e+00	   2.0000000e+00	   1.0000000e+00	   2.0000000e+00	   1.8970000e+03	
   1.1100000e+02	   2.0800000e+02	   3.0600000e+02	   1.3000000e+01	   3.0000000e+00	   3.2550000e+00	   3.7800000e+00	   1.8450000e+00	   1.0000000e+00	   2.0000000e+00	   3.0000000e+00	   2.0000000e+00	   2.3260000e+03	
   1.0900000e+02	   3.1400000e+02	   2.1000000e+02	   9.0000000e+00	   4.0000000e+00	   3.9050000e+00	   5.0000000e+00	   1.4850000e+00	   1.0000000e+00	   3.0000000e+00	   2.0000000e+00	   3.0000000e+00	   1.6690000e+03	
   1.0300000e+02	   3.1000000e+02	   1.1000000e+02	   2.0000000e+00	   4.0000000e+00	   2.5100000e+00	   3.4200000e+00	   1.1100000e+00	   2.0000000e+00	   3.0000000e+00	   1.0000000e+00	   3.0000000e+00	   1.2570000e+03	
   1.0900000e+02	   1.1200000e+02	   2.0200000e+02	   4.0000000e+00	   2.0000000e+00	   3.9050000e+00	   3.5600000e+00	   4.9500000e-01	   3.0000000e+00	   1.0000000e+00	   2.0000000e+00	   3.0000000e+00	   2.8600000e+03	
