   1.0000000e+00	   3.1400000e+02	   3.0000000e+00	   4.8900000e+00	   2.3700000e+03	   4.2500000e+00	   3.2490000e+03	
   2.0000000e+00	   1.1100000e+02	   1.0000000e+00	   5.0000000e+00	   2.7370000e+03	   3.0600000e+00	   2.8990000e+03	
   3.0000000e+00	   2.1500000e+02	   2.0000000e+00	   2.0400000e+00	   2.7890000e+03	   1.0800000e+00	   2.3650000e+03	
   4.0000000e+00	   2.0900000e+02	   2.0000000e+00	   3.8700000e+00	   2.4230000e+03	   3.3900000e+00	   1.4330000e+03	
   5.0000000e+00	   3.0300000e+02	   3.0000000e+00	   5.0000000e+00	   3.2560000e+03	   4.1500000e+00	   1.6320000e+03	
   6.0000000e+00	   2.0200000e+02	   2.0000000e+00	   3.6400000e+00	   4.1230000e+03	   3.0300000e+00	   2.7990000e+03	
   7.0000000e+00	   2.1400000e+02	   2.0000000e+00	   3.7500000e+00	   2.4230000e+03	   4.2300000e+00	   2.6660000e+03	
   8.0000000e+00	   3.0100000e+02	   3.0000000e+00	   2.2000000e-01	   4.2230000e+03	   3.2600000e+00	   2.6990000e+03	
   9.0000000e+00	   1.0400000e+02	   1.0000000e+00	   5.0000000e+00	   2.8230000e+03	   4.4000000e-01	   1.4990000e+03	
   1.0000000e+01	   3.1100000e+02	   3.0000000e+00	   2.0300000e+00	   3.2890000e+03	   4.8900000e+00	   2.1000000e+03	
   1.1000000e+01	   2.0600000e+02	   2.0000000e+00	   5.0000000e+00	   2.9220000e+03	   4.6900000e+00	   1.1330000e+03	
   1.2000000e+01	   1.0500000e+02	   1.0000000e+00	   1.1600000e+00	   1.9560000e+03	   3.3000000e-01	   1.8990000e+03	
   1.3000000e+01	   1.0200000e+02	   1.0000000e+00	   4.9800000e+00	   2.2560000e+03	   3.9700000e+00	   1.2000000e+03	
   1.4000000e+01	   1.1000000e+02	   1.0000000e+00	   3.7000000e+00	   3.2230000e+03	   0.0000000e+00	   8.3300000e+02	
   1.5000000e+01	   3.0800000e+02	   3.0000000e+00	   6.8000000e-01	   2.5560000e+03	   1.9600000e+00	   1.3000000e+03	
   1.6000000e+01	   2.0400000e+02	   2.0000000e+00	   3.2000000e-01	   4.7880000e+03	   2.0500000e+00	   3.1000000e+03	
   1.7000000e+01	   1.0800000e+02	   1.0000000e+00	   4.9700000e+00	   3.0220000e+03	   2.9800000e+00	   1.3330000e+03	
   1.8000000e+01	   3.1200000e+02	   3.0000000e+00	   2.3200000e+00	   4.4220000e+03	   3.7100000e+00	   2.0330000e+03	
   1.9000000e+01	   2.1000000e+02	   2.0000000e+00	   4.4500000e+00	   3.7560000e+03	   4.3000000e+00	   2.3660000e+03	
   2.0000000e+01	   1.0900000e+02	   1.0000000e+00	   5.0000000e+00	   2.5220000e+03	   3.3200000e+00	   1.1000000e+03	
   2.1000000e+01	   2.1300000e+02	   2.0000000e+00	   2.6200000e+00	   3.8880000e+03	   1.1400000e+00	   1.8000000e+03	
   2.2000000e+01	   3.0200000e+02	   3.0000000e+00	   1.8500000e+00	   3.6560000e+03	   3.6300000e+00	   2.1990000e+03	
   2.3000000e+01	   3.1300000e+02	   3.0000000e+00	   1.9100000e+00	   4.6550000e+03	   1.2800000e+00	   2.7000000e+03	
   2.4000000e+01	   1.1400000e+02	   1.0000000e+00	   3.8000000e-01	   3.5890000e+03	   1.3200000e+00	   1.6990000e+03	
   2.5000000e+01	   2.0700000e+02	   2.0000000e+00	   2.1000000e+00	   6.7210000e+03	   8.5000000e-01	   1.4330000e+03	
   2.6000000e+01	   2.0300000e+02	   2.0000000e+00	   5.9000000e-01	   2.6230000e+03	   5.3000000e-01	   1.7000000e+03	
   2.7000000e+01	   3.0700000e+02	   3.0000000e+00	   3.8400000e+00	   1.7050000e+03	   4.0300000e+00	   2.4650000e+03	
   2.8000000e+01	   3.0900000e+02	   3.0000000e+00	   4.9800000e+00	   5.0890000e+03	   3.7200000e+00	   1.1670000e+03	
   2.9000000e+01	   1.1600000e+02	   1.0000000e+00	   3.9500000e+00	   2.5890000e+03	   3.8300000e+00	   2.9320000e+03	
   3.0000000e+01	   3.0400000e+02	   3.0000000e+00	   4.9200000e+00	   2.3550000e+03	   2.9900000e+00	   4.2990000e+03	
   3.1000000e+01	   1.0600000e+02	   1.0000000e+00	   4.4900000e+00	   1.9220000e+03	   1.7400000e+00	   1.5330000e+03	
   3.2000000e+01	   1.1300000e+02	   1.0000000e+00	   5.0000000e+00	   2.0890000e+03	   4.6200000e+00	   1.1670000e+03	
   3.3000000e+01	   2.1200000e+02	   2.0000000e+00	   7.4000000e-01	   2.6890000e+03	   1.0600000e+00	   1.5990000e+03	
   3.4000000e+01	   1.0300000e+02	   1.0000000e+00	   3.7600000e+00	   3.4240000e+03	   3.0500000e+00	   1.5660000e+03	
   3.5000000e+01	   1.1200000e+02	   1.0000000e+00	   5.0000000e+00	   2.3560000e+03	   3.9900000e+00	   9.6600000e+02	
   3.6000000e+01	   2.1100000e+02	   2.0000000e+00	   5.0000000e+00	   3.0900000e+03	   1.6400000e+00	   9.6500000e+02	
   3.7000000e+01	   2.0100000e+02	   2.0000000e+00	   1.6800000e+00	   1.3820000e+04	   7.6000000e-01	   1.8670000e+03	
   3.8000000e+01	   3.0600000e+02	   3.0000000e+00	   4.5500000e+00	   1.9050000e+03	   3.1400000e+00	   1.3340000e+03	
   3.9000000e+01	   2.0800000e+02	   2.0000000e+00	   4.9500000e+00	   2.0380000e+03	   4.6100000e+00	   1.0330000e+03	
   4.0000000e+01	   1.0100000e+02	   1.0000000e+00	   3.9300000e+00	   7.7540000e+03	   1.8900000e+00	   2.0660000e+03	
   4.1000000e+01	   1.1500000e+02	   1.0000000e+00	   6.8000000e-01	   2.3560000e+03	   1.6000000e-01	   1.4000000e+03	
   4.2000000e+01	   2.0500000e+02	   2.0000000e+00	   1.7300000e+00	   1.8710000e+03	   2.8000000e-01	   1.5320000e+03	
   4.3000000e+01	   1.0700000e+02	   1.0000000e+00	   1.3500000e+00	   3.1550000e+03	   2.6700000e+00	   1.8660000e+03	
   4.4000000e+01	   3.0500000e+02	   3.0000000e+00	   1.7500000e+00	   3.9560000e+03	   2.8900000e+00	   6.6600000e+02	
   4.5000000e+01	   3.1000000e+02	   3.0000000e+00	   3.3500000e+00	   2.0040000e+03	   3.0400000e+00	   1.8330000e+03	
