   1.1500000e+02	   2.1000000e+02	   3.0500000e+02	   1.3000000e+01	   4.0000000e+00	   4.1400000e+00	   4.9750000e+00	   0.0000000e+00	   3.0000000e+00	   1.0000000e+00	   2.0000000e+00	   1.0000000e+00	   1.5530000e+03	
   1.1200000e+02	   2.0700000e+02	   2.0400000e+02	   8.0000000e+00	   3.0000000e+00	   5.0000000e+00	   4.2400000e+00	   1.3000000e+00	   2.0000000e+00	   1.0000000e+00	   3.0000000e+00	   1.0000000e+00	   1.9290000e+03	
   2.1000000e+02	   3.0300000e+02	   2.0900000e+02	   9.0000000e+00	   4.0000000e+00	   4.9750000e+00	   3.9900000e+00	   6.1500000e-01	   2.0000000e+00	   3.0000000e+00	   1.0000000e+00	   2.0000000e+00	   2.1940000e+03	
   2.0800000e+02	   3.0400000e+02	   1.0500000e+02	   3.0000000e+00	   2.0000000e+00	   5.0000000e+00	   4.7250000e+00	   2.7700000e+00	   3.0000000e+00	   2.0000000e+00	   1.0000000e+00	   3.0000000e+00	   1.7110000e+03	
   2.0800000e+02	   3.0300000e+02	   3.0500000e+02	   1.3000000e+01	   5.0000000e+00	   5.0000000e+00	   3.9900000e+00	   0.0000000e+00	   2.0000000e+00	   1.0000000e+00	   3.0000000e+00	   2.0000000e+00	   2.2030000e+03	
   1.1500000e+02	   3.0700000e+02	   1.1000000e+02	   5.0000000e+00	   4.0000000e+00	   4.1400000e+00	   5.0000000e+00	   1.7000000e-01	   1.0000000e+00	   2.0000000e+00	   3.0000000e+00	   2.0000000e+00	   2.9800000e+03	
   2.1000000e+02	   3.0800000e+02	   2.1400000e+02	   1.1000000e+01	   4.0000000e+00	   4.9750000e+00	   4.0550000e+00	   0.0000000e+00	   2.0000000e+00	   1.0000000e+00	   3.0000000e+00	   2.0000000e+00	   1.6890000e+03	
   1.1100000e+02	   2.0700000e+02	   2.0100000e+02	   6.0000000e+00	   2.0000000e+00	   3.8900000e+00	   4.2400000e+00	   3.1600000e+00	   1.0000000e+00	   2.0000000e+00	   3.0000000e+00	   2.0000000e+00	   4.8900000e+03	
   2.0800000e+02	   2.1000000e+02	   3.0100000e+02	   1.2000000e+01	   1.0000000e+00	   5.0000000e+00	   4.9750000e+00	   9.8500000e-01	   3.0000000e+00	   1.0000000e+00	   2.0000000e+00	   3.0000000e+00	   3.1470000e+03	
   2.0700000e+02	   3.0400000e+02	   3.0100000e+02	   1.2000000e+01	   3.0000000e+00	   4.2400000e+00	   4.7250000e+00	   9.8500000e-01	   2.0000000e+00	   3.0000000e+00	   1.0000000e+00	   2.0000000e+00	   3.8430000e+03	
   1.0900000e+02	   2.1000000e+02	   2.0900000e+02	   9.0000000e+00	   1.0000000e+00	   5.0000000e+00	   4.9750000e+00	   6.1500000e-01	   2.0000000e+00	   3.0000000e+00	   1.0000000e+00	   2.0000000e+00	   2.9460000e+03	
   1.1600000e+02	   2.1000000e+02	   1.0600000e+02	   4.0000000e+00	   2.0000000e+00	   4.6150000e+00	   4.9750000e+00	   2.0200000e+00	   1.0000000e+00	   3.0000000e+00	   2.0000000e+00	   3.0000000e+00	   1.8760000e+03	
   1.0300000e+02	   2.1000000e+02	   1.1000000e+02	   5.0000000e+00	   5.0000000e+00	   3.7150000e+00	   4.9750000e+00	   1.7000000e-01	   3.0000000e+00	   2.0000000e+00	   1.0000000e+00	   2.0000000e+00	   1.4140000e+03	
   1.1500000e+02	   3.0800000e+02	   2.0300000e+02	   7.0000000e+00	   1.0000000e+00	   4.1400000e+00	   4.0550000e+00	   5.4000000e-01	   3.0000000e+00	   2.0000000e+00	   1.0000000e+00	   2.0000000e+00	   1.4410000e+03	
   1.0300000e+02	   1.1200000e+02	   3.1300000e+02	   1.5000000e+01	   5.0000000e+00	   3.7150000e+00	   5.0000000e+00	   2.9950000e+00	   1.0000000e+00	   3.0000000e+00	   2.0000000e+00	   3.0000000e+00	   2.1960000e+03	
   1.1100000e+02	   1.1600000e+02	   1.0100000e+02	   1.0000000e+00	   3.0000000e+00	   3.8900000e+00	   4.6150000e+00	   3.2550000e+00	   3.0000000e+00	   2.0000000e+00	   1.0000000e+00	   2.0000000e+00	   1.9380000e+03	
   1.1100000e+02	   3.0400000e+02	   2.0300000e+02	   7.0000000e+00	   4.0000000e+00	   3.8900000e+00	   4.7250000e+00	   5.4000000e-01	   1.0000000e+00	   2.0000000e+00	   3.0000000e+00	   2.0000000e+00	   3.0440000e+03	
   2.1000000e+02	   3.0800000e+02	   1.1000000e+02	   5.0000000e+00	   4.0000000e+00	   4.9750000e+00	   4.0550000e+00	   1.7000000e-01	   2.0000000e+00	   3.0000000e+00	   1.0000000e+00	   2.0000000e+00	   1.8580000e+03	
   1.1300000e+02	   2.0700000e+02	   2.0300000e+02	   7.0000000e+00	   3.0000000e+00	   4.7100000e+00	   4.2400000e+00	   5.4000000e-01	   2.0000000e+00	   3.0000000e+00	   1.0000000e+00	   3.0000000e+00	   1.4070000e+03	
   1.0300000e+02	   1.1500000e+02	   3.0100000e+02	   1.2000000e+01	   2.0000000e+00	   3.7150000e+00	   4.1400000e+00	   9.8500000e-01	   3.0000000e+00	   2.0000000e+00	   1.0000000e+00	   2.0000000e+00	   1.9660000e+03	
   1.0900000e+02	   3.0800000e+02	   3.0100000e+02	   1.2000000e+01	   4.0000000e+00	   5.0000000e+00	   4.0550000e+00	   9.8500000e-01	   2.0000000e+00	   1.0000000e+00	   3.0000000e+00	   2.0000000e+00	   2.1200000e+03	
   1.0300000e+02	   1.1100000e+02	   2.0100000e+02	   6.0000000e+00	   1.0000000e+00	   3.7150000e+00	   3.8900000e+00	   3.1600000e+00	   3.0000000e+00	   2.0000000e+00	   1.0000000e+00	   2.0000000e+00	   4.2580000e+03	
   2.0800000e+02	   3.0300000e+02	   2.0400000e+02	   8.0000000e+00	   5.0000000e+00	   5.0000000e+00	   3.9900000e+00	   1.3000000e+00	   2.0000000e+00	   3.0000000e+00	   1.0000000e+00	   2.0000000e+00	   1.8150000e+03	
   1.1100000e+02	   1.1200000e+02	   1.0600000e+02	   4.0000000e+00	   5.0000000e+00	   3.8900000e+00	   5.0000000e+00	   2.0200000e+00	   3.0000000e+00	   2.0000000e+00	   1.0000000e+00	   2.0000000e+00	   2.7950000e+03	
   1.0900000e+02	   3.0900000e+02	   2.1100000e+02	   1.0000000e+01	   5.0000000e+00	   5.0000000e+00	   3.5300000e+00	   0.0000000e+00	   3.0000000e+00	   1.0000000e+00	   2.0000000e+00	   3.0000000e+00	   1.5720000e+03	
   1.0300000e+02	   1.1300000e+02	   1.0400000e+02	   2.0000000e+00	   4.0000000e+00	   3.7150000e+00	   4.7100000e+00	   3.1050000e+00	   3.0000000e+00	   2.0000000e+00	   1.0000000e+00	   2.0000000e+00	   2.0150000e+03	
   3.0700000e+02	   3.0800000e+02	   1.0400000e+02	   2.0000000e+00	   4.0000000e+00	   5.0000000e+00	   4.0550000e+00	   3.1050000e+00	   3.0000000e+00	   2.0000000e+00	   1.0000000e+00	   3.0000000e+00	   1.3590000e+03	
   1.0900000e+02	   3.0400000e+02	   2.1400000e+02	   1.1000000e+01	   2.0000000e+00	   5.0000000e+00	   4.7250000e+00	   0.0000000e+00	   1.0000000e+00	   3.0000000e+00	   2.0000000e+00	   1.0000000e+00	   1.4790000e+03	
   3.0800000e+02	   3.0900000e+02	   3.0500000e+02	   1.3000000e+01	   3.0000000e+00	   4.0550000e+00	   3.5300000e+00	   0.0000000e+00	   1.0000000e+00	   2.0000000e+00	   3.0000000e+00	   1.0000000e+00	   2.4520000e+03	
   1.0300000e+02	   2.0800000e+02	   3.0100000e+02	   1.2000000e+01	   5.0000000e+00	   3.7150000e+00	   5.0000000e+00	   9.8500000e-01	   2.0000000e+00	   3.0000000e+00	   1.0000000e+00	   3.0000000e+00	   1.3420000e+03	
   1.1100000e+02	   2.0800000e+02	   3.0500000e+02	   1.3000000e+01	   5.0000000e+00	   3.8900000e+00	   5.0000000e+00	   0.0000000e+00	   2.0000000e+00	   1.0000000e+00	   3.0000000e+00	   1.0000000e+00	   1.2050000e+03	
   2.0700000e+02	   2.0800000e+02	   3.0500000e+02	   1.3000000e+01	   3.0000000e+00	   4.2400000e+00	   5.0000000e+00	   0.0000000e+00	   2.0000000e+00	   3.0000000e+00	   1.0000000e+00	   3.0000000e+00	   1.2800000e+03	
   1.1500000e+02	   3.0900000e+02	   1.0500000e+02	   3.0000000e+00	   3.0000000e+00	   4.1400000e+00	   3.5300000e+00	   2.7700000e+00	   1.0000000e+00	   3.0000000e+00	   2.0000000e+00	   1.0000000e+00	   2.0220000e+03	
   1.0300000e+02	   1.1600000e+02	   2.0300000e+02	   7.0000000e+00	   4.0000000e+00	   3.7150000e+00	   4.6150000e+00	   5.4000000e-01	   2.0000000e+00	   1.0000000e+00	   3.0000000e+00	   1.0000000e+00	   1.2820000e+03	
   1.0300000e+02	   1.0900000e+02	   3.0100000e+02	   1.2000000e+01	   5.0000000e+00	   3.7150000e+00	   5.0000000e+00	   9.8500000e-01	   3.0000000e+00	   2.0000000e+00	   1.0000000e+00	   2.0000000e+00	   1.9840000e+03	
   3.0300000e+02	   3.0400000e+02	   3.1000000e+02	   1.4000000e+01	   3.0000000e+00	   3.9900000e+00	   4.7250000e+00	   3.0500000e-01	   1.0000000e+00	   2.0000000e+00	   3.0000000e+00	   1.0000000e+00	   1.6080000e+03	
   1.0900000e+02	   3.0800000e+02	   1.0600000e+02	   4.0000000e+00	   4.0000000e+00	   5.0000000e+00	   4.0550000e+00	   2.0200000e+00	   1.0000000e+00	   3.0000000e+00	   2.0000000e+00	   1.0000000e+00	   1.5350000e+03	
   3.0800000e+02	   3.0900000e+02	   2.1100000e+02	   1.0000000e+01	   3.0000000e+00	   4.0550000e+00	   3.5300000e+00	   0.0000000e+00	   1.0000000e+00	   3.0000000e+00	   2.0000000e+00	   1.0000000e+00	   1.2150000e+03	
   2.1000000e+02	   3.0300000e+02	   3.0500000e+02	   1.3000000e+01	   4.0000000e+00	   4.9750000e+00	   3.9900000e+00	   0.0000000e+00	   3.0000000e+00	   1.0000000e+00	   2.0000000e+00	   3.0000000e+00	   1.3080000e+03	
   1.1500000e+02	   1.1600000e+02	   1.1000000e+02	   5.0000000e+00	   3.0000000e+00	   4.1400000e+00	   4.6150000e+00	   1.7000000e-01	   1.0000000e+00	   2.0000000e+00	   3.0000000e+00	   2.0000000e+00	   1.3340000e+03	
   1.0900000e+02	   1.1100000e+02	   2.0400000e+02	   8.0000000e+00	   5.0000000e+00	   5.0000000e+00	   3.8900000e+00	   1.3000000e+00	   3.0000000e+00	   1.0000000e+00	   2.0000000e+00	   3.0000000e+00	   1.4860000e+03	
   2.0800000e+02	   3.0800000e+02	   3.0500000e+02	   1.3000000e+01	   4.0000000e+00	   5.0000000e+00	   4.0550000e+00	   0.0000000e+00	   3.0000000e+00	   1.0000000e+00	   2.0000000e+00	   3.0000000e+00	   1.2900000e+03	
   1.1100000e+02	   2.0700000e+02	   2.1400000e+02	   1.1000000e+01	   2.0000000e+00	   3.8900000e+00	   4.2400000e+00	   0.0000000e+00	   2.0000000e+00	   1.0000000e+00	   3.0000000e+00	   1.0000000e+00	   1.2120000e+03	
   1.1500000e+02	   2.1000000e+02	   1.0100000e+02	   1.0000000e+00	   4.0000000e+00	   4.1400000e+00	   4.9750000e+00	   3.2550000e+00	   1.0000000e+00	   3.0000000e+00	   2.0000000e+00	   3.0000000e+00	   1.2360000e+03	
   1.1200000e+02	   2.1000000e+02	   2.1400000e+02	   1.1000000e+01	   1.0000000e+00	   5.0000000e+00	   4.9750000e+00	   0.0000000e+00	   2.0000000e+00	   1.0000000e+00	   3.0000000e+00	   1.0000000e+00	   1.1140000e+03	
   1.0900000e+02	   2.1000000e+02	   1.0600000e+02	   4.0000000e+00	   1.0000000e+00	   5.0000000e+00	   4.9750000e+00	   2.0200000e+00	   2.0000000e+00	   1.0000000e+00	   3.0000000e+00	   1.0000000e+00	   8.9300000e+02	
   1.1300000e+02	   3.0700000e+02	   1.0100000e+02	   1.0000000e+00	   2.0000000e+00	   4.7100000e+00	   5.0000000e+00	   3.2550000e+00	   1.0000000e+00	   2.0000000e+00	   3.0000000e+00	   2.0000000e+00	   1.2410000e+03	
   1.0900000e+02	   3.0800000e+02	   2.0100000e+02	   6.0000000e+00	   4.0000000e+00	   5.0000000e+00	   4.0550000e+00	   3.1600000e+00	   1.0000000e+00	   3.0000000e+00	   2.0000000e+00	   1.0000000e+00	   2.2750000e+03	
   2.1000000e+02	   3.0800000e+02	   3.1300000e+02	   1.5000000e+01	   4.0000000e+00	   4.9750000e+00	   4.0550000e+00	   2.9950000e+00	   3.0000000e+00	   2.0000000e+00	   1.0000000e+00	   3.0000000e+00	   1.1570000e+03	
   1.1100000e+02	   2.0800000e+02	   1.1000000e+02	   5.0000000e+00	   5.0000000e+00	   3.8900000e+00	   5.0000000e+00	   1.7000000e-01	   1.0000000e+00	   3.0000000e+00	   2.0000000e+00	   3.0000000e+00	   1.3370000e+03	
   1.1300000e+02	   3.0800000e+02	   3.0500000e+02	   1.3000000e+01	   3.0000000e+00	   4.7100000e+00	   4.0550000e+00	   0.0000000e+00	   2.0000000e+00	   1.0000000e+00	   3.0000000e+00	   1.0000000e+00	   2.3340000e+03	
   1.1200000e+02	   3.0400000e+02	   3.1300000e+02	   1.5000000e+01	   2.0000000e+00	   5.0000000e+00	   4.7250000e+00	   2.9950000e+00	   1.0000000e+00	   3.0000000e+00	   2.0000000e+00	   1.0000000e+00	   1.5860000e+03	
   1.1100000e+02	   1.1600000e+02	   2.0100000e+02	   6.0000000e+00	   3.0000000e+00	   3.8900000e+00	   4.6150000e+00	   3.1600000e+00	   2.0000000e+00	   1.0000000e+00	   3.0000000e+00	   1.0000000e+00	   1.7240000e+03	
   1.1200000e+02	   1.1300000e+02	   2.0100000e+02	   6.0000000e+00	   2.0000000e+00	   5.0000000e+00	   4.7100000e+00	   3.1600000e+00	   2.0000000e+00	   1.0000000e+00	   3.0000000e+00	   2.0000000e+00	   3.6640000e+03	
   1.1600000e+02	   3.0700000e+02	   2.1100000e+02	   1.0000000e+01	   2.0000000e+00	   4.6150000e+00	   5.0000000e+00	   0.0000000e+00	   2.0000000e+00	   1.0000000e+00	   3.0000000e+00	   1.0000000e+00	   1.2640000e+03	
   1.0300000e+02	   3.0400000e+02	   2.0100000e+02	   6.0000000e+00	   4.0000000e+00	   3.7150000e+00	   4.7250000e+00	   3.1600000e+00	   3.0000000e+00	   2.0000000e+00	   1.0000000e+00	   3.0000000e+00	   4.4140000e+03	
   1.0300000e+02	   3.0800000e+02	   1.0400000e+02	   2.0000000e+00	   2.0000000e+00	   3.7150000e+00	   4.0550000e+00	   3.1050000e+00	   3.0000000e+00	   1.0000000e+00	   2.0000000e+00	   1.0000000e+00	   1.9060000e+03	
   1.0300000e+02	   1.0900000e+02	   1.0100000e+02	   1.0000000e+00	   5.0000000e+00	   3.7150000e+00	   5.0000000e+00	   3.2550000e+00	   3.0000000e+00	   1.0000000e+00	   2.0000000e+00	   1.0000000e+00	   1.3520000e+03	
   2.1000000e+02	   3.0900000e+02	   2.0100000e+02	   6.0000000e+00	   5.0000000e+00	   4.9750000e+00	   3.5300000e+00	   3.1600000e+00	   3.0000000e+00	   1.0000000e+00	   2.0000000e+00	   3.0000000e+00	   1.9660000e+03	
   2.0700000e+02	   3.0400000e+02	   1.1000000e+02	   5.0000000e+00	   3.0000000e+00	   4.2400000e+00	   4.7250000e+00	   1.7000000e-01	   1.0000000e+00	   3.0000000e+00	   2.0000000e+00	   1.0000000e+00	   1.2990000e+03	
   1.0900000e+02	   2.1000000e+02	   1.0500000e+02	   3.0000000e+00	   1.0000000e+00	   5.0000000e+00	   4.9750000e+00	   2.7700000e+00	   2.0000000e+00	   3.0000000e+00	   1.0000000e+00	   3.0000000e+00	   2.2320000e+03	
   1.1200000e+02	   3.0300000e+02	   2.1100000e+02	   1.0000000e+01	   4.0000000e+00	   5.0000000e+00	   3.9900000e+00	   0.0000000e+00	   1.0000000e+00	   2.0000000e+00	   3.0000000e+00	   2.0000000e+00	   1.9250000e+03	
   1.0300000e+02	   1.1100000e+02	   1.1000000e+02	   5.0000000e+00	   1.0000000e+00	   3.7150000e+00	   3.8900000e+00	   1.7000000e-01	   2.0000000e+00	   3.0000000e+00	   1.0000000e+00	   3.0000000e+00	   2.7810000e+03	
   1.1200000e+02	   1.1500000e+02	   3.1300000e+02	   1.5000000e+01	   4.0000000e+00	   5.0000000e+00	   4.1400000e+00	   2.9950000e+00	   1.0000000e+00	   3.0000000e+00	   2.0000000e+00	   1.0000000e+00	   1.8760000e+03	
   1.1500000e+02	   2.1000000e+02	   2.0900000e+02	   9.0000000e+00	   4.0000000e+00	   4.1400000e+00	   4.9750000e+00	   6.1500000e-01	   1.0000000e+00	   2.0000000e+00	   3.0000000e+00	   2.0000000e+00	   1.5280000e+03	
   2.1000000e+02	   3.0300000e+02	   2.1100000e+02	   1.0000000e+01	   4.0000000e+00	   4.9750000e+00	   3.9900000e+00	   0.0000000e+00	   2.0000000e+00	   1.0000000e+00	   3.0000000e+00	   2.0000000e+00	   1.3280000e+03	
   1.1200000e+02	   2.1000000e+02	   3.0500000e+02	   1.3000000e+01	   1.0000000e+00	   5.0000000e+00	   4.9750000e+00	   0.0000000e+00	   2.0000000e+00	   3.0000000e+00	   1.0000000e+00	   3.0000000e+00	   1.0470000e+03	
   1.1200000e+02	   2.0700000e+02	   3.0100000e+02	   1.2000000e+01	   3.0000000e+00	   5.0000000e+00	   4.2400000e+00	   9.8500000e-01	   3.0000000e+00	   1.0000000e+00	   2.0000000e+00	   1.0000000e+00	   2.5910000e+03	
   1.1100000e+02	   2.0800000e+02	   2.1100000e+02	   1.0000000e+01	   5.0000000e+00	   3.8900000e+00	   5.0000000e+00	   0.0000000e+00	   2.0000000e+00	   1.0000000e+00	   3.0000000e+00	   1.0000000e+00	   1.4260000e+03	
   2.0800000e+02	   3.0900000e+02	   2.0100000e+02	   6.0000000e+00	   5.0000000e+00	   5.0000000e+00	   3.5300000e+00	   3.1600000e+00	   3.0000000e+00	   2.0000000e+00	   1.0000000e+00	   3.0000000e+00	   1.5280000e+03	
   1.1200000e+02	   1.1500000e+02	   1.0100000e+02	   1.0000000e+00	   4.0000000e+00	   5.0000000e+00	   4.1400000e+00	   3.2550000e+00	   3.0000000e+00	   2.0000000e+00	   1.0000000e+00	   3.0000000e+00	   1.6150000e+03	
   3.0400000e+02	   3.0800000e+02	   2.0900000e+02	   9.0000000e+00	   3.0000000e+00	   4.7250000e+00	   4.0550000e+00	   6.1500000e-01	   3.0000000e+00	   1.0000000e+00	   2.0000000e+00	   1.0000000e+00	   1.3830000e+03	
   1.1100000e+02	   2.0700000e+02	   3.0100000e+02	   1.2000000e+01	   2.0000000e+00	   3.8900000e+00	   4.2400000e+00	   9.8500000e-01	   2.0000000e+00	   1.0000000e+00	   3.0000000e+00	   1.0000000e+00	   1.4840000e+03	
   1.1200000e+02	   3.0400000e+02	   1.0100000e+02	   1.0000000e+00	   2.0000000e+00	   5.0000000e+00	   4.7250000e+00	   3.2550000e+00	   1.0000000e+00	   2.0000000e+00	   3.0000000e+00	   1.0000000e+00	   1.2430000e+03	
   1.1600000e+02	   3.0400000e+02	   2.0300000e+02	   7.0000000e+00	   1.0000000e+00	   4.6150000e+00	   4.7250000e+00	   5.4000000e-01	   3.0000000e+00	   1.0000000e+00	   2.0000000e+00	   3.0000000e+00	   1.4160000e+03	
   1.0900000e+02	   3.0900000e+02	   3.1300000e+02	   1.5000000e+01	   5.0000000e+00	   5.0000000e+00	   3.5300000e+00	   2.9950000e+00	   1.0000000e+00	   2.0000000e+00	   3.0000000e+00	   1.0000000e+00	   1.0890000e+03	
   1.1300000e+02	   2.1000000e+02	   3.1000000e+02	   1.4000000e+01	   1.0000000e+00	   4.7100000e+00	   4.9750000e+00	   3.0500000e-01	   2.0000000e+00	   3.0000000e+00	   1.0000000e+00	   3.0000000e+00	   1.3000000e+03	
   1.0900000e+02	   3.0400000e+02	   3.0500000e+02	   1.3000000e+01	   2.0000000e+00	   5.0000000e+00	   4.7250000e+00	   0.0000000e+00	   3.0000000e+00	   2.0000000e+00	   1.0000000e+00	   3.0000000e+00	   1.4530000e+03	
   1.1100000e+02	   3.0700000e+02	   1.0400000e+02	   2.0000000e+00	   5.0000000e+00	   3.8900000e+00	   5.0000000e+00	   3.1050000e+00	   3.0000000e+00	   1.0000000e+00	   2.0000000e+00	   1.0000000e+00	   1.3970000e+03	
   1.1600000e+02	   2.0700000e+02	   2.0300000e+02	   7.0000000e+00	   2.0000000e+00	   4.6150000e+00	   4.2400000e+00	   5.4000000e-01	   1.0000000e+00	   2.0000000e+00	   3.0000000e+00	   2.0000000e+00	   2.8940000e+03	
   2.1000000e+02	   3.0400000e+02	   2.1100000e+02	   1.0000000e+01	   1.0000000e+00	   4.9750000e+00	   4.7250000e+00	   0.0000000e+00	   1.0000000e+00	   2.0000000e+00	   3.0000000e+00	   1.0000000e+00	   1.4010000e+03	
   1.1500000e+02	   1.1600000e+02	   2.1100000e+02	   1.0000000e+01	   3.0000000e+00	   4.1400000e+00	   4.6150000e+00	   0.0000000e+00	   1.0000000e+00	   2.0000000e+00	   3.0000000e+00	   2.0000000e+00	   1.3610000e+03	
   1.1300000e+02	   1.1500000e+02	   3.1300000e+02	   1.5000000e+01	   3.0000000e+00	   4.7100000e+00	   4.1400000e+00	   2.9950000e+00	   1.0000000e+00	   2.0000000e+00	   3.0000000e+00	   2.0000000e+00	   2.7820000e+03	
   3.0400000e+02	   3.0800000e+02	   3.1300000e+02	   1.5000000e+01	   3.0000000e+00	   4.7250000e+00	   4.0550000e+00	   2.9950000e+00	   2.0000000e+00	   1.0000000e+00	   3.0000000e+00	   1.0000000e+00	   1.0190000e+03	
   1.1200000e+02	   1.1300000e+02	   2.1100000e+02	   1.0000000e+01	   2.0000000e+00	   5.0000000e+00	   4.7100000e+00	   0.0000000e+00	   2.0000000e+00	   3.0000000e+00	   1.0000000e+00	   2.0000000e+00	   1.9290000e+03	
   1.0300000e+02	   1.1200000e+02	   3.0100000e+02	   1.2000000e+01	   5.0000000e+00	   3.7150000e+00	   5.0000000e+00	   9.8500000e-01	   1.0000000e+00	   2.0000000e+00	   3.0000000e+00	   2.0000000e+00	   2.3810000e+03	
   2.0700000e+02	   3.0900000e+02	   2.1100000e+02	   1.0000000e+01	   3.0000000e+00	   4.2400000e+00	   3.5300000e+00	   0.0000000e+00	   1.0000000e+00	   2.0000000e+00	   3.0000000e+00	   1.0000000e+00	   1.1030000e+03	
   1.0300000e+02	   3.0700000e+02	   2.0300000e+02	   7.0000000e+00	   5.0000000e+00	   3.7150000e+00	   5.0000000e+00	   5.4000000e-01	   2.0000000e+00	   1.0000000e+00	   3.0000000e+00	   1.0000000e+00	   1.4140000e+03	
   1.0300000e+02	   1.1500000e+02	   2.0400000e+02	   8.0000000e+00	   2.0000000e+00	   3.7150000e+00	   4.1400000e+00	   1.3000000e+00	   2.0000000e+00	   1.0000000e+00	   3.0000000e+00	   1.0000000e+00	   2.1110000e+03	
   2.0700000e+02	   3.0400000e+02	   2.1100000e+02	   1.0000000e+01	   3.0000000e+00	   4.2400000e+00	   4.7250000e+00	   0.0000000e+00	   2.0000000e+00	   1.0000000e+00	   3.0000000e+00	   2.0000000e+00	   1.2640000e+03	
   1.1500000e+02	   3.0800000e+02	   1.0400000e+02	   2.0000000e+00	   1.0000000e+00	   4.1400000e+00	   4.0550000e+00	   3.1050000e+00	   1.0000000e+00	   2.0000000e+00	   3.0000000e+00	   2.0000000e+00	   1.8420000e+03	
   1.1200000e+02	   1.1600000e+02	   3.1000000e+02	   1.4000000e+01	   2.0000000e+00	   5.0000000e+00	   4.6150000e+00	   3.0500000e-01	   3.0000000e+00	   1.0000000e+00	   2.0000000e+00	   1.0000000e+00	   1.5550000e+03	
   1.1100000e+02	   1.1600000e+02	   2.0400000e+02	   8.0000000e+00	   3.0000000e+00	   3.8900000e+00	   4.6150000e+00	   1.3000000e+00	   1.0000000e+00	   2.0000000e+00	   3.0000000e+00	   2.0000000e+00	   2.4540000e+03	
   2.0700000e+02	   2.0800000e+02	   1.0400000e+02	   2.0000000e+00	   3.0000000e+00	   4.2400000e+00	   5.0000000e+00	   3.1050000e+00	   1.0000000e+00	   2.0000000e+00	   3.0000000e+00	   2.0000000e+00	   1.7740000e+03	
   1.0900000e+02	   3.0400000e+02	   1.0400000e+02	   2.0000000e+00	   2.0000000e+00	   5.0000000e+00	   4.7250000e+00	   3.1050000e+00	   2.0000000e+00	   3.0000000e+00	   1.0000000e+00	   2.0000000e+00	   1.6260000e+03	
   1.1100000e+02	   3.0800000e+02	   1.0400000e+02	   2.0000000e+00	   1.0000000e+00	   3.8900000e+00	   4.0550000e+00	   3.1050000e+00	   3.0000000e+00	   2.0000000e+00	   1.0000000e+00	   2.0000000e+00	   1.5350000e+03	
   1.1500000e+02	   3.0700000e+02	   1.0500000e+02	   3.0000000e+00	   4.0000000e+00	   4.1400000e+00	   5.0000000e+00	   2.7700000e+00	   1.0000000e+00	   2.0000000e+00	   3.0000000e+00	   2.0000000e+00	   1.6730000e+03	
   1.0900000e+02	   2.1000000e+02	   2.0100000e+02	   6.0000000e+00	   1.0000000e+00	   5.0000000e+00	   4.9750000e+00	   3.1600000e+00	   1.0000000e+00	   2.0000000e+00	   3.0000000e+00	   2.0000000e+00	   2.0780000e+03	
   1.0300000e+02	   2.0700000e+02	   2.0900000e+02	   9.0000000e+00	   3.0000000e+00	   3.7150000e+00	   4.2400000e+00	   6.1500000e-01	   1.0000000e+00	   2.0000000e+00	   3.0000000e+00	   2.0000000e+00	   1.0230000e+03	
   1.1200000e+02	   3.0400000e+02	   3.1000000e+02	   1.4000000e+01	   2.0000000e+00	   5.0000000e+00	   4.7250000e+00	   3.0500000e-01	   1.0000000e+00	   3.0000000e+00	   2.0000000e+00	   1.0000000e+00	   1.9410000e+03	
   1.0300000e+02	   1.1300000e+02	   1.0600000e+02	   4.0000000e+00	   4.0000000e+00	   3.7150000e+00	   4.7100000e+00	   2.0200000e+00	   2.0000000e+00	   3.0000000e+00	   1.0000000e+00	   3.0000000e+00	   2.7730000e+03	
   2.1000000e+02	   3.0900000e+02	   1.0600000e+02	   4.0000000e+00	   5.0000000e+00	   4.9750000e+00	   3.5300000e+00	   2.0200000e+00	   2.0000000e+00	   3.0000000e+00	   1.0000000e+00	   2.0000000e+00	   1.2320000e+03	
   3.0800000e+02	   3.0900000e+02	   2.0400000e+02	   8.0000000e+00	   3.0000000e+00	   4.0550000e+00	   3.5300000e+00	   1.3000000e+00	   2.0000000e+00	   1.0000000e+00	   3.0000000e+00	   2.0000000e+00	   1.7700000e+03	
   1.0900000e+02	   1.1500000e+02	   2.0100000e+02	   6.0000000e+00	   4.0000000e+00	   5.0000000e+00	   4.1400000e+00	   3.1600000e+00	   1.0000000e+00	   3.0000000e+00	   2.0000000e+00	   1.0000000e+00	   1.2240000e+03	
   1.1600000e+02	   3.0800000e+02	   2.0300000e+02	   7.0000000e+00	   3.0000000e+00	   4.6150000e+00	   4.0550000e+00	   5.4000000e-01	   2.0000000e+00	   1.0000000e+00	   3.0000000e+00	   1.0000000e+00	   1.5710000e+03	
   1.0300000e+02	   3.0300000e+02	   1.0500000e+02	   3.0000000e+00	   2.0000000e+00	   3.7150000e+00	   3.9900000e+00	   2.7700000e+00	   3.0000000e+00	   2.0000000e+00	   1.0000000e+00	   3.0000000e+00	   3.4830000e+03	
   1.1600000e+02	   3.0700000e+02	   2.0300000e+02	   7.0000000e+00	   2.0000000e+00	   4.6150000e+00	   5.0000000e+00	   5.4000000e-01	   2.0000000e+00	   3.0000000e+00	   1.0000000e+00	   3.0000000e+00	   1.0310000e+03	
   1.1300000e+02	   1.1500000e+02	   1.0400000e+02	   2.0000000e+00	   3.0000000e+00	   4.7100000e+00	   4.1400000e+00	   3.1050000e+00	   1.0000000e+00	   3.0000000e+00	   2.0000000e+00	   1.0000000e+00	   1.1070000e+03	
   1.1500000e+02	   2.0700000e+02	   2.1400000e+02	   1.1000000e+01	   1.0000000e+00	   4.1400000e+00	   4.2400000e+00	   0.0000000e+00	   3.0000000e+00	   1.0000000e+00	   2.0000000e+00	   1.0000000e+00	   1.3040000e+03	
   1.0900000e+02	   1.1600000e+02	   2.0100000e+02	   6.0000000e+00	   2.0000000e+00	   5.0000000e+00	   4.6150000e+00	   3.1600000e+00	   1.0000000e+00	   3.0000000e+00	   2.0000000e+00	   1.0000000e+00	   1.4230000e+03	
   1.1100000e+02	   3.0400000e+02	   3.1000000e+02	   1.4000000e+01	   4.0000000e+00	   3.8900000e+00	   4.7250000e+00	   3.0500000e-01	   1.0000000e+00	   2.0000000e+00	   3.0000000e+00	   1.0000000e+00	   1.5700000e+03	
   1.1600000e+02	   3.0700000e+02	   2.0100000e+02	   6.0000000e+00	   2.0000000e+00	   4.6150000e+00	   5.0000000e+00	   3.1600000e+00	   2.0000000e+00	   3.0000000e+00	   1.0000000e+00	   3.0000000e+00	   2.4230000e+03	
   2.0800000e+02	   3.0900000e+02	   1.0400000e+02	   2.0000000e+00	   5.0000000e+00	   5.0000000e+00	   3.5300000e+00	   3.1050000e+00	   1.0000000e+00	   2.0000000e+00	   3.0000000e+00	   1.0000000e+00	   1.1140000e+03	
   1.1300000e+02	   1.1500000e+02	   1.0600000e+02	   4.0000000e+00	   3.0000000e+00	   4.7100000e+00	   4.1400000e+00	   2.0200000e+00	   1.0000000e+00	   2.0000000e+00	   3.0000000e+00	   1.0000000e+00	   2.0490000e+03	
   3.0700000e+02	   3.0800000e+02	   2.0400000e+02	   8.0000000e+00	   4.0000000e+00	   5.0000000e+00	   4.0550000e+00	   1.3000000e+00	   3.0000000e+00	   1.0000000e+00	   2.0000000e+00	   3.0000000e+00	   2.5850000e+03	
   1.0300000e+02	   1.1500000e+02	   1.0600000e+02	   4.0000000e+00	   2.0000000e+00	   3.7150000e+00	   4.1400000e+00	   2.0200000e+00	   1.0000000e+00	   3.0000000e+00	   2.0000000e+00	   3.0000000e+00	   1.4020000e+03	
   1.0900000e+02	   1.1100000e+02	   1.0500000e+02	   3.0000000e+00	   5.0000000e+00	   5.0000000e+00	   3.8900000e+00	   2.7700000e+00	   3.0000000e+00	   2.0000000e+00	   1.0000000e+00	   3.0000000e+00	   1.7220000e+03	
   1.1300000e+02	   3.0700000e+02	   2.1100000e+02	   1.0000000e+01	   2.0000000e+00	   4.7100000e+00	   5.0000000e+00	   0.0000000e+00	   2.0000000e+00	   3.0000000e+00	   1.0000000e+00	   3.0000000e+00	   1.6240000e+03	
   3.0700000e+02	   3.0900000e+02	   2.0100000e+02	   6.0000000e+00	   5.0000000e+00	   5.0000000e+00	   3.5300000e+00	   3.1600000e+00	   2.0000000e+00	   1.0000000e+00	   3.0000000e+00	   2.0000000e+00	   1.3380000e+03	
   1.0300000e+02	   3.0700000e+02	   1.0100000e+02	   1.0000000e+00	   5.0000000e+00	   3.7150000e+00	   5.0000000e+00	   3.2550000e+00	   1.0000000e+00	   3.0000000e+00	   2.0000000e+00	   3.0000000e+00	   1.1900000e+03	
   1.1300000e+02	   3.0400000e+02	   2.1100000e+02	   1.0000000e+01	   1.0000000e+00	   4.7100000e+00	   4.7250000e+00	   0.0000000e+00	   1.0000000e+00	   3.0000000e+00	   2.0000000e+00	   1.0000000e+00	   1.3680000e+03	
   1.1100000e+02	   3.0700000e+02	   2.1400000e+02	   1.1000000e+01	   5.0000000e+00	   3.8900000e+00	   5.0000000e+00	   0.0000000e+00	   1.0000000e+00	   3.0000000e+00	   2.0000000e+00	   3.0000000e+00	   1.2900000e+03	
   1.1500000e+02	   3.0300000e+02	   1.0400000e+02	   2.0000000e+00	   1.0000000e+00	   4.1400000e+00	   3.9900000e+00	   3.1050000e+00	   2.0000000e+00	   1.0000000e+00	   3.0000000e+00	   1.0000000e+00	   2.0870000e+03	
   1.1300000e+02	   3.0800000e+02	   2.1400000e+02	   1.1000000e+01	   3.0000000e+00	   4.7100000e+00	   4.0550000e+00	   0.0000000e+00	   2.0000000e+00	   1.0000000e+00	   3.0000000e+00	   1.0000000e+00	   1.4810000e+03	
   1.1100000e+02	   3.0300000e+02	   1.1000000e+02	   5.0000000e+00	   1.0000000e+00	   3.8900000e+00	   3.9900000e+00	   1.7000000e-01	   3.0000000e+00	   1.0000000e+00	   2.0000000e+00	   3.0000000e+00	   2.9140000e+03	
   1.0900000e+02	   3.0800000e+02	   1.0400000e+02	   2.0000000e+00	   4.0000000e+00	   5.0000000e+00	   4.0550000e+00	   3.1050000e+00	   2.0000000e+00	   1.0000000e+00	   3.0000000e+00	   1.0000000e+00	   3.1000000e+03	
   3.0400000e+02	   3.0700000e+02	   1.0500000e+02	   3.0000000e+00	   2.0000000e+00	   4.7250000e+00	   5.0000000e+00	   2.7700000e+00	   2.0000000e+00	   1.0000000e+00	   3.0000000e+00	   1.0000000e+00	   1.5660000e+03	
   3.0400000e+02	   3.0800000e+02	   3.1000000e+02	   1.4000000e+01	   3.0000000e+00	   4.7250000e+00	   4.0550000e+00	   3.0500000e-01	   2.0000000e+00	   1.0000000e+00	   3.0000000e+00	   1.0000000e+00	   1.1440000e+03	
   1.1100000e+02	   3.0900000e+02	   2.1100000e+02	   1.0000000e+01	   2.0000000e+00	   3.8900000e+00	   3.5300000e+00	   0.0000000e+00	   2.0000000e+00	   1.0000000e+00	   3.0000000e+00	   2.0000000e+00	   1.4640000e+03	
   1.0900000e+02	   1.1500000e+02	   2.1400000e+02	   1.1000000e+01	   4.0000000e+00	   5.0000000e+00	   4.1400000e+00	   0.0000000e+00	   2.0000000e+00	   3.0000000e+00	   1.0000000e+00	   2.0000000e+00	   1.1140000e+03	
   1.1100000e+02	   3.0400000e+02	   1.0400000e+02	   2.0000000e+00	   4.0000000e+00	   3.8900000e+00	   4.7250000e+00	   3.1050000e+00	   2.0000000e+00	   3.0000000e+00	   1.0000000e+00	   2.0000000e+00	   1.3500000e+03	
   1.1200000e+02	   1.1600000e+02	   2.0900000e+02	   9.0000000e+00	   2.0000000e+00	   5.0000000e+00	   4.6150000e+00	   6.1500000e-01	   2.0000000e+00	   1.0000000e+00	   3.0000000e+00	   1.0000000e+00	   1.5970000e+03	
   1.1100000e+02	   2.0800000e+02	   2.0400000e+02	   8.0000000e+00	   5.0000000e+00	   3.8900000e+00	   5.0000000e+00	   1.3000000e+00	   3.0000000e+00	   2.0000000e+00	   1.0000000e+00	   2.0000000e+00	   1.1960000e+03	
   2.0700000e+02	   2.1000000e+02	   1.0500000e+02	   3.0000000e+00	   3.0000000e+00	   4.2400000e+00	   4.9750000e+00	   2.7700000e+00	   3.0000000e+00	   1.0000000e+00	   2.0000000e+00	   1.0000000e+00	   1.0800000e+03	
   3.0300000e+02	   3.0800000e+02	   2.0900000e+02	   9.0000000e+00	   1.0000000e+00	   3.9900000e+00	   4.0550000e+00	   6.1500000e-01	   1.0000000e+00	   3.0000000e+00	   2.0000000e+00	   1.0000000e+00	   1.1250000e+03	
   1.1300000e+02	   2.0700000e+02	   2.1400000e+02	   1.1000000e+01	   3.0000000e+00	   4.7100000e+00	   4.2400000e+00	   0.0000000e+00	   3.0000000e+00	   1.0000000e+00	   2.0000000e+00	   1.0000000e+00	   1.1780000e+03	
   2.0800000e+02	   2.1000000e+02	   1.0500000e+02	   3.0000000e+00	   1.0000000e+00	   5.0000000e+00	   4.9750000e+00	   2.7700000e+00	   3.0000000e+00	   1.0000000e+00	   2.0000000e+00	   1.0000000e+00	   1.7430000e+03	
   1.1100000e+02	   2.1000000e+02	   3.1000000e+02	   1.4000000e+01	   5.0000000e+00	   3.8900000e+00	   4.9750000e+00	   3.0500000e-01	   1.0000000e+00	   2.0000000e+00	   3.0000000e+00	   2.0000000e+00	   9.1400000e+02	
   1.1600000e+02	   2.0700000e+02	   1.1000000e+02	   5.0000000e+00	   2.0000000e+00	   4.6150000e+00	   4.2400000e+00	   1.7000000e-01	   1.0000000e+00	   2.0000000e+00	   3.0000000e+00	   2.0000000e+00	   1.8420000e+03	
   2.1000000e+02	   3.0700000e+02	   2.0100000e+02	   6.0000000e+00	   1.0000000e+00	   4.9750000e+00	   5.0000000e+00	   3.1600000e+00	   3.0000000e+00	   2.0000000e+00	   1.0000000e+00	   3.0000000e+00	   1.7390000e+03	
   1.0300000e+02	   2.0800000e+02	   1.1000000e+02	   5.0000000e+00	   5.0000000e+00	   3.7150000e+00	   5.0000000e+00	   1.7000000e-01	   3.0000000e+00	   2.0000000e+00	   1.0000000e+00	   2.0000000e+00	   9.1100000e+02	
   1.1500000e+02	   3.0400000e+02	   1.0400000e+02	   2.0000000e+00	   3.0000000e+00	   4.1400000e+00	   4.7250000e+00	   3.1050000e+00	   3.0000000e+00	   2.0000000e+00	   1.0000000e+00	   3.0000000e+00	   1.4890000e+03	
   1.1200000e+02	   3.0400000e+02	   2.1400000e+02	   1.1000000e+01	   2.0000000e+00	   5.0000000e+00	   4.7250000e+00	   0.0000000e+00	   3.0000000e+00	   2.0000000e+00	   1.0000000e+00	   3.0000000e+00	   9.0800000e+02	
   2.1000000e+02	   3.0900000e+02	   3.1300000e+02	   1.5000000e+01	   5.0000000e+00	   4.9750000e+00	   3.5300000e+00	   2.9950000e+00	   1.0000000e+00	   2.0000000e+00	   3.0000000e+00	   1.0000000e+00	   9.2100000e+02	
   2.1000000e+02	   3.0800000e+02	   2.0100000e+02	   6.0000000e+00	   4.0000000e+00	   4.9750000e+00	   4.0550000e+00	   3.1600000e+00	   2.0000000e+00	   3.0000000e+00	   1.0000000e+00	   2.0000000e+00	   9.4000000e+02	
   2.0700000e+02	   2.1000000e+02	   1.0600000e+02	   4.0000000e+00	   3.0000000e+00	   4.2400000e+00	   4.9750000e+00	   2.0200000e+00	   3.0000000e+00	   1.0000000e+00	   2.0000000e+00	   1.0000000e+00	   1.4810000e+03	
   1.0300000e+02	   1.1300000e+02	   3.1300000e+02	   1.5000000e+01	   4.0000000e+00	   3.7150000e+00	   4.7100000e+00	   2.9950000e+00	   1.0000000e+00	   3.0000000e+00	   2.0000000e+00	   3.0000000e+00	   1.4430000e+03	
   1.0900000e+02	   3.0800000e+02	   2.1400000e+02	   1.1000000e+01	   4.0000000e+00	   5.0000000e+00	   4.0550000e+00	   0.0000000e+00	   2.0000000e+00	   1.0000000e+00	   3.0000000e+00	   1.0000000e+00	   1.7730000e+03	
   1.0900000e+02	   3.0800000e+02	   2.0400000e+02	   8.0000000e+00	   4.0000000e+00	   5.0000000e+00	   4.0550000e+00	   1.3000000e+00	   2.0000000e+00	   1.0000000e+00	   3.0000000e+00	   2.0000000e+00	   8.2600000e+02	
   2.0800000e+02	   3.0400000e+02	   3.0500000e+02	   1.3000000e+01	   2.0000000e+00	   5.0000000e+00	   4.7250000e+00	   0.0000000e+00	   2.0000000e+00	   3.0000000e+00	   1.0000000e+00	   2.0000000e+00	   8.8800000e+02	
   1.1500000e+02	   3.0800000e+02	   2.0400000e+02	   8.0000000e+00	   1.0000000e+00	   4.1400000e+00	   4.0550000e+00	   1.3000000e+00	   3.0000000e+00	   2.0000000e+00	   1.0000000e+00	   2.0000000e+00	   9.8400000e+02	
   1.1200000e+02	   2.1000000e+02	   2.0400000e+02	   8.0000000e+00	   1.0000000e+00	   5.0000000e+00	   4.9750000e+00	   1.3000000e+00	   1.0000000e+00	   3.0000000e+00	   2.0000000e+00	   3.0000000e+00	   1.8710000e+03	
   1.1300000e+02	   1.1600000e+02	   1.1000000e+02	   5.0000000e+00	   1.0000000e+00	   4.7100000e+00	   4.6150000e+00	   1.7000000e-01	   1.0000000e+00	   3.0000000e+00	   2.0000000e+00	   3.0000000e+00	   1.2570000e+03	
   1.1100000e+02	   1.1500000e+02	   1.0500000e+02	   3.0000000e+00	   1.0000000e+00	   3.8900000e+00	   4.1400000e+00	   2.7700000e+00	   2.0000000e+00	   1.0000000e+00	   3.0000000e+00	   2.0000000e+00	   1.5150000e+03	
   1.0300000e+02	   1.1100000e+02	   1.0100000e+02	   1.0000000e+00	   1.0000000e+00	   3.7150000e+00	   3.8900000e+00	   3.2550000e+00	   1.0000000e+00	   3.0000000e+00	   2.0000000e+00	   3.0000000e+00	   2.1040000e+03	
   2.0800000e+02	   3.0800000e+02	   2.1400000e+02	   1.1000000e+01	   4.0000000e+00	   5.0000000e+00	   4.0550000e+00	   0.0000000e+00	   1.0000000e+00	   2.0000000e+00	   3.0000000e+00	   1.0000000e+00	   1.6170000e+03	
   2.0700000e+02	   3.0900000e+02	   3.0100000e+02	   1.2000000e+01	   3.0000000e+00	   4.2400000e+00	   3.5300000e+00	   9.8500000e-01	   1.0000000e+00	   3.0000000e+00	   2.0000000e+00	   1.0000000e+00	   1.6570000e+03	
   1.1100000e+02	   3.0800000e+02	   2.1100000e+02	   1.0000000e+01	   1.0000000e+00	   3.8900000e+00	   4.0550000e+00	   0.0000000e+00	   3.0000000e+00	   2.0000000e+00	   1.0000000e+00	   2.0000000e+00	   1.5220000e+03	
   1.1300000e+02	   2.1000000e+02	   1.0500000e+02	   3.0000000e+00	   1.0000000e+00	   4.7100000e+00	   4.9750000e+00	   2.7700000e+00	   1.0000000e+00	   2.0000000e+00	   3.0000000e+00	   2.0000000e+00	   9.8900000e+02	
   1.1300000e+02	   3.0300000e+02	   2.0100000e+02	   6.0000000e+00	   3.0000000e+00	   4.7100000e+00	   3.9900000e+00	   3.1600000e+00	   3.0000000e+00	   2.0000000e+00	   1.0000000e+00	   3.0000000e+00	   1.2990000e+03	
   1.1500000e+02	   3.0800000e+02	   1.0600000e+02	   4.0000000e+00	   1.0000000e+00	   4.1400000e+00	   4.0550000e+00	   2.0200000e+00	   2.0000000e+00	   1.0000000e+00	   3.0000000e+00	   1.0000000e+00	   1.4720000e+03	
   1.0900000e+02	   3.0300000e+02	   1.0100000e+02	   1.0000000e+00	   4.0000000e+00	   5.0000000e+00	   3.9900000e+00	   3.2550000e+00	   1.0000000e+00	   3.0000000e+00	   2.0000000e+00	   1.0000000e+00	   2.5800000e+03	
   1.1200000e+02	   3.0300000e+02	   1.0500000e+02	   3.0000000e+00	   4.0000000e+00	   5.0000000e+00	   3.9900000e+00	   2.7700000e+00	   1.0000000e+00	   3.0000000e+00	   2.0000000e+00	   3.0000000e+00	   3.6710000e+03	
   2.0700000e+02	   3.0300000e+02	   2.0900000e+02	   9.0000000e+00	   1.0000000e+00	   4.2400000e+00	   3.9900000e+00	   6.1500000e-01	   1.0000000e+00	   2.0000000e+00	   3.0000000e+00	   1.0000000e+00	   1.3130000e+03	
   1.0900000e+02	   1.1300000e+02	   3.0100000e+02	   1.2000000e+01	   2.0000000e+00	   5.0000000e+00	   4.7100000e+00	   9.8500000e-01	   2.0000000e+00	   1.0000000e+00	   3.0000000e+00	   2.0000000e+00	   1.0450000e+03	
   1.0900000e+02	   1.1100000e+02	   3.0100000e+02	   1.2000000e+01	   5.0000000e+00	   5.0000000e+00	   3.8900000e+00	   9.8500000e-01	   2.0000000e+00	   1.0000000e+00	   3.0000000e+00	   2.0000000e+00	   1.8520000e+03	
   1.1100000e+02	   3.0800000e+02	   3.0500000e+02	   1.3000000e+01	   1.0000000e+00	   3.8900000e+00	   4.0550000e+00	   0.0000000e+00	   1.0000000e+00	   2.0000000e+00	   3.0000000e+00	   2.0000000e+00	   1.1780000e+03	
   1.0900000e+02	   1.1300000e+02	   1.0600000e+02	   4.0000000e+00	   2.0000000e+00	   5.0000000e+00	   4.7100000e+00	   2.0200000e+00	   3.0000000e+00	   1.0000000e+00	   2.0000000e+00	   3.0000000e+00	   1.2970000e+03	
   1.1500000e+02	   3.0900000e+02	   2.0400000e+02	   8.0000000e+00	   3.0000000e+00	   4.1400000e+00	   3.5300000e+00	   1.3000000e+00	   3.0000000e+00	   2.0000000e+00	   1.0000000e+00	   3.0000000e+00	   2.5470000e+03	
   1.0300000e+02	   1.1200000e+02	   2.0400000e+02	   8.0000000e+00	   5.0000000e+00	   3.7150000e+00	   5.0000000e+00	   1.3000000e+00	   3.0000000e+00	   2.0000000e+00	   1.0000000e+00	   2.0000000e+00	   1.0210000e+03	
   2.0800000e+02	   3.0900000e+02	   2.1400000e+02	   1.1000000e+01	   5.0000000e+00	   5.0000000e+00	   3.5300000e+00	   0.0000000e+00	   1.0000000e+00	   3.0000000e+00	   2.0000000e+00	   1.0000000e+00	   8.9100000e+02	
   3.0700000e+02	   3.0900000e+02	   1.0500000e+02	   3.0000000e+00	   5.0000000e+00	   5.0000000e+00	   3.5300000e+00	   2.7700000e+00	   1.0000000e+00	   2.0000000e+00	   3.0000000e+00	   1.0000000e+00	   1.1220000e+03	
   2.0700000e+02	   2.1000000e+02	   3.0100000e+02	   1.2000000e+01	   3.0000000e+00	   4.2400000e+00	   4.9750000e+00	   9.8500000e-01	   3.0000000e+00	   1.0000000e+00	   2.0000000e+00	   1.0000000e+00	   7.8400000e+02	
   1.0300000e+02	   1.1500000e+02	   3.1300000e+02	   1.5000000e+01	   2.0000000e+00	   3.7150000e+00	   4.1400000e+00	   2.9950000e+00	   3.0000000e+00	   1.0000000e+00	   2.0000000e+00	   1.0000000e+00	   1.1830000e+03	
   1.1200000e+02	   3.0400000e+02	   2.0300000e+02	   7.0000000e+00	   2.0000000e+00	   5.0000000e+00	   4.7250000e+00	   5.4000000e-01	   3.0000000e+00	   2.0000000e+00	   1.0000000e+00	   3.0000000e+00	   1.1530000e+03	
   3.0300000e+02	   3.0800000e+02	   1.0100000e+02	   1.0000000e+00	   1.0000000e+00	   3.9900000e+00	   4.0550000e+00	   3.2550000e+00	   2.0000000e+00	   3.0000000e+00	   1.0000000e+00	   3.0000000e+00	   1.2910000e+03	
   1.1100000e+02	   2.1000000e+02	   2.1400000e+02	   1.1000000e+01	   5.0000000e+00	   3.8900000e+00	   4.9750000e+00	   0.0000000e+00	   2.0000000e+00	   1.0000000e+00	   3.0000000e+00	   1.0000000e+00	   9.4100000e+02	
   1.1100000e+02	   3.0900000e+02	   1.0100000e+02	   1.0000000e+00	   2.0000000e+00	   3.8900000e+00	   3.5300000e+00	   3.2550000e+00	   2.0000000e+00	   1.0000000e+00	   3.0000000e+00	   2.0000000e+00	   2.6140000e+03	
   2.1000000e+02	   3.0900000e+02	   2.1100000e+02	   1.0000000e+01	   5.0000000e+00	   4.9750000e+00	   3.5300000e+00	   0.0000000e+00	   3.0000000e+00	   2.0000000e+00	   1.0000000e+00	   3.0000000e+00	   1.5350000e+03	
   1.1300000e+02	   1.1500000e+02	   1.0500000e+02	   3.0000000e+00	   3.0000000e+00	   4.7100000e+00	   4.1400000e+00	   2.7700000e+00	   1.0000000e+00	   2.0000000e+00	   3.0000000e+00	   1.0000000e+00	   9.6900000e+02	
   1.1200000e+02	   1.1500000e+02	   1.1000000e+02	   5.0000000e+00	   4.0000000e+00	   5.0000000e+00	   4.1400000e+00	   1.7000000e-01	   3.0000000e+00	   2.0000000e+00	   1.0000000e+00	   2.0000000e+00	   2.7330000e+03	
   1.0300000e+02	   3.0900000e+02	   3.1000000e+02	   1.4000000e+01	   1.0000000e+00	   3.7150000e+00	   3.5300000e+00	   3.0500000e-01	   3.0000000e+00	   2.0000000e+00	   1.0000000e+00	   2.0000000e+00	   1.2310000e+03	
   1.1200000e+02	   1.1300000e+02	   3.1300000e+02	   1.5000000e+01	   2.0000000e+00	   5.0000000e+00	   4.7100000e+00	   2.9950000e+00	   3.0000000e+00	   1.0000000e+00	   2.0000000e+00	   1.0000000e+00	   1.0930000e+03	
   1.0900000e+02	   3.0300000e+02	   3.0100000e+02	   1.2000000e+01	   4.0000000e+00	   5.0000000e+00	   3.9900000e+00	   9.8500000e-01	   1.0000000e+00	   3.0000000e+00	   2.0000000e+00	   1.0000000e+00	   1.2250000e+03	
   1.1100000e+02	   1.1300000e+02	   1.0600000e+02	   4.0000000e+00	   4.0000000e+00	   3.8900000e+00	   4.7100000e+00	   2.0200000e+00	   1.0000000e+00	   2.0000000e+00	   3.0000000e+00	   2.0000000e+00	   2.1270000e+03	
   1.1300000e+02	   2.1000000e+02	   2.0100000e+02	   6.0000000e+00	   1.0000000e+00	   4.7100000e+00	   4.9750000e+00	   3.1600000e+00	   1.0000000e+00	   3.0000000e+00	   2.0000000e+00	   3.0000000e+00	   1.0530000e+03	
   1.1600000e+02	   3.0900000e+02	   3.0500000e+02	   1.3000000e+01	   5.0000000e+00	   4.6150000e+00	   3.5300000e+00	   0.0000000e+00	   1.0000000e+00	   2.0000000e+00	   3.0000000e+00	   1.0000000e+00	   1.3510000e+03	
   1.1100000e+02	   3.0400000e+02	   2.0400000e+02	   8.0000000e+00	   4.0000000e+00	   3.8900000e+00	   4.7250000e+00	   1.3000000e+00	   3.0000000e+00	   1.0000000e+00	   2.0000000e+00	   3.0000000e+00	   1.3080000e+03	
   3.0400000e+02	   3.0800000e+02	   2.1400000e+02	   1.1000000e+01	   3.0000000e+00	   4.7250000e+00	   4.0550000e+00	   0.0000000e+00	   1.0000000e+00	   2.0000000e+00	   3.0000000e+00	   2.0000000e+00	   1.0260000e+03	
   1.0300000e+02	   3.0700000e+02	   3.0500000e+02	   1.3000000e+01	   5.0000000e+00	   3.7150000e+00	   5.0000000e+00	   0.0000000e+00	   1.0000000e+00	   2.0000000e+00	   3.0000000e+00	   2.0000000e+00	   3.2170000e+03	
   2.1000000e+02	   3.0300000e+02	   3.1000000e+02	   1.4000000e+01	   4.0000000e+00	   4.9750000e+00	   3.9900000e+00	   3.0500000e-01	   1.0000000e+00	   2.0000000e+00	   3.0000000e+00	   1.0000000e+00	   8.2500000e+02	
   1.1500000e+02	   3.0900000e+02	   1.0100000e+02	   1.0000000e+00	   3.0000000e+00	   4.1400000e+00	   3.5300000e+00	   3.2550000e+00	   1.0000000e+00	   2.0000000e+00	   3.0000000e+00	   1.0000000e+00	   1.8390000e+03	
   1.1600000e+02	   3.0800000e+02	   2.0100000e+02	   6.0000000e+00	   3.0000000e+00	   4.6150000e+00	   4.0550000e+00	   3.1600000e+00	   3.0000000e+00	   2.0000000e+00	   1.0000000e+00	   2.0000000e+00	   7.5400000e+02	
   1.0300000e+02	   1.1300000e+02	   2.1100000e+02	   1.0000000e+01	   4.0000000e+00	   3.7150000e+00	   4.7100000e+00	   0.0000000e+00	   3.0000000e+00	   2.0000000e+00	   1.0000000e+00	   2.0000000e+00	   1.6300000e+03	
   1.1200000e+02	   3.0300000e+02	   2.0300000e+02	   7.0000000e+00	   4.0000000e+00	   5.0000000e+00	   3.9900000e+00	   5.4000000e-01	   2.0000000e+00	   1.0000000e+00	   3.0000000e+00	   2.0000000e+00	   1.5700000e+03	
   2.1000000e+02	   3.0900000e+02	   1.0100000e+02	   1.0000000e+00	   5.0000000e+00	   4.9750000e+00	   3.5300000e+00	   3.2550000e+00	   1.0000000e+00	   3.0000000e+00	   2.0000000e+00	   1.0000000e+00	   8.0500000e+02	
   1.1600000e+02	   3.0700000e+02	   1.0400000e+02	   2.0000000e+00	   2.0000000e+00	   4.6150000e+00	   5.0000000e+00	   3.1050000e+00	   2.0000000e+00	   3.0000000e+00	   1.0000000e+00	   2.0000000e+00	   9.1900000e+02	
   1.0300000e+02	   1.1300000e+02	   3.1000000e+02	   1.4000000e+01	   4.0000000e+00	   3.7150000e+00	   4.7100000e+00	   3.0500000e-01	   2.0000000e+00	   3.0000000e+00	   1.0000000e+00	   3.0000000e+00	   1.1310000e+03	
   1.1500000e+02	   3.0900000e+02	   2.0900000e+02	   9.0000000e+00	   3.0000000e+00	   4.1400000e+00	   3.5300000e+00	   6.1500000e-01	   2.0000000e+00	   1.0000000e+00	   3.0000000e+00	   2.0000000e+00	   1.3620000e+03	
   2.1000000e+02	   3.0700000e+02	   3.0500000e+02	   1.3000000e+01	   1.0000000e+00	   4.9750000e+00	   5.0000000e+00	   0.0000000e+00	   1.0000000e+00	   2.0000000e+00	   3.0000000e+00	   1.0000000e+00	   1.5810000e+03	
   1.1200000e+02	   2.0700000e+02	   2.0900000e+02	   9.0000000e+00	   3.0000000e+00	   5.0000000e+00	   4.2400000e+00	   6.1500000e-01	   3.0000000e+00	   2.0000000e+00	   1.0000000e+00	   2.0000000e+00	   9.6400000e+02	
   3.0700000e+02	   3.0900000e+02	   2.0900000e+02	   9.0000000e+00	   5.0000000e+00	   5.0000000e+00	   3.5300000e+00	   6.1500000e-01	   3.0000000e+00	   2.0000000e+00	   1.0000000e+00	   3.0000000e+00	   1.1350000e+03	
   1.1300000e+02	   2.0700000e+02	   1.1000000e+02	   5.0000000e+00	   3.0000000e+00	   4.7100000e+00	   4.2400000e+00	   1.7000000e-01	   3.0000000e+00	   1.0000000e+00	   2.0000000e+00	   1.0000000e+00	   1.0940000e+03	
   2.1000000e+02	   3.0900000e+02	   3.1000000e+02	   1.4000000e+01	   5.0000000e+00	   4.9750000e+00	   3.5300000e+00	   3.0500000e-01	   1.0000000e+00	   3.0000000e+00	   2.0000000e+00	   1.0000000e+00	   9.6200000e+02	
   1.0300000e+02	   3.0700000e+02	   2.0900000e+02	   9.0000000e+00	   5.0000000e+00	   3.7150000e+00	   5.0000000e+00	   6.1500000e-01	   1.0000000e+00	   2.0000000e+00	   3.0000000e+00	   2.0000000e+00	   1.0320000e+03	
   1.1300000e+02	   3.0900000e+02	   1.0600000e+02	   4.0000000e+00	   5.0000000e+00	   4.7100000e+00	   3.5300000e+00	   2.0200000e+00	   3.0000000e+00	   1.0000000e+00	   2.0000000e+00	   3.0000000e+00	   1.2330000e+03	
   1.1300000e+02	   3.0800000e+02	   3.1000000e+02	   1.4000000e+01	   3.0000000e+00	   4.7100000e+00	   4.0550000e+00	   3.0500000e-01	   2.0000000e+00	   1.0000000e+00	   3.0000000e+00	   1.0000000e+00	   1.0030000e+03	
   1.0300000e+02	   1.1600000e+02	   3.0500000e+02	   1.3000000e+01	   4.0000000e+00	   3.7150000e+00	   4.6150000e+00	   0.0000000e+00	   1.0000000e+00	   3.0000000e+00	   2.0000000e+00	   3.0000000e+00	   1.2180000e+03	
   1.1300000e+02	   3.0400000e+02	   3.0100000e+02	   1.2000000e+01	   1.0000000e+00	   4.7100000e+00	   4.7250000e+00	   9.8500000e-01	   3.0000000e+00	   1.0000000e+00	   2.0000000e+00	   3.0000000e+00	   2.0920000e+03	
   1.1100000e+02	   3.0800000e+02	   1.0100000e+02	   1.0000000e+00	   1.0000000e+00	   3.8900000e+00	   4.0550000e+00	   3.2550000e+00	   3.0000000e+00	   1.0000000e+00	   2.0000000e+00	   1.0000000e+00	   9.0200000e+02	
   1.0300000e+02	   3.0300000e+02	   2.0300000e+02	   7.0000000e+00	   2.0000000e+00	   3.7150000e+00	   3.9900000e+00	   5.4000000e-01	   1.0000000e+00	   3.0000000e+00	   2.0000000e+00	   3.0000000e+00	   1.9640000e+03	
   1.0300000e+02	   1.1500000e+02	   1.0100000e+02	   1.0000000e+00	   2.0000000e+00	   3.7150000e+00	   4.1400000e+00	   3.2550000e+00	   3.0000000e+00	   2.0000000e+00	   1.0000000e+00	   1.0000000e+00	   1.7190000e+03	
   2.0700000e+02	   3.0800000e+02	   1.0100000e+02	   1.0000000e+00	   1.0000000e+00	   4.2400000e+00	   4.0550000e+00	   3.2550000e+00	   1.0000000e+00	   3.0000000e+00	   2.0000000e+00	   1.0000000e+00	   1.0700000e+03	
   1.0300000e+02	   1.1200000e+02	   2.0100000e+02	   6.0000000e+00	   5.0000000e+00	   3.7150000e+00	   5.0000000e+00	   3.1600000e+00	   1.0000000e+00	   2.0000000e+00	   3.0000000e+00	   1.0000000e+00	   3.4800000e+03	
   1.1600000e+02	   2.0800000e+02	   3.1000000e+02	   1.4000000e+01	   2.0000000e+00	   4.6150000e+00	   5.0000000e+00	   3.0500000e-01	   1.0000000e+00	   3.0000000e+00	   2.0000000e+00	   3.0000000e+00	   1.2720000e+03	
   1.1200000e+02	   3.0900000e+02	   1.0100000e+02	   1.0000000e+00	   5.0000000e+00	   5.0000000e+00	   3.5300000e+00	   3.2550000e+00	   1.0000000e+00	   2.0000000e+00	   3.0000000e+00	   3.0000000e+00	   2.5090000e+03	
   1.1600000e+02	   3.0400000e+02	   1.0600000e+02	   4.0000000e+00	   1.0000000e+00	   4.6150000e+00	   4.7250000e+00	   2.0200000e+00	   2.0000000e+00	   1.0000000e+00	   3.0000000e+00	   2.0000000e+00	   9.6400000e+02	
   1.1500000e+02	   3.0900000e+02	   2.1400000e+02	   1.1000000e+01	   3.0000000e+00	   4.1400000e+00	   3.5300000e+00	   0.0000000e+00	   2.0000000e+00	   3.0000000e+00	   1.0000000e+00	   2.0000000e+00	   1.2590000e+03	
   1.1600000e+02	   3.0300000e+02	   3.1000000e+02	   1.4000000e+01	   3.0000000e+00	   4.6150000e+00	   3.9900000e+00	   3.0500000e-01	   1.0000000e+00	   2.0000000e+00	   3.0000000e+00	   1.0000000e+00	   1.5980000e+03	
   1.0300000e+02	   1.0900000e+02	   2.0300000e+02	   7.0000000e+00	   5.0000000e+00	   3.7150000e+00	   5.0000000e+00	   5.4000000e-01	   2.0000000e+00	   3.0000000e+00	   1.0000000e+00	   3.0000000e+00	   1.0280000e+03	
   1.1100000e+02	   1.1200000e+02	   2.0900000e+02	   9.0000000e+00	   5.0000000e+00	   3.8900000e+00	   5.0000000e+00	   6.1500000e-01	   2.0000000e+00	   3.0000000e+00	   1.0000000e+00	   3.0000000e+00	   2.0960000e+03	
   1.1600000e+02	   3.0800000e+02	   1.0400000e+02	   2.0000000e+00	   3.0000000e+00	   4.6150000e+00	   4.0550000e+00	   3.1050000e+00	   1.0000000e+00	   3.0000000e+00	   2.0000000e+00	   3.0000000e+00	   1.3000000e+03	
   2.0700000e+02	   3.0300000e+02	   2.1400000e+02	   1.1000000e+01	   1.0000000e+00	   4.2400000e+00	   3.9900000e+00	   0.0000000e+00	   1.0000000e+00	   3.0000000e+00	   2.0000000e+00	   1.0000000e+00	   1.3260000e+03	
   1.1300000e+02	   3.0700000e+02	   2.0900000e+02	   9.0000000e+00	   2.0000000e+00	   4.7100000e+00	   5.0000000e+00	   6.1500000e-01	   1.0000000e+00	   2.0000000e+00	   3.0000000e+00	   2.0000000e+00	   2.8000000e+03	
   3.0300000e+02	   3.0800000e+02	   2.0300000e+02	   7.0000000e+00	   1.0000000e+00	   3.9900000e+00	   4.0550000e+00	   5.4000000e-01	   1.0000000e+00	   3.0000000e+00	   2.0000000e+00	   3.0000000e+00	   1.4550000e+03	
   1.0300000e+02	   3.0900000e+02	   3.1300000e+02	   1.5000000e+01	   1.0000000e+00	   3.7150000e+00	   3.5300000e+00	   2.9950000e+00	   1.0000000e+00	   3.0000000e+00	   2.0000000e+00	   1.0000000e+00	   1.5070000e+03	
   1.1500000e+02	   1.1600000e+02	   3.0500000e+02	   1.3000000e+01	   3.0000000e+00	   4.1400000e+00	   4.6150000e+00	   0.0000000e+00	   2.0000000e+00	   1.0000000e+00	   3.0000000e+00	   1.0000000e+00	   1.7200000e+03	
   2.1000000e+02	   3.0800000e+02	   3.1000000e+02	   1.4000000e+01	   4.0000000e+00	   4.9750000e+00	   4.0550000e+00	   3.0500000e-01	   3.0000000e+00	   1.0000000e+00	   2.0000000e+00	   3.0000000e+00	   9.0600000e+02	
   3.0700000e+02	   3.0900000e+02	   1.1000000e+02	   5.0000000e+00	   5.0000000e+00	   5.0000000e+00	   3.5300000e+00	   1.7000000e-01	   3.0000000e+00	   1.0000000e+00	   2.0000000e+00	   3.0000000e+00	   1.0410000e+03	
   1.0900000e+02	   1.1300000e+02	   3.1300000e+02	   1.5000000e+01	   2.0000000e+00	   5.0000000e+00	   4.7100000e+00	   2.9950000e+00	   3.0000000e+00	   1.0000000e+00	   2.0000000e+00	   3.0000000e+00	   1.1270000e+03	
   1.0900000e+02	   2.0700000e+02	   3.1300000e+02	   1.5000000e+01	   3.0000000e+00	   5.0000000e+00	   4.2400000e+00	   2.9950000e+00	   2.0000000e+00	   1.0000000e+00	   3.0000000e+00	   1.0000000e+00	   2.0310000e+03	
   1.1300000e+02	   3.0800000e+02	   1.0600000e+02	   4.0000000e+00	   3.0000000e+00	   4.7100000e+00	   4.0550000e+00	   2.0200000e+00	   3.0000000e+00	   1.0000000e+00	   2.0000000e+00	   1.0000000e+00	   9.7900000e+02	
   1.0300000e+02	   1.1100000e+02	   2.1100000e+02	   1.0000000e+01	   1.0000000e+00	   3.7150000e+00	   3.8900000e+00	   0.0000000e+00	   2.0000000e+00	   3.0000000e+00	   1.0000000e+00	   3.0000000e+00	   2.9580000e+03	
   1.0900000e+02	   3.0400000e+02	   2.0900000e+02	   9.0000000e+00	   2.0000000e+00	   5.0000000e+00	   4.7250000e+00	   6.1500000e-01	   3.0000000e+00	   2.0000000e+00	   1.0000000e+00	   3.0000000e+00	   1.6330000e+03	
   1.1300000e+02	   3.0300000e+02	   2.0300000e+02	   7.0000000e+00	   3.0000000e+00	   4.7100000e+00	   3.9900000e+00	   5.4000000e-01	   2.0000000e+00	   3.0000000e+00	   1.0000000e+00	   3.0000000e+00	   1.5600000e+03	
   1.0300000e+02	   2.1000000e+02	   3.1000000e+02	   1.4000000e+01	   5.0000000e+00	   3.7150000e+00	   4.9750000e+00	   3.0500000e-01	   3.0000000e+00	   2.0000000e+00	   1.0000000e+00	   2.0000000e+00	   1.1110000e+03	
   2.0800000e+02	   3.0900000e+02	   2.1100000e+02	   1.0000000e+01	   5.0000000e+00	   5.0000000e+00	   3.5300000e+00	   0.0000000e+00	   2.0000000e+00	   3.0000000e+00	   1.0000000e+00	   2.0000000e+00	   1.0800000e+03	
   2.1000000e+02	   3.0700000e+02	   2.0400000e+02	   8.0000000e+00	   1.0000000e+00	   4.9750000e+00	   5.0000000e+00	   1.3000000e+00	   3.0000000e+00	   1.0000000e+00	   2.0000000e+00	   3.0000000e+00	   9.6700000e+02	
   1.1600000e+02	   2.0800000e+02	   3.0100000e+02	   1.2000000e+01	   2.0000000e+00	   4.6150000e+00	   5.0000000e+00	   9.8500000e-01	   1.0000000e+00	   2.0000000e+00	   3.0000000e+00	   2.0000000e+00	   1.6310000e+03	
   1.1300000e+02	   2.1000000e+02	   1.0400000e+02	   2.0000000e+00	   1.0000000e+00	   4.7100000e+00	   4.9750000e+00	   3.1050000e+00	   1.0000000e+00	   3.0000000e+00	   2.0000000e+00	   3.0000000e+00	   1.1380000e+03	
   3.0700000e+02	   3.0800000e+02	   2.0900000e+02	   9.0000000e+00	   4.0000000e+00	   5.0000000e+00	   4.0550000e+00	   6.1500000e-01	   2.0000000e+00	   1.0000000e+00	   3.0000000e+00	   1.0000000e+00	   2.2870000e+03	
   1.1100000e+02	   1.1300000e+02	   1.0500000e+02	   3.0000000e+00	   4.0000000e+00	   3.8900000e+00	   4.7100000e+00	   2.7700000e+00	   1.0000000e+00	   3.0000000e+00	   2.0000000e+00	   1.0000000e+00	   1.7550000e+03	
   1.0300000e+02	   1.1500000e+02	   1.1000000e+02	   5.0000000e+00	   2.0000000e+00	   3.7150000e+00	   4.1400000e+00	   1.7000000e-01	   2.0000000e+00	   1.0000000e+00	   3.0000000e+00	   1.0000000e+00	   1.8550000e+03	
   3.0400000e+02	   3.0800000e+02	   2.0300000e+02	   7.0000000e+00	   3.0000000e+00	   4.7250000e+00	   4.0550000e+00	   5.4000000e-01	   3.0000000e+00	   2.0000000e+00	   1.0000000e+00	   2.0000000e+00	   2.0750000e+03	
   1.1200000e+02	   3.0400000e+02	   1.1000000e+02	   5.0000000e+00	   2.0000000e+00	   5.0000000e+00	   4.7250000e+00	   1.7000000e-01	   3.0000000e+00	   1.0000000e+00	   2.0000000e+00	   3.0000000e+00	   2.2030000e+03	
   1.1200000e+02	   2.1000000e+02	   3.1000000e+02	   1.4000000e+01	   1.0000000e+00	   5.0000000e+00	   4.9750000e+00	   3.0500000e-01	   1.0000000e+00	   2.0000000e+00	   3.0000000e+00	   2.0000000e+00	   1.0460000e+03	
   1.1500000e+02	   2.1000000e+02	   2.0300000e+02	   7.0000000e+00	   4.0000000e+00	   4.1400000e+00	   4.9750000e+00	   5.4000000e-01	   2.0000000e+00	   1.0000000e+00	   3.0000000e+00	   1.0000000e+00	   1.0750000e+03	
   1.1600000e+02	   3.0400000e+02	   3.1300000e+02	   1.5000000e+01	   1.0000000e+00	   4.6150000e+00	   4.7250000e+00	   2.9950000e+00	   3.0000000e+00	   2.0000000e+00	   1.0000000e+00	   3.0000000e+00	   2.2570000e+03	
   1.1600000e+02	   2.0800000e+02	   1.0600000e+02	   4.0000000e+00	   2.0000000e+00	   4.6150000e+00	   5.0000000e+00	   2.0200000e+00	   1.0000000e+00	   3.0000000e+00	   2.0000000e+00	   3.0000000e+00	   9.2400000e+02	
   1.0900000e+02	   1.1300000e+02	   1.0500000e+02	   3.0000000e+00	   2.0000000e+00	   5.0000000e+00	   4.7100000e+00	   2.7700000e+00	   2.0000000e+00	   1.0000000e+00	   3.0000000e+00	   2.0000000e+00	   1.2480000e+03	
   2.0800000e+02	   3.0900000e+02	   3.1300000e+02	   1.5000000e+01	   5.0000000e+00	   5.0000000e+00	   3.5300000e+00	   2.9950000e+00	   2.0000000e+00	   1.0000000e+00	   3.0000000e+00	   2.0000000e+00	   9.5300000e+02	
   1.1100000e+02	   1.1500000e+02	   1.1000000e+02	   5.0000000e+00	   1.0000000e+00	   3.8900000e+00	   4.1400000e+00	   1.7000000e-01	   3.0000000e+00	   2.0000000e+00	   1.0000000e+00	   2.0000000e+00	   2.3350000e+03	
   1.1200000e+02	   3.0900000e+02	   2.0900000e+02	   9.0000000e+00	   5.0000000e+00	   5.0000000e+00	   3.5300000e+00	   6.1500000e-01	   1.0000000e+00	   2.0000000e+00	   3.0000000e+00	   1.0000000e+00	   1.5580000e+03	
   1.0300000e+02	   2.1000000e+02	   1.0400000e+02	   2.0000000e+00	   5.0000000e+00	   3.7150000e+00	   4.9750000e+00	   3.1050000e+00	   1.0000000e+00	   2.0000000e+00	   3.0000000e+00	   2.0000000e+00	   1.1890000e+03	
   1.0300000e+02	   1.1100000e+02	   3.0100000e+02	   1.2000000e+01	   1.0000000e+00	   3.7150000e+00	   3.8900000e+00	   9.8500000e-01	   3.0000000e+00	   1.0000000e+00	   2.0000000e+00	   1.0000000e+00	   2.2350000e+03	
   1.1600000e+02	   3.0900000e+02	   1.0500000e+02	   3.0000000e+00	   5.0000000e+00	   4.6150000e+00	   3.5300000e+00	   2.7700000e+00	   2.0000000e+00	   1.0000000e+00	   3.0000000e+00	   2.0000000e+00	   1.2890000e+03	
   3.0300000e+02	   3.0900000e+02	   3.1000000e+02	   1.4000000e+01	   2.0000000e+00	   3.9900000e+00	   3.5300000e+00	   3.0500000e-01	   1.0000000e+00	   3.0000000e+00	   2.0000000e+00	   1.0000000e+00	   1.2070000e+03	
   1.0900000e+02	   1.1500000e+02	   2.0900000e+02	   9.0000000e+00	   4.0000000e+00	   5.0000000e+00	   4.1400000e+00	   6.1500000e-01	   2.0000000e+00	   1.0000000e+00	   3.0000000e+00	   2.0000000e+00	   9.5700000e+02	
   1.1200000e+02	   3.0900000e+02	   1.0500000e+02	   3.0000000e+00	   5.0000000e+00	   5.0000000e+00	   3.5300000e+00	   2.7700000e+00	   3.0000000e+00	   2.0000000e+00	   1.0000000e+00	   3.0000000e+00	   1.1870000e+03	
   1.0300000e+02	   1.1600000e+02	   3.1300000e+02	   1.5000000e+01	   4.0000000e+00	   3.7150000e+00	   4.6150000e+00	   2.9950000e+00	   3.0000000e+00	   1.0000000e+00	   2.0000000e+00	   1.0000000e+00	   8.2900000e+02	
   1.1600000e+02	   3.0700000e+02	   3.0500000e+02	   1.3000000e+01	   2.0000000e+00	   4.6150000e+00	   5.0000000e+00	   0.0000000e+00	   3.0000000e+00	   2.0000000e+00	   1.0000000e+00	   2.0000000e+00	   1.1480000e+03	
   1.1600000e+02	   3.0300000e+02	   1.0100000e+02	   1.0000000e+00	   3.0000000e+00	   4.6150000e+00	   3.9900000e+00	   3.2550000e+00	   2.0000000e+00	   3.0000000e+00	   1.0000000e+00	   2.0000000e+00	   1.7430000e+03	
   1.0300000e+02	   3.0700000e+02	   2.1400000e+02	   1.1000000e+01	   5.0000000e+00	   3.7150000e+00	   5.0000000e+00	   0.0000000e+00	   2.0000000e+00	   1.0000000e+00	   3.0000000e+00	   1.0000000e+00	   1.5570000e+03	
   1.0300000e+02	   3.0400000e+02	   3.0100000e+02	   1.2000000e+01	   4.0000000e+00	   3.7150000e+00	   4.7250000e+00	   9.8500000e-01	   2.0000000e+00	   3.0000000e+00	   1.0000000e+00	   2.0000000e+00	   1.3080000e+03	
   1.1100000e+02	   1.1300000e+02	   1.1000000e+02	   5.0000000e+00	   4.0000000e+00	   3.8900000e+00	   4.7100000e+00	   1.7000000e-01	   3.0000000e+00	   2.0000000e+00	   1.0000000e+00	   2.0000000e+00	   2.0910000e+03	
   1.0300000e+02	   3.0800000e+02	   3.0500000e+02	   1.3000000e+01	   2.0000000e+00	   3.7150000e+00	   4.0550000e+00	   0.0000000e+00	   3.0000000e+00	   2.0000000e+00	   1.0000000e+00	   2.0000000e+00	   1.2280000e+03	
   1.1500000e+02	   2.0800000e+02	   2.1100000e+02	   1.0000000e+01	   4.0000000e+00	   4.1400000e+00	   5.0000000e+00	   0.0000000e+00	   3.0000000e+00	   2.0000000e+00	   1.0000000e+00	   2.0000000e+00	   7.7200000e+02	
   3.0300000e+02	   3.0700000e+02	   2.0300000e+02	   7.0000000e+00	   5.0000000e+00	   3.9900000e+00	   5.0000000e+00	   5.4000000e-01	   3.0000000e+00	   2.0000000e+00	   1.0000000e+00	   2.0000000e+00	   7.5700000e+02	
   1.1100000e+02	   3.0800000e+02	   3.1300000e+02	   1.5000000e+01	   1.0000000e+00	   3.8900000e+00	   4.0550000e+00	   2.9950000e+00	   1.0000000e+00	   2.0000000e+00	   3.0000000e+00	   2.0000000e+00	   1.0260000e+03	
   1.1300000e+02	   3.0800000e+02	   2.0100000e+02	   6.0000000e+00	   3.0000000e+00	   4.7100000e+00	   4.0550000e+00	   3.1600000e+00	   3.0000000e+00	   1.0000000e+00	   2.0000000e+00	   1.0000000e+00	   1.4100000e+03	
   2.1000000e+02	   3.0700000e+02	   3.0100000e+02	   1.2000000e+01	   1.0000000e+00	   4.9750000e+00	   5.0000000e+00	   9.8500000e-01	   1.0000000e+00	   3.0000000e+00	   2.0000000e+00	   1.0000000e+00	   1.0840000e+03	
   1.0300000e+02	   2.0700000e+02	   1.0600000e+02	   4.0000000e+00	   3.0000000e+00	   3.7150000e+00	   4.2400000e+00	   2.0200000e+00	   2.0000000e+00	   1.0000000e+00	   3.0000000e+00	   1.0000000e+00	   8.3100000e+02	
   1.1600000e+02	   2.0800000e+02	   2.0400000e+02	   8.0000000e+00	   2.0000000e+00	   4.6150000e+00	   5.0000000e+00	   1.3000000e+00	   2.0000000e+00	   1.0000000e+00	   3.0000000e+00	   1.0000000e+00	   1.1940000e+03	
   1.1500000e+02	   2.1000000e+02	   3.0100000e+02	   1.2000000e+01	   4.0000000e+00	   4.1400000e+00	   4.9750000e+00	   9.8500000e-01	   3.0000000e+00	   1.0000000e+00	   2.0000000e+00	   1.0000000e+00	   9.2900000e+02	
   1.1100000e+02	   3.0400000e+02	   1.0600000e+02	   4.0000000e+00	   4.0000000e+00	   3.8900000e+00	   4.7250000e+00	   2.0200000e+00	   2.0000000e+00	   3.0000000e+00	   1.0000000e+00	   2.0000000e+00	   1.2410000e+03	
   1.1300000e+02	   3.0300000e+02	   1.0500000e+02	   3.0000000e+00	   3.0000000e+00	   4.7100000e+00	   3.9900000e+00	   2.7700000e+00	   3.0000000e+00	   2.0000000e+00	   1.0000000e+00	   2.0000000e+00	   1.2650000e+03	
   1.0900000e+02	   2.0700000e+02	   1.0100000e+02	   1.0000000e+00	   3.0000000e+00	   5.0000000e+00	   4.2400000e+00	   3.2550000e+00	   2.0000000e+00	   1.0000000e+00	   3.0000000e+00	   2.0000000e+00	   9.9500000e+02	
   1.1300000e+02	   3.0900000e+02	   3.1000000e+02	   1.4000000e+01	   5.0000000e+00	   4.7100000e+00	   3.5300000e+00	   3.0500000e-01	   2.0000000e+00	   3.0000000e+00	   1.0000000e+00	   2.0000000e+00	   1.1720000e+03	
   1.1500000e+02	   2.0700000e+02	   2.0400000e+02	   8.0000000e+00	   1.0000000e+00	   4.1400000e+00	   4.2400000e+00	   1.3000000e+00	   2.0000000e+00	   1.0000000e+00	   3.0000000e+00	   1.0000000e+00	   1.0020000e+03	
   1.1200000e+02	   1.1600000e+02	   2.0400000e+02	   8.0000000e+00	   2.0000000e+00	   5.0000000e+00	   4.6150000e+00	   1.3000000e+00	   2.0000000e+00	   3.0000000e+00	   1.0000000e+00	   3.0000000e+00	   1.2530000e+03	
   1.0300000e+02	   2.0700000e+02	   1.1000000e+02	   5.0000000e+00	   3.0000000e+00	   3.7150000e+00	   4.2400000e+00	   1.7000000e-01	   2.0000000e+00	   3.0000000e+00	   1.0000000e+00	   3.0000000e+00	   1.0340000e+03	
   1.1300000e+02	   2.1000000e+02	   1.0600000e+02	   4.0000000e+00	   1.0000000e+00	   4.7100000e+00	   4.9750000e+00	   2.0200000e+00	   2.0000000e+00	   1.0000000e+00	   3.0000000e+00	   1.0000000e+00	   8.9500000e+02	
   1.1200000e+02	   1.1300000e+02	   2.0400000e+02	   8.0000000e+00	   2.0000000e+00	   5.0000000e+00	   4.7100000e+00	   1.3000000e+00	   2.0000000e+00	   1.0000000e+00	   3.0000000e+00	   1.0000000e+00	   1.3690000e+03	
   1.1100000e+02	   3.0700000e+02	   2.0300000e+02	   7.0000000e+00	   5.0000000e+00	   3.8900000e+00	   5.0000000e+00	   5.4000000e-01	   2.0000000e+00	   1.0000000e+00	   3.0000000e+00	   1.0000000e+00	   8.9200000e+02	
   3.0300000e+02	   3.0900000e+02	   2.1400000e+02	   1.1000000e+01	   2.0000000e+00	   3.9900000e+00	   3.5300000e+00	   0.0000000e+00	   1.0000000e+00	   2.0000000e+00	   3.0000000e+00	   1.0000000e+00	   1.0010000e+03	
   1.0900000e+02	   3.0800000e+02	   1.0100000e+02	   1.0000000e+00	   4.0000000e+00	   5.0000000e+00	   4.0550000e+00	   3.2550000e+00	   2.0000000e+00	   3.0000000e+00	   1.0000000e+00	   2.0000000e+00	   1.3590000e+03	
   2.1000000e+02	   3.0800000e+02	   2.0400000e+02	   8.0000000e+00	   4.0000000e+00	   4.9750000e+00	   4.0550000e+00	   1.3000000e+00	   3.0000000e+00	   1.0000000e+00	   2.0000000e+00	   3.0000000e+00	   1.0310000e+03	
   1.1100000e+02	   3.0300000e+02	   2.0300000e+02	   7.0000000e+00	   1.0000000e+00	   3.8900000e+00	   3.9900000e+00	   5.4000000e-01	   3.0000000e+00	   2.0000000e+00	   1.0000000e+00	   2.0000000e+00	   1.1610000e+03	
   2.0700000e+02	   3.0400000e+02	   3.1300000e+02	   1.5000000e+01	   3.0000000e+00	   4.2400000e+00	   4.7250000e+00	   2.9950000e+00	   3.0000000e+00	   2.0000000e+00	   1.0000000e+00	   3.0000000e+00	   8.7800000e+02	
   1.1500000e+02	   3.0800000e+02	   3.0500000e+02	   1.3000000e+01	   1.0000000e+00	   4.1400000e+00	   4.0550000e+00	   0.0000000e+00	   1.0000000e+00	   3.0000000e+00	   2.0000000e+00	   3.0000000e+00	   8.8000000e+02	
   1.1300000e+02	   2.0800000e+02	   1.1000000e+02	   5.0000000e+00	   2.0000000e+00	   4.7100000e+00	   5.0000000e+00	   1.7000000e-01	   3.0000000e+00	   2.0000000e+00	   1.0000000e+00	   2.0000000e+00	   8.0500000e+02	
   1.0300000e+02	   1.1100000e+02	   3.1000000e+02	   1.4000000e+01	   1.0000000e+00	   3.7150000e+00	   3.8900000e+00	   3.0500000e-01	   3.0000000e+00	   2.0000000e+00	   1.0000000e+00	   2.0000000e+00	   1.3870000e+03	
   1.1200000e+02	   3.0900000e+02	   1.0600000e+02	   4.0000000e+00	   5.0000000e+00	   5.0000000e+00	   3.5300000e+00	   2.0200000e+00	   3.0000000e+00	   2.0000000e+00	   1.0000000e+00	   3.0000000e+00	   1.1010000e+03	
   1.0900000e+02	   1.1300000e+02	   1.0400000e+02	   2.0000000e+00	   2.0000000e+00	   5.0000000e+00	   4.7100000e+00	   3.1050000e+00	   3.0000000e+00	   1.0000000e+00	   2.0000000e+00	   3.0000000e+00	   1.9600000e+03	
   1.1200000e+02	   2.1000000e+02	   2.0900000e+02	   9.0000000e+00	   1.0000000e+00	   5.0000000e+00	   4.9750000e+00	   6.1500000e-01	   1.0000000e+00	   3.0000000e+00	   2.0000000e+00	   3.0000000e+00	   1.0600000e+03	
   1.0300000e+02	   3.0300000e+02	   2.0900000e+02	   9.0000000e+00	   2.0000000e+00	   3.7150000e+00	   3.9900000e+00	   6.1500000e-01	   1.0000000e+00	   3.0000000e+00	   2.0000000e+00	   3.0000000e+00	   1.8940000e+03	
   2.0800000e+02	   2.1000000e+02	   3.1300000e+02	   1.5000000e+01	   1.0000000e+00	   5.0000000e+00	   4.9750000e+00	   2.9950000e+00	   1.0000000e+00	   2.0000000e+00	   3.0000000e+00	   2.0000000e+00	   7.0300000e+02	
   1.0300000e+02	   2.0800000e+02	   1.0400000e+02	   2.0000000e+00	   5.0000000e+00	   3.7150000e+00	   5.0000000e+00	   3.1050000e+00	   2.0000000e+00	   1.0000000e+00	   3.0000000e+00	   1.0000000e+00	   7.1600000e+02	
   1.1100000e+02	   3.0300000e+02	   2.1400000e+02	   1.1000000e+01	   1.0000000e+00	   3.8900000e+00	   3.9900000e+00	   0.0000000e+00	   3.0000000e+00	   1.0000000e+00	   2.0000000e+00	   1.0000000e+00	   1.7550000e+03	
   3.0700000e+02	   3.0800000e+02	   1.0500000e+02	   3.0000000e+00	   4.0000000e+00	   5.0000000e+00	   4.0550000e+00	   2.7700000e+00	   3.0000000e+00	   1.0000000e+00	   2.0000000e+00	   3.0000000e+00	   1.3130000e+03	
