   1.0000000e+00	   2.1300000e+02	   2.0000000e+00	   8.8000000e-01	   4.2350000e+03	   2.7600000e+00	   6.2310000e+03	
   2.0000000e+00	   2.0200000e+02	   2.0000000e+00	   5.6000000e-01	   3.0370000e+03	   3.4100000e+00	   2.3660000e+03	
   3.0000000e+00	   2.0600000e+02	   2.0000000e+00	   0.0000000e+00	   3.3040000e+03	   1.7500000e+00	   2.2660000e+03	
   4.0000000e+00	   1.0900000e+02	   1.0000000e+00	   3.1600000e+00	   2.8050000e+03	   4.9700000e+00	   2.3660000e+03	
   5.0000000e+00	   1.1200000e+02	   1.0000000e+00	   5.0000000e+00	   1.8230000e+03	   2.0200000e+00	   1.9330000e+03	
   6.0000000e+00	   2.1000000e+02	   2.0000000e+00	   5.0000000e+00	   1.5570000e+03	   4.6300000e+00	   1.7330000e+03	
   7.0000000e+00	   1.0100000e+02	   1.0000000e+00	   4.2200000e+00	   2.2230000e+03	   5.0000000e+00	   4.3980000e+03	
   8.0000000e+00	   2.0400000e+02	   2.0000000e+00	   3.5200000e+00	   4.6230000e+03	   1.1400000e+00	   1.5670000e+03	
   9.0000000e+00	   3.1400000e+02	   3.0000000e+00	   5.0000000e+00	   3.3370000e+03	   1.0700000e+00	   2.9990000e+03	
   1.0000000e+01	   3.1000000e+02	   3.0000000e+00	   0.0000000e+00	   1.6720000e+03	   2.1700000e+00	   3.4320000e+03	
   1.1000000e+01	   2.0800000e+02	   2.0000000e+00	   5.0000000e+00	   1.4560000e+03	   3.7000000e+00	   1.0990000e+03	
   1.2000000e+01	   1.1300000e+02	   1.0000000e+00	   5.0000000e+00	   1.3900000e+03	   2.8700000e+00	   1.7330000e+03	
   1.3000000e+01	   2.1500000e+02	   2.0000000e+00	   0.0000000e+00	   1.6890000e+03	   9.0000000e-02	   1.5670000e+03	
   1.4000000e+01	   2.0100000e+02	   2.0000000e+00	   5.0000000e+00	   1.8560000e+03	   1.2300000e+00	   1.4000000e+03	
   1.5000000e+01	   2.1200000e+02	   2.0000000e+00	   5.0000000e+00	   2.6890000e+03	   3.5800000e+00	   1.2330000e+03	
   1.6000000e+01	   3.1200000e+02	   3.0000000e+00	   0.0000000e+00	   1.8240000e+03	   2.9200000e+00	   1.6000000e+03	
   1.7000000e+01	   1.1000000e+02	   1.0000000e+00	   0.0000000e+00	   1.5240000e+03	   3.1600000e+00	   1.7330000e+03	
   1.8000000e+01	   1.0400000e+02	   1.0000000e+00	   0.0000000e+00	   1.2560000e+03	   1.3400000e+00	   1.5320000e+03	
   1.9000000e+01	   3.0200000e+02	   3.0000000e+00	   5.0000000e+00	   1.6560000e+03	   3.8600000e+00	   1.0990000e+03	
   2.0000000e+01	   2.0500000e+02	   2.0000000e+00	   5.0000000e+00	   2.0890000e+03	   9.3000000e-01	   1.0000000e+03	
   2.1000000e+01	   3.0900000e+02	   3.0000000e+00	   5.0000000e+00	   1.2250000e+03	   4.5300000e+00	   1.5330000e+03	
   2.2000000e+01	   2.0700000e+02	   2.0000000e+00	   5.0000000e+00	   1.3890000e+03	   3.3800000e+00	   1.0990000e+03	
   2.3000000e+01	   1.0600000e+02	   1.0000000e+00	   2.0600000e+00	   2.7230000e+03	   2.8400000e+00	   2.3990000e+03	
   2.4000000e+01	   2.1400000e+02	   2.0000000e+00	   0.0000000e+00	   2.8240000e+03	   3.1200000e+00	   1.0330000e+03	
   2.5000000e+01	   3.0800000e+02	   3.0000000e+00	   7.9000000e-01	   2.4560000e+03	   3.5000000e+00	   1.6500000e+03	
   2.6000000e+01	   3.0600000e+02	   3.0000000e+00	   1.9000000e+00	   2.8220000e+03	   3.3600000e+00	   7.3300000e+02	
   2.7000000e+01	   2.1100000e+02	   2.0000000e+00	   5.0000000e+00	   2.5890000e+03	   1.1400000e+00	   1.2010000e+03	
   2.8000000e+01	   1.1600000e+02	   1.0000000e+00	   5.0000000e+00	   1.2560000e+03	   3.4400000e+00	   1.0330000e+03	
   2.9000000e+01	   3.1100000e+02	   3.0000000e+00	   9.1000000e-01	   1.7230000e+03	   3.4300000e+00	   2.3330000e+03	
   3.0000000e+01	   2.0900000e+02	   2.0000000e+00	   3.3900000e+00	   4.3220000e+03	   1.7500000e+00	   3.5330000e+03	
   3.1000000e+01	   1.1500000e+02	   1.0000000e+00	   2.0000000e-02	   1.6570000e+03	   1.0600000e+00	   1.5670000e+03	
   3.2000000e+01	   3.1300000e+02	   3.0000000e+00	   5.0000000e+00	   1.1890000e+03	   1.2200000e+00	   7.3300000e+02	
   3.3000000e+01	   1.0300000e+02	   1.0000000e+00	   1.4700000e+00	   2.3560000e+03	   1.8100000e+00	   9.6700000e+02	
   3.4000000e+01	   1.0500000e+02	   1.0000000e+00	   0.0000000e+00	   4.0230000e+03	   6.3000000e-01	   1.2330000e+03	
   3.5000000e+01	   2.0300000e+02	   2.0000000e+00	   1.4400000e+00	   2.0890000e+03	   3.0300000e+00	   1.3330000e+03	
   3.6000000e+01	   1.0700000e+02	   1.0000000e+00	   1.5300000e+00	   3.7210000e+03	   2.8800000e+00	   1.2330000e+03	
   3.7000000e+01	   1.0200000e+02	   1.0000000e+00	   5.0000000e+00	   2.5390000e+03	   1.9700000e+00	   1.0670000e+03	
   3.8000000e+01	   1.1400000e+02	   1.0000000e+00	   0.0000000e+00	   1.5560000e+03	   1.4300000e+00	   1.4000000e+03	
   3.9000000e+01	   3.0300000e+02	   3.0000000e+00	   5.0000000e+00	   1.5380000e+03	   3.3200000e+00	   1.4660000e+03	
   4.0000000e+01	   1.0800000e+02	   1.0000000e+00	   5.0000000e+00	   1.5560000e+03	   8.3000000e-01	   1.2330000e+03	
   4.1000000e+01	   3.0500000e+02	   3.0000000e+00	   0.0000000e+00	   1.2900000e+03	   2.7900000e+00	   1.9330000e+03	
   4.2000000e+01	   3.0400000e+02	   3.0000000e+00	   5.0000000e+00	   1.3220000e+03	   1.1200000e+00	   8.3300000e+02	
   4.3000000e+01	   1.1100000e+02	   1.0000000e+00	   0.0000000e+00	   1.5550000e+03	   2.7500000e+00	   2.6660000e+03	
   4.4000000e+01	   3.0100000e+02	   3.0000000e+00	   3.2800000e+00	   2.1390000e+03	   3.6300000e+00	   1.1330000e+03	
   4.5000000e+01	   3.0700000e+02	   3.0000000e+00	   5.0000000e+00	   9.8900000e+02	   3.8900000e+00	   9.8400000e+02	
