   1.0000000e+00	   1.0000000e+00	   2.0100000e+02	   0.0000000e+00	   3.0650000e+03	
   1.0000000e+00	   2.0000000e+00	   1.0600000e+02	   3.0200000e+00	   9.5580000e+03	
   1.0000000e+00	   3.0000000e+00	   1.0700000e+02	   9.1000000e-01	   4.1600000e+03	
   1.0000000e+00	   4.0000000e+00	   2.0600000e+02	   0.0000000e+00	   3.1270000e+03	
   1.0000000e+00	   5.0000000e+00	   1.0100000e+02	   5.0000000e+00	   2.9070000e+03	
   1.0000000e+00	   6.0000000e+00	   2.1500000e+02	   5.0000000e+00	   3.3820000e+03	
   1.0000000e+00	   7.0000000e+00	   3.1300000e+02	   1.9700000e+00	   4.4930000e+03	
   1.0000000e+00	   8.0000000e+00	   2.1300000e+02	   0.0000000e+00	   4.8270000e+03	
   1.0000000e+00	   9.0000000e+00	   1.1100000e+02	   9.9000000e-01	   6.4610000e+03	
   1.0000000e+00	   1.0000000e+01	   2.1400000e+02	   5.3000000e-01	   4.4590000e+03	
   1.0000000e+00	   1.1000000e+01	   2.0800000e+02	   1.6000000e-01	   1.8940000e+03	
   1.0000000e+00	   1.2000000e+01	   1.1500000e+02	   3.0200000e+00	   2.9290000e+03	
   1.0000000e+00	   1.3000000e+01	   1.1000000e+02	   1.5500000e+00	   5.1270000e+03	
   1.0000000e+00	   1.4000000e+01	   3.0900000e+02	   2.0300000e+00	   9.9580000e+03	
   1.0000000e+00	   1.5000000e+01	   2.1000000e+02	   0.0000000e+00	   1.4280000e+03	
   1.0000000e+00	   1.6000000e+01	   1.0800000e+02	   6.0000000e-02	   3.9260000e+03	
   1.0000000e+00	   1.7000000e+01	   3.0200000e+02	   5.0000000e+00	   3.5590000e+03	
   1.0000000e+00	   1.8000000e+01	   3.0700000e+02	   0.0000000e+00	   1.7620000e+03	
   1.0000000e+00	   1.9000000e+01	   3.0100000e+02	   0.0000000e+00	   2.4590000e+03	
   1.0000000e+00	   2.0000000e+01	   3.0400000e+02	   0.0000000e+00	   1.3950000e+03	
   1.0000000e+00	   2.1000000e+01	   3.0600000e+02	   2.0400000e+00	   2.2270000e+03	
   1.0000000e+00	   2.2000000e+01	   3.1000000e+02	   0.0000000e+00	   2.5270000e+03	
   1.0000000e+00	   2.3000000e+01	   2.0200000e+02	   4.0500000e+00	   4.8950000e+03	
   1.0000000e+00	   2.4000000e+01	   3.0500000e+02	   0.0000000e+00	   1.2600000e+03	
   1.0000000e+00	   2.5000000e+01	   1.1200000e+02	   0.0000000e+00	   1.4610000e+03	
   1.0000000e+00	   2.6000000e+01	   3.0300000e+02	   0.0000000e+00	   1.3270000e+03	
   1.0000000e+00	   2.7000000e+01	   3.1400000e+02	   0.0000000e+00	   3.1290000e+03	
   1.0000000e+00	   2.8000000e+01	   1.1300000e+02	   2.9800000e+00	   3.8930000e+03	
   1.0000000e+00	   2.9000000e+01	   1.0500000e+02	   4.7000000e-01	   2.5610000e+03	
   1.0000000e+00	   3.0000000e+01	   1.1400000e+02	   1.5300000e+00	   2.9280000e+03	
   1.0000000e+00	   3.1000000e+01	   2.0300000e+02	   0.0000000e+00	   1.6620000e+03	
   1.0000000e+00	   3.2000000e+01	   3.1100000e+02	   0.0000000e+00	   1.2940000e+03	
   1.0000000e+00	   3.3000000e+01	   1.0300000e+02	   1.9600000e+00	   5.4260000e+03	
   1.0000000e+00	   3.4000000e+01	   1.1600000e+02	   0.0000000e+00	   2.3610000e+03	
   1.0000000e+00	   3.5000000e+01	   2.0500000e+02	   1.0000000e-02	   2.4940000e+03	
   1.0000000e+00	   3.6000000e+01	   1.0200000e+02	   0.0000000e+00	   1.7600000e+03	
   1.0000000e+00	   3.7000000e+01	   1.0900000e+02	   2.5000000e+00	   2.2280000e+03	
   1.0000000e+00	   3.8000000e+01	   3.0800000e+02	   0.0000000e+00	   1.3610000e+03	
   1.0000000e+00	   3.9000000e+01	   2.0400000e+02	   0.0000000e+00	   3.2260000e+03	
   1.0000000e+00	   4.0000000e+01	   2.0700000e+02	   5.9000000e-01	   2.4610000e+03	
   1.0000000e+00	   4.1000000e+01	   3.1200000e+02	   0.0000000e+00	   1.7600000e+03	
   1.0000000e+00	   4.2000000e+01	   2.1200000e+02	   0.0000000e+00	   3.0940000e+03	
   1.0000000e+00	   4.3000000e+01	   2.0900000e+02	   3.0300000e+00	   2.3270000e+03	
   1.0000000e+00	   4.4000000e+01	   2.1100000e+02	   2.5100000e+00	   2.2450000e+03	
   1.0000000e+00	   4.5000000e+01	   1.0400000e+02	   3.5000000e-01	   2.8600000e+03	
   2.0000000e+00	   1.0000000e+00	   3.0900000e+02	   1.1400000e+00	   8.8170000e+03	
   2.0000000e+00	   2.0000000e+00	   3.0100000e+02	   0.0000000e+00	   1.8610000e+03	
   2.0000000e+00	   3.0000000e+00	   2.1100000e+02	   1.4900000e+00	   4.2610000e+03	
   2.0000000e+00	   4.0000000e+00	   2.0700000e+02	   3.3000000e-01	   3.2270000e+03	
   2.0000000e+00	   5.0000000e+00	   1.0900000e+02	   2.5000000e+00	   1.3950000e+03	
   2.0000000e+00	   6.0000000e+00	   3.1400000e+02	   0.0000000e+00	   1.1950000e+03	
   2.0000000e+00	   7.0000000e+00	   3.1200000e+02	   0.0000000e+00	   1.2620000e+03	
   2.0000000e+00	   8.0000000e+00	   2.0200000e+02	   3.5700000e+00	   3.0610000e+03	
   2.0000000e+00	   9.0000000e+00	   1.1400000e+02	   0.0000000e+00	   1.5940000e+03	
   2.0000000e+00	   1.0000000e+01	   2.1300000e+02	   1.3000000e-01	   1.2950000e+03	
   2.0000000e+00	   1.1000000e+01	   2.0900000e+02	   6.9000000e-01	   2.1940000e+03	
   2.0000000e+00	   1.2000000e+01	   1.1500000e+02	   1.4300000e+00	   5.8280000e+03	
   2.0000000e+00	   1.3000000e+01	   3.1000000e+02	   0.0000000e+00	   1.5280000e+03	
   2.0000000e+00	   1.4000000e+01	   1.0200000e+02	   0.0000000e+00	   1.0280000e+03	
   2.0000000e+00	   1.5000000e+01	   3.0800000e+02	   4.0000000e-02	   1.2280000e+03	
   2.0000000e+00	   1.6000000e+01	   2.1400000e+02	   0.0000000e+00	   1.0950000e+03	
   2.0000000e+00	   1.7000000e+01	   1.0700000e+02	   0.0000000e+00	   2.3280000e+03	
   2.0000000e+00	   1.8000000e+01	   1.1100000e+02	   1.0000000e-02	   1.1620000e+03	
   2.0000000e+00	   1.9000000e+01	   3.0500000e+02	   0.0000000e+00	   1.0940000e+03	
   2.0000000e+00	   2.0000000e+01	   1.0400000e+02	   0.0000000e+00	   1.3950000e+03	
   2.0000000e+00	   2.1000000e+01	   1.0600000e+02	   3.0200000e+00	   2.5610000e+03	
   2.0000000e+00	   2.2000000e+01	   1.1300000e+02	   1.9800000e+00	   1.8950000e+03	
   2.0000000e+00	   2.3000000e+01	   2.1200000e+02	   0.0000000e+00	   1.4280000e+03	
   2.0000000e+00	   2.4000000e+01	   1.0100000e+02	   2.4500000e+00	   2.2280000e+03	
   2.0000000e+00	   2.5000000e+01	   1.0300000e+02	   5.5000000e-01	   2.0610000e+03	
   2.0000000e+00	   2.6000000e+01	   2.1000000e+02	   0.0000000e+00	   1.1280000e+03	
   2.0000000e+00	   2.7000000e+01	   3.1100000e+02	   0.0000000e+00	   2.4940000e+03	
   2.0000000e+00	   2.8000000e+01	   1.1600000e+02	   0.0000000e+00	   1.1290000e+03	
   2.0000000e+00	   2.9000000e+01	   1.0500000e+02	   0.0000000e+00	   2.9950000e+03	
   2.0000000e+00	   3.0000000e+01	   1.1200000e+02	   0.0000000e+00	   1.3610000e+03	
   2.0000000e+00	   3.1000000e+01	   2.0100000e+02	   0.0000000e+00	   1.3940000e+03	
   2.0000000e+00	   3.2000000e+01	   2.0300000e+02	   0.0000000e+00	   1.1780000e+03	
   2.0000000e+00	   3.3000000e+01	   3.0700000e+02	   0.0000000e+00	   1.9630000e+03	
   2.0000000e+00	   3.4000000e+01	   2.1500000e+02	   5.0000000e+00	   2.0270000e+03	
   2.0000000e+00	   3.5000000e+01	   2.0600000e+02	   5.1000000e-01	   4.0610000e+03	
   2.0000000e+00	   3.6000000e+01	   3.0200000e+02	   3.0400000e+00	   4.0600000e+03	
   2.0000000e+00	   3.7000000e+01	   1.1000000e+02	   0.0000000e+00	   1.0960000e+03	
   2.0000000e+00	   3.8000000e+01	   3.0300000e+02	   0.0000000e+00	   1.2280000e+03	
   2.0000000e+00	   3.9000000e+01	   3.0400000e+02	   0.0000000e+00	   1.2940000e+03	
   2.0000000e+00	   4.0000000e+01	   3.0600000e+02	   0.0000000e+00	   1.0940000e+03	
   2.0000000e+00	   4.1000000e+01	   2.0500000e+02	   0.0000000e+00	   2.4610000e+03	
   2.0000000e+00	   4.2000000e+01	   2.0400000e+02	   0.0000000e+00	   1.0280000e+03	
   2.0000000e+00	   4.3000000e+01	   1.0800000e+02	   0.0000000e+00	   1.0630000e+03	
   2.0000000e+00	   4.4000000e+01	   2.0800000e+02	   0.0000000e+00	   1.7280000e+03	
   2.0000000e+00	   4.5000000e+01	   3.1300000e+02	   5.9000000e-01	   1.7610000e+03	
