   1.1300000e+02	   2.1500000e+02	   2.0300000e+02	   6.0000000e+00	   5.0000000e+00	   2.4800000e+00	   5.0000000e+00	   0.0000000e+00	   3.0000000e+00	   2.0000000e+00	   1.0000000e+00	   2.0000000e+00	   2.2230000e+03	
   3.0200000e+02	   3.0900000e+02	   3.1100000e+02	   1.4000000e+01	   4.0000000e+00	   4.0200000e+00	   1.5850000e+00	   0.0000000e+00	   3.0000000e+00	   2.0000000e+00	   1.0000000e+00	   3.0000000e+00	   5.3600000e+03	
   1.0300000e+02	   1.0600000e+02	   1.1600000e+02	   5.0000000e+00	   4.0000000e+00	   1.2550000e+00	   3.0200000e+00	   0.0000000e+00	   2.0000000e+00	   1.0000000e+00	   3.0000000e+00	   1.0000000e+00	   3.3170000e+03	
   2.0900000e+02	   2.1100000e+02	   3.1400000e+02	   1.5000000e+01	   1.0000000e+00	   1.8600000e+00	   2.0000000e+00	   0.0000000e+00	   3.0000000e+00	   2.0000000e+00	   1.0000000e+00	   2.0000000e+00	   2.8000000e+03	
   2.0900000e+02	   3.0200000e+02	   3.0800000e+02	   1.3000000e+01	   4.0000000e+00	   1.8600000e+00	   4.0200000e+00	   2.0000000e-02	   3.0000000e+00	   1.0000000e+00	   2.0000000e+00	   1.0000000e+00	   4.4770000e+03	
   1.0900000e+02	   3.0900000e+02	   1.1100000e+02	   4.0000000e+00	   2.0000000e+00	   2.5000000e+00	   1.5850000e+00	   5.0000000e-01	   3.0000000e+00	   1.0000000e+00	   2.0000000e+00	   3.0000000e+00	   3.2620000e+03	
   1.0100000e+02	   2.0900000e+02	   2.0300000e+02	   6.0000000e+00	   4.0000000e+00	   3.7250000e+00	   1.8600000e+00	   0.0000000e+00	   2.0000000e+00	   1.0000000e+00	   3.0000000e+00	   2.0000000e+00	   2.2180000e+03	
   1.0600000e+02	   1.1500000e+02	   3.0400000e+02	   1.1000000e+01	   2.0000000e+00	   3.0200000e+00	   2.2250000e+00	   0.0000000e+00	   2.0000000e+00	   3.0000000e+00	   1.0000000e+00	   2.0000000e+00	   2.1700000e+03	
   2.0200000e+02	   3.0900000e+02	   2.1000000e+02	   8.0000000e+00	   4.0000000e+00	   3.8100000e+00	   1.5850000e+00	   0.0000000e+00	   1.0000000e+00	   3.0000000e+00	   2.0000000e+00	   1.0000000e+00	   2.5660000e+03	
   1.0600000e+02	   3.0900000e+02	   1.0200000e+02	   1.0000000e+00	   3.0000000e+00	   3.0200000e+00	   1.5850000e+00	   0.0000000e+00	   3.0000000e+00	   1.0000000e+00	   2.0000000e+00	   3.0000000e+00	   4.3590000e+03	
   1.1300000e+02	   1.1500000e+02	   3.1100000e+02	   1.4000000e+01	   1.0000000e+00	   2.4800000e+00	   2.2250000e+00	   0.0000000e+00	   1.0000000e+00	   3.0000000e+00	   2.0000000e+00	   1.0000000e+00	   4.4260000e+03	
   1.0300000e+02	   1.1500000e+02	   3.0100000e+02	   1.0000000e+01	   2.0000000e+00	   1.2550000e+00	   2.2250000e+00	   0.0000000e+00	   2.0000000e+00	   1.0000000e+00	   3.0000000e+00	   2.0000000e+00	   6.3950000e+03	
   1.0100000e+02	   3.0600000e+02	   2.0600000e+02	   7.0000000e+00	   5.0000000e+00	   3.7250000e+00	   1.0200000e+00	   2.5500000e-01	   3.0000000e+00	   2.0000000e+00	   1.0000000e+00	   3.0000000e+00	   1.7250000e+03	
   1.1500000e+02	   3.1300000e+02	   2.0300000e+02	   6.0000000e+00	   2.0000000e+00	   2.2250000e+00	   1.2800000e+00	   0.0000000e+00	   1.0000000e+00	   2.0000000e+00	   3.0000000e+00	   2.0000000e+00	   1.7920000e+03	
   2.1500000e+02	   3.0900000e+02	   1.1600000e+02	   5.0000000e+00	   5.0000000e+00	   5.0000000e+00	   1.5850000e+00	   0.0000000e+00	   2.0000000e+00	   1.0000000e+00	   3.0000000e+00	   2.0000000e+00	   2.7120000e+03	
   1.1000000e+02	   1.1300000e+02	   1.0400000e+02	   2.0000000e+00	   4.0000000e+00	   7.7500000e-01	   2.4800000e+00	   1.7500000e-01	   3.0000000e+00	   1.0000000e+00	   2.0000000e+00	   1.0000000e+00	   1.5630000e+03	
   1.1300000e+02	   3.0900000e+02	   3.1100000e+02	   1.4000000e+01	   2.0000000e+00	   2.4800000e+00	   1.5850000e+00	   0.0000000e+00	   1.0000000e+00	   3.0000000e+00	   2.0000000e+00	   1.0000000e+00	   5.3660000e+03	
   1.0300000e+02	   3.1300000e+02	   2.1000000e+02	   8.0000000e+00	   1.0000000e+00	   1.2550000e+00	   1.2800000e+00	   0.0000000e+00	   1.0000000e+00	   2.0000000e+00	   3.0000000e+00	   2.0000000e+00	   3.2160000e+03	
   1.0100000e+02	   2.0200000e+02	   1.1100000e+02	   4.0000000e+00	   1.0000000e+00	   3.7250000e+00	   3.8100000e+00	   5.0000000e-01	   3.0000000e+00	   1.0000000e+00	   2.0000000e+00	   3.0000000e+00	   4.6480000e+03	
   2.1500000e+02	   3.0600000e+02	   2.0300000e+02	   6.0000000e+00	   5.0000000e+00	   5.0000000e+00	   1.0200000e+00	   0.0000000e+00	   2.0000000e+00	   1.0000000e+00	   3.0000000e+00	   2.0000000e+00	   1.0310000e+03	
   1.0300000e+02	   1.1300000e+02	   1.1100000e+02	   4.0000000e+00	   3.0000000e+00	   1.2550000e+00	   2.4800000e+00	   5.0000000e-01	   1.0000000e+00	   2.0000000e+00	   3.0000000e+00	   2.0000000e+00	   2.5280000e+03	
   1.0300000e+02	   2.1100000e+02	   3.0400000e+02	   1.1000000e+01	   2.0000000e+00	   1.2550000e+00	   2.0000000e+00	   0.0000000e+00	   3.0000000e+00	   1.0000000e+00	   2.0000000e+00	   1.0000000e+00	   1.7290000e+03	
   2.1100000e+02	   2.1500000e+02	   1.1600000e+02	   5.0000000e+00	   5.0000000e+00	   2.0000000e+00	   5.0000000e+00	   0.0000000e+00	   2.0000000e+00	   3.0000000e+00	   1.0000000e+00	   3.0000000e+00	   2.6680000e+03	
   1.0300000e+02	   2.0200000e+02	   1.0400000e+02	   2.0000000e+00	   5.0000000e+00	   1.2550000e+00	   3.8100000e+00	   1.7500000e-01	   1.0000000e+00	   3.0000000e+00	   2.0000000e+00	   3.0000000e+00	   1.9850000e+03	
   1.0100000e+02	   3.0200000e+02	   2.0600000e+02	   7.0000000e+00	   1.0000000e+00	   3.7250000e+00	   4.0200000e+00	   2.5500000e-01	   1.0000000e+00	   3.0000000e+00	   2.0000000e+00	   1.0000000e+00	   5.1220000e+03	
   1.0600000e+02	   1.0900000e+02	   1.0400000e+02	   2.0000000e+00	   2.0000000e+00	   3.0200000e+00	   2.5000000e+00	   1.7500000e-01	   3.0000000e+00	   1.0000000e+00	   2.0000000e+00	   3.0000000e+00	   3.0420000e+03	
   2.0200000e+02	   2.1100000e+02	   2.1300000e+02	   9.0000000e+00	   4.0000000e+00	   3.8100000e+00	   2.0000000e+00	   6.5000000e-02	   3.0000000e+00	   2.0000000e+00	   1.0000000e+00	   3.0000000e+00	   2.9280000e+03	
   2.1500000e+02	   3.0600000e+02	   1.1100000e+02	   4.0000000e+00	   5.0000000e+00	   5.0000000e+00	   1.0200000e+00	   5.0000000e-01	   1.0000000e+00	   3.0000000e+00	   2.0000000e+00	   1.0000000e+00	   2.0330000e+03	
   1.1500000e+02	   3.0600000e+02	   3.1400000e+02	   1.5000000e+01	   3.0000000e+00	   2.2250000e+00	   1.0200000e+00	   0.0000000e+00	   2.0000000e+00	   3.0000000e+00	   1.0000000e+00	   2.0000000e+00	   6.8810000e+03	
   1.1000000e+02	   3.0200000e+02	   1.0700000e+02	   3.0000000e+00	   5.0000000e+00	   7.7500000e-01	   4.0200000e+00	   4.5500000e-01	   2.0000000e+00	   3.0000000e+00	   1.0000000e+00	   3.0000000e+00	   5.8080000e+03	
   1.1300000e+02	   2.1100000e+02	   3.0800000e+02	   1.3000000e+01	   1.0000000e+00	   2.4800000e+00	   2.0000000e+00	   2.0000000e-02	   1.0000000e+00	   2.0000000e+00	   3.0000000e+00	   1.0000000e+00	   3.0790000e+03	
   1.0100000e+02	   3.0600000e+02	   3.0100000e+02	   1.0000000e+01	   5.0000000e+00	   3.7250000e+00	   1.0200000e+00	   0.0000000e+00	   1.0000000e+00	   3.0000000e+00	   2.0000000e+00	   1.0000000e+00	   1.9850000e+03	
   1.1000000e+02	   1.1500000e+02	   1.1600000e+02	   5.0000000e+00	   3.0000000e+00	   7.7500000e-01	   2.2250000e+00	   0.0000000e+00	   3.0000000e+00	   2.0000000e+00	   1.0000000e+00	   1.0000000e+00	   3.6790000e+03	
   1.0900000e+02	   1.1300000e+02	   1.0700000e+02	   3.0000000e+00	   1.0000000e+00	   2.5000000e+00	   2.4800000e+00	   4.5500000e-01	   1.0000000e+00	   3.0000000e+00	   2.0000000e+00	   3.0000000e+00	   3.9020000e+03	
   1.0100000e+02	   1.1000000e+02	   2.1000000e+02	   8.0000000e+00	   5.0000000e+00	   3.7250000e+00	   7.7500000e-01	   0.0000000e+00	   2.0000000e+00	   3.0000000e+00	   1.0000000e+00	   2.0000000e+00	   2.2500000e+03	
   1.1300000e+02	   2.0900000e+02	   3.0700000e+02	   1.2000000e+01	   2.0000000e+00	   2.4800000e+00	   1.8600000e+00	   0.0000000e+00	   2.0000000e+00	   3.0000000e+00	   1.0000000e+00	   2.0000000e+00	   1.9710000e+03	
   1.0300000e+02	   2.0900000e+02	   1.1100000e+02	   4.0000000e+00	   2.0000000e+00	   1.2550000e+00	   1.8600000e+00	   5.0000000e-01	   3.0000000e+00	   1.0000000e+00	   2.0000000e+00	   3.0000000e+00	   3.1710000e+03	
   1.0100000e+02	   3.0200000e+02	   1.0700000e+02	   3.0000000e+00	   1.0000000e+00	   3.7250000e+00	   4.0200000e+00	   4.5500000e-01	   1.0000000e+00	   2.0000000e+00	   3.0000000e+00	   2.0000000e+00	   2.4270000e+03	
   2.0200000e+02	   2.1100000e+02	   2.0300000e+02	   6.0000000e+00	   4.0000000e+00	   3.8100000e+00	   2.0000000e+00	   0.0000000e+00	   3.0000000e+00	   1.0000000e+00	   2.0000000e+00	   3.0000000e+00	   4.2820000e+03	
   1.0600000e+02	   1.0900000e+02	   2.1300000e+02	   9.0000000e+00	   2.0000000e+00	   3.0200000e+00	   2.5000000e+00	   6.5000000e-02	   1.0000000e+00	   2.0000000e+00	   3.0000000e+00	   1.0000000e+00	   1.5510000e+03	
   3.0200000e+02	   3.0600000e+02	   3.0700000e+02	   1.2000000e+01	   5.0000000e+00	   4.0200000e+00	   1.0200000e+00	   0.0000000e+00	   3.0000000e+00	   2.0000000e+00	   1.0000000e+00	   3.0000000e+00	   1.2100000e+03	
   1.0100000e+02	   2.0200000e+02	   3.1100000e+02	   1.4000000e+01	   1.0000000e+00	   3.7250000e+00	   3.8100000e+00	   0.0000000e+00	   2.0000000e+00	   3.0000000e+00	   1.0000000e+00	   2.0000000e+00	   6.8720000e+03	
   1.0300000e+02	   2.1100000e+02	   3.0100000e+02	   1.0000000e+01	   2.0000000e+00	   1.2550000e+00	   2.0000000e+00	   0.0000000e+00	   2.0000000e+00	   1.0000000e+00	   3.0000000e+00	   2.0000000e+00	   3.5290000e+03	
   1.0600000e+02	   1.1500000e+02	   3.1400000e+02	   1.5000000e+01	   2.0000000e+00	   3.0200000e+00	   2.2250000e+00	   0.0000000e+00	   3.0000000e+00	   1.0000000e+00	   2.0000000e+00	   3.0000000e+00	   2.2440000e+03	
   1.0900000e+02	   3.0600000e+02	   1.0200000e+02	   1.0000000e+00	   3.0000000e+00	   2.5000000e+00	   1.0200000e+00	   0.0000000e+00	   3.0000000e+00	   1.0000000e+00	   2.0000000e+00	   3.0000000e+00	   1.8790000e+03	
   1.0600000e+02	   3.0200000e+02	   3.0800000e+02	   1.3000000e+01	   3.0000000e+00	   3.0200000e+00	   4.0200000e+00	   2.0000000e-02	   1.0000000e+00	   3.0000000e+00	   2.0000000e+00	   1.0000000e+00	   3.2290000e+03	
   2.1100000e+02	   3.0200000e+02	   1.0200000e+02	   1.0000000e+00	   4.0000000e+00	   2.0000000e+00	   4.0200000e+00	   0.0000000e+00	   3.0000000e+00	   2.0000000e+00	   1.0000000e+00	   2.0000000e+00	   2.2470000e+03	
   2.1100000e+02	   3.0200000e+02	   2.1000000e+02	   8.0000000e+00	   4.0000000e+00	   2.0000000e+00	   4.0200000e+00	   0.0000000e+00	   1.0000000e+00	   2.0000000e+00	   3.0000000e+00	   2.0000000e+00	   1.9220000e+03	
   1.1500000e+02	   2.0900000e+02	   3.1100000e+02	   1.4000000e+01	   1.0000000e+00	   2.2250000e+00	   1.8600000e+00	   0.0000000e+00	   2.0000000e+00	   1.0000000e+00	   3.0000000e+00	   2.0000000e+00	   2.9620000e+03	
   1.0100000e+02	   3.0600000e+02	   2.1000000e+02	   8.0000000e+00	   5.0000000e+00	   3.7250000e+00	   1.0200000e+00	   0.0000000e+00	   2.0000000e+00	   1.0000000e+00	   3.0000000e+00	   2.0000000e+00	   2.0460000e+03	
   1.0600000e+02	   1.1300000e+02	   1.0200000e+02	   1.0000000e+00	   2.0000000e+00	   3.0200000e+00	   2.4800000e+00	   0.0000000e+00	   2.0000000e+00	   3.0000000e+00	   1.0000000e+00	   2.0000000e+00	   1.8470000e+03	
   1.0100000e+02	   3.0600000e+02	   3.0700000e+02	   1.2000000e+01	   5.0000000e+00	   3.7250000e+00	   1.0200000e+00	   0.0000000e+00	   1.0000000e+00	   3.0000000e+00	   2.0000000e+00	   1.0000000e+00	   1.8730000e+03	
   2.1500000e+02	   3.1300000e+02	   3.1400000e+02	   1.5000000e+01	   5.0000000e+00	   5.0000000e+00	   1.2800000e+00	   0.0000000e+00	   3.0000000e+00	   2.0000000e+00	   1.0000000e+00	   3.0000000e+00	   7.5650000e+03	
   1.1000000e+02	   3.0600000e+02	   1.1600000e+02	   5.0000000e+00	   1.0000000e+00	   7.7500000e-01	   1.0200000e+00	   0.0000000e+00	   3.0000000e+00	   2.0000000e+00	   1.0000000e+00	   1.0000000e+00	   1.3570000e+03	
   1.0100000e+02	   1.1500000e+02	   3.1100000e+02	   1.4000000e+01	   3.0000000e+00	   3.7250000e+00	   2.2250000e+00	   0.0000000e+00	   3.0000000e+00	   1.0000000e+00	   2.0000000e+00	   3.0000000e+00	   1.6400000e+03	
   2.0200000e+02	   2.1500000e+02	   1.0700000e+02	   3.0000000e+00	   3.0000000e+00	   3.8100000e+00	   5.0000000e+00	   4.5500000e-01	   1.0000000e+00	   2.0000000e+00	   3.0000000e+00	   1.0000000e+00	   1.7850000e+03	
   1.0100000e+02	   2.1100000e+02	   2.0300000e+02	   6.0000000e+00	   4.0000000e+00	   3.7250000e+00	   2.0000000e+00	   0.0000000e+00	   2.0000000e+00	   3.0000000e+00	   1.0000000e+00	   2.0000000e+00	   1.5300000e+03	
   1.1000000e+02	   2.0200000e+02	   2.1300000e+02	   9.0000000e+00	   5.0000000e+00	   7.7500000e-01	   3.8100000e+00	   6.5000000e-02	   2.0000000e+00	   3.0000000e+00	   1.0000000e+00	   3.0000000e+00	   1.3720000e+03	
   3.0200000e+02	   3.0900000e+02	   1.0200000e+02	   1.0000000e+00	   4.0000000e+00	   4.0200000e+00	   1.5850000e+00	   0.0000000e+00	   1.0000000e+00	   3.0000000e+00	   2.0000000e+00	   1.0000000e+00	   2.5420000e+03	
   1.1000000e+02	   3.0200000e+02	   3.1400000e+02	   1.5000000e+01	   5.0000000e+00	   7.7500000e-01	   4.0200000e+00	   0.0000000e+00	   3.0000000e+00	   2.0000000e+00	   1.0000000e+00	   2.0000000e+00	   1.4700000e+03	
   1.1000000e+02	   2.0200000e+02	   1.1100000e+02	   4.0000000e+00	   5.0000000e+00	   7.7500000e-01	   3.8100000e+00	   5.0000000e-01	   3.0000000e+00	   1.0000000e+00	   2.0000000e+00	   1.0000000e+00	   2.2670000e+03	
   2.1100000e+02	   3.0600000e+02	   2.1300000e+02	   9.0000000e+00	   2.0000000e+00	   2.0000000e+00	   1.0200000e+00	   6.5000000e-02	   1.0000000e+00	   2.0000000e+00	   3.0000000e+00	   1.0000000e+00	   4.6430000e+03	
   1.0300000e+02	   1.1300000e+02	   1.1600000e+02	   5.0000000e+00	   3.0000000e+00	   1.2550000e+00	   2.4800000e+00	   0.0000000e+00	   2.0000000e+00	   1.0000000e+00	   3.0000000e+00	   1.0000000e+00	   2.1050000e+03	
   1.0300000e+02	   3.0200000e+02	   3.1100000e+02	   1.4000000e+01	   5.0000000e+00	   1.2550000e+00	   4.0200000e+00	   0.0000000e+00	   2.0000000e+00	   1.0000000e+00	   3.0000000e+00	   1.0000000e+00	   1.4530000e+03	
   1.0600000e+02	   3.0600000e+02	   2.0600000e+02	   7.0000000e+00	   4.0000000e+00	   3.0200000e+00	   1.0200000e+00	   2.5500000e-01	   1.0000000e+00	   3.0000000e+00	   2.0000000e+00	   1.0000000e+00	   1.3120000e+03	
   1.0100000e+02	   1.1000000e+02	   3.1400000e+02	   1.5000000e+01	   5.0000000e+00	   3.7250000e+00	   7.7500000e-01	   0.0000000e+00	   2.0000000e+00	   1.0000000e+00	   3.0000000e+00	   2.0000000e+00	   2.6480000e+03	
   3.0200000e+02	   3.0900000e+02	   1.0700000e+02	   3.0000000e+00	   4.0000000e+00	   4.0200000e+00	   1.5850000e+00	   4.5500000e-01	   3.0000000e+00	   2.0000000e+00	   1.0000000e+00	   3.0000000e+00	   2.6400000e+03	
   1.1000000e+02	   2.0900000e+02	   1.0400000e+02	   2.0000000e+00	   3.0000000e+00	   7.7500000e-01	   1.8600000e+00	   1.7500000e-01	   3.0000000e+00	   2.0000000e+00	   1.0000000e+00	   3.0000000e+00	   3.9690000e+03	
   2.0900000e+02	   3.0900000e+02	   1.0200000e+02	   1.0000000e+00	   1.0000000e+00	   1.8600000e+00	   1.5850000e+00	   0.0000000e+00	   1.0000000e+00	   3.0000000e+00	   2.0000000e+00	   3.0000000e+00	   4.7370000e+03	
   3.0200000e+02	   3.0900000e+02	   3.0100000e+02	   1.0000000e+01	   4.0000000e+00	   4.0200000e+00	   1.5850000e+00	   0.0000000e+00	   3.0000000e+00	   2.0000000e+00	   1.0000000e+00	   3.0000000e+00	   1.8540000e+03	
   2.1100000e+02	   2.1500000e+02	   3.0800000e+02	   1.3000000e+01	   5.0000000e+00	   2.0000000e+00	   5.0000000e+00	   2.0000000e-02	   2.0000000e+00	   1.0000000e+00	   3.0000000e+00	   1.0000000e+00	   5.2420000e+03	
   1.1000000e+02	   3.0200000e+02	   1.0200000e+02	   1.0000000e+00	   5.0000000e+00	   7.7500000e-01	   4.0200000e+00	   0.0000000e+00	   3.0000000e+00	   1.0000000e+00	   2.0000000e+00	   1.0000000e+00	   3.0210000e+03	
   2.0900000e+02	   3.1300000e+02	   2.0600000e+02	   7.0000000e+00	   2.0000000e+00	   1.8600000e+00	   1.2800000e+00	   2.5500000e-01	   1.0000000e+00	   3.0000000e+00	   2.0000000e+00	   3.0000000e+00	   1.4900000e+03	
   1.0600000e+02	   1.0900000e+02	   3.1100000e+02	   1.4000000e+01	   2.0000000e+00	   3.0200000e+00	   2.5000000e+00	   0.0000000e+00	   2.0000000e+00	   3.0000000e+00	   1.0000000e+00	   2.0000000e+00	   1.7990000e+03	
   1.1000000e+02	   1.1300000e+02	   1.1100000e+02	   4.0000000e+00	   4.0000000e+00	   7.7500000e-01	   2.4800000e+00	   5.0000000e-01	   3.0000000e+00	   2.0000000e+00	   1.0000000e+00	   2.0000000e+00	   1.4420000e+03	
   1.0900000e+02	   3.0600000e+02	   3.0100000e+02	   1.0000000e+01	   3.0000000e+00	   2.5000000e+00	   1.0200000e+00	   0.0000000e+00	   1.0000000e+00	   3.0000000e+00	   2.0000000e+00	   1.0000000e+00	   3.0270000e+03	
   1.0300000e+02	   2.1500000e+02	   1.0200000e+02	   1.0000000e+00	   5.0000000e+00	   1.2550000e+00	   5.0000000e+00	   0.0000000e+00	   1.0000000e+00	   2.0000000e+00	   3.0000000e+00	   2.0000000e+00	   2.7000000e+03	
   2.0200000e+02	   3.0600000e+02	   2.0600000e+02	   7.0000000e+00	   5.0000000e+00	   3.8100000e+00	   1.0200000e+00	   2.5500000e-01	   2.0000000e+00	   1.0000000e+00	   3.0000000e+00	   2.0000000e+00	   1.8810000e+03	
   1.0300000e+02	   1.0900000e+02	   3.0700000e+02	   1.2000000e+01	   3.0000000e+00	   1.2550000e+00	   2.5000000e+00	   0.0000000e+00	   3.0000000e+00	   1.0000000e+00	   2.0000000e+00	   1.0000000e+00	   3.3000000e+03	
   1.1500000e+02	   2.0900000e+02	   3.0100000e+02	   1.0000000e+01	   1.0000000e+00	   2.2250000e+00	   1.8600000e+00	   0.0000000e+00	   2.0000000e+00	   3.0000000e+00	   1.0000000e+00	   2.0000000e+00	   2.8230000e+03	
   1.0100000e+02	   3.0900000e+02	   3.1100000e+02	   1.4000000e+01	   4.0000000e+00	   3.7250000e+00	   1.5850000e+00	   0.0000000e+00	   2.0000000e+00	   1.0000000e+00	   3.0000000e+00	   2.0000000e+00	   1.5070000e+03	
   1.0300000e+02	   1.1500000e+02	   3.0800000e+02	   1.3000000e+01	   2.0000000e+00	   1.2550000e+00	   2.2250000e+00	   2.0000000e-02	   1.0000000e+00	   2.0000000e+00	   3.0000000e+00	   2.0000000e+00	   3.7330000e+03	
   3.0200000e+02	   3.0900000e+02	   3.0400000e+02	   1.1000000e+01	   4.0000000e+00	   4.0200000e+00	   1.5850000e+00	   0.0000000e+00	   1.0000000e+00	   3.0000000e+00	   2.0000000e+00	   1.0000000e+00	   3.3400000e+03	
   2.0900000e+02	   2.1100000e+02	   3.0400000e+02	   1.1000000e+01	   1.0000000e+00	   1.8600000e+00	   2.0000000e+00	   0.0000000e+00	   1.0000000e+00	   2.0000000e+00	   3.0000000e+00	   2.0000000e+00	   2.2620000e+03	
   1.0100000e+02	   1.1300000e+02	   1.1100000e+02	   4.0000000e+00	   3.0000000e+00	   3.7250000e+00	   2.4800000e+00	   5.0000000e-01	   1.0000000e+00	   3.0000000e+00	   2.0000000e+00	   1.0000000e+00	   1.9050000e+03	
   1.1300000e+02	   2.0900000e+02	   2.0300000e+02	   6.0000000e+00	   2.0000000e+00	   2.4800000e+00	   1.8600000e+00	   0.0000000e+00	   1.0000000e+00	   2.0000000e+00	   3.0000000e+00	   1.0000000e+00	   1.4010000e+03	
   1.0900000e+02	   3.0200000e+02	   2.0600000e+02	   7.0000000e+00	   4.0000000e+00	   2.5000000e+00	   4.0200000e+00	   2.5500000e-01	   3.0000000e+00	   1.0000000e+00	   2.0000000e+00	   3.0000000e+00	   2.7250000e+03	
   1.0900000e+02	   1.1000000e+02	   1.0700000e+02	   3.0000000e+00	   4.0000000e+00	   2.5000000e+00	   7.7500000e-01	   4.5500000e-01	   2.0000000e+00	   3.0000000e+00	   1.0000000e+00	   2.0000000e+00	   2.2990000e+03	
   2.0900000e+02	   3.0900000e+02	   1.0400000e+02	   2.0000000e+00	   1.0000000e+00	   1.8600000e+00	   1.5850000e+00	   1.7500000e-01	   1.0000000e+00	   3.0000000e+00	   2.0000000e+00	   3.0000000e+00	   1.7350000e+03	
   2.0200000e+02	   3.0200000e+02	   3.0800000e+02	   1.3000000e+01	   1.0000000e+00	   3.8100000e+00	   4.0200000e+00	   2.0000000e-02	   3.0000000e+00	   2.0000000e+00	   1.0000000e+00	   3.0000000e+00	   1.2310000e+03	
   1.1000000e+02	   1.1500000e+02	   3.0400000e+02	   1.1000000e+01	   3.0000000e+00	   7.7500000e-01	   2.2250000e+00	   0.0000000e+00	   1.0000000e+00	   3.0000000e+00	   2.0000000e+00	   1.0000000e+00	   2.8430000e+03	
   1.0600000e+02	   2.1500000e+02	   3.0700000e+02	   1.2000000e+01	   4.0000000e+00	   3.0200000e+00	   5.0000000e+00	   0.0000000e+00	   1.0000000e+00	   2.0000000e+00	   3.0000000e+00	   1.0000000e+00	   1.3800000e+03	
   1.1000000e+02	   2.0900000e+02	   3.0100000e+02	   1.0000000e+01	   3.0000000e+00	   7.7500000e-01	   1.8600000e+00	   0.0000000e+00	   1.0000000e+00	   3.0000000e+00	   2.0000000e+00	   1.0000000e+00	   3.0850000e+03	
   1.0600000e+02	   2.1500000e+02	   1.0200000e+02	   1.0000000e+00	   4.0000000e+00	   3.0200000e+00	   5.0000000e+00	   0.0000000e+00	   2.0000000e+00	   3.0000000e+00	   1.0000000e+00	   2.0000000e+00	   1.9840000e+03	
   2.0200000e+02	   2.1100000e+02	   3.1400000e+02	   1.5000000e+01	   4.0000000e+00	   3.8100000e+00	   2.0000000e+00	   0.0000000e+00	   3.0000000e+00	   1.0000000e+00	   2.0000000e+00	   3.0000000e+00	   1.2830000e+03	
   3.0600000e+02	   3.0900000e+02	   2.1000000e+02	   8.0000000e+00	   2.0000000e+00	   1.0200000e+00	   1.5850000e+00	   0.0000000e+00	   3.0000000e+00	   2.0000000e+00	   1.0000000e+00	   2.0000000e+00	   2.0440000e+03	
   1.0600000e+02	   2.1500000e+02	   2.0600000e+02	   7.0000000e+00	   4.0000000e+00	   3.0200000e+00	   5.0000000e+00	   2.5500000e-01	   1.0000000e+00	   2.0000000e+00	   3.0000000e+00	   1.0000000e+00	   1.0970000e+03	
   1.0100000e+02	   2.0900000e+02	   1.0400000e+02	   2.0000000e+00	   4.0000000e+00	   3.7250000e+00	   1.8600000e+00	   1.7500000e-01	   1.0000000e+00	   2.0000000e+00	   3.0000000e+00	   1.0000000e+00	   1.2490000e+03	
   2.0900000e+02	   2.1100000e+02	   2.0300000e+02	   6.0000000e+00	   1.0000000e+00	   1.8600000e+00	   2.0000000e+00	   0.0000000e+00	   3.0000000e+00	   1.0000000e+00	   2.0000000e+00	   1.0000000e+00	   2.6640000e+03	
   1.0100000e+02	   2.1500000e+02	   3.0400000e+02	   1.1000000e+01	   3.0000000e+00	   3.7250000e+00	   5.0000000e+00	   0.0000000e+00	   3.0000000e+00	   2.0000000e+00	   1.0000000e+00	   3.0000000e+00	   6.7600000e+03	
   1.0300000e+02	   3.0900000e+02	   2.0600000e+02	   7.0000000e+00	   1.0000000e+00	   1.2550000e+00	   1.5850000e+00	   2.5500000e-01	   2.0000000e+00	   1.0000000e+00	   3.0000000e+00	   1.0000000e+00	   2.5710000e+03	
   1.0600000e+02	   3.0900000e+02	   3.0100000e+02	   1.0000000e+01	   3.0000000e+00	   3.0200000e+00	   1.5850000e+00	   0.0000000e+00	   2.0000000e+00	   1.0000000e+00	   3.0000000e+00	   2.0000000e+00	   8.5200000e+02	
   1.1000000e+02	   3.0600000e+02	   1.1100000e+02	   4.0000000e+00	   1.0000000e+00	   7.7500000e-01	   1.0200000e+00	   5.0000000e-01	   1.0000000e+00	   2.0000000e+00	   3.0000000e+00	   2.0000000e+00	   2.7820000e+03	
   1.1000000e+02	   3.1300000e+02	   3.0700000e+02	   1.2000000e+01	   1.0000000e+00	   7.7500000e-01	   1.2800000e+00	   0.0000000e+00	   3.0000000e+00	   2.0000000e+00	   1.0000000e+00	   2.0000000e+00	   1.4870000e+03	
   1.0900000e+02	   2.0900000e+02	   3.0100000e+02	   1.0000000e+01	   2.0000000e+00	   2.5000000e+00	   1.8600000e+00	   0.0000000e+00	   3.0000000e+00	   2.0000000e+00	   1.0000000e+00	   3.0000000e+00	   9.5500000e+02	
   3.0600000e+02	   3.1300000e+02	   2.1000000e+02	   8.0000000e+00	   1.0000000e+00	   1.0200000e+00	   1.2800000e+00	   0.0000000e+00	   2.0000000e+00	   3.0000000e+00	   1.0000000e+00	   3.0000000e+00	   2.8010000e+03	
   1.1000000e+02	   1.1500000e+02	   2.0600000e+02	   7.0000000e+00	   3.0000000e+00	   7.7500000e-01	   2.2250000e+00	   2.5500000e-01	   3.0000000e+00	   1.0000000e+00	   2.0000000e+00	   1.0000000e+00	   2.0160000e+03	
   1.1000000e+02	   2.0200000e+02	   3.0700000e+02	   1.2000000e+01	   5.0000000e+00	   7.7500000e-01	   3.8100000e+00	   0.0000000e+00	   2.0000000e+00	   3.0000000e+00	   1.0000000e+00	   3.0000000e+00	   1.4400000e+03	
   1.0900000e+02	   3.0600000e+02	   2.0600000e+02	   7.0000000e+00	   3.0000000e+00	   2.5000000e+00	   1.0200000e+00	   2.5500000e-01	   3.0000000e+00	   2.0000000e+00	   1.0000000e+00	   3.0000000e+00	   1.2320000e+03	
   1.0300000e+02	   1.1000000e+02	   2.1300000e+02	   9.0000000e+00	   1.0000000e+00	   1.2550000e+00	   7.7500000e-01	   6.5000000e-02	   3.0000000e+00	   2.0000000e+00	   1.0000000e+00	   3.0000000e+00	   4.9960000e+03	
   1.1500000e+02	   3.0900000e+02	   3.0700000e+02	   1.2000000e+01	   2.0000000e+00	   2.2250000e+00	   1.5850000e+00	   0.0000000e+00	   1.0000000e+00	   2.0000000e+00	   3.0000000e+00	   1.0000000e+00	   3.7210000e+03	
   1.0100000e+02	   1.1300000e+02	   1.0400000e+02	   2.0000000e+00	   3.0000000e+00	   3.7250000e+00	   2.4800000e+00	   1.7500000e-01	   1.0000000e+00	   3.0000000e+00	   2.0000000e+00	   3.0000000e+00	   1.1020000e+03	
   1.1300000e+02	   2.1500000e+02	   1.1600000e+02	   5.0000000e+00	   5.0000000e+00	   2.4800000e+00	   5.0000000e+00	   0.0000000e+00	   1.0000000e+00	   3.0000000e+00	   2.0000000e+00	   1.0000000e+00	   1.5620000e+03	
   1.0300000e+02	   1.1300000e+02	   2.1300000e+02	   9.0000000e+00	   3.0000000e+00	   1.2550000e+00	   2.4800000e+00	   6.5000000e-02	   3.0000000e+00	   2.0000000e+00	   1.0000000e+00	   2.0000000e+00	   9.5100000e+02	
   2.0900000e+02	   3.0600000e+02	   1.0200000e+02	   1.0000000e+00	   2.0000000e+00	   1.8600000e+00	   1.0200000e+00	   0.0000000e+00	   2.0000000e+00	   3.0000000e+00	   1.0000000e+00	   2.0000000e+00	   5.3510000e+03	
   2.1100000e+02	   3.0600000e+02	   1.1600000e+02	   5.0000000e+00	   2.0000000e+00	   2.0000000e+00	   1.0200000e+00	   0.0000000e+00	   1.0000000e+00	   2.0000000e+00	   3.0000000e+00	   3.0000000e+00	   2.1810000e+03	
   2.0900000e+02	   3.0600000e+02	   3.0800000e+02	   1.3000000e+01	   2.0000000e+00	   1.8600000e+00	   1.0200000e+00	   2.0000000e-02	   2.0000000e+00	   1.0000000e+00	   3.0000000e+00	   2.0000000e+00	   2.4070000e+03	
   2.0200000e+02	   3.0600000e+02	   1.0700000e+02	   3.0000000e+00	   5.0000000e+00	   3.8100000e+00	   1.0200000e+00	   4.5500000e-01	   1.0000000e+00	   2.0000000e+00	   3.0000000e+00	   1.0000000e+00	   1.2200000e+03	
   1.0100000e+02	   2.1100000e+02	   3.1100000e+02	   1.4000000e+01	   4.0000000e+00	   3.7250000e+00	   2.0000000e+00	   0.0000000e+00	   2.0000000e+00	   3.0000000e+00	   1.0000000e+00	   2.0000000e+00	   2.3130000e+03	
   1.1300000e+02	   2.0200000e+02	   1.0700000e+02	   3.0000000e+00	   3.0000000e+00	   2.4800000e+00	   3.8100000e+00	   4.5500000e-01	   1.0000000e+00	   2.0000000e+00	   3.0000000e+00	   2.0000000e+00	   8.2900000e+02	
   1.0300000e+02	   2.0900000e+02	   3.1400000e+02	   1.5000000e+01	   2.0000000e+00	   1.2550000e+00	   1.8600000e+00	   0.0000000e+00	   1.0000000e+00	   3.0000000e+00	   2.0000000e+00	   3.0000000e+00	   2.0880000e+03	
   1.0600000e+02	   2.0900000e+02	   3.0800000e+02	   1.3000000e+01	   3.0000000e+00	   3.0200000e+00	   1.8600000e+00	   2.0000000e-02	   3.0000000e+00	   2.0000000e+00	   1.0000000e+00	   2.0000000e+00	   4.0250000e+03	
   3.0200000e+02	   3.1300000e+02	   3.1100000e+02	   1.4000000e+01	   5.0000000e+00	   4.0200000e+00	   1.2800000e+00	   0.0000000e+00	   1.0000000e+00	   3.0000000e+00	   2.0000000e+00	   1.0000000e+00	   1.5260000e+03	
   2.1500000e+02	   3.0200000e+02	   1.0200000e+02	   1.0000000e+00	   2.0000000e+00	   5.0000000e+00	   4.0200000e+00	   0.0000000e+00	   3.0000000e+00	   1.0000000e+00	   2.0000000e+00	   1.0000000e+00	   2.9830000e+03	
   1.0600000e+02	   3.1300000e+02	   3.0700000e+02	   1.2000000e+01	   4.0000000e+00	   3.0200000e+00	   1.2800000e+00	   0.0000000e+00	   2.0000000e+00	   1.0000000e+00	   3.0000000e+00	   2.0000000e+00	   1.2410000e+03	
   1.0900000e+02	   1.1000000e+02	   3.0400000e+02	   1.1000000e+01	   4.0000000e+00	   2.5000000e+00	   7.7500000e-01	   0.0000000e+00	   3.0000000e+00	   2.0000000e+00	   1.0000000e+00	   3.0000000e+00	   2.6780000e+03	
   1.0300000e+02	   3.0200000e+02	   3.0400000e+02	   1.1000000e+01	   5.0000000e+00	   1.2550000e+00	   4.0200000e+00	   0.0000000e+00	   3.0000000e+00	   2.0000000e+00	   1.0000000e+00	   2.0000000e+00	   1.4440000e+03	
   1.0600000e+02	   1.1300000e+02	   1.1600000e+02	   5.0000000e+00	   2.0000000e+00	   3.0200000e+00	   2.4800000e+00	   0.0000000e+00	   3.0000000e+00	   2.0000000e+00	   1.0000000e+00	   3.0000000e+00	   1.6030000e+03	
   1.0600000e+02	   3.0200000e+02	   2.1000000e+02	   8.0000000e+00	   3.0000000e+00	   3.0200000e+00	   4.0200000e+00	   0.0000000e+00	   3.0000000e+00	   1.0000000e+00	   2.0000000e+00	   3.0000000e+00	   1.8080000e+03	
   1.0100000e+02	   1.0900000e+02	   3.0400000e+02	   1.1000000e+01	   3.0000000e+00	   3.7250000e+00	   2.5000000e+00	   0.0000000e+00	   2.0000000e+00	   1.0000000e+00	   3.0000000e+00	   2.0000000e+00	   1.8370000e+03	
   1.1500000e+02	   2.1500000e+02	   1.0700000e+02	   3.0000000e+00	   5.0000000e+00	   2.2250000e+00	   5.0000000e+00	   4.5500000e-01	   1.0000000e+00	   3.0000000e+00	   2.0000000e+00	   1.0000000e+00	   6.0670000e+03	
   2.0900000e+02	   3.1300000e+02	   2.1000000e+02	   8.0000000e+00	   2.0000000e+00	   1.8600000e+00	   1.2800000e+00	   0.0000000e+00	   2.0000000e+00	   1.0000000e+00	   3.0000000e+00	   2.0000000e+00	   2.2220000e+03	
   2.0200000e+02	   2.1500000e+02	   3.0400000e+02	   1.1000000e+01	   3.0000000e+00	   3.8100000e+00	   5.0000000e+00	   0.0000000e+00	   3.0000000e+00	   1.0000000e+00	   2.0000000e+00	   3.0000000e+00	   1.3400000e+03	
   1.0900000e+02	   2.1100000e+02	   3.0800000e+02	   1.3000000e+01	   1.0000000e+00	   2.5000000e+00	   2.0000000e+00	   2.0000000e-02	   1.0000000e+00	   3.0000000e+00	   2.0000000e+00	   3.0000000e+00	   1.9600000e+03	
   1.1000000e+02	   3.0200000e+02	   2.0600000e+02	   7.0000000e+00	   5.0000000e+00	   7.7500000e-01	   4.0200000e+00	   2.5500000e-01	   3.0000000e+00	   1.0000000e+00	   2.0000000e+00	   1.0000000e+00	   1.0120000e+03	
   1.0300000e+02	   1.1000000e+02	   1.1100000e+02	   4.0000000e+00	   1.0000000e+00	   1.2550000e+00	   7.7500000e-01	   5.0000000e-01	   1.0000000e+00	   3.0000000e+00	   2.0000000e+00	   1.0000000e+00	   2.4880000e+03	
   1.0300000e+02	   3.0200000e+02	   1.1100000e+02	   4.0000000e+00	   5.0000000e+00	   1.2550000e+00	   4.0200000e+00	   5.0000000e-01	   2.0000000e+00	   1.0000000e+00	   3.0000000e+00	   1.0000000e+00	   2.7310000e+03	
   1.0900000e+02	   3.0600000e+02	   3.1100000e+02	   1.4000000e+01	   3.0000000e+00	   2.5000000e+00	   1.0200000e+00	   0.0000000e+00	   3.0000000e+00	   1.0000000e+00	   2.0000000e+00	   3.0000000e+00	   1.3710000e+03	
   1.1000000e+02	   3.0900000e+02	   3.1100000e+02	   1.4000000e+01	   2.0000000e+00	   7.7500000e-01	   1.5850000e+00	   0.0000000e+00	   1.0000000e+00	   2.0000000e+00	   3.0000000e+00	   2.0000000e+00	   3.9630000e+03	
   1.0300000e+02	   3.0600000e+02	   1.0700000e+02	   3.0000000e+00	   1.0000000e+00	   1.2550000e+00	   1.0200000e+00	   4.5500000e-01	   1.0000000e+00	   3.0000000e+00	   2.0000000e+00	   1.0000000e+00	   2.0830000e+03	
   1.0600000e+02	   2.0900000e+02	   2.1000000e+02	   8.0000000e+00	   3.0000000e+00	   3.0200000e+00	   1.8600000e+00	   0.0000000e+00	   1.0000000e+00	   2.0000000e+00	   3.0000000e+00	   1.0000000e+00	   1.0020000e+03	
   1.0100000e+02	   2.0200000e+02	   3.0100000e+02	   1.0000000e+01	   1.0000000e+00	   3.7250000e+00	   3.8100000e+00	   0.0000000e+00	   3.0000000e+00	   2.0000000e+00	   1.0000000e+00	   2.0000000e+00	   1.6070000e+03	
   1.1000000e+02	   2.1100000e+02	   1.1100000e+02	   4.0000000e+00	   3.0000000e+00	   7.7500000e-01	   2.0000000e+00	   5.0000000e-01	   2.0000000e+00	   1.0000000e+00	   3.0000000e+00	   1.0000000e+00	   2.4110000e+03	
   3.0200000e+02	   3.1300000e+02	   3.0100000e+02	   1.0000000e+01	   5.0000000e+00	   4.0200000e+00	   1.2800000e+00	   0.0000000e+00	   2.0000000e+00	   3.0000000e+00	   1.0000000e+00	   2.0000000e+00	   1.2180000e+03	
   2.1500000e+02	   3.0900000e+02	   2.1300000e+02	   9.0000000e+00	   5.0000000e+00	   5.0000000e+00	   1.5850000e+00	   6.5000000e-02	   3.0000000e+00	   1.0000000e+00	   2.0000000e+00	   3.0000000e+00	   2.1380000e+03	
   1.1000000e+02	   2.1100000e+02	   1.0700000e+02	   3.0000000e+00	   3.0000000e+00	   7.7500000e-01	   2.0000000e+00	   4.5500000e-01	   2.0000000e+00	   3.0000000e+00	   1.0000000e+00	   3.0000000e+00	   3.8200000e+03	
   1.0100000e+02	   2.1100000e+02	   3.0400000e+02	   1.1000000e+01	   4.0000000e+00	   3.7250000e+00	   2.0000000e+00	   0.0000000e+00	   2.0000000e+00	   3.0000000e+00	   1.0000000e+00	   2.0000000e+00	   1.4150000e+03	
   2.1100000e+02	   3.1300000e+02	   2.0600000e+02	   7.0000000e+00	   2.0000000e+00	   2.0000000e+00	   1.2800000e+00	   2.5500000e-01	   3.0000000e+00	   2.0000000e+00	   1.0000000e+00	   3.0000000e+00	   1.3780000e+03	
   3.0200000e+02	   3.0900000e+02	   2.1000000e+02	   8.0000000e+00	   4.0000000e+00	   4.0200000e+00	   1.5850000e+00	   0.0000000e+00	   1.0000000e+00	   2.0000000e+00	   3.0000000e+00	   1.0000000e+00	   3.1890000e+03	
   1.0900000e+02	   1.1500000e+02	   2.0600000e+02	   7.0000000e+00	   1.0000000e+00	   2.5000000e+00	   2.2250000e+00	   2.5500000e-01	   1.0000000e+00	   3.0000000e+00	   2.0000000e+00	   1.0000000e+00	   2.0260000e+03	
   1.0300000e+02	   2.1100000e+02	   1.0400000e+02	   2.0000000e+00	   2.0000000e+00	   1.2550000e+00	   2.0000000e+00	   1.7500000e-01	   3.0000000e+00	   1.0000000e+00	   2.0000000e+00	   1.0000000e+00	   1.8450000e+03	
   1.0900000e+02	   2.1100000e+02	   3.0400000e+02	   1.1000000e+01	   1.0000000e+00	   2.5000000e+00	   2.0000000e+00	   0.0000000e+00	   2.0000000e+00	   3.0000000e+00	   1.0000000e+00	   2.0000000e+00	   2.4940000e+03	
   1.0100000e+02	   2.1500000e+02	   2.1300000e+02	   9.0000000e+00	   3.0000000e+00	   3.7250000e+00	   5.0000000e+00	   6.5000000e-02	   3.0000000e+00	   1.0000000e+00	   2.0000000e+00	   3.0000000e+00	   2.3520000e+03	
   1.0600000e+02	   1.1000000e+02	   2.0600000e+02	   7.0000000e+00	   4.0000000e+00	   3.0200000e+00	   7.7500000e-01	   2.5500000e-01	   2.0000000e+00	   1.0000000e+00	   3.0000000e+00	   2.0000000e+00	   1.2000000e+03	
   1.1500000e+02	   2.1100000e+02	   3.0400000e+02	   1.1000000e+01	   1.0000000e+00	   2.2250000e+00	   2.0000000e+00	   0.0000000e+00	   3.0000000e+00	   1.0000000e+00	   2.0000000e+00	   1.0000000e+00	   2.0950000e+03	
   2.0200000e+02	   3.0600000e+02	   2.1000000e+02	   8.0000000e+00	   5.0000000e+00	   3.8100000e+00	   1.0200000e+00	   0.0000000e+00	   3.0000000e+00	   2.0000000e+00	   1.0000000e+00	   3.0000000e+00	   1.1230000e+03	
   1.0100000e+02	   1.0300000e+02	   3.1100000e+02	   1.4000000e+01	   5.0000000e+00	   3.7250000e+00	   1.2550000e+00	   0.0000000e+00	   2.0000000e+00	   3.0000000e+00	   1.0000000e+00	   2.0000000e+00	   1.6570000e+03	
   1.1500000e+02	   3.0900000e+02	   1.0400000e+02	   2.0000000e+00	   2.0000000e+00	   2.2250000e+00	   1.5850000e+00	   1.7500000e-01	   2.0000000e+00	   1.0000000e+00	   3.0000000e+00	   2.0000000e+00	   2.0250000e+03	
   1.1000000e+02	   2.1100000e+02	   2.1300000e+02	   9.0000000e+00	   3.0000000e+00	   7.7500000e-01	   2.0000000e+00	   6.5000000e-02	   1.0000000e+00	   2.0000000e+00	   3.0000000e+00	   2.0000000e+00	   2.2700000e+03	
   1.0900000e+02	   3.0200000e+02	   2.1300000e+02	   9.0000000e+00	   4.0000000e+00	   2.5000000e+00	   4.0200000e+00	   6.5000000e-02	   3.0000000e+00	   2.0000000e+00	   1.0000000e+00	   2.0000000e+00	   3.5240000e+03	
   2.0200000e+02	   3.1300000e+02	   1.0400000e+02	   2.0000000e+00	   5.0000000e+00	   3.8100000e+00	   1.2800000e+00	   1.7500000e-01	   3.0000000e+00	   2.0000000e+00	   1.0000000e+00	   3.0000000e+00	   1.0340000e+03	
   1.0600000e+02	   2.1500000e+02	   2.0300000e+02	   6.0000000e+00	   4.0000000e+00	   3.0200000e+00	   5.0000000e+00	   0.0000000e+00	   2.0000000e+00	   1.0000000e+00	   3.0000000e+00	   2.0000000e+00	   2.0170000e+03	
   2.1500000e+02	   3.0600000e+02	   3.0800000e+02	   1.3000000e+01	   5.0000000e+00	   5.0000000e+00	   1.0200000e+00	   2.0000000e-02	   1.0000000e+00	   3.0000000e+00	   2.0000000e+00	   3.0000000e+00	   3.1640000e+03	
   1.1000000e+02	   1.1500000e+02	   2.1000000e+02	   8.0000000e+00	   3.0000000e+00	   7.7500000e-01	   2.2250000e+00	   0.0000000e+00	   1.0000000e+00	   2.0000000e+00	   3.0000000e+00	   2.0000000e+00	   2.3050000e+03	
   1.0900000e+02	   3.0900000e+02	   1.0700000e+02	   3.0000000e+00	   2.0000000e+00	   2.5000000e+00	   1.5850000e+00	   4.5500000e-01	   1.0000000e+00	   3.0000000e+00	   2.0000000e+00	   1.0000000e+00	   2.9290000e+03	
   1.0900000e+02	   2.1100000e+02	   1.0200000e+02	   1.0000000e+00	   1.0000000e+00	   2.5000000e+00	   2.0000000e+00	   0.0000000e+00	   1.0000000e+00	   3.0000000e+00	   2.0000000e+00	   1.0000000e+00	   2.0630000e+03	
   2.0900000e+02	   3.0600000e+02	   1.0400000e+02	   2.0000000e+00	   2.0000000e+00	   1.8600000e+00	   1.0200000e+00	   1.7500000e-01	   2.0000000e+00	   1.0000000e+00	   3.0000000e+00	   2.0000000e+00	   2.6470000e+03	
   1.0600000e+02	   1.1500000e+02	   2.0300000e+02	   6.0000000e+00	   2.0000000e+00	   3.0200000e+00	   2.2250000e+00	   0.0000000e+00	   2.0000000e+00	   3.0000000e+00	   1.0000000e+00	   2.0000000e+00	   2.1510000e+03	
   1.1300000e+02	   3.0900000e+02	   3.1400000e+02	   1.5000000e+01	   2.0000000e+00	   2.4800000e+00	   1.5850000e+00	   0.0000000e+00	   1.0000000e+00	   3.0000000e+00	   2.0000000e+00	   1.0000000e+00	   9.6700000e+02	
   1.0600000e+02	   1.1000000e+02	   3.0400000e+02	   1.1000000e+01	   4.0000000e+00	   3.0200000e+00	   7.7500000e-01	   0.0000000e+00	   2.0000000e+00	   3.0000000e+00	   1.0000000e+00	   2.0000000e+00	   1.1820000e+03	
   2.1500000e+02	   3.1300000e+02	   2.0300000e+02	   6.0000000e+00	   5.0000000e+00	   5.0000000e+00	   1.2800000e+00	   0.0000000e+00	   1.0000000e+00	   3.0000000e+00	   2.0000000e+00	   3.0000000e+00	   5.6350000e+03	
   1.1300000e+02	   3.1300000e+02	   2.1000000e+02	   8.0000000e+00	   3.0000000e+00	   2.4800000e+00	   1.2800000e+00	   0.0000000e+00	   1.0000000e+00	   3.0000000e+00	   2.0000000e+00	   1.0000000e+00	   2.5380000e+03	
   1.0100000e+02	   2.1100000e+02	   3.0100000e+02	   1.0000000e+01	   4.0000000e+00	   3.7250000e+00	   2.0000000e+00	   0.0000000e+00	   1.0000000e+00	   3.0000000e+00	   2.0000000e+00	   1.0000000e+00	   1.6650000e+03	
   1.0600000e+02	   1.1300000e+02	   1.1100000e+02	   4.0000000e+00	   2.0000000e+00	   3.0200000e+00	   2.4800000e+00	   5.0000000e-01	   2.0000000e+00	   1.0000000e+00	   3.0000000e+00	   2.0000000e+00	   1.0890000e+03	
   1.0900000e+02	   2.0200000e+02	   1.0200000e+02	   1.0000000e+00	   3.0000000e+00	   2.5000000e+00	   3.8100000e+00	   0.0000000e+00	   1.0000000e+00	   3.0000000e+00	   2.0000000e+00	   3.0000000e+00	   1.9030000e+03	
   1.0100000e+02	   3.0600000e+02	   3.1400000e+02	   1.5000000e+01	   5.0000000e+00	   3.7250000e+00	   1.0200000e+00	   0.0000000e+00	   1.0000000e+00	   2.0000000e+00	   3.0000000e+00	   1.0000000e+00	   1.2160000e+03	
   2.1100000e+02	   3.0200000e+02	   3.0800000e+02	   1.3000000e+01	   4.0000000e+00	   2.0000000e+00	   4.0200000e+00	   2.0000000e-02	   2.0000000e+00	   3.0000000e+00	   1.0000000e+00	   3.0000000e+00	   1.4500000e+03	
   1.0300000e+02	   1.1000000e+02	   2.0600000e+02	   7.0000000e+00	   1.0000000e+00	   1.2550000e+00	   7.7500000e-01	   2.5500000e-01	   1.0000000e+00	   3.0000000e+00	   2.0000000e+00	   1.0000000e+00	   2.6050000e+03	
   1.1000000e+02	   2.1100000e+02	   2.0300000e+02	   6.0000000e+00	   3.0000000e+00	   7.7500000e-01	   2.0000000e+00	   0.0000000e+00	   1.0000000e+00	   2.0000000e+00	   3.0000000e+00	   2.0000000e+00	   1.6050000e+03	
   1.0300000e+02	   2.0900000e+02	   1.1600000e+02	   5.0000000e+00	   2.0000000e+00	   1.2550000e+00	   1.8600000e+00	   0.0000000e+00	   2.0000000e+00	   1.0000000e+00	   3.0000000e+00	   1.0000000e+00	   1.6850000e+03	
   1.0900000e+02	   2.0200000e+02	   1.1600000e+02	   5.0000000e+00	   3.0000000e+00	   2.5000000e+00	   3.8100000e+00	   0.0000000e+00	   1.0000000e+00	   3.0000000e+00	   2.0000000e+00	   1.0000000e+00	   2.1550000e+03	
   1.0600000e+02	   3.0200000e+02	   2.0300000e+02	   6.0000000e+00	   3.0000000e+00	   3.0200000e+00	   4.0200000e+00	   0.0000000e+00	   2.0000000e+00	   1.0000000e+00	   3.0000000e+00	   2.0000000e+00	   1.7640000e+03	
   1.0100000e+02	   2.1100000e+02	   1.1100000e+02	   4.0000000e+00	   4.0000000e+00	   3.7250000e+00	   2.0000000e+00	   5.0000000e-01	   3.0000000e+00	   2.0000000e+00	   1.0000000e+00	   3.0000000e+00	   2.4380000e+03	
   1.1300000e+02	   1.1500000e+02	   1.0400000e+02	   2.0000000e+00	   1.0000000e+00	   2.4800000e+00	   2.2250000e+00	   1.7500000e-01	   3.0000000e+00	   2.0000000e+00	   1.0000000e+00	   3.0000000e+00	   1.6680000e+03	
   2.1500000e+02	   3.0600000e+02	   1.0200000e+02	   1.0000000e+00	   5.0000000e+00	   5.0000000e+00	   1.0200000e+00	   0.0000000e+00	   1.0000000e+00	   2.0000000e+00	   3.0000000e+00	   2.0000000e+00	   4.9500000e+03	
   1.0100000e+02	   2.0900000e+02	   1.1600000e+02	   5.0000000e+00	   4.0000000e+00	   3.7250000e+00	   1.8600000e+00	   0.0000000e+00	   3.0000000e+00	   2.0000000e+00	   1.0000000e+00	   2.0000000e+00	   9.9000000e+02	
   1.0900000e+02	   1.1500000e+02	   1.0200000e+02	   1.0000000e+00	   1.0000000e+00	   2.5000000e+00	   2.2250000e+00	   0.0000000e+00	   2.0000000e+00	   1.0000000e+00	   3.0000000e+00	   2.0000000e+00	   4.9110000e+03	
   1.1500000e+02	   3.0200000e+02	   3.1400000e+02	   1.5000000e+01	   4.0000000e+00	   2.2250000e+00	   4.0200000e+00	   0.0000000e+00	   2.0000000e+00	   3.0000000e+00	   1.0000000e+00	   3.0000000e+00	   1.5680000e+03	
   1.1000000e+02	   3.0200000e+02	   2.1300000e+02	   9.0000000e+00	   5.0000000e+00	   7.7500000e-01	   4.0200000e+00	   6.5000000e-02	   3.0000000e+00	   2.0000000e+00	   1.0000000e+00	   2.0000000e+00	   1.3890000e+03	
   1.0100000e+02	   2.0200000e+02	   1.0200000e+02	   1.0000000e+00	   1.0000000e+00	   3.7250000e+00	   3.8100000e+00	   0.0000000e+00	   1.0000000e+00	   2.0000000e+00	   3.0000000e+00	   2.0000000e+00	   1.0980000e+03	
   1.0600000e+02	   1.1300000e+02	   3.0800000e+02	   1.3000000e+01	   2.0000000e+00	   3.0200000e+00	   2.4800000e+00	   2.0000000e-02	   1.0000000e+00	   3.0000000e+00	   2.0000000e+00	   1.0000000e+00	   2.3470000e+03	
   2.0200000e+02	   3.1300000e+02	   1.1600000e+02	   5.0000000e+00	   5.0000000e+00	   3.8100000e+00	   1.2800000e+00	   0.0000000e+00	   2.0000000e+00	   3.0000000e+00	   1.0000000e+00	   2.0000000e+00	   1.3580000e+03	
   1.0900000e+02	   1.1000000e+02	   3.0100000e+02	   1.0000000e+01	   4.0000000e+00	   2.5000000e+00	   7.7500000e-01	   0.0000000e+00	   3.0000000e+00	   2.0000000e+00	   1.0000000e+00	   3.0000000e+00	   7.7600000e+02	
   1.1000000e+02	   3.0600000e+02	   3.0700000e+02	   1.2000000e+01	   1.0000000e+00	   7.7500000e-01	   1.0200000e+00	   0.0000000e+00	   1.0000000e+00	   3.0000000e+00	   2.0000000e+00	   3.0000000e+00	   3.8420000e+03	
   1.0600000e+02	   1.1300000e+02	   3.1400000e+02	   1.5000000e+01	   2.0000000e+00	   3.0200000e+00	   2.4800000e+00	   0.0000000e+00	   3.0000000e+00	   1.0000000e+00	   2.0000000e+00	   3.0000000e+00	   1.5280000e+03	
   3.0600000e+02	   3.0900000e+02	   1.0700000e+02	   3.0000000e+00	   2.0000000e+00	   1.0200000e+00	   1.5850000e+00	   4.5500000e-01	   2.0000000e+00	   3.0000000e+00	   1.0000000e+00	   2.0000000e+00	   2.1060000e+03	
   2.1100000e+02	   3.0200000e+02	   3.1400000e+02	   1.5000000e+01	   4.0000000e+00	   2.0000000e+00	   4.0200000e+00	   0.0000000e+00	   3.0000000e+00	   2.0000000e+00	   1.0000000e+00	   2.0000000e+00	   2.9120000e+03	
   1.0100000e+02	   1.0600000e+02	   1.0700000e+02	   3.0000000e+00	   2.0000000e+00	   3.7250000e+00	   3.0200000e+00	   4.5500000e-01	   3.0000000e+00	   1.0000000e+00	   2.0000000e+00	   1.0000000e+00	   4.3030000e+03	
   1.1300000e+02	   2.0200000e+02	   3.0700000e+02	   1.2000000e+01	   3.0000000e+00	   2.4800000e+00	   3.8100000e+00	   0.0000000e+00	   3.0000000e+00	   2.0000000e+00	   1.0000000e+00	   2.0000000e+00	   3.0650000e+03	
   3.0900000e+02	   3.1300000e+02	   2.1300000e+02	   9.0000000e+00	   1.0000000e+00	   1.5850000e+00	   1.2800000e+00	   6.5000000e-02	   3.0000000e+00	   1.0000000e+00	   2.0000000e+00	   1.0000000e+00	   8.4450000e+03	
   1.0100000e+02	   3.0900000e+02	   1.0400000e+02	   2.0000000e+00	   4.0000000e+00	   3.7250000e+00	   1.5850000e+00	   1.7500000e-01	   2.0000000e+00	   1.0000000e+00	   3.0000000e+00	   2.0000000e+00	   1.1020000e+03	
   1.0100000e+02	   2.0200000e+02	   2.0300000e+02	   6.0000000e+00	   1.0000000e+00	   3.7250000e+00	   3.8100000e+00	   0.0000000e+00	   1.0000000e+00	   3.0000000e+00	   2.0000000e+00	   3.0000000e+00	   9.4300000e+02	
   1.1300000e+02	   2.0200000e+02	   2.0300000e+02	   6.0000000e+00	   3.0000000e+00	   2.4800000e+00	   3.8100000e+00	   0.0000000e+00	   1.0000000e+00	   3.0000000e+00	   2.0000000e+00	   3.0000000e+00	   1.0310000e+03	
   1.0100000e+02	   3.1300000e+02	   1.1600000e+02	   5.0000000e+00	   4.0000000e+00	   3.7250000e+00	   1.2800000e+00	   0.0000000e+00	   3.0000000e+00	   1.0000000e+00	   2.0000000e+00	   3.0000000e+00	   1.8700000e+03	
   2.1100000e+02	   3.0600000e+02	   2.1000000e+02	   8.0000000e+00	   2.0000000e+00	   2.0000000e+00	   1.0200000e+00	   0.0000000e+00	   1.0000000e+00	   3.0000000e+00	   2.0000000e+00	   1.0000000e+00	   2.1120000e+03	
   2.0900000e+02	   3.0200000e+02	   2.1300000e+02	   9.0000000e+00	   4.0000000e+00	   1.8600000e+00	   4.0200000e+00	   6.5000000e-02	   2.0000000e+00	   1.0000000e+00	   3.0000000e+00	   1.0000000e+00	   1.9250000e+03	
   1.1500000e+02	   3.0200000e+02	   2.1300000e+02	   9.0000000e+00	   4.0000000e+00	   2.2250000e+00	   4.0200000e+00	   6.5000000e-02	   2.0000000e+00	   1.0000000e+00	   3.0000000e+00	   1.0000000e+00	   1.4280000e+03	
   2.0900000e+02	   2.1100000e+02	   1.0400000e+02	   2.0000000e+00	   1.0000000e+00	   1.8600000e+00	   2.0000000e+00	   1.7500000e-01	   3.0000000e+00	   2.0000000e+00	   1.0000000e+00	   2.0000000e+00	   4.3920000e+03	
   1.0600000e+02	   2.0200000e+02	   3.0800000e+02	   1.3000000e+01	   2.0000000e+00	   3.0200000e+00	   3.8100000e+00	   2.0000000e-02	   1.0000000e+00	   3.0000000e+00	   2.0000000e+00	   3.0000000e+00	   2.4520000e+03	
   3.0600000e+02	   3.1300000e+02	   2.1300000e+02	   9.0000000e+00	   1.0000000e+00	   1.0200000e+00	   1.2800000e+00	   6.5000000e-02	   3.0000000e+00	   1.0000000e+00	   2.0000000e+00	   1.0000000e+00	   1.9460000e+03	
   1.0300000e+02	   2.0200000e+02	   2.0600000e+02	   7.0000000e+00	   5.0000000e+00	   1.2550000e+00	   3.8100000e+00	   2.5500000e-01	   2.0000000e+00	   3.0000000e+00	   1.0000000e+00	   3.0000000e+00	   9.5100000e+02	
   1.0100000e+02	   2.1100000e+02	   1.0200000e+02	   1.0000000e+00	   4.0000000e+00	   3.7250000e+00	   2.0000000e+00	   0.0000000e+00	   1.0000000e+00	   2.0000000e+00	   3.0000000e+00	   1.0000000e+00	   1.9470000e+03	
   1.0600000e+02	   2.0900000e+02	   1.1100000e+02	   4.0000000e+00	   3.0000000e+00	   3.0200000e+00	   1.8600000e+00	   5.0000000e-01	   3.0000000e+00	   2.0000000e+00	   1.0000000e+00	   2.0000000e+00	   2.9020000e+03	
   1.0100000e+02	   2.1100000e+02	   1.0700000e+02	   3.0000000e+00	   4.0000000e+00	   3.7250000e+00	   2.0000000e+00	   4.5500000e-01	   1.0000000e+00	   3.0000000e+00	   2.0000000e+00	   1.0000000e+00	   1.2440000e+03	
   1.1500000e+02	   3.0200000e+02	   3.0800000e+02	   1.3000000e+01	   4.0000000e+00	   2.2250000e+00	   4.0200000e+00	   2.0000000e-02	   2.0000000e+00	   1.0000000e+00	   3.0000000e+00	   1.0000000e+00	   1.3780000e+03	
   2.1100000e+02	   3.1300000e+02	   1.0700000e+02	   3.0000000e+00	   2.0000000e+00	   2.0000000e+00	   1.2800000e+00	   4.5500000e-01	   3.0000000e+00	   2.0000000e+00	   1.0000000e+00	   3.0000000e+00	   2.6410000e+03	
   1.0900000e+02	   2.1100000e+02	   2.1000000e+02	   8.0000000e+00	   1.0000000e+00	   2.5000000e+00	   2.0000000e+00	   0.0000000e+00	   1.0000000e+00	   2.0000000e+00	   3.0000000e+00	   2.0000000e+00	   2.8610000e+03	
   1.1000000e+02	   2.1500000e+02	   3.0100000e+02	   1.0000000e+01	   5.0000000e+00	   7.7500000e-01	   5.0000000e+00	   0.0000000e+00	   2.0000000e+00	   3.0000000e+00	   1.0000000e+00	   3.0000000e+00	   2.2800000e+03	
   1.1500000e+02	   2.1500000e+02	   3.0400000e+02	   1.1000000e+01	   5.0000000e+00	   2.2250000e+00	   5.0000000e+00	   0.0000000e+00	   1.0000000e+00	   2.0000000e+00	   3.0000000e+00	   2.0000000e+00	   3.5330000e+03	
   1.1300000e+02	   3.0200000e+02	   1.1100000e+02	   4.0000000e+00	   4.0000000e+00	   2.4800000e+00	   4.0200000e+00	   5.0000000e-01	   2.0000000e+00	   3.0000000e+00	   1.0000000e+00	   2.0000000e+00	   2.0030000e+03	
   1.1000000e+02	   1.1300000e+02	   3.1100000e+02	   1.4000000e+01	   4.0000000e+00	   7.7500000e-01	   2.4800000e+00	   0.0000000e+00	   1.0000000e+00	   2.0000000e+00	   3.0000000e+00	   2.0000000e+00	   1.5740000e+03	
   1.1500000e+02	   2.0900000e+02	   3.0800000e+02	   1.3000000e+01	   1.0000000e+00	   2.2250000e+00	   1.8600000e+00	   2.0000000e-02	   3.0000000e+00	   1.0000000e+00	   2.0000000e+00	   1.0000000e+00	   3.4700000e+03	
   1.1000000e+02	   2.0900000e+02	   3.1400000e+02	   1.5000000e+01	   3.0000000e+00	   7.7500000e-01	   1.8600000e+00	   0.0000000e+00	   2.0000000e+00	   3.0000000e+00	   1.0000000e+00	   3.0000000e+00	   1.3690000e+03	
   1.1300000e+02	   3.0600000e+02	   1.0200000e+02	   1.0000000e+00	   3.0000000e+00	   2.4800000e+00	   1.0200000e+00	   0.0000000e+00	   2.0000000e+00	   3.0000000e+00	   1.0000000e+00	   2.0000000e+00	   1.9250000e+03	
   1.0600000e+02	   1.1300000e+02	   3.0400000e+02	   1.1000000e+01	   2.0000000e+00	   3.0200000e+00	   2.4800000e+00	   0.0000000e+00	   1.0000000e+00	   3.0000000e+00	   2.0000000e+00	   1.0000000e+00	   1.1850000e+03	
   1.1500000e+02	   2.0200000e+02	   1.0400000e+02	   2.0000000e+00	   4.0000000e+00	   2.2250000e+00	   3.8100000e+00	   1.7500000e-01	   2.0000000e+00	   1.0000000e+00	   3.0000000e+00	   1.0000000e+00	   9.7700000e+02	
   1.0900000e+02	   2.0200000e+02	   3.0100000e+02	   1.0000000e+01	   3.0000000e+00	   2.5000000e+00	   3.8100000e+00	   0.0000000e+00	   3.0000000e+00	   1.0000000e+00	   2.0000000e+00	   1.0000000e+00	   8.5200000e+02	
   1.0900000e+02	   3.1300000e+02	   1.1600000e+02	   5.0000000e+00	   3.0000000e+00	   2.5000000e+00	   1.2800000e+00	   0.0000000e+00	   1.0000000e+00	   3.0000000e+00	   2.0000000e+00	   1.0000000e+00	   1.7480000e+03	
   1.1300000e+02	   2.1100000e+02	   2.0300000e+02	   6.0000000e+00	   1.0000000e+00	   2.4800000e+00	   2.0000000e+00	   0.0000000e+00	   1.0000000e+00	   3.0000000e+00	   2.0000000e+00	   1.0000000e+00	   2.0190000e+03	
   1.0600000e+02	   2.0900000e+02	   2.0300000e+02	   6.0000000e+00	   3.0000000e+00	   3.0200000e+00	   1.8600000e+00	   0.0000000e+00	   3.0000000e+00	   1.0000000e+00	   2.0000000e+00	   3.0000000e+00	   3.3960000e+03	
   2.1100000e+02	   2.1500000e+02	   2.1300000e+02	   9.0000000e+00	   5.0000000e+00	   2.0000000e+00	   5.0000000e+00	   6.5000000e-02	   3.0000000e+00	   1.0000000e+00	   2.0000000e+00	   3.0000000e+00	   2.9170000e+03	
   1.0900000e+02	   2.0200000e+02	   2.0600000e+02	   7.0000000e+00	   3.0000000e+00	   2.5000000e+00	   3.8100000e+00	   2.5500000e-01	   3.0000000e+00	   1.0000000e+00	   2.0000000e+00	   1.0000000e+00	   9.8700000e+02	
   1.0300000e+02	   2.1100000e+02	   2.1300000e+02	   9.0000000e+00	   2.0000000e+00	   1.2550000e+00	   2.0000000e+00	   6.5000000e-02	   1.0000000e+00	   2.0000000e+00	   3.0000000e+00	   2.0000000e+00	   1.4540000e+03	
   3.0600000e+02	   3.1300000e+02	   1.1600000e+02	   5.0000000e+00	   1.0000000e+00	   1.0200000e+00	   1.2800000e+00	   0.0000000e+00	   1.0000000e+00	   2.0000000e+00	   3.0000000e+00	   3.0000000e+00	   1.2200000e+03	
   1.0300000e+02	   1.1500000e+02	   3.0400000e+02	   1.1000000e+01	   2.0000000e+00	   1.2550000e+00	   2.2250000e+00	   0.0000000e+00	   2.0000000e+00	   3.0000000e+00	   1.0000000e+00	   3.0000000e+00	   1.7170000e+03	
   1.0600000e+02	   2.0200000e+02	   2.0300000e+02	   6.0000000e+00	   2.0000000e+00	   3.0200000e+00	   3.8100000e+00	   0.0000000e+00	   2.0000000e+00	   1.0000000e+00	   3.0000000e+00	   1.0000000e+00	   9.8500000e+02	
   1.1300000e+02	   2.0200000e+02	   2.0600000e+02	   7.0000000e+00	   3.0000000e+00	   2.4800000e+00	   3.8100000e+00	   2.5500000e-01	   3.0000000e+00	   2.0000000e+00	   1.0000000e+00	   2.0000000e+00	   1.1590000e+03	
   1.0900000e+02	   1.1300000e+02	   3.0100000e+02	   1.0000000e+01	   1.0000000e+00	   2.5000000e+00	   2.4800000e+00	   0.0000000e+00	   3.0000000e+00	   1.0000000e+00	   2.0000000e+00	   1.0000000e+00	   1.5020000e+03	
   2.0200000e+02	   3.0600000e+02	   1.0200000e+02	   1.0000000e+00	   5.0000000e+00	   3.8100000e+00	   1.0200000e+00	   0.0000000e+00	   1.0000000e+00	   3.0000000e+00	   2.0000000e+00	   1.0000000e+00	   8.4100000e+02	
   1.1000000e+02	   3.0600000e+02	   2.1300000e+02	   9.0000000e+00	   1.0000000e+00	   7.7500000e-01	   1.0200000e+00	   6.5000000e-02	   1.0000000e+00	   3.0000000e+00	   2.0000000e+00	   2.0000000e+00	   2.2960000e+03	
   1.1500000e+02	   3.0900000e+02	   1.1100000e+02	   4.0000000e+00	   2.0000000e+00	   2.2250000e+00	   1.5850000e+00	   5.0000000e-01	   3.0000000e+00	   1.0000000e+00	   2.0000000e+00	   1.0000000e+00	   4.3800000e+03	
   1.0300000e+02	   3.0600000e+02	   3.0700000e+02	   1.2000000e+01	   1.0000000e+00	   1.2550000e+00	   1.0200000e+00	   0.0000000e+00	   3.0000000e+00	   1.0000000e+00	   2.0000000e+00	   1.0000000e+00	   2.4320000e+03	
   1.1000000e+02	   3.1300000e+02	   3.0400000e+02	   1.1000000e+01	   1.0000000e+00	   7.7500000e-01	   1.2800000e+00	   0.0000000e+00	   2.0000000e+00	   1.0000000e+00	   3.0000000e+00	   1.0000000e+00	   1.4850000e+03	
   1.1000000e+02	   3.0200000e+02	   3.0700000e+02	   1.2000000e+01	   5.0000000e+00	   7.7500000e-01	   4.0200000e+00	   0.0000000e+00	   3.0000000e+00	   2.0000000e+00	   1.0000000e+00	   2.0000000e+00	   1.1720000e+03	
   1.0300000e+02	   2.0200000e+02	   1.0700000e+02	   3.0000000e+00	   5.0000000e+00	   1.2550000e+00	   3.8100000e+00	   4.5500000e-01	   1.0000000e+00	   2.0000000e+00	   3.0000000e+00	   2.0000000e+00	   1.0470000e+03	
   1.0300000e+02	   3.0900000e+02	   3.1400000e+02	   1.5000000e+01	   1.0000000e+00	   1.2550000e+00	   1.5850000e+00	   0.0000000e+00	   2.0000000e+00	   1.0000000e+00	   3.0000000e+00	   1.0000000e+00	   2.6950000e+03	
   1.0600000e+02	   1.1000000e+02	   1.0700000e+02	   3.0000000e+00	   4.0000000e+00	   3.0200000e+00	   7.7500000e-01	   4.5500000e-01	   2.0000000e+00	   3.0000000e+00	   1.0000000e+00	   2.0000000e+00	   9.2700000e+02	
   1.0300000e+02	   2.1100000e+02	   1.0200000e+02	   1.0000000e+00	   2.0000000e+00	   1.2550000e+00	   2.0000000e+00	   0.0000000e+00	   2.0000000e+00	   1.0000000e+00	   3.0000000e+00	   1.0000000e+00	   2.1230000e+03	
   2.0900000e+02	   2.1500000e+02	   3.0400000e+02	   1.1000000e+01	   5.0000000e+00	   1.8600000e+00	   5.0000000e+00	   0.0000000e+00	   3.0000000e+00	   1.0000000e+00	   2.0000000e+00	   3.0000000e+00	   3.2660000e+03	
   3.0900000e+02	   3.1300000e+02	   2.0300000e+02	   6.0000000e+00	   1.0000000e+00	   1.5850000e+00	   1.2800000e+00	   0.0000000e+00	   3.0000000e+00	   1.0000000e+00	   2.0000000e+00	   1.0000000e+00	   2.0910000e+03	
   1.0900000e+02	   3.0900000e+02	   2.1000000e+02	   8.0000000e+00	   2.0000000e+00	   2.5000000e+00	   1.5850000e+00	   0.0000000e+00	   2.0000000e+00	   3.0000000e+00	   1.0000000e+00	   2.0000000e+00	   8.3100000e+02	
   1.0900000e+02	   2.0200000e+02	   3.1400000e+02	   1.5000000e+01	   3.0000000e+00	   2.5000000e+00	   3.8100000e+00	   0.0000000e+00	   2.0000000e+00	   1.0000000e+00	   3.0000000e+00	   1.0000000e+00	   7.9900000e+02	
   3.0600000e+02	   3.0900000e+02	   1.1600000e+02	   5.0000000e+00	   2.0000000e+00	   1.0200000e+00	   1.5850000e+00	   0.0000000e+00	   1.0000000e+00	   2.0000000e+00	   3.0000000e+00	   3.0000000e+00	   2.6760000e+03	
   1.1000000e+02	   2.0900000e+02	   3.0800000e+02	   1.3000000e+01	   3.0000000e+00	   7.7500000e-01	   1.8600000e+00	   2.0000000e-02	   3.0000000e+00	   1.0000000e+00	   2.0000000e+00	   1.0000000e+00	   8.8300000e+02	
   2.1500000e+02	   3.0900000e+02	   3.0100000e+02	   1.0000000e+01	   5.0000000e+00	   5.0000000e+00	   1.5850000e+00	   0.0000000e+00	   3.0000000e+00	   2.0000000e+00	   1.0000000e+00	   3.0000000e+00	   2.0410000e+03	
   2.0900000e+02	   3.0600000e+02	   2.0600000e+02	   7.0000000e+00	   2.0000000e+00	   1.8600000e+00	   1.0200000e+00	   2.5500000e-01	   2.0000000e+00	   3.0000000e+00	   1.0000000e+00	   2.0000000e+00	   8.3000000e+02	
   1.1000000e+02	   2.0200000e+02	   2.0300000e+02	   6.0000000e+00	   5.0000000e+00	   7.7500000e-01	   3.8100000e+00	   0.0000000e+00	   3.0000000e+00	   1.0000000e+00	   2.0000000e+00	   1.0000000e+00	   7.9200000e+02	
   1.0100000e+02	   3.0900000e+02	   1.1100000e+02	   4.0000000e+00	   4.0000000e+00	   3.7250000e+00	   1.5850000e+00	   5.0000000e-01	   2.0000000e+00	   3.0000000e+00	   1.0000000e+00	   2.0000000e+00	   1.3340000e+03	
   1.0100000e+02	   1.1000000e+02	   1.0400000e+02	   2.0000000e+00	   5.0000000e+00	   3.7250000e+00	   7.7500000e-01	   1.7500000e-01	   1.0000000e+00	   3.0000000e+00	   2.0000000e+00	   1.0000000e+00	   8.3500000e+02	
   1.0300000e+02	   1.1300000e+02	   3.1400000e+02	   1.5000000e+01	   3.0000000e+00	   1.2550000e+00	   2.4800000e+00	   0.0000000e+00	   2.0000000e+00	   1.0000000e+00	   3.0000000e+00	   1.0000000e+00	   1.4260000e+03	
   1.0900000e+02	   2.1100000e+02	   3.0100000e+02	   1.0000000e+01	   1.0000000e+00	   2.5000000e+00	   2.0000000e+00	   0.0000000e+00	   1.0000000e+00	   2.0000000e+00	   3.0000000e+00	   1.0000000e+00	   2.7560000e+03	
   1.1500000e+02	   2.0200000e+02	   3.0800000e+02	   1.3000000e+01	   4.0000000e+00	   2.2250000e+00	   3.8100000e+00	   2.0000000e-02	   3.0000000e+00	   1.0000000e+00	   2.0000000e+00	   1.0000000e+00	   8.9500000e+02	
   1.0600000e+02	   2.0900000e+02	   3.1100000e+02	   1.4000000e+01	   3.0000000e+00	   3.0200000e+00	   1.8600000e+00	   0.0000000e+00	   1.0000000e+00	   2.0000000e+00	   3.0000000e+00	   1.0000000e+00	   7.6700000e+02	
   2.1100000e+02	   3.1300000e+02	   3.0700000e+02	   1.2000000e+01	   2.0000000e+00	   2.0000000e+00	   1.2800000e+00	   0.0000000e+00	   3.0000000e+00	   1.0000000e+00	   2.0000000e+00	   3.0000000e+00	   1.4520000e+03	
   1.1000000e+02	   3.0600000e+02	   3.1400000e+02	   1.5000000e+01	   1.0000000e+00	   7.7500000e-01	   1.0200000e+00	   0.0000000e+00	   3.0000000e+00	   1.0000000e+00	   2.0000000e+00	   1.0000000e+00	   1.2240000e+03	
   1.0300000e+02	   3.0200000e+02	   1.0400000e+02	   2.0000000e+00	   5.0000000e+00	   1.2550000e+00	   4.0200000e+00	   1.7500000e-01	   1.0000000e+00	   2.0000000e+00	   3.0000000e+00	   2.0000000e+00	   1.1940000e+03	
   1.0100000e+02	   1.0900000e+02	   3.1100000e+02	   1.4000000e+01	   3.0000000e+00	   3.7250000e+00	   2.5000000e+00	   0.0000000e+00	   2.0000000e+00	   3.0000000e+00	   1.0000000e+00	   3.0000000e+00	   8.1400000e+02	
   1.1000000e+02	   3.0200000e+02	   1.1100000e+02	   4.0000000e+00	   5.0000000e+00	   7.7500000e-01	   4.0200000e+00	   5.0000000e-01	   2.0000000e+00	   3.0000000e+00	   1.0000000e+00	   3.0000000e+00	   1.3180000e+03	
   1.0300000e+02	   3.0900000e+02	   3.0700000e+02	   1.2000000e+01	   1.0000000e+00	   1.2550000e+00	   1.5850000e+00	   0.0000000e+00	   1.0000000e+00	   3.0000000e+00	   2.0000000e+00	   1.0000000e+00	   2.5550000e+03	
   2.1100000e+02	   2.1500000e+02	   2.1000000e+02	   8.0000000e+00	   5.0000000e+00	   2.0000000e+00	   5.0000000e+00	   0.0000000e+00	   2.0000000e+00	   1.0000000e+00	   3.0000000e+00	   2.0000000e+00	   1.4340000e+03	
   1.0100000e+02	   2.1500000e+02	   3.0700000e+02	   1.2000000e+01	   3.0000000e+00	   3.7250000e+00	   5.0000000e+00	   0.0000000e+00	   1.0000000e+00	   2.0000000e+00	   3.0000000e+00	   1.0000000e+00	   1.2570000e+03	
   2.0200000e+02	   2.0900000e+02	   3.0100000e+02	   1.0000000e+01	   4.0000000e+00	   3.8100000e+00	   1.8600000e+00	   0.0000000e+00	   3.0000000e+00	   1.0000000e+00	   2.0000000e+00	   3.0000000e+00	   1.1860000e+03	
   2.1100000e+02	   3.0900000e+02	   1.1600000e+02	   5.0000000e+00	   1.0000000e+00	   2.0000000e+00	   1.5850000e+00	   0.0000000e+00	   2.0000000e+00	   3.0000000e+00	   1.0000000e+00	   2.0000000e+00	   1.6920000e+03	
   1.0600000e+02	   3.0600000e+02	   1.1600000e+02	   5.0000000e+00	   4.0000000e+00	   3.0200000e+00	   1.0200000e+00	   0.0000000e+00	   1.0000000e+00	   3.0000000e+00	   2.0000000e+00	   1.0000000e+00	   8.1800000e+02	
   1.0300000e+02	   2.1100000e+02	   3.0700000e+02	   1.2000000e+01	   2.0000000e+00	   1.2550000e+00	   2.0000000e+00	   0.0000000e+00	   2.0000000e+00	   1.0000000e+00	   3.0000000e+00	   1.0000000e+00	   9.7400000e+02	
   2.0200000e+02	   2.0900000e+02	   3.1400000e+02	   1.5000000e+01	   4.0000000e+00	   3.8100000e+00	   1.8600000e+00	   0.0000000e+00	   3.0000000e+00	   2.0000000e+00	   1.0000000e+00	   3.0000000e+00	   2.2540000e+03	
   1.1000000e+02	   1.1500000e+02	   3.0800000e+02	   1.3000000e+01	   3.0000000e+00	   7.7500000e-01	   2.2250000e+00	   2.0000000e-02	   1.0000000e+00	   3.0000000e+00	   2.0000000e+00	   3.0000000e+00	   2.2690000e+03	
   1.0300000e+02	   2.0200000e+02	   3.0400000e+02	   1.1000000e+01	   5.0000000e+00	   1.2550000e+00	   3.8100000e+00	   0.0000000e+00	   2.0000000e+00	   3.0000000e+00	   1.0000000e+00	   3.0000000e+00	   1.2020000e+03	
   1.1000000e+02	   3.1300000e+02	   1.1100000e+02	   4.0000000e+00	   1.0000000e+00	   7.7500000e-01	   1.2800000e+00	   5.0000000e-01	   1.0000000e+00	   3.0000000e+00	   2.0000000e+00	   3.0000000e+00	   1.3840000e+03	
   1.1300000e+02	   1.1500000e+02	   2.1000000e+02	   8.0000000e+00	   1.0000000e+00	   2.4800000e+00	   2.2250000e+00	   0.0000000e+00	   3.0000000e+00	   2.0000000e+00	   1.0000000e+00	   3.0000000e+00	   1.4760000e+03	
   1.1500000e+02	   2.1100000e+02	   3.1400000e+02	   1.5000000e+01	   1.0000000e+00	   2.2250000e+00	   2.0000000e+00	   0.0000000e+00	   1.0000000e+00	   3.0000000e+00	   2.0000000e+00	   3.0000000e+00	   2.0010000e+03	
   1.1000000e+02	   1.1300000e+02	   3.0700000e+02	   1.2000000e+01	   4.0000000e+00	   7.7500000e-01	   2.4800000e+00	   0.0000000e+00	   1.0000000e+00	   3.0000000e+00	   2.0000000e+00	   3.0000000e+00	   6.7300000e+02	
   1.1000000e+02	   2.1100000e+02	   1.0400000e+02	   2.0000000e+00	   3.0000000e+00	   7.7500000e-01	   2.0000000e+00	   1.7500000e-01	   3.0000000e+00	   2.0000000e+00	   1.0000000e+00	   2.0000000e+00	   1.1300000e+03	
   1.1300000e+02	   3.0600000e+02	   2.1300000e+02	   9.0000000e+00	   3.0000000e+00	   2.4800000e+00	   1.0200000e+00	   6.5000000e-02	   3.0000000e+00	   2.0000000e+00	   1.0000000e+00	   3.0000000e+00	   7.3500000e+02	
   1.0100000e+02	   3.0200000e+02	   1.0400000e+02	   2.0000000e+00	   1.0000000e+00	   3.7250000e+00	   4.0200000e+00	   1.7500000e-01	   2.0000000e+00	   3.0000000e+00	   1.0000000e+00	   2.0000000e+00	   1.9090000e+03	
   1.0300000e+02	   3.0600000e+02	   1.1600000e+02	   5.0000000e+00	   1.0000000e+00	   1.2550000e+00	   1.0200000e+00	   0.0000000e+00	   1.0000000e+00	   3.0000000e+00	   2.0000000e+00	   2.0000000e+00	   1.9140000e+03	
   1.0300000e+02	   1.1300000e+02	   1.0700000e+02	   3.0000000e+00	   3.0000000e+00	   1.2550000e+00	   2.4800000e+00	   4.5500000e-01	   3.0000000e+00	   1.0000000e+00	   2.0000000e+00	   1.0000000e+00	   9.0600000e+02	
   1.0100000e+02	   1.0900000e+02	   1.0400000e+02	   2.0000000e+00	   3.0000000e+00	   3.7250000e+00	   2.5000000e+00	   1.7500000e-01	   2.0000000e+00	   1.0000000e+00	   3.0000000e+00	   2.0000000e+00	   2.2840000e+03	
   1.1000000e+02	   2.1500000e+02	   3.0800000e+02	   1.3000000e+01	   5.0000000e+00	   7.7500000e-01	   5.0000000e+00	   2.0000000e-02	   3.0000000e+00	   2.0000000e+00	   1.0000000e+00	   3.0000000e+00	   2.6400000e+03	
   2.0900000e+02	   2.1100000e+02	   3.1100000e+02	   1.4000000e+01	   1.0000000e+00	   1.8600000e+00	   2.0000000e+00	   0.0000000e+00	   2.0000000e+00	   1.0000000e+00	   3.0000000e+00	   1.0000000e+00	   4.6190000e+03	
   1.0900000e+02	   1.1500000e+02	   1.0700000e+02	   3.0000000e+00	   1.0000000e+00	   2.5000000e+00	   2.2250000e+00	   4.5500000e-01	   1.0000000e+00	   2.0000000e+00	   3.0000000e+00	   1.0000000e+00	   1.1630000e+03	
   3.0600000e+02	   3.0900000e+02	   3.1100000e+02	   1.4000000e+01	   2.0000000e+00	   1.0200000e+00	   1.5850000e+00	   0.0000000e+00	   2.0000000e+00	   1.0000000e+00	   3.0000000e+00	   2.0000000e+00	   1.3760000e+03	
   2.0200000e+02	   2.1100000e+02	   3.0700000e+02	   1.2000000e+01	   4.0000000e+00	   3.8100000e+00	   2.0000000e+00	   0.0000000e+00	   3.0000000e+00	   2.0000000e+00	   1.0000000e+00	   3.0000000e+00	   1.0830000e+03	
   1.0600000e+02	   2.0200000e+02	   2.1300000e+02	   9.0000000e+00	   2.0000000e+00	   3.0200000e+00	   3.8100000e+00	   6.5000000e-02	   2.0000000e+00	   3.0000000e+00	   1.0000000e+00	   3.0000000e+00	   7.3200000e+02	
   1.0100000e+02	   1.0600000e+02	   2.0600000e+02	   7.0000000e+00	   2.0000000e+00	   3.7250000e+00	   3.0200000e+00	   2.5500000e-01	   3.0000000e+00	   2.0000000e+00	   1.0000000e+00	   2.0000000e+00	   7.5600000e+02	
   1.1500000e+02	   2.0200000e+02	   2.1000000e+02	   8.0000000e+00	   4.0000000e+00	   2.2250000e+00	   3.8100000e+00	   0.0000000e+00	   3.0000000e+00	   2.0000000e+00	   1.0000000e+00	   2.0000000e+00	   7.7400000e+02	
   2.0900000e+02	   2.1500000e+02	   3.0800000e+02	   1.3000000e+01	   5.0000000e+00	   1.8600000e+00	   5.0000000e+00	   2.0000000e-02	   3.0000000e+00	   1.0000000e+00	   2.0000000e+00	   3.0000000e+00	   1.5620000e+03	
   1.1300000e+02	   2.1500000e+02	   3.1100000e+02	   1.4000000e+01	   5.0000000e+00	   2.4800000e+00	   5.0000000e+00	   0.0000000e+00	   3.0000000e+00	   2.0000000e+00	   1.0000000e+00	   3.0000000e+00	   1.4800000e+03	
   1.0600000e+02	   2.0200000e+02	   3.0100000e+02	   1.0000000e+01	   2.0000000e+00	   3.0200000e+00	   3.8100000e+00	   0.0000000e+00	   2.0000000e+00	   3.0000000e+00	   1.0000000e+00	   3.0000000e+00	   1.8950000e+03	
   1.0600000e+02	   2.1100000e+02	   3.0700000e+02	   1.2000000e+01	   3.0000000e+00	   3.0200000e+00	   2.0000000e+00	   0.0000000e+00	   1.0000000e+00	   2.0000000e+00	   3.0000000e+00	   1.0000000e+00	   3.2560000e+03	
