   1.0000000e+00	   1.0000000e+00	   3.1400000e+02	   0.0000000e+00	   2.2670000e+03	
   1.0000000e+00	   2.0000000e+00	   1.1500000e+02	   2.5600000e+00	   1.8600000e+03	
   1.0000000e+00	   3.0000000e+00	   3.1000000e+02	   2.7600000e+00	   2.0910000e+03	
   1.0000000e+00	   4.0000000e+00	   1.1100000e+02	   2.6100000e+00	   1.8250000e+03	
   1.0000000e+00	   5.0000000e+00	   1.0100000e+02	   1.8900000e+00	   1.7600000e+03	
   1.0000000e+00	   6.0000000e+00	   2.0400000e+02	   4.8400000e+00	   2.0290000e+03	
   1.0000000e+00	   7.0000000e+00	   2.0900000e+02	   4.6800000e+00	   1.7280000e+03	
   1.0000000e+00	   8.0000000e+00	   2.0700000e+02	   3.7800000e+00	   1.5930000e+03	
   1.0000000e+00	   9.0000000e+00	   2.1000000e+02	   2.5900000e+00	   1.9930000e+03	
   1.0000000e+00	   1.0000000e+01	   3.0200000e+02	   2.9000000e-01	   2.4280000e+03	
   1.0000000e+00	   1.1000000e+01	   3.1300000e+02	   1.7800000e+00	   2.2610000e+03	
   1.0000000e+00	   1.2000000e+01	   3.0600000e+02	   4.7000000e-01	   1.3270000e+03	
   1.0000000e+00	   1.3000000e+01	   3.0700000e+02	   0.0000000e+00	   3.0920000e+03	
   1.0000000e+00	   1.4000000e+01	   1.0900000e+02	   3.4200000e+00	   1.5270000e+03	
   1.0000000e+00	   1.5000000e+01	   1.1600000e+02	   3.2700000e+00	   2.4600000e+03	
   1.0000000e+00	   1.6000000e+01	   2.0600000e+02	   2.9700000e+00	   3.3940000e+03	
   1.0000000e+00	   1.7000000e+01	   3.1100000e+02	   2.5400000e+00	   3.2600000e+03	
   1.0000000e+00	   1.8000000e+01	   3.0500000e+02	   4.9500000e+00	   2.2940000e+03	
   1.0000000e+00	   1.9000000e+01	   1.0700000e+02	   1.6600000e+00	   2.8600000e+03	
   1.0000000e+00	   2.0000000e+01	   1.0400000e+02	   3.0600000e+00	   2.5930000e+03	
   1.0000000e+00	   2.1000000e+01	   1.1000000e+02	   2.9000000e+00	   1.9270000e+03	
   1.0000000e+00	   2.2000000e+01	   3.1200000e+02	   0.0000000e+00	   6.1590000e+03	
   1.0000000e+00	   2.3000000e+01	   2.1200000e+02	   2.8100000e+00	   3.6620000e+03	
   1.0000000e+00	   2.4000000e+01	   1.0600000e+02	   5.0000000e+00	   2.0260000e+03	
   1.0000000e+00	   2.5000000e+01	   3.0400000e+02	   0.0000000e+00	   1.9300000e+03	
   1.0000000e+00	   2.6000000e+01	   3.0900000e+02	   3.7700000e+00	   1.8580000e+03	
   1.0000000e+00	   2.7000000e+01	   2.0800000e+02	   2.8100000e+00	   1.4930000e+03	
   1.0000000e+00	   2.8000000e+01	   1.0800000e+02	   2.7700000e+00	   2.0280000e+03	
   1.0000000e+00	   2.9000000e+01	   1.1400000e+02	   3.0200000e+00	   1.7600000e+03	
   1.0000000e+00	   3.0000000e+01	   2.1400000e+02	   3.3000000e+00	   1.6270000e+03	
   1.0000000e+00	   3.1000000e+01	   2.1300000e+02	   3.2800000e+00	   1.6920000e+03	
   1.0000000e+00	   3.2000000e+01	   2.0500000e+02	   3.2900000e+00	   1.4590000e+03	
   1.0000000e+00	   3.3000000e+01	   3.0800000e+02	   1.2700000e+00	   2.5940000e+03	
   1.0000000e+00	   3.4000000e+01	   1.0200000e+02	   4.5000000e+00	   1.4930000e+03	
   1.0000000e+00	   3.5000000e+01	   2.0100000e+02	   4.9500000e+00	   1.7940000e+03	
   1.0000000e+00	   3.6000000e+01	   2.0200000e+02	   3.5000000e+00	   1.9930000e+03	
   1.0000000e+00	   3.7000000e+01	   1.1200000e+02	   2.6500000e+00	   2.0300000e+03	
   1.0000000e+00	   3.8000000e+01	   2.1500000e+02	   3.8100000e+00	   1.4270000e+03	
   1.0000000e+00	   3.9000000e+01	   3.0100000e+02	   0.0000000e+00	   2.5930000e+03	
   1.0000000e+00	   4.0000000e+01	   1.1300000e+02	   1.4300000e+00	   1.4600000e+03	
   1.0000000e+00	   4.1000000e+01	   2.1100000e+02	   3.4400000e+00	   2.2600000e+03	
   1.0000000e+00	   4.2000000e+01	   3.0300000e+02	   0.0000000e+00	   3.2590000e+03	
   1.0000000e+00	   4.3000000e+01	   2.0300000e+02	   2.5500000e+00	   3.3270000e+03	
   1.0000000e+00	   4.4000000e+01	   1.0500000e+02	   3.9100000e+00	   3.6590000e+03	
   1.0000000e+00	   4.5000000e+01	   1.0300000e+02	   2.1700000e+00	   2.5260000e+03	
   2.0000000e+00	   1.0000000e+00	   1.1400000e+02	   2.9500000e+00	   2.0640000e+03	
   2.0000000e+00	   2.0000000e+00	   3.0700000e+02	   3.7000000e-01	   2.3770000e+03	
   2.0000000e+00	   3.0000000e+00	   2.1400000e+02	   3.8900000e+00	   1.1950000e+03	
   2.0000000e+00	   4.0000000e+00	   3.0500000e+02	   4.9800000e+00	   1.7950000e+03	
   2.0000000e+00	   5.0000000e+00	   3.1100000e+02	   2.6700000e+00	   1.5610000e+03	
   2.0000000e+00	   6.0000000e+00	   2.1000000e+02	   3.0800000e+00	   1.8620000e+03	
   2.0000000e+00	   7.0000000e+00	   1.0600000e+02	   5.0000000e+00	   3.0600000e+03	
   2.0000000e+00	   8.0000000e+00	   2.0300000e+02	   2.6300000e+00	   1.6950000e+03	
   2.0000000e+00	   9.0000000e+00	   2.0600000e+02	   2.6300000e+00	   1.2950000e+03	
   2.0000000e+00	   1.0000000e+01	   1.1500000e+02	   2.7000000e+00	   1.4610000e+03	
   2.0000000e+00	   1.1000000e+01	   3.0400000e+02	   0.0000000e+00	   1.3960000e+03	
   2.0000000e+00	   1.2000000e+01	   1.1300000e+02	   2.1300000e+00	   1.5610000e+03	
   2.0000000e+00	   1.3000000e+01	   3.1300000e+02	   1.7900000e+00	   1.5280000e+03	
   2.0000000e+00	   1.4000000e+01	   1.0900000e+02	   3.2200000e+00	   1.1280000e+03	
   2.0000000e+00	   1.5000000e+01	   3.0600000e+02	   1.0800000e+00	   1.5280000e+03	
   2.0000000e+00	   1.6000000e+01	   3.0900000e+02	   3.3800000e+00	   1.2950000e+03	
   2.0000000e+00	   1.7000000e+01	   1.1000000e+02	   3.5300000e+00	   1.5950000e+03	
   2.0000000e+00	   1.8000000e+01	   2.0400000e+02	   4.9400000e+00	   1.8610000e+03	
   2.0000000e+00	   1.9000000e+01	   2.0900000e+02	   4.3900000e+00	   1.4610000e+03	
   2.0000000e+00	   2.0000000e+01	   1.0400000e+02	   3.0600000e+00	   1.4950000e+03	
   2.0000000e+00	   2.1000000e+01	   2.0700000e+02	   3.5600000e+00	   1.3280000e+03	
   2.0000000e+00	   2.2000000e+01	   1.1600000e+02	   2.6900000e+00	   1.6610000e+03	
   2.0000000e+00	   2.3000000e+01	   3.0300000e+02	   0.0000000e+00	   1.4630000e+03	
   2.0000000e+00	   2.4000000e+01	   1.0100000e+02	   1.9800000e+00	   1.7940000e+03	
   2.0000000e+00	   2.5000000e+01	   2.0800000e+02	   2.7900000e+00	   1.7610000e+03	
   2.0000000e+00	   2.6000000e+01	   2.0500000e+02	   3.9300000e+00	   1.4950000e+03	
   2.0000000e+00	   2.7000000e+01	   3.0800000e+02	   1.1000000e-01	   3.2270000e+03	
   2.0000000e+00	   2.8000000e+01	   1.1200000e+02	   2.3600000e+00	   1.8620000e+03	
   2.0000000e+00	   2.9000000e+01	   2.1500000e+02	   3.1900000e+00	   1.2620000e+03	
   2.0000000e+00	   3.0000000e+01	   3.1400000e+02	   0.0000000e+00	   1.6270000e+03	
   2.0000000e+00	   3.1000000e+01	   3.1200000e+02	   2.5000000e-01	   1.6950000e+03	
   2.0000000e+00	   3.2000000e+01	   2.1300000e+02	   3.4900000e+00	   1.1950000e+03	
   2.0000000e+00	   3.3000000e+01	   1.0800000e+02	   2.6500000e+00	   1.7280000e+03	
   2.0000000e+00	   3.4000000e+01	   3.1000000e+02	   2.6800000e+00	   5.4270000e+03	
   2.0000000e+00	   3.5000000e+01	   1.0500000e+02	   3.5100000e+00	   1.2610000e+03	
   2.0000000e+00	   3.6000000e+01	   1.0700000e+02	   1.7800000e+00	   1.8280000e+03	
   2.0000000e+00	   3.7000000e+01	   1.0300000e+02	   2.1200000e+00	   1.9950000e+03	
   2.0000000e+00	   3.8000000e+01	   2.1200000e+02	   3.3000000e+00	   1.5290000e+03	
   2.0000000e+00	   3.9000000e+01	   1.1100000e+02	   2.7800000e+00	   1.2940000e+03	
   2.0000000e+00	   4.0000000e+01	   3.0200000e+02	   1.0000000e-01	   1.4950000e+03	
   2.0000000e+00	   4.1000000e+01	   2.0100000e+02	   4.6700000e+00	   2.2270000e+03	
   2.0000000e+00	   4.2000000e+01	   3.0100000e+02	   0.0000000e+00	   2.4600000e+03	
   2.0000000e+00	   4.3000000e+01	   2.1100000e+02	   3.8400000e+00	   2.1290000e+03	
   2.0000000e+00	   4.4000000e+01	   1.0200000e+02	   3.7200000e+00	   1.3610000e+03	
   2.0000000e+00	   4.5000000e+01	   2.0200000e+02	   3.3000000e+00	   1.7280000e+03	
