   2.0900000e+02	   2.1400000e+02	   3.0600000e+02	   1.2000000e+01	   4.0000000e+00	   4.5350000e+00	   3.5950000e+00	   7.7500000e-01	   2.0000000e+00	   1.0000000e+00	   3.0000000e+00	   2.0000000e+00	   1.4270000e+03	
   2.0700000e+02	   2.0900000e+02	   3.0400000e+02	   1.1000000e+01	   3.0000000e+00	   3.6700000e+00	   4.5350000e+00	   0.0000000e+00	   1.0000000e+00	   3.0000000e+00	   2.0000000e+00	   1.0000000e+00	   1.9570000e+03	
   2.1100000e+02	   2.1500000e+02	   3.1100000e+02	   1.4000000e+01	   2.0000000e+00	   3.6400000e+00	   3.5000000e+00	   2.6050000e+00	   1.0000000e+00	   2.0000000e+00	   3.0000000e+00	   2.0000000e+00	   1.9480000e+03	
   2.0400000e+02	   2.1400000e+02	   1.1200000e+02	   4.0000000e+00	   4.0000000e+00	   4.8900000e+00	   3.5950000e+00	   2.5050000e+00	   1.0000000e+00	   3.0000000e+00	   2.0000000e+00	   1.0000000e+00	   1.2420000e+03	
   1.0500000e+02	   2.1500000e+02	   2.0800000e+02	   7.0000000e+00	   2.0000000e+00	   3.7100000e+00	   3.5000000e+00	   2.8000000e+00	   3.0000000e+00	   1.0000000e+00	   2.0000000e+00	   1.0000000e+00	   1.6040000e+03	
   2.0100000e+02	   2.1300000e+02	   1.1200000e+02	   4.0000000e+00	   5.0000000e+00	   4.8100000e+00	   3.3850000e+00	   2.5050000e+00	   1.0000000e+00	   3.0000000e+00	   2.0000000e+00	   1.0000000e+00	   1.5920000e+03	
   1.0200000e+02	   2.0700000e+02	   1.1000000e+02	   2.0000000e+00	   3.0000000e+00	   4.1100000e+00	   3.6700000e+00	   3.2150000e+00	   3.0000000e+00	   1.0000000e+00	   2.0000000e+00	   1.0000000e+00	   2.1260000e+03	
   2.0100000e+02	   2.0900000e+02	   1.1200000e+02	   4.0000000e+00	   2.0000000e+00	   4.8100000e+00	   4.5350000e+00	   2.5050000e+00	   3.0000000e+00	   1.0000000e+00	   2.0000000e+00	   3.0000000e+00	   1.4350000e+03	
   1.0500000e+02	   2.1100000e+02	   1.1200000e+02	   4.0000000e+00	   1.0000000e+00	   3.7100000e+00	   3.6400000e+00	   2.5050000e+00	   1.0000000e+00	   3.0000000e+00	   2.0000000e+00	   3.0000000e+00	   2.0520000e+03	
   2.1400000e+02	   3.0500000e+02	   1.1300000e+02	   5.0000000e+00	   5.0000000e+00	   3.5950000e+00	   4.9650000e+00	   1.7800000e+00	   1.0000000e+00	   2.0000000e+00	   3.0000000e+00	   2.0000000e+00	   1.6760000e+03	
   1.0600000e+02	   2.0900000e+02	   1.1300000e+02	   5.0000000e+00	   3.0000000e+00	   5.0000000e+00	   4.5350000e+00	   1.7800000e+00	   3.0000000e+00	   1.0000000e+00	   2.0000000e+00	   3.0000000e+00	   1.9490000e+03	
   2.0700000e+02	   3.0900000e+02	   3.1000000e+02	   1.3000000e+01	   1.0000000e+00	   3.6700000e+00	   3.5750000e+00	   2.7200000e+00	   1.0000000e+00	   2.0000000e+00	   3.0000000e+00	   1.0000000e+00	   1.6230000e+03	
   1.0200000e+02	   2.1100000e+02	   2.1200000e+02	   8.0000000e+00	   3.0000000e+00	   4.1100000e+00	   3.6400000e+00	   3.0550000e+00	   3.0000000e+00	   2.0000000e+00	   1.0000000e+00	   2.0000000e+00	   2.3690000e+03	
   2.0100000e+02	   2.0500000e+02	   3.1200000e+02	   1.5000000e+01	   4.0000000e+00	   4.8100000e+00	   3.6100000e+00	   1.2500000e-01	   3.0000000e+00	   2.0000000e+00	   1.0000000e+00	   2.0000000e+00	   2.3090000e+03	
   2.0100000e+02	   3.0500000e+02	   3.1200000e+02	   1.5000000e+01	   2.0000000e+00	   4.8100000e+00	   4.9650000e+00	   1.2500000e-01	   3.0000000e+00	   1.0000000e+00	   2.0000000e+00	   3.0000000e+00	   2.5100000e+03	
   2.0100000e+02	   2.0400000e+02	   3.0100000e+02	   9.0000000e+00	   1.0000000e+00	   4.8100000e+00	   4.8900000e+00	   0.0000000e+00	   3.0000000e+00	   2.0000000e+00	   1.0000000e+00	   2.0000000e+00	   1.5830000e+03	
   2.0100000e+02	   2.0200000e+02	   3.1100000e+02	   1.4000000e+01	   5.0000000e+00	   4.8100000e+00	   3.4000000e+00	   2.6050000e+00	   2.0000000e+00	   1.0000000e+00	   3.0000000e+00	   2.0000000e+00	   1.6600000e+03	
   2.1100000e+02	   2.1500000e+02	   3.0400000e+02	   1.1000000e+01	   2.0000000e+00	   3.6400000e+00	   3.5000000e+00	   0.0000000e+00	   1.0000000e+00	   3.0000000e+00	   2.0000000e+00	   3.0000000e+00	   1.7210000e+03	
   2.0400000e+02	   2.1100000e+02	   1.1300000e+02	   5.0000000e+00	   4.0000000e+00	   4.8900000e+00	   3.6400000e+00	   1.7800000e+00	   1.0000000e+00	   2.0000000e+00	   3.0000000e+00	   1.0000000e+00	   1.7060000e+03	
   2.1100000e+02	   3.0500000e+02	   3.0400000e+02	   1.1000000e+01	   5.0000000e+00	   3.6400000e+00	   4.9650000e+00	   0.0000000e+00	   1.0000000e+00	   3.0000000e+00	   2.0000000e+00	   3.0000000e+00	   1.7260000e+03	
   1.0500000e+02	   2.0900000e+02	   3.1100000e+02	   1.4000000e+01	   3.0000000e+00	   3.7100000e+00	   4.5350000e+00	   2.6050000e+00	   2.0000000e+00	   1.0000000e+00	   3.0000000e+00	   1.0000000e+00	   1.6480000e+03	
   2.0500000e+02	   2.1300000e+02	   3.1000000e+02	   1.3000000e+01	   2.0000000e+00	   3.6100000e+00	   3.3850000e+00	   2.7200000e+00	   3.0000000e+00	   2.0000000e+00	   1.0000000e+00	   3.0000000e+00	   1.7970000e+03	
   2.0100000e+02	   2.0500000e+02	   3.0200000e+02	   1.0000000e+01	   4.0000000e+00	   4.8100000e+00	   3.6100000e+00	   1.9500000e-01	   3.0000000e+00	   2.0000000e+00	   1.0000000e+00	   2.0000000e+00	   2.3640000e+03	
   1.0500000e+02	   2.0700000e+02	   3.1100000e+02	   1.4000000e+01	   1.0000000e+00	   3.7100000e+00	   3.6700000e+00	   2.6050000e+00	   2.0000000e+00	   3.0000000e+00	   1.0000000e+00	   3.0000000e+00	   1.5700000e+03	
   1.0500000e+02	   2.0500000e+02	   1.1300000e+02	   5.0000000e+00	   1.0000000e+00	   3.7100000e+00	   3.6100000e+00	   1.7800000e+00	   2.0000000e+00	   1.0000000e+00	   3.0000000e+00	   1.0000000e+00	   1.5520000e+03	
   2.0100000e+02	   2.1500000e+02	   3.0100000e+02	   9.0000000e+00	   4.0000000e+00	   4.8100000e+00	   3.5000000e+00	   0.0000000e+00	   3.0000000e+00	   1.0000000e+00	   2.0000000e+00	   1.0000000e+00	   2.0120000e+03	
   2.1300000e+02	   2.1400000e+02	   1.1300000e+02	   5.0000000e+00	   2.0000000e+00	   3.3850000e+00	   3.5950000e+00	   1.7800000e+00	   2.0000000e+00	   3.0000000e+00	   1.0000000e+00	   3.0000000e+00	   4.0760000e+03	
   2.1100000e+02	   2.1500000e+02	   1.1000000e+02	   2.0000000e+00	   2.0000000e+00	   3.6400000e+00	   3.5000000e+00	   3.2150000e+00	   2.0000000e+00	   1.0000000e+00	   3.0000000e+00	   1.0000000e+00	   1.6950000e+03	
   1.0500000e+02	   2.1500000e+02	   3.1100000e+02	   1.4000000e+01	   2.0000000e+00	   3.7100000e+00	   3.5000000e+00	   2.6050000e+00	   1.0000000e+00	   3.0000000e+00	   2.0000000e+00	   3.0000000e+00	   1.9420000e+03	
   1.0200000e+02	   2.0700000e+02	   1.1200000e+02	   4.0000000e+00	   3.0000000e+00	   4.1100000e+00	   3.6700000e+00	   2.5050000e+00	   1.0000000e+00	   2.0000000e+00	   3.0000000e+00	   1.0000000e+00	   3.0770000e+03	
   2.0100000e+02	   3.0900000e+02	   3.0600000e+02	   1.2000000e+01	   4.0000000e+00	   4.8100000e+00	   3.5750000e+00	   7.7500000e-01	   1.0000000e+00	   3.0000000e+00	   2.0000000e+00	   1.0000000e+00	   2.1010000e+03	
   1.0200000e+02	   2.1300000e+02	   1.1100000e+02	   3.0000000e+00	   3.0000000e+00	   4.1100000e+00	   3.3850000e+00	   2.6950000e+00	   1.0000000e+00	   3.0000000e+00	   2.0000000e+00	   1.0000000e+00	   2.0370000e+03	
   2.0700000e+02	   2.1100000e+02	   1.1600000e+02	   6.0000000e+00	   1.0000000e+00	   3.6700000e+00	   3.6400000e+00	   2.9800000e+00	   1.0000000e+00	   2.0000000e+00	   3.0000000e+00	   1.0000000e+00	   1.8310000e+03	
   2.1300000e+02	   2.1500000e+02	   1.0100000e+02	   1.0000000e+00	   2.0000000e+00	   3.3850000e+00	   3.5000000e+00	   1.9350000e+00	   1.0000000e+00	   3.0000000e+00	   2.0000000e+00	   3.0000000e+00	   1.2030000e+03	
   1.0200000e+02	   2.0500000e+02	   1.1200000e+02	   4.0000000e+00	   3.0000000e+00	   4.1100000e+00	   3.6100000e+00	   2.5050000e+00	   1.0000000e+00	   3.0000000e+00	   2.0000000e+00	   3.0000000e+00	   1.7040000e+03	
   2.1500000e+02	   3.0900000e+02	   1.1000000e+02	   2.0000000e+00	   1.0000000e+00	   3.5000000e+00	   3.5750000e+00	   3.2150000e+00	   2.0000000e+00	   3.0000000e+00	   1.0000000e+00	   2.0000000e+00	   1.8360000e+03	
   1.0600000e+02	   2.0400000e+02	   3.0400000e+02	   1.1000000e+01	   1.0000000e+00	   5.0000000e+00	   4.8900000e+00	   0.0000000e+00	   2.0000000e+00	   3.0000000e+00	   1.0000000e+00	   3.0000000e+00	   4.5940000e+03	
   1.0200000e+02	   3.0500000e+02	   3.0200000e+02	   1.0000000e+01	   3.0000000e+00	   4.1100000e+00	   4.9650000e+00	   1.9500000e-01	   1.0000000e+00	   3.0000000e+00	   2.0000000e+00	   3.0000000e+00	   1.6200000e+03	
   2.1300000e+02	   3.0900000e+02	   1.1600000e+02	   6.0000000e+00	   2.0000000e+00	   3.3850000e+00	   3.5750000e+00	   2.9800000e+00	   1.0000000e+00	   2.0000000e+00	   3.0000000e+00	   2.0000000e+00	   2.0230000e+03	
   2.1100000e+02	   3.0500000e+02	   3.0100000e+02	   9.0000000e+00	   5.0000000e+00	   3.6400000e+00	   4.9650000e+00	   0.0000000e+00	   2.0000000e+00	   1.0000000e+00	   3.0000000e+00	   1.0000000e+00	   1.3220000e+03	
   1.0600000e+02	   3.0900000e+02	   2.1200000e+02	   8.0000000e+00	   5.0000000e+00	   5.0000000e+00	   3.5750000e+00	   3.0550000e+00	   3.0000000e+00	   1.0000000e+00	   2.0000000e+00	   3.0000000e+00	   1.8530000e+03	
   2.0100000e+02	   2.0400000e+02	   1.1300000e+02	   5.0000000e+00	   1.0000000e+00	   4.8100000e+00	   4.8900000e+00	   1.7800000e+00	   3.0000000e+00	   1.0000000e+00	   2.0000000e+00	   1.0000000e+00	   2.1270000e+03	
   2.1300000e+02	   2.1500000e+02	   1.1200000e+02	   4.0000000e+00	   2.0000000e+00	   3.3850000e+00	   3.5000000e+00	   2.5050000e+00	   3.0000000e+00	   1.0000000e+00	   2.0000000e+00	   1.0000000e+00	   1.6540000e+03	
   1.0600000e+02	   2.0700000e+02	   1.0100000e+02	   1.0000000e+00	   5.0000000e+00	   5.0000000e+00	   3.6700000e+00	   1.9350000e+00	   2.0000000e+00	   3.0000000e+00	   1.0000000e+00	   2.0000000e+00	   1.3430000e+03	
   2.0200000e+02	   2.0900000e+02	   3.1200000e+02	   1.5000000e+01	   4.0000000e+00	   3.4000000e+00	   4.5350000e+00	   1.2500000e-01	   2.0000000e+00	   1.0000000e+00	   3.0000000e+00	   1.0000000e+00	   2.1880000e+03	
   2.0500000e+02	   3.0500000e+02	   2.1200000e+02	   8.0000000e+00	   5.0000000e+00	   3.6100000e+00	   4.9650000e+00	   3.0550000e+00	   2.0000000e+00	   3.0000000e+00	   1.0000000e+00	   3.0000000e+00	   2.3560000e+03	
   2.0100000e+02	   2.0900000e+02	   3.1000000e+02	   1.3000000e+01	   2.0000000e+00	   4.8100000e+00	   4.5350000e+00	   2.7200000e+00	   2.0000000e+00	   3.0000000e+00	   1.0000000e+00	   2.0000000e+00	   2.2550000e+03	
   1.0200000e+02	   2.1500000e+02	   3.0600000e+02	   1.2000000e+01	   3.0000000e+00	   4.1100000e+00	   3.5000000e+00	   7.7500000e-01	   2.0000000e+00	   3.0000000e+00	   1.0000000e+00	   3.0000000e+00	   2.1990000e+03	
   2.0200000e+02	   2.0700000e+02	   1.0100000e+02	   1.0000000e+00	   2.0000000e+00	   3.4000000e+00	   3.6700000e+00	   1.9350000e+00	   3.0000000e+00	   1.0000000e+00	   2.0000000e+00	   1.0000000e+00	   1.6250000e+03	
   1.0500000e+02	   2.0700000e+02	   3.0600000e+02	   1.2000000e+01	   1.0000000e+00	   3.7100000e+00	   3.6700000e+00	   7.7500000e-01	   3.0000000e+00	   2.0000000e+00	   1.0000000e+00	   2.0000000e+00	   1.7060000e+03	
   2.0200000e+02	   2.0900000e+02	   1.1600000e+02	   6.0000000e+00	   4.0000000e+00	   3.4000000e+00	   4.5350000e+00	   2.9800000e+00	   1.0000000e+00	   3.0000000e+00	   2.0000000e+00	   3.0000000e+00	   2.6370000e+03	
   1.0500000e+02	   2.1500000e+02	   1.1300000e+02	   5.0000000e+00	   2.0000000e+00	   3.7100000e+00	   3.5000000e+00	   1.7800000e+00	   2.0000000e+00	   1.0000000e+00	   3.0000000e+00	   1.0000000e+00	   1.1600000e+03	
   2.0700000e+02	   2.1100000e+02	   1.1000000e+02	   2.0000000e+00	   1.0000000e+00	   3.6700000e+00	   3.6400000e+00	   3.2150000e+00	   1.0000000e+00	   2.0000000e+00	   3.0000000e+00	   1.0000000e+00	   2.0670000e+03	
   2.0500000e+02	   2.0900000e+02	   3.0400000e+02	   1.1000000e+01	   4.0000000e+00	   3.6100000e+00	   4.5350000e+00	   0.0000000e+00	   1.0000000e+00	   2.0000000e+00	   3.0000000e+00	   1.0000000e+00	   1.5780000e+03	
   3.0500000e+02	   3.0900000e+02	   1.1100000e+02	   3.0000000e+00	   5.0000000e+00	   4.9650000e+00	   3.5750000e+00	   2.6950000e+00	   3.0000000e+00	   1.0000000e+00	   2.0000000e+00	   3.0000000e+00	   1.7880000e+03	
   2.0500000e+02	   2.1300000e+02	   3.0200000e+02	   1.0000000e+01	   2.0000000e+00	   3.6100000e+00	   3.3850000e+00	   1.9500000e-01	   1.0000000e+00	   3.0000000e+00	   2.0000000e+00	   1.0000000e+00	   1.7130000e+03	
   2.0700000e+02	   2.1400000e+02	   1.1600000e+02	   6.0000000e+00	   1.0000000e+00	   3.6700000e+00	   3.5950000e+00	   2.9800000e+00	   1.0000000e+00	   3.0000000e+00	   2.0000000e+00	   1.0000000e+00	   1.4840000e+03	
   2.1400000e+02	   3.0500000e+02	   2.0800000e+02	   7.0000000e+00	   5.0000000e+00	   3.5950000e+00	   4.9650000e+00	   2.8000000e+00	   3.0000000e+00	   2.0000000e+00	   1.0000000e+00	   2.0000000e+00	   1.3470000e+03	
   1.0500000e+02	   3.0900000e+02	   3.0200000e+02	   1.0000000e+01	   2.0000000e+00	   3.7100000e+00	   3.5750000e+00	   1.9500000e-01	   1.0000000e+00	   2.0000000e+00	   3.0000000e+00	   2.0000000e+00	   2.4490000e+03	
   2.1400000e+02	   3.0500000e+02	   1.1000000e+02	   2.0000000e+00	   5.0000000e+00	   3.5950000e+00	   4.9650000e+00	   3.2150000e+00	   3.0000000e+00	   1.0000000e+00	   2.0000000e+00	   1.0000000e+00	   2.5700000e+03	
   2.0500000e+02	   2.0900000e+02	   3.0200000e+02	   1.0000000e+01	   4.0000000e+00	   3.6100000e+00	   4.5350000e+00	   1.9500000e-01	   1.0000000e+00	   2.0000000e+00	   3.0000000e+00	   1.0000000e+00	   1.5900000e+03	
   2.1300000e+02	   2.1500000e+02	   1.1300000e+02	   5.0000000e+00	   2.0000000e+00	   3.3850000e+00	   3.5000000e+00	   1.7800000e+00	   3.0000000e+00	   2.0000000e+00	   1.0000000e+00	   2.0000000e+00	   1.4820000e+03	
   2.0200000e+02	   2.0500000e+02	   1.1600000e+02	   6.0000000e+00	   2.0000000e+00	   3.4000000e+00	   3.6100000e+00	   2.9800000e+00	   1.0000000e+00	   3.0000000e+00	   2.0000000e+00	   3.0000000e+00	   1.6410000e+03	
   2.1100000e+02	   3.0500000e+02	   1.0100000e+02	   1.0000000e+00	   5.0000000e+00	   3.6400000e+00	   4.9650000e+00	   1.9350000e+00	   1.0000000e+00	   2.0000000e+00	   3.0000000e+00	   2.0000000e+00	   1.6770000e+03	
   1.0200000e+02	   2.1500000e+02	   1.0100000e+02	   1.0000000e+00	   3.0000000e+00	   4.1100000e+00	   3.5000000e+00	   1.9350000e+00	   3.0000000e+00	   2.0000000e+00	   1.0000000e+00	   2.0000000e+00	   1.6600000e+03	
   2.0700000e+02	   3.0900000e+02	   3.0200000e+02	   1.0000000e+01	   1.0000000e+00	   3.6700000e+00	   3.5750000e+00	   1.9500000e-01	   3.0000000e+00	   1.0000000e+00	   2.0000000e+00	   3.0000000e+00	   1.9140000e+03	
   1.0500000e+02	   2.0900000e+02	   3.0400000e+02	   1.1000000e+01	   3.0000000e+00	   3.7100000e+00	   4.5350000e+00	   0.0000000e+00	   1.0000000e+00	   3.0000000e+00	   2.0000000e+00	   3.0000000e+00	   1.6180000e+03	
   2.0200000e+02	   2.0500000e+02	   3.0600000e+02	   1.2000000e+01	   2.0000000e+00	   3.4000000e+00	   3.6100000e+00	   7.7500000e-01	   2.0000000e+00	   3.0000000e+00	   1.0000000e+00	   3.0000000e+00	   1.1460000e+03	
   2.1300000e+02	   3.0900000e+02	   3.0100000e+02	   9.0000000e+00	   2.0000000e+00	   3.3850000e+00	   3.5750000e+00	   0.0000000e+00	   3.0000000e+00	   1.0000000e+00	   2.0000000e+00	   1.0000000e+00	   2.1210000e+03	
   2.1500000e+02	   3.0500000e+02	   3.0200000e+02	   1.0000000e+01	   5.0000000e+00	   3.5000000e+00	   4.9650000e+00	   1.9500000e-01	   1.0000000e+00	   3.0000000e+00	   2.0000000e+00	   3.0000000e+00	   5.1660000e+03	
   2.0200000e+02	   2.1300000e+02	   2.1200000e+02	   8.0000000e+00	   1.0000000e+00	   3.4000000e+00	   3.3850000e+00	   3.0550000e+00	   3.0000000e+00	   2.0000000e+00	   1.0000000e+00	   1.0000000e+00	   1.8420000e+03	
   2.0100000e+02	   2.1300000e+02	   3.0100000e+02	   9.0000000e+00	   5.0000000e+00	   4.8100000e+00	   3.3850000e+00	   0.0000000e+00	   2.0000000e+00	   1.0000000e+00	   3.0000000e+00	   2.0000000e+00	   1.8380000e+03	
   1.0600000e+02	   2.0700000e+02	   3.0200000e+02	   1.0000000e+01	   5.0000000e+00	   5.0000000e+00	   3.6700000e+00	   1.9500000e-01	   1.0000000e+00	   3.0000000e+00	   2.0000000e+00	   1.0000000e+00	   1.6450000e+03	
   1.0200000e+02	   2.0500000e+02	   3.1100000e+02	   1.4000000e+01	   3.0000000e+00	   4.1100000e+00	   3.6100000e+00	   2.6050000e+00	   2.0000000e+00	   3.0000000e+00	   1.0000000e+00	   3.0000000e+00	   1.8450000e+03	
   2.0500000e+02	   3.0900000e+02	   3.1200000e+02	   1.5000000e+01	   1.0000000e+00	   3.6100000e+00	   3.5750000e+00	   1.2500000e-01	   2.0000000e+00	   3.0000000e+00	   1.0000000e+00	   2.0000000e+00	   1.5000000e+03	
   2.0700000e+02	   3.0900000e+02	   1.1100000e+02	   3.0000000e+00	   1.0000000e+00	   3.6700000e+00	   3.5750000e+00	   2.6950000e+00	   2.0000000e+00	   3.0000000e+00	   1.0000000e+00	   2.0000000e+00	   4.4130000e+03	
   2.0500000e+02	   3.0500000e+02	   1.1100000e+02	   3.0000000e+00	   5.0000000e+00	   3.6100000e+00	   4.9650000e+00	   2.6950000e+00	   1.0000000e+00	   3.0000000e+00	   2.0000000e+00	   3.0000000e+00	   2.5330000e+03	
   2.0700000e+02	   3.0900000e+02	   3.1100000e+02	   1.4000000e+01	   1.0000000e+00	   3.6700000e+00	   3.5750000e+00	   2.6050000e+00	   3.0000000e+00	   2.0000000e+00	   1.0000000e+00	   3.0000000e+00	   2.0630000e+03	
   1.0500000e+02	   1.0600000e+02	   3.0600000e+02	   1.2000000e+01	   4.0000000e+00	   3.7100000e+00	   5.0000000e+00	   7.7500000e-01	   3.0000000e+00	   2.0000000e+00	   1.0000000e+00	   2.0000000e+00	   9.7000000e+02	
   1.0200000e+02	   2.1500000e+02	   3.1000000e+02	   1.3000000e+01	   3.0000000e+00	   4.1100000e+00	   3.5000000e+00	   2.7200000e+00	   2.0000000e+00	   3.0000000e+00	   1.0000000e+00	   3.0000000e+00	   1.9540000e+03	
   2.1400000e+02	   3.0500000e+02	   1.1600000e+02	   6.0000000e+00	   5.0000000e+00	   3.5950000e+00	   4.9650000e+00	   2.9800000e+00	   2.0000000e+00	   1.0000000e+00	   3.0000000e+00	   1.0000000e+00	   1.4050000e+03	
   1.0500000e+02	   2.0100000e+02	   1.0100000e+02	   1.0000000e+00	   4.0000000e+00	   3.7100000e+00	   4.8100000e+00	   1.9350000e+00	   2.0000000e+00	   3.0000000e+00	   1.0000000e+00	   3.0000000e+00	   1.6590000e+03	
   2.1100000e+02	   3.0500000e+02	   3.1100000e+02	   1.4000000e+01	   5.0000000e+00	   3.6400000e+00	   4.9650000e+00	   2.6050000e+00	   1.0000000e+00	   3.0000000e+00	   2.0000000e+00	   3.0000000e+00	   1.8810000e+03	
   2.0500000e+02	   2.1300000e+02	   3.0400000e+02	   1.1000000e+01	   2.0000000e+00	   3.6100000e+00	   3.3850000e+00	   0.0000000e+00	   1.0000000e+00	   3.0000000e+00	   2.0000000e+00	   1.0000000e+00	   1.4210000e+03	
   1.0200000e+02	   3.0500000e+02	   2.1200000e+02	   8.0000000e+00	   3.0000000e+00	   4.1100000e+00	   4.9650000e+00	   3.0550000e+00	   1.0000000e+00	   2.0000000e+00	   3.0000000e+00	   2.0000000e+00	   1.4560000e+03	
   1.0600000e+02	   2.0200000e+02	   3.0400000e+02	   1.1000000e+01	   5.0000000e+00	   5.0000000e+00	   3.4000000e+00	   0.0000000e+00	   2.0000000e+00	   3.0000000e+00	   1.0000000e+00	   2.0000000e+00	   1.2770000e+03	
   1.0200000e+02	   2.1500000e+02	   2.1200000e+02	   8.0000000e+00	   3.0000000e+00	   4.1100000e+00	   3.5000000e+00	   3.0550000e+00	   2.0000000e+00	   1.0000000e+00	   3.0000000e+00	   1.0000000e+00	   1.8550000e+03	
   1.0200000e+02	   2.0200000e+02	   2.0800000e+02	   7.0000000e+00	   3.0000000e+00	   4.1100000e+00	   3.4000000e+00	   2.8000000e+00	   1.0000000e+00	   3.0000000e+00	   2.0000000e+00	   1.0000000e+00	   4.1770000e+03	
   1.0500000e+02	   2.1300000e+02	   1.1100000e+02	   3.0000000e+00	   3.0000000e+00	   3.7100000e+00	   3.3850000e+00	   2.6950000e+00	   1.0000000e+00	   2.0000000e+00	   3.0000000e+00	   2.0000000e+00	   6.8280000e+03	
   2.0200000e+02	   2.0500000e+02	   1.1200000e+02	   4.0000000e+00	   2.0000000e+00	   3.4000000e+00	   3.6100000e+00	   2.5050000e+00	   3.0000000e+00	   1.0000000e+00	   2.0000000e+00	   1.0000000e+00	   1.6180000e+03	
   1.0500000e+02	   2.1300000e+02	   3.0100000e+02	   9.0000000e+00	   3.0000000e+00	   3.7100000e+00	   3.3850000e+00	   0.0000000e+00	   2.0000000e+00	   1.0000000e+00	   3.0000000e+00	   1.0000000e+00	   3.9020000e+03	
   1.0200000e+02	   2.0400000e+02	   1.1600000e+02	   6.0000000e+00	   3.0000000e+00	   4.1100000e+00	   4.8900000e+00	   2.9800000e+00	   1.0000000e+00	   2.0000000e+00	   3.0000000e+00	   2.0000000e+00	   1.1930000e+03	
   2.1400000e+02	   3.0500000e+02	   3.1000000e+02	   1.3000000e+01	   5.0000000e+00	   3.5950000e+00	   4.9650000e+00	   2.7200000e+00	   2.0000000e+00	   3.0000000e+00	   1.0000000e+00	   3.0000000e+00	   1.6270000e+03	
   2.0700000e+02	   2.1400000e+02	   2.1200000e+02	   8.0000000e+00	   1.0000000e+00	   3.6700000e+00	   3.5950000e+00	   3.0550000e+00	   2.0000000e+00	   3.0000000e+00	   1.0000000e+00	   2.0000000e+00	   2.4310000e+03	
   2.0100000e+02	   2.1100000e+02	   3.1000000e+02	   1.3000000e+01	   4.0000000e+00	   4.8100000e+00	   3.6400000e+00	   2.7200000e+00	   3.0000000e+00	   2.0000000e+00	   1.0000000e+00	   3.0000000e+00	   1.2810000e+03	
   2.0500000e+02	   2.1500000e+02	   1.1300000e+02	   5.0000000e+00	   2.0000000e+00	   3.6100000e+00	   3.5000000e+00	   1.7800000e+00	   1.0000000e+00	   3.0000000e+00	   2.0000000e+00	   3.0000000e+00	   2.5130000e+03	
   2.0100000e+02	   3.0500000e+02	   3.0400000e+02	   1.1000000e+01	   2.0000000e+00	   4.8100000e+00	   4.9650000e+00	   0.0000000e+00	   2.0000000e+00	   3.0000000e+00	   1.0000000e+00	   3.0000000e+00	   2.1630000e+03	
   1.0600000e+02	   2.1100000e+02	   3.1200000e+02	   1.5000000e+01	   5.0000000e+00	   5.0000000e+00	   3.6400000e+00	   1.2500000e-01	   2.0000000e+00	   1.0000000e+00	   3.0000000e+00	   2.0000000e+00	   1.5250000e+03	
   3.0500000e+02	   3.0900000e+02	   3.0200000e+02	   1.0000000e+01	   5.0000000e+00	   4.9650000e+00	   3.5750000e+00	   1.9500000e-01	   1.0000000e+00	   3.0000000e+00	   2.0000000e+00	   1.0000000e+00	   1.4750000e+03	
   2.0700000e+02	   2.0900000e+02	   2.0800000e+02	   7.0000000e+00	   3.0000000e+00	   3.6700000e+00	   4.5350000e+00	   2.8000000e+00	   2.0000000e+00	   3.0000000e+00	   1.0000000e+00	   3.0000000e+00	   1.6810000e+03	
   1.0600000e+02	   2.0500000e+02	   1.1600000e+02	   6.0000000e+00	   5.0000000e+00	   5.0000000e+00	   3.6100000e+00	   2.9800000e+00	   1.0000000e+00	   3.0000000e+00	   2.0000000e+00	   1.0000000e+00	   1.3430000e+03	
   1.0600000e+02	   2.1300000e+02	   3.1200000e+02	   1.5000000e+01	   5.0000000e+00	   5.0000000e+00	   3.3850000e+00	   1.2500000e-01	   1.0000000e+00	   2.0000000e+00	   3.0000000e+00	   1.0000000e+00	   1.0600000e+03	
   1.0600000e+02	   3.0900000e+02	   3.0200000e+02	   1.0000000e+01	   5.0000000e+00	   5.0000000e+00	   3.5750000e+00	   1.9500000e-01	   1.0000000e+00	   3.0000000e+00	   2.0000000e+00	   1.0000000e+00	   1.0210000e+03	
   1.0200000e+02	   2.1100000e+02	   3.1100000e+02	   1.4000000e+01	   3.0000000e+00	   4.1100000e+00	   3.6400000e+00	   2.6050000e+00	   2.0000000e+00	   1.0000000e+00	   3.0000000e+00	   1.0000000e+00	   3.8750000e+03	
   2.0400000e+02	   2.1500000e+02	   3.0400000e+02	   1.1000000e+01	   5.0000000e+00	   4.8900000e+00	   3.5000000e+00	   0.0000000e+00	   1.0000000e+00	   3.0000000e+00	   2.0000000e+00	   1.0000000e+00	   1.0450000e+03	
   2.0900000e+02	   3.0500000e+02	   1.1600000e+02	   6.0000000e+00	   3.0000000e+00	   4.5350000e+00	   4.9650000e+00	   2.9800000e+00	   1.0000000e+00	   2.0000000e+00	   3.0000000e+00	   2.0000000e+00	   1.3840000e+03	
   2.1300000e+02	   2.1400000e+02	   2.1200000e+02	   8.0000000e+00	   2.0000000e+00	   3.3850000e+00	   3.5950000e+00	   3.0550000e+00	   1.0000000e+00	   3.0000000e+00	   2.0000000e+00	   3.0000000e+00	   2.9760000e+03	
   1.0600000e+02	   3.0900000e+02	   3.1100000e+02	   1.4000000e+01	   5.0000000e+00	   5.0000000e+00	   3.5750000e+00	   2.6050000e+00	   3.0000000e+00	   2.0000000e+00	   1.0000000e+00	   3.0000000e+00	   1.6130000e+03	
   1.0500000e+02	   2.0900000e+02	   1.0100000e+02	   1.0000000e+00	   3.0000000e+00	   3.7100000e+00	   4.5350000e+00	   1.9350000e+00	   3.0000000e+00	   1.0000000e+00	   2.0000000e+00	   1.0000000e+00	   2.4540000e+03	
   1.0200000e+02	   1.0600000e+02	   1.1100000e+02	   3.0000000e+00	   3.0000000e+00	   4.1100000e+00	   5.0000000e+00	   2.6950000e+00	   1.0000000e+00	   3.0000000e+00	   2.0000000e+00	   3.0000000e+00	   1.0970000e+03	
   2.0100000e+02	   2.1300000e+02	   3.1000000e+02	   1.3000000e+01	   5.0000000e+00	   4.8100000e+00	   3.3850000e+00	   2.7200000e+00	   1.0000000e+00	   3.0000000e+00	   2.0000000e+00	   1.0000000e+00	   1.4380000e+03	
   1.0200000e+02	   3.0500000e+02	   1.0100000e+02	   1.0000000e+00	   3.0000000e+00	   4.1100000e+00	   4.9650000e+00	   1.9350000e+00	   3.0000000e+00	   2.0000000e+00	   1.0000000e+00	   2.0000000e+00	   2.0770000e+03	
   2.1500000e+02	   3.0900000e+02	   1.1300000e+02	   5.0000000e+00	   1.0000000e+00	   3.5000000e+00	   3.5750000e+00	   1.7800000e+00	   3.0000000e+00	   1.0000000e+00	   2.0000000e+00	   3.0000000e+00	   1.5480000e+03	
   2.0100000e+02	   2.0400000e+02	   3.0200000e+02	   1.0000000e+01	   1.0000000e+00	   4.8100000e+00	   4.8900000e+00	   1.9500000e-01	   2.0000000e+00	   3.0000000e+00	   1.0000000e+00	   3.0000000e+00	   1.2550000e+03	
   2.0200000e+02	   3.0900000e+02	   1.0100000e+02	   1.0000000e+00	   2.0000000e+00	   3.4000000e+00	   3.5750000e+00	   1.9350000e+00	   2.0000000e+00	   1.0000000e+00	   3.0000000e+00	   1.0000000e+00	   1.4700000e+03	
   2.1100000e+02	   2.1500000e+02	   1.0100000e+02	   1.0000000e+00	   2.0000000e+00	   3.6400000e+00	   3.5000000e+00	   1.9350000e+00	   2.0000000e+00	   3.0000000e+00	   1.0000000e+00	   3.0000000e+00	   1.0230000e+03	
   2.1500000e+02	   3.0500000e+02	   2.0800000e+02	   7.0000000e+00	   5.0000000e+00	   3.5000000e+00	   4.9650000e+00	   2.8000000e+00	   2.0000000e+00	   1.0000000e+00	   3.0000000e+00	   1.0000000e+00	   1.8280000e+03	
   2.0400000e+02	   3.0500000e+02	   1.1600000e+02	   6.0000000e+00	   1.0000000e+00	   4.8900000e+00	   4.9650000e+00	   2.9800000e+00	   2.0000000e+00	   1.0000000e+00	   3.0000000e+00	   2.0000000e+00	   9.1100000e+02	
   2.0900000e+02	   2.1500000e+02	   3.0600000e+02	   1.2000000e+01	   4.0000000e+00	   4.5350000e+00	   3.5000000e+00	   7.7500000e-01	   2.0000000e+00	   1.0000000e+00	   3.0000000e+00	   1.0000000e+00	   2.1150000e+03	
   2.0400000e+02	   2.0500000e+02	   3.1100000e+02	   1.4000000e+01	   4.0000000e+00	   4.8900000e+00	   3.6100000e+00	   2.6050000e+00	   1.0000000e+00	   2.0000000e+00	   3.0000000e+00	   1.0000000e+00	   1.2150000e+03	
   2.0400000e+02	   2.0900000e+02	   3.1200000e+02	   1.5000000e+01	   3.0000000e+00	   4.8900000e+00	   4.5350000e+00	   1.2500000e-01	   2.0000000e+00	   1.0000000e+00	   3.0000000e+00	   2.0000000e+00	   8.9100000e+02	
   2.0100000e+02	   3.0900000e+02	   1.1600000e+02	   6.0000000e+00	   4.0000000e+00	   4.8100000e+00	   3.5750000e+00	   2.9800000e+00	   2.0000000e+00	   3.0000000e+00	   1.0000000e+00	   2.0000000e+00	   1.2050000e+03	
   1.0200000e+02	   1.0600000e+02	   1.0100000e+02	   1.0000000e+00	   3.0000000e+00	   4.1100000e+00	   5.0000000e+00	   1.9350000e+00	   2.0000000e+00	   1.0000000e+00	   3.0000000e+00	   1.0000000e+00	   1.2950000e+03	
   2.1400000e+02	   3.0500000e+02	   2.1200000e+02	   8.0000000e+00	   5.0000000e+00	   3.5950000e+00	   4.9650000e+00	   3.0550000e+00	   3.0000000e+00	   1.0000000e+00	   2.0000000e+00	   1.0000000e+00	   2.1290000e+03	
   1.0500000e+02	   2.0500000e+02	   3.0400000e+02	   1.1000000e+01	   1.0000000e+00	   3.7100000e+00	   3.6100000e+00	   0.0000000e+00	   3.0000000e+00	   2.0000000e+00	   1.0000000e+00	   2.0000000e+00	   1.4200000e+03	
   1.0600000e+02	   2.1500000e+02	   1.0100000e+02	   1.0000000e+00	   5.0000000e+00	   5.0000000e+00	   3.5000000e+00	   1.9350000e+00	   1.0000000e+00	   2.0000000e+00	   3.0000000e+00	   1.0000000e+00	   1.3530000e+03	
   2.1100000e+02	   3.0900000e+02	   3.1100000e+02	   1.4000000e+01	   1.0000000e+00	   3.6400000e+00	   3.5750000e+00	   2.6050000e+00	   3.0000000e+00	   2.0000000e+00	   1.0000000e+00	   2.0000000e+00	   2.7350000e+03	
   2.0100000e+02	   3.0500000e+02	   3.0600000e+02	   1.2000000e+01	   2.0000000e+00	   4.8100000e+00	   4.9650000e+00	   7.7500000e-01	   1.0000000e+00	   2.0000000e+00	   3.0000000e+00	   2.0000000e+00	   1.0870000e+03	
   1.0500000e+02	   1.0600000e+02	   3.1000000e+02	   1.3000000e+01	   4.0000000e+00	   3.7100000e+00	   5.0000000e+00	   2.7200000e+00	   1.0000000e+00	   3.0000000e+00	   2.0000000e+00	   3.0000000e+00	   1.1100000e+03	
   1.0200000e+02	   2.1100000e+02	   1.1000000e+02	   2.0000000e+00	   3.0000000e+00	   4.1100000e+00	   3.6400000e+00	   3.2150000e+00	   2.0000000e+00	   1.0000000e+00	   3.0000000e+00	   1.0000000e+00	   3.4280000e+03	
   1.0500000e+02	   2.0400000e+02	   2.1200000e+02	   8.0000000e+00	   4.0000000e+00	   3.7100000e+00	   4.8900000e+00	   3.0550000e+00	   1.0000000e+00	   3.0000000e+00	   2.0000000e+00	   3.0000000e+00	   1.2750000e+03	
   2.0100000e+02	   2.1300000e+02	   1.1300000e+02	   5.0000000e+00	   5.0000000e+00	   4.8100000e+00	   3.3850000e+00	   1.7800000e+00	   3.0000000e+00	   1.0000000e+00	   2.0000000e+00	   3.0000000e+00	   1.3030000e+03	
   1.0200000e+02	   2.0500000e+02	   1.1300000e+02	   5.0000000e+00	   3.0000000e+00	   4.1100000e+00	   3.6100000e+00	   1.7800000e+00	   2.0000000e+00	   1.0000000e+00	   3.0000000e+00	   1.0000000e+00	   1.7980000e+03	
   2.0200000e+02	   3.0500000e+02	   1.1300000e+02	   5.0000000e+00	   5.0000000e+00	   3.4000000e+00	   4.9650000e+00	   1.7800000e+00	   3.0000000e+00	   1.0000000e+00	   2.0000000e+00	   1.0000000e+00	   2.4530000e+03	
   2.0200000e+02	   2.0400000e+02	   3.1000000e+02	   1.3000000e+01	   5.0000000e+00	   3.4000000e+00	   4.8900000e+00	   2.7200000e+00	   1.0000000e+00	   3.0000000e+00	   2.0000000e+00	   3.0000000e+00	   1.0870000e+03	
   1.0500000e+02	   3.0500000e+02	   1.1000000e+02	   2.0000000e+00	   4.0000000e+00	   3.7100000e+00	   4.9650000e+00	   3.2150000e+00	   1.0000000e+00	   2.0000000e+00	   3.0000000e+00	   2.0000000e+00	   1.6130000e+03	
   1.0200000e+02	   1.0500000e+02	   1.1200000e+02	   4.0000000e+00	   3.0000000e+00	   4.1100000e+00	   3.7100000e+00	   2.5050000e+00	   3.0000000e+00	   2.0000000e+00	   1.0000000e+00	   3.0000000e+00	   1.6260000e+03	
   1.0600000e+02	   2.1500000e+02	   1.1200000e+02	   4.0000000e+00	   5.0000000e+00	   5.0000000e+00	   3.5000000e+00	   2.5050000e+00	   3.0000000e+00	   2.0000000e+00	   1.0000000e+00	   3.0000000e+00	   1.1180000e+03	
   2.0500000e+02	   2.0900000e+02	   1.0100000e+02	   1.0000000e+00	   4.0000000e+00	   3.6100000e+00	   4.5350000e+00	   1.9350000e+00	   1.0000000e+00	   2.0000000e+00	   3.0000000e+00	   1.0000000e+00	   1.4580000e+03	
   2.1400000e+02	   3.0500000e+02	   3.0600000e+02	   1.2000000e+01	   5.0000000e+00	   3.5950000e+00	   4.9650000e+00	   7.7500000e-01	   2.0000000e+00	   1.0000000e+00	   3.0000000e+00	   1.0000000e+00	   1.3970000e+03	
   2.0400000e+02	   2.1300000e+02	   1.1600000e+02	   6.0000000e+00	   5.0000000e+00	   4.8900000e+00	   3.3850000e+00	   2.9800000e+00	   3.0000000e+00	   2.0000000e+00	   1.0000000e+00	   3.0000000e+00	   9.2300000e+02	
   1.0200000e+02	   2.0900000e+02	   1.1300000e+02	   5.0000000e+00	   3.0000000e+00	   4.1100000e+00	   4.5350000e+00	   1.7800000e+00	   1.0000000e+00	   3.0000000e+00	   2.0000000e+00	   3.0000000e+00	   2.2000000e+03	
   1.0200000e+02	   3.0900000e+02	   1.1600000e+02	   6.0000000e+00	   3.0000000e+00	   4.1100000e+00	   3.5750000e+00	   2.9800000e+00	   1.0000000e+00	   2.0000000e+00	   3.0000000e+00	   1.0000000e+00	   1.5100000e+03	
   2.1500000e+02	   3.0900000e+02	   3.0400000e+02	   1.1000000e+01	   1.0000000e+00	   3.5000000e+00	   3.5750000e+00	   0.0000000e+00	   2.0000000e+00	   1.0000000e+00	   3.0000000e+00	   2.0000000e+00	   1.4360000e+03	
   1.0200000e+02	   2.1500000e+02	   1.1000000e+02	   2.0000000e+00	   3.0000000e+00	   4.1100000e+00	   3.5000000e+00	   3.2150000e+00	   1.0000000e+00	   2.0000000e+00	   3.0000000e+00	   2.0000000e+00	   1.6840000e+03	
   2.0400000e+02	   3.0500000e+02	   1.0100000e+02	   1.0000000e+00	   1.0000000e+00	   4.8900000e+00	   4.9650000e+00	   1.9350000e+00	   3.0000000e+00	   1.0000000e+00	   2.0000000e+00	   3.0000000e+00	   1.3140000e+03	
   2.0200000e+02	   3.0900000e+02	   3.0600000e+02	   1.2000000e+01	   2.0000000e+00	   3.4000000e+00	   3.5750000e+00	   7.7500000e-01	   2.0000000e+00	   3.0000000e+00	   1.0000000e+00	   3.0000000e+00	   1.7670000e+03	
   1.0200000e+02	   2.0100000e+02	   3.0600000e+02	   1.2000000e+01	   3.0000000e+00	   4.1100000e+00	   4.8100000e+00	   7.7500000e-01	   3.0000000e+00	   1.0000000e+00	   2.0000000e+00	   1.0000000e+00	   9.2100000e+02	
   2.0900000e+02	   2.1400000e+02	   2.0800000e+02	   7.0000000e+00	   4.0000000e+00	   4.5350000e+00	   3.5950000e+00	   2.8000000e+00	   3.0000000e+00	   2.0000000e+00	   1.0000000e+00	   3.0000000e+00	   1.3690000e+03	
   2.0200000e+02	   3.0900000e+02	   3.1000000e+02	   1.3000000e+01	   2.0000000e+00	   3.4000000e+00	   3.5750000e+00	   2.7200000e+00	   1.0000000e+00	   2.0000000e+00	   3.0000000e+00	   2.0000000e+00	   2.0140000e+03	
   2.0200000e+02	   3.0500000e+02	   3.1100000e+02	   1.4000000e+01	   5.0000000e+00	   3.4000000e+00	   4.9650000e+00	   2.6050000e+00	   1.0000000e+00	   2.0000000e+00	   3.0000000e+00	   2.0000000e+00	   1.2640000e+03	
   2.0200000e+02	   2.0700000e+02	   3.0400000e+02	   1.1000000e+01	   2.0000000e+00	   3.4000000e+00	   3.6700000e+00	   0.0000000e+00	   2.0000000e+00	   1.0000000e+00	   3.0000000e+00	   1.0000000e+00	   1.7860000e+03	
   2.1100000e+02	   3.0500000e+02	   1.1000000e+02	   2.0000000e+00	   5.0000000e+00	   3.6400000e+00	   4.9650000e+00	   3.2150000e+00	   2.0000000e+00	   3.0000000e+00	   1.0000000e+00	   3.0000000e+00	   1.6340000e+03	
   3.0500000e+02	   3.0900000e+02	   3.0100000e+02	   9.0000000e+00	   5.0000000e+00	   4.9650000e+00	   3.5750000e+00	   0.0000000e+00	   2.0000000e+00	   1.0000000e+00	   3.0000000e+00	   2.0000000e+00	   1.5910000e+03	
   2.0400000e+02	   3.0500000e+02	   2.1200000e+02	   8.0000000e+00	   1.0000000e+00	   4.8900000e+00	   4.9650000e+00	   3.0550000e+00	   2.0000000e+00	   3.0000000e+00	   1.0000000e+00	   2.0000000e+00	   9.2400000e+02	
   2.0500000e+02	   2.1300000e+02	   3.1200000e+02	   1.5000000e+01	   2.0000000e+00	   3.6100000e+00	   3.3850000e+00	   1.2500000e-01	   3.0000000e+00	   1.0000000e+00	   2.0000000e+00	   3.0000000e+00	   1.0770000e+03	
   2.0500000e+02	   2.0900000e+02	   3.0100000e+02	   9.0000000e+00	   4.0000000e+00	   3.6100000e+00	   4.5350000e+00	   0.0000000e+00	   2.0000000e+00	   1.0000000e+00	   3.0000000e+00	   2.0000000e+00	   1.5450000e+03	
   2.0100000e+02	   2.0500000e+02	   2.1200000e+02	   8.0000000e+00	   4.0000000e+00	   4.8100000e+00	   3.6100000e+00	   3.0550000e+00	   1.0000000e+00	   2.0000000e+00	   3.0000000e+00	   2.0000000e+00	   1.4550000e+03	
   2.0900000e+02	   2.1300000e+02	   3.0200000e+02	   1.0000000e+01	   4.0000000e+00	   4.5350000e+00	   3.3850000e+00	   1.9500000e-01	   3.0000000e+00	   1.0000000e+00	   2.0000000e+00	   3.0000000e+00	   1.5810000e+03	
   2.1100000e+02	   2.1400000e+02	   3.1100000e+02	   1.4000000e+01	   1.0000000e+00	   3.6400000e+00	   3.5950000e+00	   2.6050000e+00	   1.0000000e+00	   2.0000000e+00	   3.0000000e+00	   1.0000000e+00	   2.4920000e+03	
   2.0500000e+02	   2.0900000e+02	   1.1600000e+02	   6.0000000e+00	   4.0000000e+00	   3.6100000e+00	   4.5350000e+00	   2.9800000e+00	   1.0000000e+00	   3.0000000e+00	   2.0000000e+00	   1.0000000e+00	   1.6400000e+03	
   2.0900000e+02	   3.0500000e+02	   3.1000000e+02	   1.3000000e+01	   3.0000000e+00	   4.5350000e+00	   4.9650000e+00	   2.7200000e+00	   3.0000000e+00	   1.0000000e+00	   2.0000000e+00	   1.0000000e+00	   2.0330000e+03	
   1.0600000e+02	   2.1400000e+02	   1.0100000e+02	   1.0000000e+00	   5.0000000e+00	   5.0000000e+00	   3.5950000e+00	   1.9350000e+00	   2.0000000e+00	   3.0000000e+00	   1.0000000e+00	   2.0000000e+00	   1.0020000e+03	
   2.0700000e+02	   3.0500000e+02	   2.1200000e+02	   8.0000000e+00	   4.0000000e+00	   3.6700000e+00	   4.9650000e+00	   3.0550000e+00	   2.0000000e+00	   1.0000000e+00	   3.0000000e+00	   1.0000000e+00	   1.5010000e+03	
   1.0200000e+02	   2.0100000e+02	   2.1200000e+02	   8.0000000e+00	   3.0000000e+00	   4.1100000e+00	   4.8100000e+00	   3.0550000e+00	   1.0000000e+00	   3.0000000e+00	   2.0000000e+00	   3.0000000e+00	   1.5470000e+03	
   2.1100000e+02	   3.0500000e+02	   1.1200000e+02	   4.0000000e+00	   5.0000000e+00	   3.6400000e+00	   4.9650000e+00	   2.5050000e+00	   3.0000000e+00	   2.0000000e+00	   1.0000000e+00	   2.0000000e+00	   3.1600000e+03	
   2.0700000e+02	   2.1400000e+02	   3.1000000e+02	   1.3000000e+01	   1.0000000e+00	   3.6700000e+00	   3.5950000e+00	   2.7200000e+00	   3.0000000e+00	   2.0000000e+00	   1.0000000e+00	   3.0000000e+00	   1.8040000e+03	
   2.0500000e+02	   3.0500000e+02	   2.0800000e+02	   7.0000000e+00	   5.0000000e+00	   3.6100000e+00	   4.9650000e+00	   2.8000000e+00	   3.0000000e+00	   1.0000000e+00	   2.0000000e+00	   1.0000000e+00	   1.9880000e+03	
   1.0500000e+02	   1.0600000e+02	   1.0100000e+02	   1.0000000e+00	   4.0000000e+00	   3.7100000e+00	   5.0000000e+00	   1.9350000e+00	   3.0000000e+00	   2.0000000e+00	   1.0000000e+00	   2.0000000e+00	   1.2780000e+03	
   2.0100000e+02	   2.1500000e+02	   3.1200000e+02	   1.5000000e+01	   4.0000000e+00	   4.8100000e+00	   3.5000000e+00	   1.2500000e-01	   1.0000000e+00	   3.0000000e+00	   2.0000000e+00	   3.0000000e+00	   2.2510000e+03	
   1.0600000e+02	   2.1300000e+02	   3.0400000e+02	   1.1000000e+01	   5.0000000e+00	   5.0000000e+00	   3.3850000e+00	   0.0000000e+00	   3.0000000e+00	   1.0000000e+00	   2.0000000e+00	   3.0000000e+00	   8.8400000e+02	
   2.0200000e+02	   2.0500000e+02	   3.0200000e+02	   1.0000000e+01	   2.0000000e+00	   3.4000000e+00	   3.6100000e+00	   1.9500000e-01	   3.0000000e+00	   2.0000000e+00	   1.0000000e+00	   2.0000000e+00	   1.1760000e+03	
   1.0200000e+02	   2.1400000e+02	   3.0200000e+02	   1.0000000e+01	   3.0000000e+00	   4.1100000e+00	   3.5950000e+00	   1.9500000e-01	   1.0000000e+00	   2.0000000e+00	   3.0000000e+00	   1.0000000e+00	   1.1400000e+03	
   2.1300000e+02	   2.1500000e+02	   3.0600000e+02	   1.2000000e+01	   2.0000000e+00	   3.3850000e+00	   3.5000000e+00	   7.7500000e-01	   2.0000000e+00	   3.0000000e+00	   1.0000000e+00	   3.0000000e+00	   1.5860000e+03	
   1.0200000e+02	   3.0900000e+02	   3.1000000e+02	   1.3000000e+01	   3.0000000e+00	   4.1100000e+00	   3.5750000e+00	   2.7200000e+00	   1.0000000e+00	   3.0000000e+00	   2.0000000e+00	   1.0000000e+00	   2.7590000e+03	
   2.0700000e+02	   3.0500000e+02	   3.0100000e+02	   9.0000000e+00	   4.0000000e+00	   3.6700000e+00	   4.9650000e+00	   0.0000000e+00	   2.0000000e+00	   1.0000000e+00	   3.0000000e+00	   1.0000000e+00	   1.4210000e+03	
   2.1400000e+02	   2.1500000e+02	   1.1000000e+02	   2.0000000e+00	   1.0000000e+00	   3.5950000e+00	   3.5000000e+00	   3.2150000e+00	   3.0000000e+00	   1.0000000e+00	   2.0000000e+00	   1.0000000e+00	   1.8490000e+03	
   1.0500000e+02	   2.0400000e+02	   1.1200000e+02	   4.0000000e+00	   4.0000000e+00	   3.7100000e+00	   4.8900000e+00	   2.5050000e+00	   2.0000000e+00	   1.0000000e+00	   3.0000000e+00	   1.0000000e+00	   1.0330000e+03	
   1.0600000e+02	   2.0700000e+02	   1.1100000e+02	   3.0000000e+00	   5.0000000e+00	   5.0000000e+00	   3.6700000e+00	   2.6950000e+00	   1.0000000e+00	   3.0000000e+00	   2.0000000e+00	   1.0000000e+00	   1.4000000e+03	
   2.1100000e+02	   2.1400000e+02	   3.0200000e+02	   1.0000000e+01	   1.0000000e+00	   3.6400000e+00	   3.5950000e+00	   1.9500000e-01	   2.0000000e+00	   1.0000000e+00	   3.0000000e+00	   2.0000000e+00	   2.8570000e+03	
   2.1500000e+02	   3.0500000e+02	   1.1200000e+02	   4.0000000e+00	   5.0000000e+00	   3.5000000e+00	   4.9650000e+00	   2.5050000e+00	   2.0000000e+00	   3.0000000e+00	   1.0000000e+00	   3.0000000e+00	   2.0640000e+03	
   1.0600000e+02	   3.0900000e+02	   2.0800000e+02	   7.0000000e+00	   5.0000000e+00	   5.0000000e+00	   3.5750000e+00	   2.8000000e+00	   1.0000000e+00	   3.0000000e+00	   2.0000000e+00	   1.0000000e+00	   1.2760000e+03	
   2.0700000e+02	   3.0500000e+02	   3.0400000e+02	   1.1000000e+01	   4.0000000e+00	   3.6700000e+00	   4.9650000e+00	   0.0000000e+00	   1.0000000e+00	   2.0000000e+00	   3.0000000e+00	   2.0000000e+00	   2.6070000e+03	
   1.0200000e+02	   2.1300000e+02	   3.1200000e+02	   1.5000000e+01	   3.0000000e+00	   4.1100000e+00	   3.3850000e+00	   1.2500000e-01	   1.0000000e+00	   3.0000000e+00	   2.0000000e+00	   1.0000000e+00	   1.3270000e+03	
   1.0500000e+02	   2.1100000e+02	   3.0400000e+02	   1.1000000e+01	   1.0000000e+00	   3.7100000e+00	   3.6400000e+00	   0.0000000e+00	   3.0000000e+00	   2.0000000e+00	   1.0000000e+00	   2.0000000e+00	   1.6390000e+03	
   2.0400000e+02	   2.0700000e+02	   1.0100000e+02	   1.0000000e+00	   4.0000000e+00	   4.8900000e+00	   3.6700000e+00	   1.9350000e+00	   3.0000000e+00	   2.0000000e+00	   1.0000000e+00	   3.0000000e+00	   9.9400000e+02	
   2.0900000e+02	   3.0500000e+02	   3.0100000e+02	   9.0000000e+00	   3.0000000e+00	   4.5350000e+00	   4.9650000e+00	   0.0000000e+00	   3.0000000e+00	   2.0000000e+00	   1.0000000e+00	   2.0000000e+00	   2.6930000e+03	
   2.0700000e+02	   3.0900000e+02	   1.0100000e+02	   1.0000000e+00	   1.0000000e+00	   3.6700000e+00	   3.5750000e+00	   1.9350000e+00	   2.0000000e+00	   3.0000000e+00	   1.0000000e+00	   2.0000000e+00	   1.5800000e+03	
   2.0700000e+02	   2.1400000e+02	   3.0600000e+02	   1.2000000e+01	   1.0000000e+00	   3.6700000e+00	   3.5950000e+00	   7.7500000e-01	   1.0000000e+00	   3.0000000e+00	   2.0000000e+00	   1.0000000e+00	   1.3830000e+03	
   1.0200000e+02	   3.0900000e+02	   3.0400000e+02	   1.1000000e+01	   3.0000000e+00	   4.1100000e+00	   3.5750000e+00	   0.0000000e+00	   1.0000000e+00	   3.0000000e+00	   2.0000000e+00	   1.0000000e+00	   1.5340000e+03	
   2.0500000e+02	   2.1400000e+02	   3.0100000e+02	   9.0000000e+00	   1.0000000e+00	   3.6100000e+00	   3.5950000e+00	   0.0000000e+00	   1.0000000e+00	   2.0000000e+00	   3.0000000e+00	   1.0000000e+00	   1.9440000e+03	
   2.0500000e+02	   2.0700000e+02	   1.1200000e+02	   4.0000000e+00	   1.0000000e+00	   3.6100000e+00	   3.6700000e+00	   2.5050000e+00	   3.0000000e+00	   2.0000000e+00	   1.0000000e+00	   3.0000000e+00	   1.2810000e+03	
   2.0900000e+02	   2.1500000e+02	   1.1000000e+02	   2.0000000e+00	   4.0000000e+00	   4.5350000e+00	   3.5000000e+00	   3.2150000e+00	   1.0000000e+00	   2.0000000e+00	   3.0000000e+00	   2.0000000e+00	   4.0520000e+03	
   2.0100000e+02	   2.0900000e+02	   2.0800000e+02	   7.0000000e+00	   2.0000000e+00	   4.8100000e+00	   4.5350000e+00	   2.8000000e+00	   3.0000000e+00	   2.0000000e+00	   1.0000000e+00	   3.0000000e+00	   1.4870000e+03	
   1.0200000e+02	   2.0500000e+02	   2.0800000e+02	   7.0000000e+00	   3.0000000e+00	   4.1100000e+00	   3.6100000e+00	   2.8000000e+00	   1.0000000e+00	   2.0000000e+00	   3.0000000e+00	   2.0000000e+00	   1.9600000e+03	
   2.0100000e+02	   2.0700000e+02	   3.0400000e+02	   1.1000000e+01	   4.0000000e+00	   4.8100000e+00	   3.6700000e+00	   0.0000000e+00	   1.0000000e+00	   2.0000000e+00	   3.0000000e+00	   1.0000000e+00	   1.1650000e+03	
   1.0500000e+02	   2.0700000e+02	   3.1200000e+02	   1.5000000e+01	   1.0000000e+00	   3.7100000e+00	   3.6700000e+00	   1.2500000e-01	   1.0000000e+00	   3.0000000e+00	   2.0000000e+00	   3.0000000e+00	   2.9440000e+03	
   1.0200000e+02	   1.0500000e+02	   3.1100000e+02	   1.4000000e+01	   3.0000000e+00	   4.1100000e+00	   3.7100000e+00	   2.6050000e+00	   1.0000000e+00	   2.0000000e+00	   3.0000000e+00	   1.0000000e+00	   1.2740000e+03	
   2.0900000e+02	   3.0900000e+02	   3.1000000e+02	   1.3000000e+01	   4.0000000e+00	   4.5350000e+00	   3.5750000e+00	   2.7200000e+00	   2.0000000e+00	   1.0000000e+00	   3.0000000e+00	   2.0000000e+00	   1.7660000e+03	
   1.0500000e+02	   2.0200000e+02	   1.1100000e+02	   3.0000000e+00	   2.0000000e+00	   3.7100000e+00	   3.4000000e+00	   2.6950000e+00	   3.0000000e+00	   2.0000000e+00	   1.0000000e+00	   2.0000000e+00	   3.1370000e+03	
   3.0500000e+02	   3.0900000e+02	   3.0600000e+02	   1.2000000e+01	   5.0000000e+00	   4.9650000e+00	   3.5750000e+00	   7.7500000e-01	   2.0000000e+00	   3.0000000e+00	   1.0000000e+00	   2.0000000e+00	   9.4100000e+02	
   2.1100000e+02	   3.0900000e+02	   3.0600000e+02	   1.2000000e+01	   1.0000000e+00	   3.6400000e+00	   3.5750000e+00	   7.7500000e-01	   2.0000000e+00	   3.0000000e+00	   1.0000000e+00	   2.0000000e+00	   1.7940000e+03	
   1.0500000e+02	   2.0500000e+02	   2.0800000e+02	   7.0000000e+00	   1.0000000e+00	   3.7100000e+00	   3.6100000e+00	   2.8000000e+00	   3.0000000e+00	   2.0000000e+00	   1.0000000e+00	   2.0000000e+00	   9.6900000e+02	
   2.1300000e+02	   3.0900000e+02	   1.1000000e+02	   2.0000000e+00	   2.0000000e+00	   3.3850000e+00	   3.5750000e+00	   3.2150000e+00	   3.0000000e+00	   2.0000000e+00	   1.0000000e+00	   2.0000000e+00	   2.3080000e+03	
   2.0100000e+02	   2.0200000e+02	   3.1000000e+02	   1.3000000e+01	   5.0000000e+00	   4.8100000e+00	   3.4000000e+00	   2.7200000e+00	   2.0000000e+00	   1.0000000e+00	   3.0000000e+00	   2.0000000e+00	   2.1350000e+03	
   1.0600000e+02	   2.0400000e+02	   1.1200000e+02	   4.0000000e+00	   1.0000000e+00	   5.0000000e+00	   4.8900000e+00	   2.5050000e+00	   3.0000000e+00	   2.0000000e+00	   1.0000000e+00	   2.0000000e+00	   8.4300000e+02	
   2.0900000e+02	   3.0900000e+02	   2.0800000e+02	   7.0000000e+00	   4.0000000e+00	   4.5350000e+00	   3.5750000e+00	   2.8000000e+00	   2.0000000e+00	   1.0000000e+00	   3.0000000e+00	   2.0000000e+00	   1.7460000e+03	
   2.0700000e+02	   2.1500000e+02	   1.1000000e+02	   2.0000000e+00	   2.0000000e+00	   3.6700000e+00	   3.5000000e+00	   3.2150000e+00	   1.0000000e+00	   2.0000000e+00	   3.0000000e+00	   2.0000000e+00	   1.3940000e+03	
   1.0500000e+02	   2.1400000e+02	   1.1100000e+02	   3.0000000e+00	   2.0000000e+00	   3.7100000e+00	   3.5950000e+00	   2.6950000e+00	   3.0000000e+00	   1.0000000e+00	   2.0000000e+00	   1.0000000e+00	   2.4050000e+03	
   2.1100000e+02	   2.1300000e+02	   3.0100000e+02	   9.0000000e+00	   2.0000000e+00	   3.6400000e+00	   3.3850000e+00	   0.0000000e+00	   1.0000000e+00	   2.0000000e+00	   3.0000000e+00	   1.0000000e+00	   2.1130000e+03	
   2.0700000e+02	   2.0900000e+02	   3.1200000e+02	   1.5000000e+01	   3.0000000e+00	   3.6700000e+00	   4.5350000e+00	   1.2500000e-01	   1.0000000e+00	   3.0000000e+00	   2.0000000e+00	   3.0000000e+00	   1.7320000e+03	
   1.0200000e+02	   3.0900000e+02	   1.1300000e+02	   5.0000000e+00	   3.0000000e+00	   4.1100000e+00	   3.5750000e+00	   1.7800000e+00	   3.0000000e+00	   2.0000000e+00	   1.0000000e+00	   3.0000000e+00	   2.1080000e+03	
   2.1500000e+02	   3.0500000e+02	   3.0100000e+02	   9.0000000e+00	   5.0000000e+00	   3.5000000e+00	   4.9650000e+00	   0.0000000e+00	   3.0000000e+00	   1.0000000e+00	   2.0000000e+00	   1.0000000e+00	   1.5750000e+03	
   1.0200000e+02	   2.1500000e+02	   3.0200000e+02	   1.0000000e+01	   3.0000000e+00	   4.1100000e+00	   3.5000000e+00	   1.9500000e-01	   3.0000000e+00	   2.0000000e+00	   1.0000000e+00	   2.0000000e+00	   1.5340000e+03	
   2.0500000e+02	   2.1500000e+02	   2.1200000e+02	   8.0000000e+00	   2.0000000e+00	   3.6100000e+00	   3.5000000e+00	   3.0550000e+00	   2.0000000e+00	   1.0000000e+00	   3.0000000e+00	   2.0000000e+00	   1.4770000e+03	
   2.0700000e+02	   3.0900000e+02	   2.0800000e+02	   7.0000000e+00	   1.0000000e+00	   3.6700000e+00	   3.5750000e+00	   2.8000000e+00	   1.0000000e+00	   2.0000000e+00	   3.0000000e+00	   1.0000000e+00	   1.5780000e+03	
   2.0100000e+02	   2.1400000e+02	   3.0400000e+02	   1.1000000e+01	   4.0000000e+00	   4.8100000e+00	   3.5950000e+00	   0.0000000e+00	   3.0000000e+00	   1.0000000e+00	   2.0000000e+00	   3.0000000e+00	   1.3430000e+03	
   2.1100000e+02	   3.0900000e+02	   1.1000000e+02	   2.0000000e+00	   1.0000000e+00	   3.6400000e+00	   3.5750000e+00	   3.2150000e+00	   2.0000000e+00	   1.0000000e+00	   3.0000000e+00	   2.0000000e+00	   1.2730000e+03	
   2.0700000e+02	   2.1300000e+02	   1.1200000e+02	   4.0000000e+00	   2.0000000e+00	   3.6700000e+00	   3.3850000e+00	   2.5050000e+00	   1.0000000e+00	   3.0000000e+00	   2.0000000e+00	   1.0000000e+00	   1.5940000e+03	
   1.0500000e+02	   2.1100000e+02	   3.1000000e+02	   1.3000000e+01	   1.0000000e+00	   3.7100000e+00	   3.6400000e+00	   2.7200000e+00	   3.0000000e+00	   1.0000000e+00	   2.0000000e+00	   1.0000000e+00	   1.1990000e+03	
   2.1300000e+02	   3.0900000e+02	   3.1200000e+02	   1.5000000e+01	   2.0000000e+00	   3.3850000e+00	   3.5750000e+00	   1.2500000e-01	   3.0000000e+00	   2.0000000e+00	   1.0000000e+00	   2.0000000e+00	   2.1660000e+03	
   2.1100000e+02	   3.0900000e+02	   3.0200000e+02	   1.0000000e+01	   1.0000000e+00	   3.6400000e+00	   3.5750000e+00	   1.9500000e-01	   3.0000000e+00	   2.0000000e+00	   1.0000000e+00	   3.0000000e+00	   1.3270000e+03	
   2.0700000e+02	   2.1300000e+02	   2.0800000e+02	   7.0000000e+00	   2.0000000e+00	   3.6700000e+00	   3.3850000e+00	   2.8000000e+00	   1.0000000e+00	   2.0000000e+00	   3.0000000e+00	   1.0000000e+00	   1.4980000e+03	
   1.0200000e+02	   2.0500000e+02	   3.1200000e+02	   1.5000000e+01	   3.0000000e+00	   4.1100000e+00	   3.6100000e+00	   1.2500000e-01	   3.0000000e+00	   2.0000000e+00	   1.0000000e+00	   2.0000000e+00	   8.9100000e+02	
   1.0500000e+02	   1.0600000e+02	   1.1100000e+02	   3.0000000e+00	   4.0000000e+00	   3.7100000e+00	   5.0000000e+00	   2.6950000e+00	   3.0000000e+00	   1.0000000e+00	   2.0000000e+00	   1.0000000e+00	   1.0790000e+03	
   2.0900000e+02	   2.1300000e+02	   1.1000000e+02	   2.0000000e+00	   4.0000000e+00	   4.5350000e+00	   3.3850000e+00	   3.2150000e+00	   3.0000000e+00	   2.0000000e+00	   1.0000000e+00	   3.0000000e+00	   1.3800000e+03	
   2.0200000e+02	   2.1400000e+02	   3.0200000e+02	   1.0000000e+01	   2.0000000e+00	   3.4000000e+00	   3.5950000e+00	   1.9500000e-01	   2.0000000e+00	   3.0000000e+00	   1.0000000e+00	   3.0000000e+00	   1.8640000e+03	
   1.0500000e+02	   2.0100000e+02	   1.1000000e+02	   2.0000000e+00	   4.0000000e+00	   3.7100000e+00	   4.8100000e+00	   3.2150000e+00	   1.0000000e+00	   3.0000000e+00	   2.0000000e+00	   3.0000000e+00	   1.0230000e+03	
   1.0500000e+02	   3.0500000e+02	   3.1200000e+02	   1.5000000e+01	   4.0000000e+00	   3.7100000e+00	   4.9650000e+00	   1.2500000e-01	   1.0000000e+00	   3.0000000e+00	   2.0000000e+00	   3.0000000e+00	   1.1830000e+03	
   2.0500000e+02	   3.0500000e+02	   3.0600000e+02	   1.2000000e+01	   5.0000000e+00	   3.6100000e+00	   4.9650000e+00	   7.7500000e-01	   3.0000000e+00	   2.0000000e+00	   1.0000000e+00	   2.0000000e+00	   2.2140000e+03	
   2.0400000e+02	   2.1500000e+02	   3.1200000e+02	   1.5000000e+01	   5.0000000e+00	   4.8900000e+00	   3.5000000e+00	   1.2500000e-01	   3.0000000e+00	   1.0000000e+00	   2.0000000e+00	   3.0000000e+00	   1.4230000e+03	
   2.0100000e+02	   3.0900000e+02	   1.1200000e+02	   4.0000000e+00	   4.0000000e+00	   4.8100000e+00	   3.5750000e+00	   2.5050000e+00	   1.0000000e+00	   2.0000000e+00	   3.0000000e+00	   1.0000000e+00	   2.0930000e+03	
   2.0100000e+02	   2.1400000e+02	   2.0800000e+02	   7.0000000e+00	   4.0000000e+00	   4.8100000e+00	   3.5950000e+00	   2.8000000e+00	   2.0000000e+00	   1.0000000e+00	   3.0000000e+00	   2.0000000e+00	   1.7550000e+03	
   2.0400000e+02	   2.1500000e+02	   1.1000000e+02	   2.0000000e+00	   5.0000000e+00	   4.8900000e+00	   3.5000000e+00	   3.2150000e+00	   1.0000000e+00	   2.0000000e+00	   3.0000000e+00	   1.0000000e+00	   9.3700000e+02	
   2.0200000e+02	   2.1500000e+02	   2.0800000e+02	   7.0000000e+00	   1.0000000e+00	   3.4000000e+00	   3.5000000e+00	   2.8000000e+00	   1.0000000e+00	   2.0000000e+00	   3.0000000e+00	   2.0000000e+00	   1.5560000e+03	
   2.0900000e+02	   2.1100000e+02	   1.1600000e+02	   6.0000000e+00	   3.0000000e+00	   4.5350000e+00	   3.6400000e+00	   2.9800000e+00	   3.0000000e+00	   2.0000000e+00	   1.0000000e+00	   3.0000000e+00	   2.3900000e+03	
   1.0600000e+02	   3.0900000e+02	   3.1200000e+02	   1.5000000e+01	   5.0000000e+00	   5.0000000e+00	   3.5750000e+00	   1.2500000e-01	   3.0000000e+00	   1.0000000e+00	   2.0000000e+00	   3.0000000e+00	   4.9800000e+03	
   2.0500000e+02	   2.1100000e+02	   3.1000000e+02	   1.3000000e+01	   1.0000000e+00	   3.6100000e+00	   3.6400000e+00	   2.7200000e+00	   3.0000000e+00	   1.0000000e+00	   2.0000000e+00	   3.0000000e+00	   1.2940000e+03	
   2.0200000e+02	   2.0700000e+02	   1.1600000e+02	   6.0000000e+00	   2.0000000e+00	   3.4000000e+00	   3.6700000e+00	   2.9800000e+00	   2.0000000e+00	   3.0000000e+00	   1.0000000e+00	   3.0000000e+00	   1.3440000e+03	
   2.0400000e+02	   2.1400000e+02	   3.1100000e+02	   1.4000000e+01	   4.0000000e+00	   4.8900000e+00	   3.5950000e+00	   2.6050000e+00	   2.0000000e+00	   3.0000000e+00	   1.0000000e+00	   2.0000000e+00	   1.0270000e+03	
   1.0500000e+02	   2.0100000e+02	   3.1000000e+02	   1.3000000e+01	   4.0000000e+00	   3.7100000e+00	   4.8100000e+00	   2.7200000e+00	   1.0000000e+00	   3.0000000e+00	   2.0000000e+00	   3.0000000e+00	   1.1720000e+03	
   1.0600000e+02	   2.1500000e+02	   2.1200000e+02	   8.0000000e+00	   5.0000000e+00	   5.0000000e+00	   3.5000000e+00	   3.0550000e+00	   2.0000000e+00	   1.0000000e+00	   3.0000000e+00	   2.0000000e+00	   1.2670000e+03	
   2.0200000e+02	   2.0400000e+02	   1.1300000e+02	   5.0000000e+00	   5.0000000e+00	   3.4000000e+00	   4.8900000e+00	   1.7800000e+00	   3.0000000e+00	   2.0000000e+00	   1.0000000e+00	   2.0000000e+00	   8.4800000e+02	
   2.1300000e+02	   2.1500000e+02	   1.1100000e+02	   3.0000000e+00	   2.0000000e+00	   3.3850000e+00	   3.5000000e+00	   2.6950000e+00	   1.0000000e+00	   2.0000000e+00	   3.0000000e+00	   2.0000000e+00	   1.7110000e+03	
   2.0500000e+02	   2.0900000e+02	   3.1100000e+02	   1.4000000e+01	   4.0000000e+00	   3.6100000e+00	   4.5350000e+00	   2.6050000e+00	   2.0000000e+00	   3.0000000e+00	   1.0000000e+00	   2.0000000e+00	   2.2540000e+03	
   2.0200000e+02	   2.1300000e+02	   2.0800000e+02	   7.0000000e+00	   1.0000000e+00	   3.4000000e+00	   3.3850000e+00	   2.8000000e+00	   3.0000000e+00	   2.0000000e+00	   1.0000000e+00	   2.0000000e+00	   3.1830000e+03	
   2.0200000e+02	   2.1100000e+02	   1.1100000e+02	   3.0000000e+00	   2.0000000e+00	   3.4000000e+00	   3.6400000e+00	   2.6950000e+00	   2.0000000e+00	   3.0000000e+00	   1.0000000e+00	   3.0000000e+00	   2.9330000e+03	
   2.1100000e+02	   2.1300000e+02	   2.1200000e+02	   8.0000000e+00	   2.0000000e+00	   3.6400000e+00	   3.3850000e+00	   3.0550000e+00	   1.0000000e+00	   3.0000000e+00	   2.0000000e+00	   1.0000000e+00	   1.4450000e+03	
   2.1500000e+02	   3.0900000e+02	   1.1600000e+02	   6.0000000e+00	   1.0000000e+00	   3.5000000e+00	   3.5750000e+00	   2.9800000e+00	   2.0000000e+00	   3.0000000e+00	   1.0000000e+00	   2.0000000e+00	   1.2920000e+03	
   2.0500000e+02	   2.1100000e+02	   1.1100000e+02	   3.0000000e+00	   1.0000000e+00	   3.6100000e+00	   3.6400000e+00	   2.6950000e+00	   3.0000000e+00	   2.0000000e+00	   1.0000000e+00	   3.0000000e+00	   1.5650000e+03	
   1.0600000e+02	   2.0700000e+02	   3.0600000e+02	   1.2000000e+01	   5.0000000e+00	   5.0000000e+00	   3.6700000e+00	   7.7500000e-01	   2.0000000e+00	   1.0000000e+00	   3.0000000e+00	   2.0000000e+00	   1.0550000e+03	
   2.1100000e+02	   3.0900000e+02	   3.0100000e+02	   9.0000000e+00	   1.0000000e+00	   3.6400000e+00	   3.5750000e+00	   0.0000000e+00	   1.0000000e+00	   3.0000000e+00	   2.0000000e+00	   1.0000000e+00	   1.4420000e+03	
   2.0500000e+02	   3.0500000e+02	   1.1000000e+02	   2.0000000e+00	   5.0000000e+00	   3.6100000e+00	   4.9650000e+00	   3.2150000e+00	   1.0000000e+00	   3.0000000e+00	   2.0000000e+00	   3.0000000e+00	   1.5430000e+03	
   2.0100000e+02	   3.0900000e+02	   2.0800000e+02	   7.0000000e+00	   4.0000000e+00	   4.8100000e+00	   3.5750000e+00	   2.8000000e+00	   3.0000000e+00	   2.0000000e+00	   1.0000000e+00	   3.0000000e+00	   1.7920000e+03	
   2.0500000e+02	   3.0900000e+02	   1.1300000e+02	   5.0000000e+00	   1.0000000e+00	   3.6100000e+00	   3.5750000e+00	   1.7800000e+00	   3.0000000e+00	   2.0000000e+00	   1.0000000e+00	   3.0000000e+00	   1.1460000e+03	
   1.0200000e+02	   1.0600000e+02	   3.0600000e+02	   1.2000000e+01	   3.0000000e+00	   4.1100000e+00	   5.0000000e+00	   7.7500000e-01	   3.0000000e+00	   2.0000000e+00	   1.0000000e+00	   2.0000000e+00	   1.1950000e+03	
   1.0200000e+02	   2.1400000e+02	   3.0600000e+02	   1.2000000e+01	   3.0000000e+00	   4.1100000e+00	   3.5950000e+00	   7.7500000e-01	   3.0000000e+00	   2.0000000e+00	   1.0000000e+00	   3.0000000e+00	   2.4310000e+03	
   2.0500000e+02	   2.1300000e+02	   3.1100000e+02	   1.4000000e+01	   2.0000000e+00	   3.6100000e+00	   3.3850000e+00	   2.6050000e+00	   2.0000000e+00	   1.0000000e+00	   3.0000000e+00	   2.0000000e+00	   1.1890000e+03	
   1.0200000e+02	   2.1500000e+02	   1.1100000e+02	   3.0000000e+00	   3.0000000e+00	   4.1100000e+00	   3.5000000e+00	   2.6950000e+00	   2.0000000e+00	   1.0000000e+00	   3.0000000e+00	   1.0000000e+00	   1.8990000e+03	
   2.1400000e+02	   3.0900000e+02	   3.0100000e+02	   9.0000000e+00	   1.0000000e+00	   3.5950000e+00	   3.5750000e+00	   0.0000000e+00	   2.0000000e+00	   3.0000000e+00	   1.0000000e+00	   2.0000000e+00	   2.8630000e+03	
   2.1100000e+02	   3.0900000e+02	   1.1200000e+02	   4.0000000e+00	   1.0000000e+00	   3.6400000e+00	   3.5750000e+00	   2.5050000e+00	   2.0000000e+00	   3.0000000e+00	   1.0000000e+00	   2.0000000e+00	   3.1050000e+03	
   2.0700000e+02	   2.1500000e+02	   2.0800000e+02	   7.0000000e+00	   2.0000000e+00	   3.6700000e+00	   3.5000000e+00	   2.8000000e+00	   1.0000000e+00	   3.0000000e+00	   2.0000000e+00	   3.0000000e+00	   1.5240000e+03	
   2.0100000e+02	   2.1100000e+02	   2.1200000e+02	   8.0000000e+00	   4.0000000e+00	   4.8100000e+00	   3.6400000e+00	   3.0550000e+00	   3.0000000e+00	   2.0000000e+00	   1.0000000e+00	   3.0000000e+00	   1.1960000e+03	
   1.0500000e+02	   2.0700000e+02	   1.1100000e+02	   3.0000000e+00	   1.0000000e+00	   3.7100000e+00	   3.6700000e+00	   2.6950000e+00	   3.0000000e+00	   1.0000000e+00	   2.0000000e+00	   1.0000000e+00	   1.5250000e+03	
   1.0500000e+02	   2.0200000e+02	   1.1000000e+02	   2.0000000e+00	   2.0000000e+00	   3.7100000e+00	   3.4000000e+00	   3.2150000e+00	   1.0000000e+00	   3.0000000e+00	   2.0000000e+00	   3.0000000e+00	   3.8520000e+03	
   2.1300000e+02	   3.0900000e+02	   3.1100000e+02	   1.4000000e+01	   2.0000000e+00	   3.3850000e+00	   3.5750000e+00	   2.6050000e+00	   1.0000000e+00	   3.0000000e+00	   2.0000000e+00	   3.0000000e+00	   4.1380000e+03	
   2.0100000e+02	   3.0900000e+02	   1.1100000e+02	   3.0000000e+00	   4.0000000e+00	   4.8100000e+00	   3.5750000e+00	   2.6950000e+00	   1.0000000e+00	   3.0000000e+00	   2.0000000e+00	   1.0000000e+00	   1.5610000e+03	
   2.0500000e+02	   2.1300000e+02	   1.1600000e+02	   6.0000000e+00	   2.0000000e+00	   3.6100000e+00	   3.3850000e+00	   2.9800000e+00	   1.0000000e+00	   2.0000000e+00	   3.0000000e+00	   1.0000000e+00	   1.0890000e+03	
   2.0100000e+02	   2.0900000e+02	   3.0100000e+02	   9.0000000e+00	   2.0000000e+00	   4.8100000e+00	   4.5350000e+00	   0.0000000e+00	   3.0000000e+00	   2.0000000e+00	   1.0000000e+00	   3.0000000e+00	   1.2560000e+03	
   2.0200000e+02	   2.1400000e+02	   2.1200000e+02	   8.0000000e+00	   2.0000000e+00	   3.4000000e+00	   3.5950000e+00	   3.0550000e+00	   2.0000000e+00	   3.0000000e+00	   1.0000000e+00	   3.0000000e+00	   4.2370000e+03	
   2.0400000e+02	   3.0500000e+02	   3.0600000e+02	   1.2000000e+01	   1.0000000e+00	   4.8900000e+00	   4.9650000e+00	   7.7500000e-01	   1.0000000e+00	   3.0000000e+00	   2.0000000e+00	   1.0000000e+00	   9.8500000e+02	
   2.0400000e+02	   2.0700000e+02	   1.1300000e+02	   5.0000000e+00	   4.0000000e+00	   4.8900000e+00	   3.6700000e+00	   1.7800000e+00	   3.0000000e+00	   1.0000000e+00	   2.0000000e+00	   3.0000000e+00	   8.8100000e+02	
   1.0600000e+02	   2.0500000e+02	   1.1100000e+02	   3.0000000e+00	   5.0000000e+00	   5.0000000e+00	   3.6100000e+00	   2.6950000e+00	   1.0000000e+00	   2.0000000e+00	   3.0000000e+00	   1.0000000e+00	   1.0930000e+03	
   2.1100000e+02	   2.1400000e+02	   2.1200000e+02	   8.0000000e+00	   1.0000000e+00	   3.6400000e+00	   3.5950000e+00	   3.0550000e+00	   1.0000000e+00	   3.0000000e+00	   2.0000000e+00	   1.0000000e+00	   2.9620000e+03	
   2.0200000e+02	   2.0700000e+02	   3.0100000e+02	   9.0000000e+00	   2.0000000e+00	   3.4000000e+00	   3.6700000e+00	   0.0000000e+00	   2.0000000e+00	   3.0000000e+00	   1.0000000e+00	   3.0000000e+00	   1.4360000e+03	
   1.0200000e+02	   2.0900000e+02	   1.1000000e+02	   2.0000000e+00	   3.0000000e+00	   4.1100000e+00	   4.5350000e+00	   3.2150000e+00	   2.0000000e+00	   3.0000000e+00	   1.0000000e+00	   3.0000000e+00	   1.5130000e+03	
   1.0600000e+02	   3.0500000e+02	   1.0100000e+02	   1.0000000e+00	   1.0000000e+00	   5.0000000e+00	   4.9650000e+00	   1.9350000e+00	   2.0000000e+00	   1.0000000e+00	   3.0000000e+00	   2.0000000e+00	   1.6810000e+03	
   2.0700000e+02	   2.1500000e+02	   3.1200000e+02	   1.5000000e+01	   2.0000000e+00	   3.6700000e+00	   3.5000000e+00	   1.2500000e-01	   3.0000000e+00	   1.0000000e+00	   2.0000000e+00	   1.0000000e+00	   1.5680000e+03	
   1.0200000e+02	   1.0600000e+02	   3.0100000e+02	   9.0000000e+00	   3.0000000e+00	   4.1100000e+00	   5.0000000e+00	   0.0000000e+00	   2.0000000e+00	   3.0000000e+00	   1.0000000e+00	   3.0000000e+00	   8.6800000e+02	
   3.0500000e+02	   3.0900000e+02	   1.1600000e+02	   6.0000000e+00	   5.0000000e+00	   4.9650000e+00	   3.5750000e+00	   2.9800000e+00	   1.0000000e+00	   2.0000000e+00	   3.0000000e+00	   1.0000000e+00	   1.0720000e+03	
   1.0500000e+02	   2.0900000e+02	   3.0200000e+02	   1.0000000e+01	   3.0000000e+00	   3.7100000e+00	   4.5350000e+00	   1.9500000e-01	   1.0000000e+00	   3.0000000e+00	   2.0000000e+00	   3.0000000e+00	   1.2510000e+03	
   1.0200000e+02	   3.0900000e+02	   3.0100000e+02	   9.0000000e+00	   3.0000000e+00	   4.1100000e+00	   3.5750000e+00	   0.0000000e+00	   3.0000000e+00	   2.0000000e+00	   1.0000000e+00	   3.0000000e+00	   1.8040000e+03	
   2.0900000e+02	   3.0900000e+02	   1.1100000e+02	   3.0000000e+00	   4.0000000e+00	   4.5350000e+00	   3.5750000e+00	   2.6950000e+00	   2.0000000e+00	   3.0000000e+00	   1.0000000e+00	   2.0000000e+00	   1.6820000e+03	
   2.0900000e+02	   2.1300000e+02	   1.1300000e+02	   5.0000000e+00	   4.0000000e+00	   4.5350000e+00	   3.3850000e+00	   1.7800000e+00	   3.0000000e+00	   2.0000000e+00	   1.0000000e+00	   3.0000000e+00	   1.2900000e+03	
   2.1400000e+02	   2.1500000e+02	   1.0100000e+02	   1.0000000e+00	   1.0000000e+00	   3.5950000e+00	   3.5000000e+00	   1.9350000e+00	   1.0000000e+00	   2.0000000e+00	   3.0000000e+00	   2.0000000e+00	   1.3760000e+03	
   1.0200000e+02	   2.0100000e+02	   1.1200000e+02	   4.0000000e+00	   3.0000000e+00	   4.1100000e+00	   4.8100000e+00	   2.5050000e+00	   2.0000000e+00	   3.0000000e+00	   1.0000000e+00	   3.0000000e+00	   9.4600000e+02	
   2.1500000e+02	   3.0900000e+02	   1.1100000e+02	   3.0000000e+00	   1.0000000e+00	   3.5000000e+00	   3.5750000e+00	   2.6950000e+00	   1.0000000e+00	   2.0000000e+00	   3.0000000e+00	   1.0000000e+00	   1.1340000e+03	
   2.0500000e+02	   2.1100000e+02	   3.1200000e+02	   1.5000000e+01	   1.0000000e+00	   3.6100000e+00	   3.6400000e+00	   1.2500000e-01	   2.0000000e+00	   1.0000000e+00	   3.0000000e+00	   2.0000000e+00	   1.4810000e+03	
   2.0900000e+02	   2.1500000e+02	   1.1300000e+02	   5.0000000e+00	   4.0000000e+00	   4.5350000e+00	   3.5000000e+00	   1.7800000e+00	   2.0000000e+00	   3.0000000e+00	   1.0000000e+00	   3.0000000e+00	   2.1300000e+03	
   1.0500000e+02	   2.0100000e+02	   1.1200000e+02	   4.0000000e+00	   4.0000000e+00	   3.7100000e+00	   4.8100000e+00	   2.5050000e+00	   3.0000000e+00	   1.0000000e+00	   2.0000000e+00	   1.0000000e+00	   1.6770000e+03	
   2.1100000e+02	   2.1400000e+02	   3.1200000e+02	   1.5000000e+01	   1.0000000e+00	   3.6400000e+00	   3.5950000e+00	   1.2500000e-01	   1.0000000e+00	   3.0000000e+00	   2.0000000e+00	   1.0000000e+00	   2.7170000e+03	
   2.0900000e+02	   2.1400000e+02	   3.0200000e+02	   1.0000000e+01	   4.0000000e+00	   4.5350000e+00	   3.5950000e+00	   1.9500000e-01	   1.0000000e+00	   2.0000000e+00	   3.0000000e+00	   1.0000000e+00	   1.1900000e+03	
   1.0500000e+02	   3.0500000e+02	   3.1100000e+02	   1.4000000e+01	   4.0000000e+00	   3.7100000e+00	   4.9650000e+00	   2.6050000e+00	   1.0000000e+00	   3.0000000e+00	   2.0000000e+00	   3.0000000e+00	   1.4950000e+03	
   2.0100000e+02	   2.1400000e+02	   3.0100000e+02	   9.0000000e+00	   4.0000000e+00	   4.8100000e+00	   3.5950000e+00	   0.0000000e+00	   1.0000000e+00	   3.0000000e+00	   2.0000000e+00	   1.0000000e+00	   1.2190000e+03	
   1.0200000e+02	   2.0500000e+02	   3.1000000e+02	   1.3000000e+01	   3.0000000e+00	   4.1100000e+00	   3.6100000e+00	   2.7200000e+00	   2.0000000e+00	   3.0000000e+00	   1.0000000e+00	   3.0000000e+00	   1.2770000e+03	
   2.0900000e+02	   3.0500000e+02	   3.0400000e+02	   1.1000000e+01	   3.0000000e+00	   4.5350000e+00	   4.9650000e+00	   0.0000000e+00	   1.0000000e+00	   2.0000000e+00	   3.0000000e+00	   2.0000000e+00	   9.5500000e+02	
   1.0500000e+02	   2.0900000e+02	   2.0800000e+02	   7.0000000e+00	   3.0000000e+00	   3.7100000e+00	   4.5350000e+00	   2.8000000e+00	   1.0000000e+00	   2.0000000e+00	   3.0000000e+00	   2.0000000e+00	   1.2990000e+03	
   2.0400000e+02	   2.1400000e+02	   1.1100000e+02	   3.0000000e+00	   4.0000000e+00	   4.8900000e+00	   3.5950000e+00	   2.6950000e+00	   2.0000000e+00	   3.0000000e+00	   1.0000000e+00	   2.0000000e+00	   8.8900000e+02	
   2.0500000e+02	   2.1500000e+02	   3.1000000e+02	   1.3000000e+01	   2.0000000e+00	   3.6100000e+00	   3.5000000e+00	   2.7200000e+00	   3.0000000e+00	   1.0000000e+00	   2.0000000e+00	   1.0000000e+00	   1.4810000e+03	
   2.0100000e+02	   2.1400000e+02	   1.1600000e+02	   6.0000000e+00	   4.0000000e+00	   4.8100000e+00	   3.5950000e+00	   2.9800000e+00	   1.0000000e+00	   2.0000000e+00	   3.0000000e+00	   1.0000000e+00	   1.3780000e+03	
