   1.0000000e+00	   1.0100000e+02	   1.0000000e+00	   4.3000000e-01	   3.6640000e+03	   1.5700000e+00	   3.1660000e+03	
   2.0000000e+00	   2.0700000e+02	   2.0000000e+00	   3.9400000e+00	   2.6360000e+03	   2.1000000e+00	   2.0000000e+03	
   3.0000000e+00	   2.0500000e+02	   2.0000000e+00	   4.5300000e+00	   2.2020000e+03	   1.3900000e+00	   1.2320000e+03	
   4.0000000e+00	   2.1100000e+02	   2.0000000e+00	   2.6600000e+00	   2.0380000e+03	   2.3200000e+00	   2.9660000e+03	
   5.0000000e+00	   1.1300000e+02	   1.0000000e+00	   4.2100000e+00	   1.9030000e+03	   2.6300000e+00	   3.4330000e+03	
   6.0000000e+00	   3.0700000e+02	   3.0000000e+00	   2.3500000e+00	   2.2370000e+03	   3.8200000e+00	   1.7330000e+03	
   7.0000000e+00	   3.0800000e+02	   3.0000000e+00	   1.1900000e+00	   1.9890000e+03	   3.6400000e+00	   1.3660000e+03	
   8.0000000e+00	   1.0400000e+02	   1.0000000e+00	   2.7400000e+00	   2.9560000e+03	   1.6500000e+00	   2.1670000e+03	
   9.0000000e+00	   2.0200000e+02	   2.0000000e+00	   2.7100000e+00	   1.8560000e+03	   2.1600000e+00	   2.4330000e+03	
   1.0000000e+01	   1.1500000e+02	   1.0000000e+00	   1.6100000e+00	   1.7550000e+03	   1.0500000e+00	   1.5650000e+03	
   1.1000000e+01	   3.1000000e+02	   3.0000000e+00	   2.6700000e+00	   2.2560000e+03	   7.0000000e-01	   2.0670000e+03	
   1.2000000e+01	   3.0200000e+02	   3.0000000e+00	   1.5000000e-01	   2.3560000e+03	   1.4500000e+00	   1.9660000e+03	
   1.3000000e+01	   2.1300000e+02	   2.0000000e+00	   2.8800000e+00	   1.5230000e+03	   1.3700000e+00	   1.3660000e+03	
   1.4000000e+01	   1.0900000e+02	   1.0000000e+00	   4.1400000e+00	   2.0900000e+03	   4.1600000e+00	   2.0000000e+03	
   1.5000000e+01	   3.0900000e+02	   3.0000000e+00	   4.1700000e+00	   2.8910000e+03	   3.0400000e+00	   3.0990000e+03	
   1.6000000e+01	   3.1400000e+02	   3.0000000e+00	   1.3000000e-01	   2.4720000e+03	   2.3400000e+00	   1.5990000e+03	
   1.7000000e+01	   2.0900000e+02	   2.0000000e+00	   3.5100000e+00	   3.1890000e+03	   1.3900000e+00	   1.6340000e+03	
   1.8000000e+01	   3.0500000e+02	   3.0000000e+00	   3.0200000e+00	   3.0890000e+03	   2.1800000e+00	   1.4660000e+03	
   1.9000000e+01	   2.0100000e+02	   2.0000000e+00	   4.6600000e+00	   1.9560000e+03	   2.1200000e+00	   2.0340000e+03	
   2.0000000e+01	   2.1400000e+02	   2.0000000e+00	   5.0000000e-01	   3.0890000e+03	   3.2100000e+00	   2.3320000e+03	
   2.1000000e+01	   1.0600000e+02	   1.0000000e+00	   3.6900000e+00	   1.5560000e+03	   3.0700000e+00	   2.1660000e+03	
   2.2000000e+01	   1.1400000e+02	   1.0000000e+00	   6.9000000e-01	   3.1560000e+03	   3.5700000e+00	   8.3300000e+02	
   2.3000000e+01	   3.1200000e+02	   3.0000000e+00	   5.0000000e-02	   2.1230000e+03	   4.2600000e+00	   9.0100000e+02	
   2.4000000e+01	   1.0800000e+02	   1.0000000e+00	   2.8200000e+00	   2.2710000e+03	   1.7500000e+00	   1.4660000e+03	
   2.5000000e+01	   1.0300000e+02	   1.0000000e+00	   2.5400000e+00	   1.5890000e+03	   1.2700000e+00	   2.3320000e+03	
   2.6000000e+01	   2.1500000e+02	   2.0000000e+00	   3.5600000e+00	   1.9900000e+03	   2.5900000e+00	   2.2160000e+03	
   2.7000000e+01	   3.0400000e+02	   3.0000000e+00	   1.9000000e-01	   1.8560000e+03	   3.4100000e+00	   1.6650000e+03	
   2.8000000e+01	   3.1300000e+02	   3.0000000e+00	   1.3900000e+00	   1.8560000e+03	   1.3000000e-01	   2.2660000e+03	
   2.9000000e+01	   1.0500000e+02	   1.0000000e+00	   1.8100000e+00	   4.1040000e+03	   1.7100000e+00	   1.0990000e+03	
   3.0000000e+01	   3.0100000e+02	   3.0000000e+00	   8.0000000e-02	   3.5550000e+03	   3.1700000e+00	   2.7000000e+03	
   3.1000000e+01	   1.1000000e+02	   1.0000000e+00	   2.5700000e+00	   3.5370000e+03	   1.1500000e+00	   1.7990000e+03	
   3.2000000e+01	   2.0800000e+02	   2.0000000e+00	   3.3800000e+00	   2.1230000e+03	   3.3600000e+00	   9.9900000e+02	
   3.3000000e+01	   1.0700000e+02	   1.0000000e+00	   1.4400000e+00	   1.5550000e+03	   3.2600000e+00	   2.0660000e+03	
   3.4000000e+01	   1.0200000e+02	   1.0000000e+00	   3.7100000e+00	   1.9050000e+03	   2.4300000e+00	   1.0330000e+03	
   3.5000000e+01	   3.0600000e+02	   3.0000000e+00	   1.2000000e-01	   3.4210000e+03	   3.9000000e+00	   2.6330000e+03	
   3.6000000e+01	   2.1000000e+02	   2.0000000e+00	   3.1900000e+00	   3.1550000e+03	   1.7200000e+00	   1.4660000e+03	
   3.7000000e+01	   2.0300000e+02	   2.0000000e+00	   2.3900000e+00	   2.0220000e+03	   1.8800000e+00	   8.6600000e+02	
   3.8000000e+01	   1.1100000e+02	   1.0000000e+00	   2.7300000e+00	   1.7560000e+03	   3.1900000e+00	   1.5670000e+03	
   3.9000000e+01	   2.0600000e+02	   2.0000000e+00	   3.1200000e+00	   1.7550000e+03	   3.7500000e+00	   1.3330000e+03	
   4.0000000e+01	   2.0400000e+02	   2.0000000e+00	   3.2700000e+00	   2.3050000e+03	   4.3400000e+00	   1.2990000e+03	
   4.1000000e+01	   3.1100000e+02	   3.0000000e+00	   1.4600000e+00	   2.6890000e+03	   2.3800000e+00	   1.8330000e+03	
   4.2000000e+01	   1.1200000e+02	   1.0000000e+00	   2.5100000e+00	   2.4900000e+03	   2.4300000e+00	   2.3670000e+03	
   4.3000000e+01	   3.0300000e+02	   3.0000000e+00	   8.0000000e-02	   2.3550000e+03	   2.6200000e+00	   3.9320000e+03	
   4.4000000e+01	   2.1200000e+02	   2.0000000e+00	   3.6100000e+00	   3.9040000e+03	   1.2700000e+00	   1.4660000e+03	
   4.5000000e+01	   1.1600000e+02	   1.0000000e+00	   2.4800000e+00	   1.4220000e+03	   2.9800000e+00	   1.8660000e+03	
