   1.0000000e+00	   1.0000000e+00	   3.0500000e+02	   5.0000000e-01	   3.2180000e+03	
   1.0000000e+00	   2.0000000e+00	   2.0400000e+02	   4.8400000e+00	   2.8260000e+03	
   1.0000000e+00	   3.0000000e+00	   1.0600000e+02	   3.5700000e+00	   3.2220000e+03	
   1.0000000e+00	   4.0000000e+00	   1.0400000e+02	   9.0000000e-01	   3.2570000e+03	
   1.0000000e+00	   5.0000000e+00	   2.1000000e+02	   3.9800000e+00	   3.2290000e+03	
   1.0000000e+00	   6.0000000e+00	   1.0900000e+02	   3.5200000e+00	   2.6280000e+03	
   1.0000000e+00	   7.0000000e+00	   2.1200000e+02	   1.3000000e-01	   2.9940000e+03	
   1.0000000e+00	   8.0000000e+00	   3.0600000e+02	   2.5300000e+00	   2.2270000e+03	
   1.0000000e+00	   9.0000000e+00	   1.1200000e+02	   3.5400000e+00	   2.0270000e+03	
   1.0000000e+00	   1.0000000e+01	   1.1300000e+02	   1.2400000e+00	   3.6280000e+03	
   1.0000000e+00	   1.1000000e+01	   2.1400000e+02	   3.3200000e+00	   3.7590000e+03	
   1.0000000e+00	   1.2000000e+01	   1.1400000e+02	   3.0300000e+00	   2.0950000e+03	
   1.0000000e+00	   1.3000000e+01	   3.1000000e+02	   3.0300000e+00	   3.3940000e+03	
   1.0000000e+00	   1.4000000e+01	   2.0300000e+02	   3.7700000e+00	   2.8260000e+03	
   1.0000000e+00	   1.5000000e+01	   1.0500000e+02	   2.5000000e+00	   2.5620000e+03	
   1.0000000e+00	   1.6000000e+01	   3.0300000e+02	   1.7500000e+00	   1.4590000e+03	
   1.0000000e+00	   1.7000000e+01	   1.0200000e+02	   3.7700000e+00	   2.3600000e+03	
   1.0000000e+00	   1.8000000e+01	   3.0700000e+02	   1.5000000e+00	   5.5250000e+03	
   1.0000000e+00	   1.9000000e+01	   3.0900000e+02	   3.4200000e+00	   1.6940000e+03	
   1.0000000e+00	   2.0000000e+01	   2.0600000e+02	   3.6100000e+00	   2.1930000e+03	
   1.0000000e+00	   2.1000000e+01	   3.0800000e+02	   2.9000000e-01	   3.0940000e+03	
   1.0000000e+00	   2.2000000e+01	   3.1400000e+02	   3.3700000e+00	   1.6870000e+03	
   1.0000000e+00	   2.3000000e+01	   2.1500000e+02	   4.5000000e-01	   3.4600000e+03	
   1.0000000e+00	   2.4000000e+01	   1.1600000e+02	   3.5800000e+00	   1.4930000e+03	
   1.0000000e+00	   2.5000000e+01	   3.1300000e+02	   3.3300000e+00	   1.8640000e+03	
   1.0000000e+00	   2.6000000e+01	   2.1100000e+02	   4.2100000e+00	   3.7570000e+03	
   1.0000000e+00	   2.7000000e+01	   2.0200000e+02	   4.0300000e+00	   2.5600000e+03	
   1.0000000e+00	   2.8000000e+01	   2.0700000e+02	   3.9200000e+00	   2.6930000e+03	
   1.0000000e+00	   2.9000000e+01	   1.0700000e+02	   3.6900000e+00	   3.1260000e+03	
   1.0000000e+00	   3.0000000e+01	   2.0500000e+02	   1.2400000e+00	   2.1960000e+03	
   1.0000000e+00	   3.1000000e+01	   1.0100000e+02	   3.7000000e-01	   2.0930000e+03	
   1.0000000e+00	   3.2000000e+01	   1.1100000e+02	   4.0400000e+00	   2.9260000e+03	
   1.0000000e+00	   3.3000000e+01	   2.1300000e+02	   4.1100000e+00	   2.8920000e+03	
   1.0000000e+00	   3.4000000e+01	   3.0200000e+02	   1.3500000e+00	   2.4270000e+03	
   1.0000000e+00	   3.5000000e+01	   1.0300000e+02	   2.3800000e+00	   3.6270000e+03	
   1.0000000e+00	   3.6000000e+01	   3.0100000e+02	   2.0800000e+00	   3.4260000e+03	
   1.0000000e+00	   3.7000000e+01	   1.1000000e+02	   1.2000000e-01	   3.2090000e+03	
   1.0000000e+00	   3.8000000e+01	   2.0100000e+02	   4.0700000e+00	   3.7600000e+03	
   1.0000000e+00	   3.9000000e+01	   1.0800000e+02	   3.4500000e+00	   1.5930000e+03	
   1.0000000e+00	   4.0000000e+01	   2.0900000e+02	   4.1300000e+00	   2.3270000e+03	
   1.0000000e+00	   4.1000000e+01	   3.1100000e+02	   3.1600000e+00	   2.7590000e+03	
   1.0000000e+00	   4.2000000e+01	   3.1200000e+02	   1.1000000e+00	   2.0940000e+03	
   1.0000000e+00	   4.3000000e+01	   2.0800000e+02	   3.5900000e+00	   1.7270000e+03	
   1.0000000e+00	   4.4000000e+01	   1.1500000e+02	   3.2400000e+00	   3.2260000e+03	
   1.0000000e+00	   4.5000000e+01	   3.0400000e+02	   1.7700000e+00	   2.6920000e+03	
   2.0000000e+00	   1.0000000e+00	   2.0400000e+02	   4.7400000e+00	   2.7260000e+03	
   2.0000000e+00	   2.0000000e+00	   2.0800000e+02	   3.2700000e+00	   1.6950000e+03	
   2.0000000e+00	   3.0000000e+00	   2.1200000e+02	   4.6000000e-01	   1.7600000e+03	
   2.0000000e+00	   4.0000000e+00	   3.0600000e+02	   2.5100000e+00	   2.0960000e+03	
   2.0000000e+00	   5.0000000e+00	   1.1200000e+02	   3.7300000e+00	   1.4450000e+03	
   2.0000000e+00	   6.0000000e+00	   3.0300000e+02	   1.1800000e+00	   1.9940000e+03	
   2.0000000e+00	   7.0000000e+00	   1.0400000e+02	   1.2200000e+00	   2.0610000e+03	
   2.0000000e+00	   8.0000000e+00	   1.0300000e+02	   1.6900000e+00	   2.2610000e+03	
   2.0000000e+00	   9.0000000e+00	   1.0600000e+02	   3.4500000e+00	   1.4940000e+03	
   2.0000000e+00	   1.0000000e+01	   2.1400000e+02	   3.4400000e+00	   1.5630000e+03	
   2.0000000e+00	   1.1000000e+01	   2.0500000e+02	   1.1500000e+00	   3.0600000e+03	
   2.0000000e+00	   1.2000000e+01	   3.0800000e+02	   5.2000000e-01	   1.7280000e+03	
   2.0000000e+00	   1.3000000e+01	   3.0900000e+02	   3.4700000e+00	   1.7610000e+03	
   2.0000000e+00	   1.4000000e+01	   3.0200000e+02	   1.1900000e+00	   2.6280000e+03	
   2.0000000e+00	   1.5000000e+01	   1.1400000e+02	   3.3500000e+00	   1.8620000e+03	
   2.0000000e+00	   1.6000000e+01	   1.0900000e+02	   3.7400000e+00	   3.3270000e+03	
   2.0000000e+00	   1.7000000e+01	   1.0200000e+02	   3.6300000e+00	   1.9620000e+03	
   2.0000000e+00	   1.8000000e+01	   2.0100000e+02	   4.2400000e+00	   2.5600000e+03	
   2.0000000e+00	   1.9000000e+01	   3.1400000e+02	   3.6100000e+00	   2.0620000e+03	
   2.0000000e+00	   2.0000000e+01	   3.1300000e+02	   3.1300000e+00	   1.8950000e+03	
   2.0000000e+00	   2.1000000e+01	   3.1000000e+02	   3.1200000e+00	   2.2610000e+03	
   2.0000000e+00	   2.2000000e+01	   2.1300000e+02	   3.7400000e+00	   2.2610000e+03	
   2.0000000e+00	   2.3000000e+01	   3.0700000e+02	   1.9500000e+00	   2.5940000e+03	
   2.0000000e+00	   2.4000000e+01	   1.1600000e+02	   3.5800000e+00	   1.5290000e+03	
   2.0000000e+00	   2.5000000e+01	   3.0100000e+02	   3.2700000e+00	   2.6600000e+03	
   2.0000000e+00	   2.6000000e+01	   3.0500000e+02	   3.0000000e-01	   1.7620000e+03	
   2.0000000e+00	   2.7000000e+01	   1.1000000e+02	   4.1000000e-01	   2.5280000e+03	
   2.0000000e+00	   2.8000000e+01	   2.1100000e+02	   4.1500000e+00	   4.0950000e+03	
   2.0000000e+00	   2.9000000e+01	   2.1000000e+02	   3.6900000e+00	   2.4280000e+03	
   2.0000000e+00	   3.0000000e+01	   1.0700000e+02	   3.4300000e+00	   5.4260000e+03	
   2.0000000e+00	   3.1000000e+01	   2.1500000e+02	   1.8000000e-01	   1.6280000e+03	
   2.0000000e+00	   3.2000000e+01	   1.1100000e+02	   3.8800000e+00	   1.5290000e+03	
   2.0000000e+00	   3.3000000e+01	   2.0300000e+02	   3.9100000e+00	   2.0610000e+03	
   2.0000000e+00	   3.4000000e+01	   1.0800000e+02	   3.6500000e+00	   1.9280000e+03	
   2.0000000e+00	   3.5000000e+01	   1.0100000e+02	   9.2000000e-01	   1.7610000e+03	
   2.0000000e+00	   3.6000000e+01	   1.1300000e+02	   2.3700000e+00	   4.2600000e+03	
   2.0000000e+00	   3.7000000e+01	   2.0200000e+02	   3.6500000e+00	   1.7630000e+03	
   2.0000000e+00	   3.8000000e+01	   3.1100000e+02	   3.1400000e+00	   3.1270000e+03	
   2.0000000e+00	   3.9000000e+01	   1.1500000e+02	   3.8500000e+00	   2.5940000e+03	
   2.0000000e+00	   4.0000000e+01	   3.0400000e+02	   1.5100000e+00	   1.6280000e+03	
   2.0000000e+00	   4.1000000e+01	   1.0500000e+02	   3.2700000e+00	   2.7280000e+03	
   2.0000000e+00	   4.2000000e+01	   2.0900000e+02	   3.8900000e+00	   2.1950000e+03	
   2.0000000e+00	   4.3000000e+01	   2.0700000e+02	   4.1900000e+00	   2.1280000e+03	
   2.0000000e+00	   4.4000000e+01	   3.1200000e+02	   1.3700000e+00	   1.7940000e+03	
   2.0000000e+00	   4.5000000e+01	   2.0600000e+02	   3.7100000e+00	   1.8280000e+03	
