   1.0900000e+02	   2.0200000e+02	   3.0100000e+02	   9.0000000e+00	   3.0000000e+00	   3.6300000e+00	   3.8400000e+00	   2.6750000e+00	   2.0000000e+00	   1.0000000e+00	   3.0000000e+00	   1.0000000e+00	   2.3980000e+03	
   2.0900000e+02	   2.1000000e+02	   1.0800000e+02	   4.0000000e+00	   2.0000000e+00	   4.0100000e+00	   3.8350000e+00	   3.5500000e+00	   3.0000000e+00	   2.0000000e+00	   1.0000000e+00	   3.0000000e+00	   1.4550000e+03	
   1.1100000e+02	   2.0200000e+02	   1.0600000e+02	   3.0000000e+00	   2.0000000e+00	   3.9600000e+00	   3.8400000e+00	   3.5100000e+00	   1.0000000e+00	   3.0000000e+00	   2.0000000e+00	   1.0000000e+00	   1.6270000e+03	
   1.0200000e+02	   2.0400000e+02	   2.1500000e+02	   8.0000000e+00	   5.0000000e+00	   3.7000000e+00	   4.7900000e+00	   3.1500000e-01	   2.0000000e+00	   1.0000000e+00	   3.0000000e+00	   1.0000000e+00	   1.3380000e+03	
   2.0200000e+02	   2.1100000e+02	   3.1000000e+02	   1.4000000e+01	   4.0000000e+00	   3.8400000e+00	   4.1800000e+00	   3.0750000e+00	   2.0000000e+00	   3.0000000e+00	   1.0000000e+00	   3.0000000e+00	   1.4960000e+03	
   1.1100000e+02	   1.1600000e+02	   2.1500000e+02	   8.0000000e+00	   4.0000000e+00	   3.9600000e+00	   3.5800000e+00	   3.1500000e-01	   1.0000000e+00	   3.0000000e+00	   2.0000000e+00	   1.0000000e+00	   1.6570000e+03	
   2.0900000e+02	   2.1100000e+02	   1.1000000e+02	   5.0000000e+00	   2.0000000e+00	   4.0100000e+00	   4.1800000e+00	   2.6500000e-01	   1.0000000e+00	   3.0000000e+00	   2.0000000e+00	   3.0000000e+00	   1.8000000e+03	
   2.0200000e+02	   2.0400000e+02	   3.0800000e+02	   1.2000000e+01	   5.0000000e+00	   3.8400000e+00	   4.7900000e+00	   4.0500000e-01	   2.0000000e+00	   1.0000000e+00	   3.0000000e+00	   1.0000000e+00	   1.1680000e+03	
   1.0900000e+02	   2.0300000e+02	   2.1500000e+02	   8.0000000e+00	   3.0000000e+00	   3.6300000e+00	   3.8400000e+00	   3.1500000e-01	   1.0000000e+00	   3.0000000e+00	   2.0000000e+00	   3.0000000e+00	   2.4760000e+03	
   1.1100000e+02	   1.1200000e+02	   1.0400000e+02	   2.0000000e+00	   4.0000000e+00	   3.9600000e+00	   3.6350000e+00	   1.0600000e+00	   3.0000000e+00	   2.0000000e+00	   1.0000000e+00	   3.0000000e+00	   1.5660000e+03	
   2.0100000e+02	   2.0600000e+02	   1.0600000e+02	   3.0000000e+00	   4.0000000e+00	   4.1550000e+00	   3.6600000e+00	   3.5100000e+00	   1.0000000e+00	   3.0000000e+00	   2.0000000e+00	   1.0000000e+00	   2.2380000e+03	
   2.0700000e+02	   2.0900000e+02	   3.0300000e+02	   1.0000000e+01	   1.0000000e+00	   4.0550000e+00	   4.0100000e+00	   1.4650000e+00	   3.0000000e+00	   2.0000000e+00	   1.0000000e+00	   2.0000000e+00	   2.2390000e+03	
   1.1600000e+02	   2.1000000e+02	   1.0400000e+02	   2.0000000e+00	   3.0000000e+00	   3.5800000e+00	   3.8350000e+00	   1.0600000e+00	   3.0000000e+00	   1.0000000e+00	   2.0000000e+00	   1.0000000e+00	   1.5460000e+03	
   1.1600000e+02	   2.1300000e+02	   1.0300000e+02	   1.0000000e+00	   4.0000000e+00	   3.5800000e+00	   3.9250000e+00	   2.0350000e+00	   2.0000000e+00	   3.0000000e+00	   1.0000000e+00	   3.0000000e+00	   1.7440000e+03	
   2.0700000e+02	   2.1100000e+02	   1.1000000e+02	   5.0000000e+00	   2.0000000e+00	   4.0550000e+00	   4.1800000e+00	   2.6500000e-01	   3.0000000e+00	   1.0000000e+00	   2.0000000e+00	   1.0000000e+00	   1.4810000e+03	
   1.1200000e+02	   2.0300000e+02	   3.0100000e+02	   9.0000000e+00	   3.0000000e+00	   3.6350000e+00	   3.8400000e+00	   2.6750000e+00	   3.0000000e+00	   2.0000000e+00	   1.0000000e+00	   2.0000000e+00	   1.4240000e+03	
   2.0700000e+02	   2.0900000e+02	   1.0800000e+02	   4.0000000e+00	   1.0000000e+00	   4.0550000e+00	   4.0100000e+00	   3.5500000e+00	   1.0000000e+00	   2.0000000e+00	   3.0000000e+00	   2.0000000e+00	   1.3400000e+03	
   1.0900000e+02	   2.0300000e+02	   1.0300000e+02	   1.0000000e+00	   3.0000000e+00	   3.6300000e+00	   3.8400000e+00	   2.0350000e+00	   2.0000000e+00	   3.0000000e+00	   1.0000000e+00	   3.0000000e+00	   1.8690000e+03	
   2.1000000e+02	   2.1100000e+02	   2.1500000e+02	   8.0000000e+00	   4.0000000e+00	   3.8350000e+00	   4.1800000e+00	   3.1500000e-01	   1.0000000e+00	   2.0000000e+00	   3.0000000e+00	   2.0000000e+00	   1.3890000e+03	
   1.1100000e+02	   2.1000000e+02	   3.0900000e+02	   1.3000000e+01	   2.0000000e+00	   3.9600000e+00	   3.8350000e+00	   3.4450000e+00	   1.0000000e+00	   3.0000000e+00	   2.0000000e+00	   1.0000000e+00	   2.2400000e+03	
   2.0600000e+02	   2.1100000e+02	   3.0800000e+02	   1.2000000e+01	   5.0000000e+00	   3.6600000e+00	   4.1800000e+00	   4.0500000e-01	   3.0000000e+00	   1.0000000e+00	   2.0000000e+00	   1.0000000e+00	   1.3750000e+03	
   2.0100000e+02	   2.0400000e+02	   3.0900000e+02	   1.3000000e+01	   5.0000000e+00	   4.1550000e+00	   4.7900000e+00	   3.4450000e+00	   1.0000000e+00	   3.0000000e+00	   2.0000000e+00	   3.0000000e+00	   1.4270000e+03	
   1.1200000e+02	   2.0100000e+02	   2.1500000e+02	   8.0000000e+00	   5.0000000e+00	   3.6350000e+00	   4.1550000e+00	   3.1500000e-01	   1.0000000e+00	   2.0000000e+00	   3.0000000e+00	   2.0000000e+00	   1.9340000e+03	
   2.0400000e+02	   2.0600000e+02	   1.1400000e+02	   6.0000000e+00	   5.0000000e+00	   4.7900000e+00	   3.6600000e+00	   3.1900000e+00	   1.0000000e+00	   2.0000000e+00	   3.0000000e+00	   1.0000000e+00	   9.8200000e+02	
   1.0900000e+02	   2.0600000e+02	   1.0400000e+02	   2.0000000e+00	   1.0000000e+00	   3.6300000e+00	   3.6600000e+00	   1.0600000e+00	   3.0000000e+00	   2.0000000e+00	   1.0000000e+00	   2.0000000e+00	   2.2820000e+03	
   2.0200000e+02	   2.0700000e+02	   3.0700000e+02	   1.1000000e+01	   3.0000000e+00	   3.8400000e+00	   4.0550000e+00	   1.7250000e+00	   3.0000000e+00	   1.0000000e+00	   2.0000000e+00	   3.0000000e+00	   1.7620000e+03	
   2.0200000e+02	   2.0900000e+02	   1.0600000e+02	   3.0000000e+00	   2.0000000e+00	   3.8400000e+00	   4.0100000e+00	   3.5100000e+00	   2.0000000e+00	   3.0000000e+00	   1.0000000e+00	   3.0000000e+00	   1.2440000e+03	
   2.1000000e+02	   2.1300000e+02	   3.1200000e+02	   1.5000000e+01	   1.0000000e+00	   3.8350000e+00	   3.9250000e+00	   1.2350000e+00	   1.0000000e+00	   2.0000000e+00	   3.0000000e+00	   2.0000000e+00	   1.2660000e+03	
   1.1600000e+02	   2.0400000e+02	   1.0600000e+02	   3.0000000e+00	   5.0000000e+00	   3.5800000e+00	   4.7900000e+00	   3.5100000e+00	   1.0000000e+00	   2.0000000e+00	   3.0000000e+00	   2.0000000e+00	   1.4090000e+03	
   1.0900000e+02	   1.1600000e+02	   1.1000000e+02	   5.0000000e+00	   1.0000000e+00	   3.6300000e+00	   3.5800000e+00	   2.6500000e-01	   1.0000000e+00	   3.0000000e+00	   2.0000000e+00	   1.0000000e+00	   3.6750000e+03	
   2.0100000e+02	   2.1100000e+02	   3.0100000e+02	   9.0000000e+00	   1.0000000e+00	   4.1550000e+00	   4.1800000e+00	   2.6750000e+00	   1.0000000e+00	   3.0000000e+00	   2.0000000e+00	   3.0000000e+00	   1.5200000e+03	
   1.1200000e+02	   2.1000000e+02	   3.0900000e+02	   1.3000000e+01	   2.0000000e+00	   3.6350000e+00	   3.8350000e+00	   3.4450000e+00	   2.0000000e+00	   3.0000000e+00	   1.0000000e+00	   3.0000000e+00	   1.8830000e+03	
   1.1100000e+02	   2.0600000e+02	   1.1400000e+02	   6.0000000e+00	   3.0000000e+00	   3.9600000e+00	   3.6600000e+00	   3.1900000e+00	   3.0000000e+00	   1.0000000e+00	   2.0000000e+00	   3.0000000e+00	   1.6390000e+03	
   1.1100000e+02	   2.0900000e+02	   1.1000000e+02	   5.0000000e+00	   1.0000000e+00	   3.9600000e+00	   4.0100000e+00	   2.6500000e-01	   1.0000000e+00	   3.0000000e+00	   2.0000000e+00	   3.0000000e+00	   1.0780000e+03	
   1.0200000e+02	   1.1600000e+02	   3.0100000e+02	   9.0000000e+00	   2.0000000e+00	   3.7000000e+00	   3.5800000e+00	   2.6750000e+00	   2.0000000e+00	   1.0000000e+00	   3.0000000e+00	   2.0000000e+00	   1.9190000e+03	
   2.0200000e+02	   2.0900000e+02	   3.0700000e+02	   1.1000000e+01	   2.0000000e+00	   3.8400000e+00	   4.0100000e+00	   1.7250000e+00	   1.0000000e+00	   2.0000000e+00	   3.0000000e+00	   2.0000000e+00	   1.2970000e+03	
   1.1200000e+02	   2.0900000e+02	   2.1500000e+02	   8.0000000e+00	   4.0000000e+00	   3.6350000e+00	   4.0100000e+00	   3.1500000e-01	   3.0000000e+00	   1.0000000e+00	   2.0000000e+00	   1.0000000e+00	   1.0540000e+03	
   1.0200000e+02	   1.0900000e+02	   1.1000000e+02	   5.0000000e+00	   1.0000000e+00	   3.7000000e+00	   3.6300000e+00	   2.6500000e-01	   1.0000000e+00	   3.0000000e+00	   2.0000000e+00	   1.0000000e+00	   1.2700000e+03	
   2.0900000e+02	   2.1300000e+02	   3.1200000e+02	   1.5000000e+01	   1.0000000e+00	   4.0100000e+00	   3.9250000e+00	   1.2350000e+00	   3.0000000e+00	   2.0000000e+00	   1.0000000e+00	   3.0000000e+00	   3.0550000e+03	
   2.0600000e+02	   2.1100000e+02	   1.0600000e+02	   3.0000000e+00	   5.0000000e+00	   3.6600000e+00	   4.1800000e+00	   3.5100000e+00	   2.0000000e+00	   1.0000000e+00	   3.0000000e+00	   1.0000000e+00	   1.3230000e+03	
   2.0300000e+02	   2.1000000e+02	   1.0800000e+02	   4.0000000e+00	   1.0000000e+00	   3.8400000e+00	   3.8350000e+00	   3.5500000e+00	   2.0000000e+00	   1.0000000e+00	   3.0000000e+00	   2.0000000e+00	   1.6050000e+03	
   2.0400000e+02	   2.0900000e+02	   1.0300000e+02	   1.0000000e+00	   5.0000000e+00	   4.7900000e+00	   4.0100000e+00	   2.0350000e+00	   1.0000000e+00	   3.0000000e+00	   2.0000000e+00	   1.0000000e+00	   1.2020000e+03	
   1.0900000e+02	   2.1300000e+02	   1.0300000e+02	   1.0000000e+00	   3.0000000e+00	   3.6300000e+00	   3.9250000e+00	   2.0350000e+00	   3.0000000e+00	   2.0000000e+00	   1.0000000e+00	   2.0000000e+00	   2.3390000e+03	
   2.0400000e+02	   2.0900000e+02	   3.0300000e+02	   1.0000000e+01	   5.0000000e+00	   4.7900000e+00	   4.0100000e+00	   1.4650000e+00	   3.0000000e+00	   2.0000000e+00	   1.0000000e+00	   3.0000000e+00	   7.7000000e+02	
   2.0200000e+02	   2.0900000e+02	   3.1200000e+02	   1.5000000e+01	   2.0000000e+00	   3.8400000e+00	   4.0100000e+00	   1.2350000e+00	   1.0000000e+00	   3.0000000e+00	   2.0000000e+00	   3.0000000e+00	   1.2620000e+03	
   2.0900000e+02	   2.1100000e+02	   2.1500000e+02	   8.0000000e+00	   2.0000000e+00	   4.0100000e+00	   4.1800000e+00	   3.1500000e-01	   2.0000000e+00	   1.0000000e+00	   3.0000000e+00	   1.0000000e+00	   2.7070000e+03	
   2.0200000e+02	   2.0700000e+02	   1.0400000e+02	   2.0000000e+00	   3.0000000e+00	   3.8400000e+00	   4.0550000e+00	   1.0600000e+00	   3.0000000e+00	   2.0000000e+00	   1.0000000e+00	   3.0000000e+00	   1.6430000e+03	
   2.0200000e+02	   2.1100000e+02	   1.1000000e+02	   5.0000000e+00	   4.0000000e+00	   3.8400000e+00	   4.1800000e+00	   2.6500000e-01	   1.0000000e+00	   2.0000000e+00	   3.0000000e+00	   2.0000000e+00	   1.2290000e+03	
   2.0400000e+02	   2.1100000e+02	   3.0700000e+02	   1.1000000e+01	   5.0000000e+00	   4.7900000e+00	   4.1800000e+00	   1.7250000e+00	   2.0000000e+00	   3.0000000e+00	   1.0000000e+00	   2.0000000e+00	   2.3600000e+03	
   1.1100000e+02	   2.1000000e+02	   3.1200000e+02	   1.5000000e+01	   2.0000000e+00	   3.9600000e+00	   3.8350000e+00	   1.2350000e+00	   1.0000000e+00	   2.0000000e+00	   3.0000000e+00	   1.0000000e+00	   2.1570000e+03	
   1.0200000e+02	   2.0700000e+02	   3.0300000e+02	   1.0000000e+01	   4.0000000e+00	   3.7000000e+00	   4.0550000e+00	   1.4650000e+00	   2.0000000e+00	   3.0000000e+00	   1.0000000e+00	   2.0000000e+00	   1.6920000e+03	
   2.0100000e+02	   2.0400000e+02	   3.0100000e+02	   9.0000000e+00	   5.0000000e+00	   4.1550000e+00	   4.7900000e+00	   2.6750000e+00	   1.0000000e+00	   3.0000000e+00	   2.0000000e+00	   3.0000000e+00	   1.2180000e+03	
   1.0900000e+02	   2.0700000e+02	   3.0800000e+02	   1.2000000e+01	   4.0000000e+00	   3.6300000e+00	   4.0550000e+00	   4.0500000e-01	   2.0000000e+00	   1.0000000e+00	   3.0000000e+00	   1.0000000e+00	   1.6860000e+03	
   2.1000000e+02	   2.1100000e+02	   3.0300000e+02	   1.0000000e+01	   4.0000000e+00	   3.8350000e+00	   4.1800000e+00	   1.4650000e+00	   2.0000000e+00	   3.0000000e+00	   1.0000000e+00	   3.0000000e+00	   1.4900000e+03	
   1.0200000e+02	   1.1600000e+02	   1.0400000e+02	   2.0000000e+00	   2.0000000e+00	   3.7000000e+00	   3.5800000e+00	   1.0600000e+00	   2.0000000e+00	   3.0000000e+00	   1.0000000e+00	   2.0000000e+00	   1.4560000e+03	
   1.1600000e+02	   2.0400000e+02	   3.1000000e+02	   1.4000000e+01	   5.0000000e+00	   3.5800000e+00	   4.7900000e+00	   3.0750000e+00	   3.0000000e+00	   1.0000000e+00	   2.0000000e+00	   1.0000000e+00	   1.5770000e+03	
   1.0900000e+02	   2.0300000e+02	   3.0900000e+02	   1.3000000e+01	   3.0000000e+00	   3.6300000e+00	   3.8400000e+00	   3.4450000e+00	   1.0000000e+00	   3.0000000e+00	   2.0000000e+00	   3.0000000e+00	   1.5260000e+03	
   2.0600000e+02	   2.1300000e+02	   3.1000000e+02	   1.4000000e+01	   3.0000000e+00	   3.6600000e+00	   3.9250000e+00	   3.0750000e+00	   2.0000000e+00	   3.0000000e+00	   1.0000000e+00	   3.0000000e+00	   1.5240000e+03	
   1.1100000e+02	   2.0600000e+02	   1.1000000e+02	   5.0000000e+00	   3.0000000e+00	   3.9600000e+00	   3.6600000e+00	   2.6500000e-01	   1.0000000e+00	   3.0000000e+00	   2.0000000e+00	   1.0000000e+00	   1.6780000e+03	
   1.1600000e+02	   2.1100000e+02	   1.1400000e+02	   6.0000000e+00	   5.0000000e+00	   3.5800000e+00	   4.1800000e+00	   3.1900000e+00	   3.0000000e+00	   2.0000000e+00	   1.0000000e+00	   2.0000000e+00	   1.3850000e+03	
   2.0100000e+02	   2.1300000e+02	   3.0900000e+02	   1.3000000e+01	   3.0000000e+00	   4.1550000e+00	   3.9250000e+00	   3.4450000e+00	   3.0000000e+00	   1.0000000e+00	   2.0000000e+00	   1.0000000e+00	   1.8210000e+03	
   1.0200000e+02	   2.1300000e+02	   3.0300000e+02	   1.0000000e+01	   3.0000000e+00	   3.7000000e+00	   3.9250000e+00	   1.4650000e+00	   2.0000000e+00	   3.0000000e+00	   1.0000000e+00	   3.0000000e+00	   1.9780000e+03	
   1.0900000e+02	   2.0400000e+02	   1.0400000e+02	   2.0000000e+00	   5.0000000e+00	   3.6300000e+00	   4.7900000e+00	   1.0600000e+00	   3.0000000e+00	   2.0000000e+00	   1.0000000e+00	   2.0000000e+00	   1.0030000e+03	
   2.0600000e+02	   2.0900000e+02	   1.0300000e+02	   1.0000000e+00	   4.0000000e+00	   3.6600000e+00	   4.0100000e+00	   2.0350000e+00	   1.0000000e+00	   2.0000000e+00	   3.0000000e+00	   2.0000000e+00	   1.2630000e+03	
   1.1600000e+02	   2.0600000e+02	   1.0600000e+02	   3.0000000e+00	   1.0000000e+00	   3.5800000e+00	   3.6600000e+00	   3.5100000e+00	   3.0000000e+00	   1.0000000e+00	   2.0000000e+00	   2.0000000e+00	   2.1520000e+03	
   1.0900000e+02	   2.0100000e+02	   2.1500000e+02	   8.0000000e+00	   5.0000000e+00	   3.6300000e+00	   4.1550000e+00	   3.1500000e-01	   1.0000000e+00	   3.0000000e+00	   2.0000000e+00	   3.0000000e+00	   1.8970000e+03	
   1.0900000e+02	   2.0700000e+02	   1.1000000e+02	   5.0000000e+00	   4.0000000e+00	   3.6300000e+00	   4.0550000e+00	   2.6500000e-01	   2.0000000e+00	   3.0000000e+00	   1.0000000e+00	   3.0000000e+00	   2.1280000e+03	
   1.1200000e+02	   2.0300000e+02	   1.1000000e+02	   5.0000000e+00	   3.0000000e+00	   3.6350000e+00	   3.8400000e+00	   2.6500000e-01	   3.0000000e+00	   1.0000000e+00	   2.0000000e+00	   1.0000000e+00	   1.3760000e+03	
   1.0200000e+02	   2.0900000e+02	   3.1200000e+02	   1.5000000e+01	   3.0000000e+00	   3.7000000e+00	   4.0100000e+00	   1.2350000e+00	   3.0000000e+00	   1.0000000e+00	   2.0000000e+00	   1.0000000e+00	   1.0780000e+03	
   2.0600000e+02	   2.1000000e+02	   3.1000000e+02	   1.4000000e+01	   2.0000000e+00	   3.6600000e+00	   3.8350000e+00	   3.0750000e+00	   2.0000000e+00	   1.0000000e+00	   3.0000000e+00	   1.0000000e+00	   1.6430000e+03	
   2.1000000e+02	   2.1300000e+02	   3.0700000e+02	   1.1000000e+01	   1.0000000e+00	   3.8350000e+00	   3.9250000e+00	   1.7250000e+00	   2.0000000e+00	   3.0000000e+00	   1.0000000e+00	   3.0000000e+00	   2.0020000e+03	
   2.0100000e+02	   2.0400000e+02	   1.0400000e+02	   2.0000000e+00	   5.0000000e+00	   4.1550000e+00	   4.7900000e+00	   1.0600000e+00	   2.0000000e+00	   1.0000000e+00	   3.0000000e+00	   1.0000000e+00	   1.1050000e+03	
   1.1100000e+02	   2.1100000e+02	   1.1400000e+02	   6.0000000e+00	   3.0000000e+00	   3.9600000e+00	   4.1800000e+00	   3.1900000e+00	   2.0000000e+00	   3.0000000e+00	   1.0000000e+00	   3.0000000e+00	   1.2400000e+03	
   2.0300000e+02	   2.1000000e+02	   3.1000000e+02	   1.4000000e+01	   1.0000000e+00	   3.8400000e+00	   3.8350000e+00	   3.0750000e+00	   3.0000000e+00	   1.0000000e+00	   2.0000000e+00	   1.0000000e+00	   1.4450000e+03	
   2.0100000e+02	   2.0700000e+02	   2.1500000e+02	   8.0000000e+00	   1.0000000e+00	   4.1550000e+00	   4.0550000e+00	   3.1500000e-01	   2.0000000e+00	   3.0000000e+00	   1.0000000e+00	   2.0000000e+00	   2.3830000e+03	
   2.0700000e+02	   2.0900000e+02	   3.0700000e+02	   1.1000000e+01	   1.0000000e+00	   4.0550000e+00	   4.0100000e+00	   1.7250000e+00	   1.0000000e+00	   2.0000000e+00	   3.0000000e+00	   2.0000000e+00	   1.6310000e+03	
   1.1200000e+02	   2.0100000e+02	   3.0900000e+02	   1.3000000e+01	   5.0000000e+00	   3.6350000e+00	   4.1550000e+00	   3.4450000e+00	   1.0000000e+00	   3.0000000e+00	   2.0000000e+00	   1.0000000e+00	   1.9700000e+03	
   1.1600000e+02	   2.1300000e+02	   1.0600000e+02	   3.0000000e+00	   4.0000000e+00	   3.5800000e+00	   3.9250000e+00	   3.5100000e+00	   3.0000000e+00	   1.0000000e+00	   2.0000000e+00	   1.0000000e+00	   1.6000000e+03	
   1.1600000e+02	   2.0200000e+02	   3.0300000e+02	   1.0000000e+01	   3.0000000e+00	   3.5800000e+00	   3.8400000e+00	   1.4650000e+00	   1.0000000e+00	   2.0000000e+00	   3.0000000e+00	   2.0000000e+00	   1.3290000e+03	
   2.0900000e+02	   2.1100000e+02	   3.1200000e+02	   1.5000000e+01	   2.0000000e+00	   4.0100000e+00	   4.1800000e+00	   1.2350000e+00	   3.0000000e+00	   1.0000000e+00	   2.0000000e+00	   1.0000000e+00	   1.0740000e+03	
   2.0600000e+02	   2.0700000e+02	   3.1000000e+02	   1.4000000e+01	   4.0000000e+00	   3.6600000e+00	   4.0550000e+00	   3.0750000e+00	   3.0000000e+00	   2.0000000e+00	   1.0000000e+00	   2.0000000e+00	   3.4540000e+03	
   1.0200000e+02	   2.0400000e+02	   3.0700000e+02	   1.1000000e+01	   5.0000000e+00	   3.7000000e+00	   4.7900000e+00	   1.7250000e+00	   2.0000000e+00	   3.0000000e+00	   1.0000000e+00	   3.0000000e+00	   1.2100000e+03	
   2.0300000e+02	   2.1300000e+02	   3.1000000e+02	   1.4000000e+01	   1.0000000e+00	   3.8400000e+00	   3.9250000e+00	   3.0750000e+00	   3.0000000e+00	   1.0000000e+00	   2.0000000e+00	   1.0000000e+00	   2.5080000e+03	
   1.1100000e+02	   1.1600000e+02	   1.0400000e+02	   2.0000000e+00	   4.0000000e+00	   3.9600000e+00	   3.5800000e+00	   1.0600000e+00	   2.0000000e+00	   1.0000000e+00	   3.0000000e+00	   2.0000000e+00	   2.0430000e+03	
   1.1600000e+02	   2.0300000e+02	   1.0600000e+02	   3.0000000e+00	   3.0000000e+00	   3.5800000e+00	   3.8400000e+00	   3.5100000e+00	   1.0000000e+00	   2.0000000e+00	   3.0000000e+00	   2.0000000e+00	   3.1160000e+03	
   1.0200000e+02	   2.1000000e+02	   3.0300000e+02	   1.0000000e+01	   2.0000000e+00	   3.7000000e+00	   3.8350000e+00	   1.4650000e+00	   2.0000000e+00	   3.0000000e+00	   1.0000000e+00	   3.0000000e+00	   1.6250000e+03	
   1.1200000e+02	   2.0100000e+02	   1.0800000e+02	   4.0000000e+00	   5.0000000e+00	   3.6350000e+00	   4.1550000e+00	   3.5500000e+00	   3.0000000e+00	   2.0000000e+00	   1.0000000e+00	   3.0000000e+00	   3.1330000e+03	
   2.1000000e+02	   2.1100000e+02	   1.1400000e+02	   6.0000000e+00	   4.0000000e+00	   3.8350000e+00	   4.1800000e+00	   3.1900000e+00	   2.0000000e+00	   1.0000000e+00	   3.0000000e+00	   1.0000000e+00	   1.2810000e+03	
   2.0100000e+02	   2.0600000e+02	   2.1400000e+02	   7.0000000e+00	   4.0000000e+00	   4.1550000e+00	   3.6600000e+00	   3.3800000e+00	   3.0000000e+00	   1.0000000e+00	   2.0000000e+00	   3.0000000e+00	   2.2980000e+03	
   1.0900000e+02	   2.1100000e+02	   2.1400000e+02	   7.0000000e+00	   5.0000000e+00	   3.6300000e+00	   4.1800000e+00	   3.3800000e+00	   3.0000000e+00	   2.0000000e+00	   1.0000000e+00	   2.0000000e+00	   1.2910000e+03	
   1.1100000e+02	   2.0400000e+02	   3.0100000e+02	   9.0000000e+00	   5.0000000e+00	   3.9600000e+00	   4.7900000e+00	   2.6750000e+00	   2.0000000e+00	   1.0000000e+00	   3.0000000e+00	   1.0000000e+00	   1.8670000e+03	
   2.0600000e+02	   2.1000000e+02	   1.0600000e+02	   3.0000000e+00	   2.0000000e+00	   3.6600000e+00	   3.8350000e+00	   3.5100000e+00	   1.0000000e+00	   3.0000000e+00	   2.0000000e+00	   2.0000000e+00	   2.9600000e+03	
   1.1100000e+02	   2.1100000e+02	   3.0800000e+02	   1.2000000e+01	   3.0000000e+00	   3.9600000e+00	   4.1800000e+00	   4.0500000e-01	   3.0000000e+00	   1.0000000e+00	   2.0000000e+00	   1.0000000e+00	   2.1460000e+03	
   1.1600000e+02	   2.1000000e+02	   1.0600000e+02	   3.0000000e+00	   3.0000000e+00	   3.5800000e+00	   3.8350000e+00	   3.5100000e+00	   2.0000000e+00	   1.0000000e+00	   3.0000000e+00	   1.0000000e+00	   2.5070000e+03	
   2.0700000e+02	   2.1100000e+02	   3.0300000e+02	   1.0000000e+01	   2.0000000e+00	   4.0550000e+00	   4.1800000e+00	   1.4650000e+00	   3.0000000e+00	   2.0000000e+00	   1.0000000e+00	   2.0000000e+00	   1.6300000e+03	
   1.1100000e+02	   1.1600000e+02	   3.0700000e+02	   1.1000000e+01	   4.0000000e+00	   3.9600000e+00	   3.5800000e+00	   1.7250000e+00	   3.0000000e+00	   2.0000000e+00	   1.0000000e+00	   3.0000000e+00	   1.6510000e+03	
   2.0400000e+02	   2.1100000e+02	   3.0800000e+02	   1.2000000e+01	   5.0000000e+00	   4.7900000e+00	   4.1800000e+00	   4.0500000e-01	   3.0000000e+00	   1.0000000e+00	   2.0000000e+00	   3.0000000e+00	   3.3460000e+03	
   1.0200000e+02	   2.1000000e+02	   3.0800000e+02	   1.2000000e+01	   2.0000000e+00	   3.7000000e+00	   3.8350000e+00	   4.0500000e-01	   1.0000000e+00	   3.0000000e+00	   2.0000000e+00	   3.0000000e+00	   1.3400000e+03	
   2.0100000e+02	   2.1000000e+02	   1.0400000e+02	   2.0000000e+00	   4.0000000e+00	   4.1550000e+00	   3.8350000e+00	   1.0600000e+00	   2.0000000e+00	   1.0000000e+00	   3.0000000e+00	   1.0000000e+00	   1.5620000e+03	
   2.0300000e+02	   2.0700000e+02	   1.1000000e+02	   5.0000000e+00	   3.0000000e+00	   3.8400000e+00	   4.0550000e+00	   2.6500000e-01	   3.0000000e+00	   2.0000000e+00	   1.0000000e+00	   3.0000000e+00	   2.8350000e+03	
   1.1600000e+02	   2.0600000e+02	   3.0800000e+02	   1.2000000e+01	   1.0000000e+00	   3.5800000e+00	   3.6600000e+00	   4.0500000e-01	   3.0000000e+00	   2.0000000e+00	   1.0000000e+00	   2.0000000e+00	   1.9980000e+03	
   2.0600000e+02	   2.1000000e+02	   1.0800000e+02	   4.0000000e+00	   2.0000000e+00	   3.6600000e+00	   3.8350000e+00	   3.5500000e+00	   3.0000000e+00	   1.0000000e+00	   2.0000000e+00	   1.0000000e+00	   1.7410000e+03	
   1.0900000e+02	   2.0400000e+02	   1.1000000e+02	   5.0000000e+00	   5.0000000e+00	   3.6300000e+00	   4.7900000e+00	   2.6500000e-01	   1.0000000e+00	   2.0000000e+00	   3.0000000e+00	   2.0000000e+00	   1.3810000e+03	
   1.1200000e+02	   2.0100000e+02	   1.0400000e+02	   2.0000000e+00	   5.0000000e+00	   3.6350000e+00	   4.1550000e+00	   1.0600000e+00	   2.0000000e+00	   3.0000000e+00	   1.0000000e+00	   2.0000000e+00	   1.6930000e+03	
   2.0900000e+02	   2.1000000e+02	   3.1200000e+02	   1.5000000e+01	   2.0000000e+00	   4.0100000e+00	   3.8350000e+00	   1.2350000e+00	   2.0000000e+00	   3.0000000e+00	   1.0000000e+00	   2.0000000e+00	   1.7790000e+03	
   1.1600000e+02	   2.0600000e+02	   3.0100000e+02	   9.0000000e+00	   1.0000000e+00	   3.5800000e+00	   3.6600000e+00	   2.6750000e+00	   1.0000000e+00	   2.0000000e+00	   3.0000000e+00	   2.0000000e+00	   1.5550000e+03	
   1.1200000e+02	   2.0900000e+02	   1.0600000e+02	   3.0000000e+00	   4.0000000e+00	   3.6350000e+00	   4.0100000e+00	   3.5100000e+00	   3.0000000e+00	   2.0000000e+00	   1.0000000e+00	   2.0000000e+00	   1.6320000e+03	
   2.0200000e+02	   2.0400000e+02	   1.1000000e+02	   5.0000000e+00	   5.0000000e+00	   3.8400000e+00	   4.7900000e+00	   2.6500000e-01	   1.0000000e+00	   3.0000000e+00	   2.0000000e+00	   3.0000000e+00	   1.2390000e+03	
   2.1100000e+02	   2.1300000e+02	   3.0800000e+02	   1.2000000e+01	   3.0000000e+00	   4.1800000e+00	   3.9250000e+00	   4.0500000e-01	   3.0000000e+00	   1.0000000e+00	   2.0000000e+00	   3.0000000e+00	   1.1220000e+03	
   2.0400000e+02	   2.1000000e+02	   3.1000000e+02	   1.4000000e+01	   5.0000000e+00	   4.7900000e+00	   3.8350000e+00	   3.0750000e+00	   2.0000000e+00	   3.0000000e+00	   1.0000000e+00	   2.0000000e+00	   1.0770000e+03	
   1.1100000e+02	   2.0700000e+02	   2.1500000e+02	   8.0000000e+00	   1.0000000e+00	   3.9600000e+00	   4.0550000e+00	   3.1500000e-01	   2.0000000e+00	   3.0000000e+00	   1.0000000e+00	   2.0000000e+00	   3.2910000e+03	
   1.0200000e+02	   1.0900000e+02	   1.0300000e+02	   1.0000000e+00	   1.0000000e+00	   3.7000000e+00	   3.6300000e+00	   2.0350000e+00	   1.0000000e+00	   3.0000000e+00	   2.0000000e+00	   3.0000000e+00	   2.0430000e+03	
   1.1200000e+02	   2.0200000e+02	   1.0600000e+02	   3.0000000e+00	   3.0000000e+00	   3.6350000e+00	   3.8400000e+00	   3.5100000e+00	   2.0000000e+00	   1.0000000e+00	   3.0000000e+00	   1.0000000e+00	   3.0660000e+03	
   1.0200000e+02	   2.1000000e+02	   2.1400000e+02	   7.0000000e+00	   2.0000000e+00	   3.7000000e+00	   3.8350000e+00	   3.3800000e+00	   1.0000000e+00	   2.0000000e+00	   3.0000000e+00	   2.0000000e+00	   1.3830000e+03	
   1.1600000e+02	   2.1300000e+02	   3.0700000e+02	   1.1000000e+01	   4.0000000e+00	   3.5800000e+00	   3.9250000e+00	   1.7250000e+00	   1.0000000e+00	   3.0000000e+00	   2.0000000e+00	   3.0000000e+00	   2.1270000e+03	
   1.0200000e+02	   1.1100000e+02	   3.0100000e+02	   9.0000000e+00	   3.0000000e+00	   3.7000000e+00	   3.9600000e+00	   2.6750000e+00	   2.0000000e+00	   1.0000000e+00	   3.0000000e+00	   1.0000000e+00	   1.3410000e+03	
   1.1200000e+02	   2.0100000e+02	   1.0300000e+02	   1.0000000e+00	   5.0000000e+00	   3.6350000e+00	   4.1550000e+00	   2.0350000e+00	   1.0000000e+00	   3.0000000e+00	   2.0000000e+00	   1.0000000e+00	   1.5650000e+03	
   1.0200000e+02	   1.1100000e+02	   1.1400000e+02	   6.0000000e+00	   3.0000000e+00	   3.7000000e+00	   3.9600000e+00	   3.1900000e+00	   2.0000000e+00	   3.0000000e+00	   1.0000000e+00	   3.0000000e+00	   1.2320000e+03	
   2.0300000e+02	   2.1000000e+02	   3.0700000e+02	   1.1000000e+01	   1.0000000e+00	   3.8400000e+00	   3.8350000e+00	   1.7250000e+00	   2.0000000e+00	   1.0000000e+00	   3.0000000e+00	   2.0000000e+00	   2.6610000e+03	
   1.1100000e+02	   2.1100000e+02	   1.0300000e+02	   1.0000000e+00	   3.0000000e+00	   3.9600000e+00	   4.1800000e+00	   2.0350000e+00	   3.0000000e+00	   2.0000000e+00	   1.0000000e+00	   2.0000000e+00	   1.1950000e+03	
   1.1200000e+02	   2.0400000e+02	   3.0800000e+02	   1.2000000e+01	   5.0000000e+00	   3.6350000e+00	   4.7900000e+00	   4.0500000e-01	   3.0000000e+00	   2.0000000e+00	   1.0000000e+00	   2.0000000e+00	   1.4020000e+03	
   1.1200000e+02	   2.0400000e+02	   1.0600000e+02	   3.0000000e+00	   5.0000000e+00	   3.6350000e+00	   4.7900000e+00	   3.5100000e+00	   3.0000000e+00	   1.0000000e+00	   2.0000000e+00	   1.0000000e+00	   1.2020000e+03	
   2.0400000e+02	   2.0700000e+02	   1.0800000e+02	   4.0000000e+00	   5.0000000e+00	   4.7900000e+00	   4.0550000e+00	   3.5500000e+00	   2.0000000e+00	   1.0000000e+00	   3.0000000e+00	   2.0000000e+00	   1.7210000e+03	
   1.1600000e+02	   2.1300000e+02	   3.0900000e+02	   1.3000000e+01	   4.0000000e+00	   3.5800000e+00	   3.9250000e+00	   3.4450000e+00	   3.0000000e+00	   2.0000000e+00	   1.0000000e+00	   2.0000000e+00	   1.3390000e+03	
   2.0100000e+02	   2.0400000e+02	   3.0300000e+02	   1.0000000e+01	   5.0000000e+00	   4.1550000e+00	   4.7900000e+00	   1.4650000e+00	   2.0000000e+00	   3.0000000e+00	   1.0000000e+00	   3.0000000e+00	   1.6380000e+03	
   2.0600000e+02	   2.0900000e+02	   1.1000000e+02	   5.0000000e+00	   4.0000000e+00	   3.6600000e+00	   4.0100000e+00	   2.6500000e-01	   1.0000000e+00	   2.0000000e+00	   3.0000000e+00	   2.0000000e+00	   1.4510000e+03	
   1.1600000e+02	   2.0700000e+02	   1.0800000e+02	   4.0000000e+00	   4.0000000e+00	   3.5800000e+00	   4.0550000e+00	   3.5500000e+00	   3.0000000e+00	   1.0000000e+00	   2.0000000e+00	   2.0000000e+00	   2.5050000e+03	
   2.0600000e+02	   2.1300000e+02	   3.0700000e+02	   1.1000000e+01	   3.0000000e+00	   3.6600000e+00	   3.9250000e+00	   1.7250000e+00	   1.0000000e+00	   2.0000000e+00	   3.0000000e+00	   2.0000000e+00	   1.9490000e+03	
   1.0200000e+02	   2.0300000e+02	   3.0900000e+02	   1.3000000e+01	   2.0000000e+00	   3.7000000e+00	   3.8400000e+00	   3.4450000e+00	   2.0000000e+00	   1.0000000e+00	   3.0000000e+00	   1.0000000e+00	   1.2060000e+03	
   2.0300000e+02	   2.1300000e+02	   1.0800000e+02	   4.0000000e+00	   1.0000000e+00	   3.8400000e+00	   3.9250000e+00	   3.5500000e+00	   1.0000000e+00	   3.0000000e+00	   2.0000000e+00	   3.0000000e+00	   1.8330000e+03	
   2.0900000e+02	   2.1100000e+02	   3.0100000e+02	   9.0000000e+00	   2.0000000e+00	   4.0100000e+00	   4.1800000e+00	   2.6750000e+00	   1.0000000e+00	   2.0000000e+00	   3.0000000e+00	   2.0000000e+00	   1.4240000e+03	
   1.0200000e+02	   1.1100000e+02	   1.0800000e+02	   4.0000000e+00	   3.0000000e+00	   3.7000000e+00	   3.9600000e+00	   3.5500000e+00	   2.0000000e+00	   1.0000000e+00	   3.0000000e+00	   3.0000000e+00	   2.5720000e+03	
   1.1600000e+02	   2.1000000e+02	   3.0900000e+02	   1.3000000e+01	   3.0000000e+00	   3.5800000e+00	   3.8350000e+00	   3.4450000e+00	   2.0000000e+00	   3.0000000e+00	   1.0000000e+00	   3.0000000e+00	   1.3420000e+03	
   1.1600000e+02	   2.0400000e+02	   2.1400000e+02	   7.0000000e+00	   5.0000000e+00	   3.5800000e+00	   4.7900000e+00	   3.3800000e+00	   2.0000000e+00	   3.0000000e+00	   1.0000000e+00	   3.0000000e+00	   9.2600000e+02	
   1.0900000e+02	   2.1300000e+02	   3.0300000e+02	   1.0000000e+01	   3.0000000e+00	   3.6300000e+00	   3.9250000e+00	   1.4650000e+00	   3.0000000e+00	   2.0000000e+00	   1.0000000e+00	   2.0000000e+00	   1.1580000e+03	
   1.1600000e+02	   2.0600000e+02	   2.1400000e+02	   7.0000000e+00	   1.0000000e+00	   3.5800000e+00	   3.6600000e+00	   3.3800000e+00	   1.0000000e+00	   2.0000000e+00	   3.0000000e+00	   3.0000000e+00	   2.5210000e+03	
   1.1600000e+02	   2.1100000e+02	   2.1400000e+02	   7.0000000e+00	   5.0000000e+00	   3.5800000e+00	   4.1800000e+00	   3.3800000e+00	   1.0000000e+00	   2.0000000e+00	   3.0000000e+00	   2.0000000e+00	   1.2050000e+03	
   1.0900000e+02	   1.1100000e+02	   3.0100000e+02	   9.0000000e+00	   4.0000000e+00	   3.6300000e+00	   3.9600000e+00	   2.6750000e+00	   1.0000000e+00	   3.0000000e+00	   2.0000000e+00	   3.0000000e+00	   1.2460000e+03	
   1.0900000e+02	   2.0700000e+02	   1.1400000e+02	   6.0000000e+00	   4.0000000e+00	   3.6300000e+00	   4.0550000e+00	   3.1900000e+00	   1.0000000e+00	   3.0000000e+00	   2.0000000e+00	   3.0000000e+00	   2.4540000e+03	
   2.1000000e+02	   2.1300000e+02	   3.0300000e+02	   1.0000000e+01	   1.0000000e+00	   3.8350000e+00	   3.9250000e+00	   1.4650000e+00	   1.0000000e+00	   3.0000000e+00	   2.0000000e+00	   3.0000000e+00	   5.5490000e+03	
   2.0100000e+02	   2.1100000e+02	   3.1000000e+02	   1.4000000e+01	   1.0000000e+00	   4.1550000e+00	   4.1800000e+00	   3.0750000e+00	   2.0000000e+00	   1.0000000e+00	   3.0000000e+00	   1.0000000e+00	   1.5190000e+03	
   1.1100000e+02	   1.1200000e+02	   3.0300000e+02	   1.0000000e+01	   4.0000000e+00	   3.9600000e+00	   3.6350000e+00	   1.4650000e+00	   1.0000000e+00	   3.0000000e+00	   2.0000000e+00	   3.0000000e+00	   2.7750000e+03	
   2.0600000e+02	   2.0700000e+02	   3.0700000e+02	   1.1000000e+01	   4.0000000e+00	   3.6600000e+00	   4.0550000e+00	   1.7250000e+00	   3.0000000e+00	   1.0000000e+00	   2.0000000e+00	   3.0000000e+00	   1.8460000e+03	
   1.1600000e+02	   2.1100000e+02	   3.1200000e+02	   1.5000000e+01	   5.0000000e+00	   3.5800000e+00	   4.1800000e+00	   1.2350000e+00	   2.0000000e+00	   1.0000000e+00	   3.0000000e+00	   1.0000000e+00	   1.1470000e+03	
   1.0900000e+02	   1.1600000e+02	   1.0400000e+02	   2.0000000e+00	   1.0000000e+00	   3.6300000e+00	   3.5800000e+00	   1.0600000e+00	   2.0000000e+00	   1.0000000e+00	   3.0000000e+00	   2.0000000e+00	   2.6190000e+03	
   2.1000000e+02	   2.1100000e+02	   1.0300000e+02	   1.0000000e+00	   4.0000000e+00	   3.8350000e+00	   4.1800000e+00	   2.0350000e+00	   3.0000000e+00	   2.0000000e+00	   1.0000000e+00	   2.0000000e+00	   1.2370000e+03	
   2.0400000e+02	   2.0600000e+02	   2.1500000e+02	   8.0000000e+00	   5.0000000e+00	   4.7900000e+00	   3.6600000e+00	   3.1500000e-01	   1.0000000e+00	   2.0000000e+00	   3.0000000e+00	   1.0000000e+00	   1.7670000e+03	
   2.0400000e+02	   2.0700000e+02	   3.0700000e+02	   1.1000000e+01	   5.0000000e+00	   4.7900000e+00	   4.0550000e+00	   1.7250000e+00	   2.0000000e+00	   1.0000000e+00	   3.0000000e+00	   2.0000000e+00	   1.2280000e+03	
   2.0900000e+02	   2.1300000e+02	   2.1400000e+02	   7.0000000e+00	   1.0000000e+00	   4.0100000e+00	   3.9250000e+00	   3.3800000e+00	   1.0000000e+00	   3.0000000e+00	   2.0000000e+00	   1.0000000e+00	   2.4940000e+03	
   1.0200000e+02	   2.1100000e+02	   3.0300000e+02	   1.0000000e+01	   4.0000000e+00	   3.7000000e+00	   4.1800000e+00	   1.4650000e+00	   1.0000000e+00	   2.0000000e+00	   3.0000000e+00	   2.0000000e+00	   1.3930000e+03	
   2.0200000e+02	   2.0900000e+02	   1.1000000e+02	   5.0000000e+00	   2.0000000e+00	   3.8400000e+00	   4.0100000e+00	   2.6500000e-01	   1.0000000e+00	   3.0000000e+00	   2.0000000e+00	   3.0000000e+00	   1.3640000e+03	
   1.1200000e+02	   2.0900000e+02	   3.1200000e+02	   1.5000000e+01	   4.0000000e+00	   3.6350000e+00	   4.0100000e+00	   1.2350000e+00	   2.0000000e+00	   1.0000000e+00	   3.0000000e+00	   1.0000000e+00	   1.2220000e+03	
   1.1200000e+02	   2.1000000e+02	   1.1400000e+02	   6.0000000e+00	   2.0000000e+00	   3.6350000e+00	   3.8350000e+00	   3.1900000e+00	   1.0000000e+00	   2.0000000e+00	   3.0000000e+00	   2.0000000e+00	   1.3650000e+03	
   2.0200000e+02	   2.1000000e+02	   1.0600000e+02	   3.0000000e+00	   1.0000000e+00	   3.8400000e+00	   3.8350000e+00	   3.5100000e+00	   3.0000000e+00	   2.0000000e+00	   1.0000000e+00	   2.0000000e+00	   2.9420000e+03	
   2.0600000e+02	   2.1100000e+02	   3.0100000e+02	   9.0000000e+00	   5.0000000e+00	   3.6600000e+00	   4.1800000e+00	   2.6750000e+00	   2.0000000e+00	   3.0000000e+00	   1.0000000e+00	   3.0000000e+00	   1.1550000e+03	
   1.1100000e+02	   2.0100000e+02	   3.1000000e+02	   1.4000000e+01	   2.0000000e+00	   3.9600000e+00	   4.1550000e+00	   3.0750000e+00	   1.0000000e+00	   2.0000000e+00	   3.0000000e+00	   1.0000000e+00	   2.1480000e+03	
   1.0900000e+02	   2.0200000e+02	   1.0800000e+02	   4.0000000e+00	   3.0000000e+00	   3.6300000e+00	   3.8400000e+00	   3.5500000e+00	   3.0000000e+00	   1.0000000e+00	   2.0000000e+00	   1.0000000e+00	   2.9310000e+03	
   2.0300000e+02	   2.0400000e+02	   3.0700000e+02	   1.1000000e+01	   5.0000000e+00	   3.8400000e+00	   4.7900000e+00	   1.7250000e+00	   2.0000000e+00	   1.0000000e+00	   3.0000000e+00	   1.0000000e+00	   1.1780000e+03	
   1.0900000e+02	   2.0400000e+02	   1.0600000e+02	   3.0000000e+00	   5.0000000e+00	   3.6300000e+00	   4.7900000e+00	   3.5100000e+00	   2.0000000e+00	   1.0000000e+00	   3.0000000e+00	   1.0000000e+00	   8.6100000e+02	
   2.0600000e+02	   2.1000000e+02	   1.0400000e+02	   2.0000000e+00	   2.0000000e+00	   3.6600000e+00	   3.8350000e+00	   1.0600000e+00	   1.0000000e+00	   2.0000000e+00	   3.0000000e+00	   2.0000000e+00	   4.7830000e+03	
   1.1200000e+02	   2.0300000e+02	   1.0600000e+02	   3.0000000e+00	   3.0000000e+00	   3.6350000e+00	   3.8400000e+00	   3.5100000e+00	   1.0000000e+00	   2.0000000e+00	   3.0000000e+00	   2.0000000e+00	   1.6780000e+03	
   1.0200000e+02	   2.1100000e+02	   2.1500000e+02	   8.0000000e+00	   4.0000000e+00	   3.7000000e+00	   4.1800000e+00	   3.1500000e-01	   3.0000000e+00	   1.0000000e+00	   2.0000000e+00	   1.0000000e+00	   1.2270000e+03	
   2.0400000e+02	   2.0900000e+02	   1.0400000e+02	   2.0000000e+00	   5.0000000e+00	   4.7900000e+00	   4.0100000e+00	   1.0600000e+00	   3.0000000e+00	   1.0000000e+00	   2.0000000e+00	   3.0000000e+00	   9.4600000e+02	
   1.1200000e+02	   2.0600000e+02	   1.0600000e+02	   3.0000000e+00	   1.0000000e+00	   3.6350000e+00	   3.6600000e+00	   3.5100000e+00	   2.0000000e+00	   1.0000000e+00	   3.0000000e+00	   1.0000000e+00	   1.3960000e+03	
   1.1100000e+02	   2.0900000e+02	   3.0100000e+02	   9.0000000e+00	   1.0000000e+00	   3.9600000e+00	   4.0100000e+00	   2.6750000e+00	   3.0000000e+00	   1.0000000e+00	   2.0000000e+00	   1.0000000e+00	   1.4730000e+03	
   1.0200000e+02	   1.1600000e+02	   3.0900000e+02	   1.3000000e+01	   2.0000000e+00	   3.7000000e+00	   3.5800000e+00	   3.4450000e+00	   2.0000000e+00	   1.0000000e+00	   3.0000000e+00	   2.0000000e+00	   4.4960000e+03	
   1.1100000e+02	   2.0900000e+02	   1.0600000e+02	   3.0000000e+00	   1.0000000e+00	   3.9600000e+00	   4.0100000e+00	   3.5100000e+00	   1.0000000e+00	   2.0000000e+00	   3.0000000e+00	   2.0000000e+00	   1.1990000e+03	
   2.0900000e+02	   2.1100000e+02	   1.0600000e+02	   3.0000000e+00	   2.0000000e+00	   4.0100000e+00	   4.1800000e+00	   3.5100000e+00	   1.0000000e+00	   2.0000000e+00	   3.0000000e+00	   2.0000000e+00	   1.5950000e+03	
   2.0600000e+02	   2.0900000e+02	   3.1000000e+02	   1.4000000e+01	   4.0000000e+00	   3.6600000e+00	   4.0100000e+00	   3.0750000e+00	   1.0000000e+00	   3.0000000e+00	   2.0000000e+00	   3.0000000e+00	   1.5390000e+03	
   1.1200000e+02	   2.0200000e+02	   3.1200000e+02	   1.5000000e+01	   3.0000000e+00	   3.6350000e+00	   3.8400000e+00	   1.2350000e+00	   2.0000000e+00	   1.0000000e+00	   3.0000000e+00	   1.0000000e+00	   2.0220000e+03	
   2.0200000e+02	   2.0700000e+02	   1.1400000e+02	   6.0000000e+00	   3.0000000e+00	   3.8400000e+00	   4.0550000e+00	   3.1900000e+00	   2.0000000e+00	   1.0000000e+00	   3.0000000e+00	   2.0000000e+00	   3.2010000e+03	
   2.0300000e+02	   2.0600000e+02	   1.0800000e+02	   4.0000000e+00	   2.0000000e+00	   3.8400000e+00	   3.6600000e+00	   3.5500000e+00	   3.0000000e+00	   2.0000000e+00	   1.0000000e+00	   3.0000000e+00	   1.4010000e+03	
   1.1600000e+02	   2.0300000e+02	   3.0800000e+02	   1.2000000e+01	   3.0000000e+00	   3.5800000e+00	   3.8400000e+00	   4.0500000e-01	   3.0000000e+00	   1.0000000e+00	   2.0000000e+00	   1.0000000e+00	   1.1480000e+03	
   2.0100000e+02	   2.0400000e+02	   3.1200000e+02	   1.5000000e+01	   5.0000000e+00	   4.1550000e+00	   4.7900000e+00	   1.2350000e+00	   3.0000000e+00	   1.0000000e+00	   2.0000000e+00	   1.0000000e+00	   8.6600000e+02	
   2.0200000e+02	   2.1100000e+02	   1.0800000e+02	   4.0000000e+00	   4.0000000e+00	   3.8400000e+00	   4.1800000e+00	   3.5500000e+00	   2.0000000e+00	   3.0000000e+00	   1.0000000e+00	   3.0000000e+00	   7.2300000e+02	
   2.0200000e+02	   2.0700000e+02	   1.1000000e+02	   5.0000000e+00	   3.0000000e+00	   3.8400000e+00	   4.0550000e+00	   2.6500000e-01	   1.0000000e+00	   3.0000000e+00	   2.0000000e+00	   1.0000000e+00	   1.5480000e+03	
   1.1100000e+02	   2.0100000e+02	   1.0300000e+02	   1.0000000e+00	   2.0000000e+00	   3.9600000e+00	   4.1550000e+00	   2.0350000e+00	   2.0000000e+00	   3.0000000e+00	   1.0000000e+00	   2.0000000e+00	   1.7010000e+03	
   1.0200000e+02	   1.0900000e+02	   1.0400000e+02	   2.0000000e+00	   1.0000000e+00	   3.7000000e+00	   3.6300000e+00	   1.0600000e+00	   3.0000000e+00	   2.0000000e+00	   1.0000000e+00	   3.0000000e+00	   1.7720000e+03	
   2.0400000e+02	   2.1000000e+02	   3.0300000e+02	   1.0000000e+01	   5.0000000e+00	   4.7900000e+00	   3.8350000e+00	   1.4650000e+00	   1.0000000e+00	   2.0000000e+00	   3.0000000e+00	   1.0000000e+00	   1.0340000e+03	
   1.0200000e+02	   2.0400000e+02	   3.1000000e+02	   1.4000000e+01	   5.0000000e+00	   3.7000000e+00	   4.7900000e+00	   3.0750000e+00	   3.0000000e+00	   1.0000000e+00	   2.0000000e+00	   1.0000000e+00	   1.7780000e+03	
   1.1200000e+02	   1.1600000e+02	   2.1400000e+02	   7.0000000e+00	   1.0000000e+00	   3.6350000e+00	   3.5800000e+00	   3.3800000e+00	   2.0000000e+00	   1.0000000e+00	   3.0000000e+00	   2.0000000e+00	   2.7960000e+03	
   2.0100000e+02	   2.0600000e+02	   1.1000000e+02	   5.0000000e+00	   4.0000000e+00	   4.1550000e+00	   3.6600000e+00	   2.6500000e-01	   1.0000000e+00	   2.0000000e+00	   3.0000000e+00	   2.0000000e+00	   2.5690000e+03	
   1.1600000e+02	   2.0700000e+02	   1.1400000e+02	   6.0000000e+00	   4.0000000e+00	   3.5800000e+00	   4.0550000e+00	   3.1900000e+00	   1.0000000e+00	   2.0000000e+00	   3.0000000e+00	   2.0000000e+00	   1.3610000e+03	
   2.0200000e+02	   2.1300000e+02	   3.1000000e+02	   1.4000000e+01	   1.0000000e+00	   3.8400000e+00	   3.9250000e+00	   3.0750000e+00	   1.0000000e+00	   2.0000000e+00	   3.0000000e+00	   1.0000000e+00	   1.7500000e+03	
   1.0900000e+02	   2.0900000e+02	   3.0800000e+02	   1.2000000e+01	   4.0000000e+00	   3.6300000e+00	   4.0100000e+00	   4.0500000e-01	   2.0000000e+00	   3.0000000e+00	   1.0000000e+00	   3.0000000e+00	   1.3000000e+03	
   2.0100000e+02	   2.0700000e+02	   1.0300000e+02	   1.0000000e+00	   1.0000000e+00	   4.1550000e+00	   4.0550000e+00	   2.0350000e+00	   3.0000000e+00	   1.0000000e+00	   2.0000000e+00	   1.0000000e+00	   1.6050000e+03	
   2.0600000e+02	   2.1100000e+02	   1.1000000e+02	   5.0000000e+00	   5.0000000e+00	   3.6600000e+00	   4.1800000e+00	   2.6500000e-01	   1.0000000e+00	   2.0000000e+00	   3.0000000e+00	   2.0000000e+00	   1.0600000e+03	
   1.0200000e+02	   2.0300000e+02	   3.0100000e+02	   9.0000000e+00	   2.0000000e+00	   3.7000000e+00	   3.8400000e+00	   2.6750000e+00	   2.0000000e+00	   1.0000000e+00	   3.0000000e+00	   1.0000000e+00	   1.1640000e+03	
   2.0400000e+02	   2.1000000e+02	   3.0900000e+02	   1.3000000e+01	   5.0000000e+00	   4.7900000e+00	   3.8350000e+00	   3.4450000e+00	   1.0000000e+00	   3.0000000e+00	   2.0000000e+00	   1.0000000e+00	   1.1340000e+03	
   2.0700000e+02	   2.1000000e+02	   2.1400000e+02	   7.0000000e+00	   3.0000000e+00	   4.0550000e+00	   3.8350000e+00	   3.3800000e+00	   2.0000000e+00	   3.0000000e+00	   1.0000000e+00	   3.0000000e+00	   2.4770000e+03	
   2.1000000e+02	   2.1100000e+02	   3.0900000e+02	   1.3000000e+01	   4.0000000e+00	   3.8350000e+00	   4.1800000e+00	   3.4450000e+00	   3.0000000e+00	   1.0000000e+00	   2.0000000e+00	   1.0000000e+00	   1.0090000e+03	
   2.0300000e+02	   2.0700000e+02	   3.0300000e+02	   1.0000000e+01	   3.0000000e+00	   3.8400000e+00	   4.0550000e+00	   1.4650000e+00	   2.0000000e+00	   3.0000000e+00	   1.0000000e+00	   2.0000000e+00	   1.1490000e+03	
   2.0200000e+02	   2.0600000e+02	   3.0700000e+02	   1.1000000e+01	   2.0000000e+00	   3.8400000e+00	   3.6600000e+00	   1.7250000e+00	   2.0000000e+00	   3.0000000e+00	   1.0000000e+00	   2.0000000e+00	   1.1140000e+03	
   2.0300000e+02	   2.0600000e+02	   1.0400000e+02	   2.0000000e+00	   2.0000000e+00	   3.8400000e+00	   3.6600000e+00	   1.0600000e+00	   2.0000000e+00	   1.0000000e+00	   3.0000000e+00	   2.0000000e+00	   1.7540000e+03	
   1.0200000e+02	   2.0900000e+02	   3.1000000e+02	   1.4000000e+01	   3.0000000e+00	   3.7000000e+00	   4.0100000e+00	   3.0750000e+00	   2.0000000e+00	   1.0000000e+00	   3.0000000e+00	   1.0000000e+00	   1.5940000e+03	
   2.0100000e+02	   2.1000000e+02	   1.0300000e+02	   1.0000000e+00	   4.0000000e+00	   4.1550000e+00	   3.8350000e+00	   2.0350000e+00	   2.0000000e+00	   1.0000000e+00	   3.0000000e+00	   1.0000000e+00	   1.4470000e+03	
   2.0300000e+02	   2.1100000e+02	   3.1200000e+02	   1.5000000e+01	   4.0000000e+00	   3.8400000e+00	   4.1800000e+00	   1.2350000e+00	   2.0000000e+00	   1.0000000e+00	   3.0000000e+00	   1.0000000e+00	   1.2860000e+03	
   1.1100000e+02	   2.0700000e+02	   3.0900000e+02	   1.3000000e+01	   1.0000000e+00	   3.9600000e+00	   4.0550000e+00	   3.4450000e+00	   1.0000000e+00	   2.0000000e+00	   3.0000000e+00	   2.0000000e+00	   2.3080000e+03	
   1.1100000e+02	   2.1100000e+02	   2.1400000e+02	   7.0000000e+00	   3.0000000e+00	   3.9600000e+00	   4.1800000e+00	   3.3800000e+00	   3.0000000e+00	   1.0000000e+00	   2.0000000e+00	   1.0000000e+00	   7.9600000e+02	
   2.0100000e+02	   2.0200000e+02	   1.0400000e+02	   2.0000000e+00	   3.0000000e+00	   4.1550000e+00	   3.8400000e+00	   1.0600000e+00	   1.0000000e+00	   3.0000000e+00	   2.0000000e+00	   3.0000000e+00	   1.4460000e+03	
   1.0200000e+02	   1.1200000e+02	   3.0900000e+02	   1.3000000e+01	   1.0000000e+00	   3.7000000e+00	   3.6350000e+00	   3.4450000e+00	   3.0000000e+00	   1.0000000e+00	   2.0000000e+00	   3.0000000e+00	   9.4600000e+02	
   1.0900000e+02	   2.0700000e+02	   2.1400000e+02	   7.0000000e+00	   4.0000000e+00	   3.6300000e+00	   4.0550000e+00	   3.3800000e+00	   3.0000000e+00	   1.0000000e+00	   2.0000000e+00	   1.0000000e+00	   1.7060000e+03	
   2.0100000e+02	   2.1100000e+02	   3.0300000e+02	   1.0000000e+01	   1.0000000e+00	   4.1550000e+00	   4.1800000e+00	   1.4650000e+00	   1.0000000e+00	   2.0000000e+00	   3.0000000e+00	   2.0000000e+00	   7.6100000e+02	
   1.1600000e+02	   2.1300000e+02	   1.1400000e+02	   6.0000000e+00	   4.0000000e+00	   3.5800000e+00	   3.9250000e+00	   3.1900000e+00	   2.0000000e+00	   1.0000000e+00	   3.0000000e+00	   1.0000000e+00	   9.6300000e+02	
   2.0300000e+02	   2.1000000e+02	   1.0300000e+02	   1.0000000e+00	   1.0000000e+00	   3.8400000e+00	   3.8350000e+00	   2.0350000e+00	   3.0000000e+00	   2.0000000e+00	   1.0000000e+00	   3.0000000e+00	   1.3270000e+03	
   1.1200000e+02	   2.0700000e+02	   3.0900000e+02	   1.3000000e+01	   4.0000000e+00	   3.6350000e+00	   4.0550000e+00	   3.4450000e+00	   1.0000000e+00	   2.0000000e+00	   3.0000000e+00	   2.0000000e+00	   1.9740000e+03	
   1.0900000e+02	   2.1300000e+02	   1.0400000e+02	   2.0000000e+00	   3.0000000e+00	   3.6300000e+00	   3.9250000e+00	   1.0600000e+00	   3.0000000e+00	   1.0000000e+00	   2.0000000e+00	   1.0000000e+00	   1.1940000e+03	
   2.0200000e+02	   2.0900000e+02	   3.0100000e+02	   9.0000000e+00	   2.0000000e+00	   3.8400000e+00	   4.0100000e+00	   2.6750000e+00	   3.0000000e+00	   2.0000000e+00	   1.0000000e+00	   2.0000000e+00	   7.8100000e+02	
   2.0600000e+02	   2.1300000e+02	   1.0300000e+02	   1.0000000e+00	   3.0000000e+00	   3.6600000e+00	   3.9250000e+00	   2.0350000e+00	   2.0000000e+00	   3.0000000e+00	   1.0000000e+00	   3.0000000e+00	   8.7700000e+02	
   1.0200000e+02	   2.0300000e+02	   3.0700000e+02	   1.1000000e+01	   2.0000000e+00	   3.7000000e+00	   3.8400000e+00	   1.7250000e+00	   2.0000000e+00	   3.0000000e+00	   1.0000000e+00	   3.0000000e+00	   9.6400000e+02	
   2.0100000e+02	   2.0300000e+02	   1.0800000e+02	   4.0000000e+00	   4.0000000e+00	   4.1550000e+00	   3.8400000e+00	   3.5500000e+00	   3.0000000e+00	   1.0000000e+00	   2.0000000e+00	   1.0000000e+00	   1.0420000e+03	
   2.0200000e+02	   2.0400000e+02	   3.1200000e+02	   1.5000000e+01	   5.0000000e+00	   3.8400000e+00	   4.7900000e+00	   1.2350000e+00	   1.0000000e+00	   3.0000000e+00	   2.0000000e+00	   3.0000000e+00	   1.0060000e+03	
   2.0300000e+02	   2.1100000e+02	   3.1000000e+02	   1.4000000e+01	   4.0000000e+00	   3.8400000e+00	   4.1800000e+00	   3.0750000e+00	   2.0000000e+00	   3.0000000e+00	   1.0000000e+00	   3.0000000e+00	   7.6600000e+02	
   1.1200000e+02	   2.1300000e+02	   3.0800000e+02	   1.2000000e+01	   3.0000000e+00	   3.6350000e+00	   3.9250000e+00	   4.0500000e-01	   3.0000000e+00	   1.0000000e+00	   2.0000000e+00	   1.0000000e+00	   3.1560000e+03	
   1.0900000e+02	   2.0900000e+02	   1.0400000e+02	   2.0000000e+00	   4.0000000e+00	   3.6300000e+00	   4.0100000e+00	   1.0600000e+00	   2.0000000e+00	   3.0000000e+00	   1.0000000e+00	   3.0000000e+00	   9.6400000e+02	
   2.0300000e+02	   2.0900000e+02	   3.0700000e+02	   1.1000000e+01	   2.0000000e+00	   3.8400000e+00	   4.0100000e+00	   1.7250000e+00	   2.0000000e+00	   3.0000000e+00	   1.0000000e+00	   2.0000000e+00	   1.0550000e+03	
   2.0600000e+02	   2.1000000e+02	   3.0300000e+02	   1.0000000e+01	   2.0000000e+00	   3.6600000e+00	   3.8350000e+00	   1.4650000e+00	   2.0000000e+00	   1.0000000e+00	   3.0000000e+00	   2.0000000e+00	   2.2220000e+03	
   2.0400000e+02	   2.0600000e+02	   3.0900000e+02	   1.3000000e+01	   5.0000000e+00	   4.7900000e+00	   3.6600000e+00	   3.4450000e+00	   1.0000000e+00	   3.0000000e+00	   2.0000000e+00	   1.0000000e+00	   7.7100000e+02	
   1.1200000e+02	   2.0200000e+02	   3.0900000e+02	   1.3000000e+01	   3.0000000e+00	   3.6350000e+00	   3.8400000e+00	   3.4450000e+00	   1.0000000e+00	   3.0000000e+00	   2.0000000e+00	   3.0000000e+00	   1.8190000e+03	
   1.0900000e+02	   1.1100000e+02	   2.1400000e+02	   7.0000000e+00	   4.0000000e+00	   3.6300000e+00	   3.9600000e+00	   3.3800000e+00	   2.0000000e+00	   1.0000000e+00	   3.0000000e+00	   3.0000000e+00	   1.6070000e+03	
   2.0400000e+02	   2.1300000e+02	   1.0300000e+02	   1.0000000e+00	   5.0000000e+00	   4.7900000e+00	   3.9250000e+00	   2.0350000e+00	   3.0000000e+00	   1.0000000e+00	   2.0000000e+00	   3.0000000e+00	   7.6700000e+02	
   2.0300000e+02	   2.1300000e+02	   3.0900000e+02	   1.3000000e+01	   1.0000000e+00	   3.8400000e+00	   3.9250000e+00	   3.4450000e+00	   1.0000000e+00	   3.0000000e+00	   2.0000000e+00	   1.0000000e+00	   1.3220000e+03	
   2.0600000e+02	   2.1100000e+02	   1.1400000e+02	   6.0000000e+00	   5.0000000e+00	   3.6600000e+00	   4.1800000e+00	   3.1900000e+00	   1.0000000e+00	   3.0000000e+00	   2.0000000e+00	   3.0000000e+00	   1.2670000e+03	
   1.1100000e+02	   2.1300000e+02	   3.0800000e+02	   1.2000000e+01	   1.0000000e+00	   3.9600000e+00	   3.9250000e+00	   4.0500000e-01	   3.0000000e+00	   1.0000000e+00	   2.0000000e+00	   1.0000000e+00	   1.6250000e+03	
   2.0100000e+02	   2.1100000e+02	   1.1400000e+02	   6.0000000e+00	   1.0000000e+00	   4.1550000e+00	   4.1800000e+00	   3.1900000e+00	   3.0000000e+00	   2.0000000e+00	   1.0000000e+00	   2.0000000e+00	   7.3600000e+02	
   1.1200000e+02	   2.1000000e+02	   2.1500000e+02	   8.0000000e+00	   2.0000000e+00	   3.6350000e+00	   3.8350000e+00	   3.1500000e-01	   2.0000000e+00	   1.0000000e+00	   3.0000000e+00	   1.0000000e+00	   1.6080000e+03	
   1.1600000e+02	   2.0200000e+02	   3.1200000e+02	   1.5000000e+01	   3.0000000e+00	   3.5800000e+00	   3.8400000e+00	   1.2350000e+00	   2.0000000e+00	   1.0000000e+00	   3.0000000e+00	   1.0000000e+00	   1.0310000e+03	
   2.0100000e+02	   2.0900000e+02	   3.1000000e+02	   1.4000000e+01	   2.0000000e+00	   4.1550000e+00	   4.0100000e+00	   3.0750000e+00	   2.0000000e+00	   3.0000000e+00	   1.0000000e+00	   3.0000000e+00	   1.2130000e+03	
   1.1100000e+02	   2.0100000e+02	   2.1500000e+02	   8.0000000e+00	   2.0000000e+00	   3.9600000e+00	   4.1550000e+00	   3.1500000e-01	   1.0000000e+00	   3.0000000e+00	   2.0000000e+00	   3.0000000e+00	   1.9290000e+03	
   2.0300000e+02	   2.0900000e+02	   1.1000000e+02	   5.0000000e+00	   2.0000000e+00	   3.8400000e+00	   4.0100000e+00	   2.6500000e-01	   1.0000000e+00	   2.0000000e+00	   3.0000000e+00	   2.0000000e+00	   1.5170000e+03	
   1.1100000e+02	   2.1300000e+02	   2.1500000e+02	   8.0000000e+00	   1.0000000e+00	   3.9600000e+00	   3.9250000e+00	   3.1500000e-01	   2.0000000e+00	   1.0000000e+00	   3.0000000e+00	   1.0000000e+00	   2.1270000e+03	
   2.0300000e+02	   2.0600000e+02	   3.0800000e+02	   1.2000000e+01	   2.0000000e+00	   3.8400000e+00	   3.6600000e+00	   4.0500000e-01	   3.0000000e+00	   1.0000000e+00	   2.0000000e+00	   3.0000000e+00	   1.0940000e+03	
   1.0200000e+02	   2.0700000e+02	   2.1400000e+02	   7.0000000e+00	   4.0000000e+00	   3.7000000e+00	   4.0550000e+00	   3.3800000e+00	   2.0000000e+00	   3.0000000e+00	   1.0000000e+00	   3.0000000e+00	   1.5010000e+03	
   1.1600000e+02	   2.0300000e+02	   3.0700000e+02	   1.1000000e+01	   3.0000000e+00	   3.5800000e+00	   3.8400000e+00	   1.7250000e+00	   3.0000000e+00	   2.0000000e+00	   1.0000000e+00	   2.0000000e+00	   9.7800000e+02	
   1.0200000e+02	   2.0100000e+02	   3.0800000e+02	   1.2000000e+01	   4.0000000e+00	   3.7000000e+00	   4.1550000e+00	   4.0500000e-01	   3.0000000e+00	   1.0000000e+00	   2.0000000e+00	   1.0000000e+00	   2.0710000e+03	
   1.1100000e+02	   1.1200000e+02	   1.0800000e+02	   4.0000000e+00	   4.0000000e+00	   3.9600000e+00	   3.6350000e+00	   3.5500000e+00	   2.0000000e+00	   1.0000000e+00	   3.0000000e+00	   3.0000000e+00	   1.7070000e+03	
   1.1100000e+02	   2.0300000e+02	   3.1000000e+02	   1.4000000e+01	   2.0000000e+00	   3.9600000e+00	   3.8400000e+00	   3.0750000e+00	   1.0000000e+00	   2.0000000e+00	   3.0000000e+00	   2.0000000e+00	   1.3580000e+03	
   2.0300000e+02	   2.1000000e+02	   1.0400000e+02	   2.0000000e+00	   1.0000000e+00	   3.8400000e+00	   3.8350000e+00	   1.0600000e+00	   3.0000000e+00	   2.0000000e+00	   1.0000000e+00	   3.0000000e+00	   1.5490000e+03	
   2.0700000e+02	   2.1100000e+02	   1.0300000e+02	   1.0000000e+00	   2.0000000e+00	   4.0550000e+00	   4.1800000e+00	   2.0350000e+00	   2.0000000e+00	   1.0000000e+00	   3.0000000e+00	   1.0000000e+00	   8.0900000e+02	
   1.1100000e+02	   2.0100000e+02	   1.1400000e+02	   6.0000000e+00	   2.0000000e+00	   3.9600000e+00	   4.1550000e+00	   3.1900000e+00	   2.0000000e+00	   1.0000000e+00	   3.0000000e+00	   1.0000000e+00	   1.5630000e+03	
   2.0100000e+02	   2.0700000e+02	   1.1400000e+02	   6.0000000e+00	   1.0000000e+00	   4.1550000e+00	   4.0550000e+00	   3.1900000e+00	   2.0000000e+00	   1.0000000e+00	   3.0000000e+00	   1.0000000e+00	   1.4360000e+03	
   1.1100000e+02	   2.0900000e+02	   3.0300000e+02	   1.0000000e+01	   1.0000000e+00	   3.9600000e+00	   4.0100000e+00	   1.4650000e+00	   1.0000000e+00	   3.0000000e+00	   2.0000000e+00	   3.0000000e+00	   9.7200000e+02	
   2.0600000e+02	   2.1100000e+02	   2.1400000e+02	   7.0000000e+00	   5.0000000e+00	   3.6600000e+00	   4.1800000e+00	   3.3800000e+00	   3.0000000e+00	   2.0000000e+00	   1.0000000e+00	   2.0000000e+00	   8.6800000e+02	
   1.0200000e+02	   2.0300000e+02	   1.1400000e+02	   6.0000000e+00	   2.0000000e+00	   3.7000000e+00	   3.8400000e+00	   3.1900000e+00	   3.0000000e+00	   1.0000000e+00	   2.0000000e+00	   1.0000000e+00	   8.3400000e+02	
   2.0200000e+02	   2.0700000e+02	   2.1500000e+02	   8.0000000e+00	   3.0000000e+00	   3.8400000e+00	   4.0550000e+00	   3.1500000e-01	   3.0000000e+00	   2.0000000e+00	   1.0000000e+00	   3.0000000e+00	   1.7170000e+03	
   1.0900000e+02	   2.1000000e+02	   1.1400000e+02	   6.0000000e+00	   2.0000000e+00	   3.6300000e+00	   3.8350000e+00	   3.1900000e+00	   2.0000000e+00	   1.0000000e+00	   3.0000000e+00	   1.0000000e+00	   1.2130000e+03	
   2.0600000e+02	   2.0900000e+02	   1.0600000e+02	   3.0000000e+00	   4.0000000e+00	   3.6600000e+00	   4.0100000e+00	   3.5100000e+00	   2.0000000e+00	   3.0000000e+00	   1.0000000e+00	   3.0000000e+00	   1.3450000e+03	
   1.0900000e+02	   2.0300000e+02	   3.1000000e+02	   1.4000000e+01	   3.0000000e+00	   3.6300000e+00	   3.8400000e+00	   3.0750000e+00	   1.0000000e+00	   3.0000000e+00	   2.0000000e+00	   3.0000000e+00	   1.1550000e+03	
   1.1100000e+02	   1.1600000e+02	   3.0800000e+02	   1.2000000e+01	   4.0000000e+00	   3.9600000e+00	   3.5800000e+00	   4.0500000e-01	   1.0000000e+00	   3.0000000e+00	   2.0000000e+00	   1.0000000e+00	   1.4040000e+03	
   1.1200000e+02	   1.1600000e+02	   3.0700000e+02	   1.1000000e+01	   1.0000000e+00	   3.6350000e+00	   3.5800000e+00	   1.7250000e+00	   3.0000000e+00	   1.0000000e+00	   2.0000000e+00	   3.0000000e+00	   1.5130000e+03	
   2.0200000e+02	   2.1300000e+02	   3.1200000e+02	   1.5000000e+01	   1.0000000e+00	   3.8400000e+00	   3.9250000e+00	   1.2350000e+00	   1.0000000e+00	   2.0000000e+00	   3.0000000e+00	   1.0000000e+00	   7.2900000e+02	
   1.1100000e+02	   2.0900000e+02	   2.1400000e+02	   7.0000000e+00	   1.0000000e+00	   3.9600000e+00	   4.0100000e+00	   3.3800000e+00	   1.0000000e+00	   2.0000000e+00	   3.0000000e+00	   2.0000000e+00	   9.2300000e+02	
   1.0200000e+02	   2.0200000e+02	   2.1400000e+02	   7.0000000e+00	   2.0000000e+00	   3.7000000e+00	   3.8400000e+00	   3.3800000e+00	   1.0000000e+00	   2.0000000e+00	   3.0000000e+00	   2.0000000e+00	   1.0000000e+03	
   1.1200000e+02	   2.0700000e+02	   3.0100000e+02	   9.0000000e+00	   4.0000000e+00	   3.6350000e+00	   4.0550000e+00	   2.6750000e+00	   1.0000000e+00	   3.0000000e+00	   2.0000000e+00	   1.0000000e+00	   1.3900000e+03	
   2.0100000e+02	   2.0200000e+02	   2.1500000e+02	   8.0000000e+00	   3.0000000e+00	   4.1550000e+00	   3.8400000e+00	   3.1500000e-01	   2.0000000e+00	   3.0000000e+00	   1.0000000e+00	   3.0000000e+00	   1.6120000e+03	
   2.0200000e+02	   2.1100000e+02	   3.0100000e+02	   9.0000000e+00	   4.0000000e+00	   3.8400000e+00	   4.1800000e+00	   2.6750000e+00	   3.0000000e+00	   2.0000000e+00	   1.0000000e+00	   2.0000000e+00	   9.2700000e+02	
   1.0900000e+02	   2.0300000e+02	   3.1200000e+02	   1.5000000e+01	   3.0000000e+00	   3.6300000e+00	   3.8400000e+00	   1.2350000e+00	   1.0000000e+00	   2.0000000e+00	   3.0000000e+00	   2.0000000e+00	   9.3500000e+02	
   1.1200000e+02	   2.1100000e+02	   1.1000000e+02	   5.0000000e+00	   5.0000000e+00	   3.6350000e+00	   4.1800000e+00	   2.6500000e-01	   2.0000000e+00	   1.0000000e+00	   3.0000000e+00	   1.0000000e+00	   7.7100000e+02	
   2.0100000e+02	   2.1000000e+02	   3.0700000e+02	   1.1000000e+01	   4.0000000e+00	   4.1550000e+00	   3.8350000e+00	   1.7250000e+00	   3.0000000e+00	   1.0000000e+00	   2.0000000e+00	   1.0000000e+00	   1.5370000e+03	
   1.0200000e+02	   2.0300000e+02	   3.0800000e+02	   1.2000000e+01	   2.0000000e+00	   3.7000000e+00	   3.8400000e+00	   4.0500000e-01	   1.0000000e+00	   2.0000000e+00	   3.0000000e+00	   2.0000000e+00	   9.3800000e+02	
   2.0900000e+02	   2.1000000e+02	   1.0300000e+02	   1.0000000e+00	   2.0000000e+00	   4.0100000e+00	   3.8350000e+00	   2.0350000e+00	   3.0000000e+00	   2.0000000e+00	   1.0000000e+00	   3.0000000e+00	   7.6800000e+02	
   1.1100000e+02	   1.1600000e+02	   3.1200000e+02	   1.5000000e+01	   4.0000000e+00	   3.9600000e+00	   3.5800000e+00	   1.2350000e+00	   3.0000000e+00	   2.0000000e+00	   1.0000000e+00	   3.0000000e+00	   1.0880000e+03	
   1.1200000e+02	   1.1600000e+02	   1.0300000e+02	   1.0000000e+00	   1.0000000e+00	   3.6350000e+00	   3.5800000e+00	   2.0350000e+00	   1.0000000e+00	   3.0000000e+00	   2.0000000e+00	   1.0000000e+00	   1.7490000e+03	
   1.1200000e+02	   2.0400000e+02	   1.0800000e+02	   4.0000000e+00	   5.0000000e+00	   3.6350000e+00	   4.7900000e+00	   3.5500000e+00	   3.0000000e+00	   2.0000000e+00	   1.0000000e+00	   2.0000000e+00	   9.1200000e+02	
   1.1600000e+02	   2.0200000e+02	   1.0800000e+02	   4.0000000e+00	   3.0000000e+00	   3.5800000e+00	   3.8400000e+00	   3.5500000e+00	   1.0000000e+00	   2.0000000e+00	   3.0000000e+00	   3.0000000e+00	   1.4250000e+03	
   2.0600000e+02	   2.1000000e+02	   1.0300000e+02	   1.0000000e+00	   2.0000000e+00	   3.6600000e+00	   3.8350000e+00	   2.0350000e+00	   3.0000000e+00	   2.0000000e+00	   1.0000000e+00	   3.0000000e+00	   1.7060000e+03	
   2.0200000e+02	   2.1000000e+02	   3.0100000e+02	   9.0000000e+00	   1.0000000e+00	   3.8400000e+00	   3.8350000e+00	   2.6750000e+00	   3.0000000e+00	   1.0000000e+00	   2.0000000e+00	   3.0000000e+00	   8.5400000e+02	
   1.1200000e+02	   2.1100000e+02	   1.1400000e+02	   6.0000000e+00	   5.0000000e+00	   3.6350000e+00	   4.1800000e+00	   3.1900000e+00	   2.0000000e+00	   1.0000000e+00	   3.0000000e+00	   1.0000000e+00	   8.5600000e+02	
   2.0400000e+02	   2.1300000e+02	   3.1000000e+02	   1.4000000e+01	   5.0000000e+00	   4.7900000e+00	   3.9250000e+00	   3.0750000e+00	   1.0000000e+00	   2.0000000e+00	   3.0000000e+00	   1.0000000e+00	   7.7000000e+02	
   1.0900000e+02	   2.0700000e+02	   3.1200000e+02	   1.5000000e+01	   4.0000000e+00	   3.6300000e+00	   4.0550000e+00	   1.2350000e+00	   1.0000000e+00	   3.0000000e+00	   2.0000000e+00	   3.0000000e+00	   2.3310000e+03	
   1.1200000e+02	   1.1600000e+02	   1.0800000e+02	   4.0000000e+00	   1.0000000e+00	   3.6350000e+00	   3.5800000e+00	   3.5500000e+00	   3.0000000e+00	   2.0000000e+00	   1.0000000e+00	   1.0000000e+00	   9.9800000e+02	
   1.1600000e+02	   2.0200000e+02	   2.1400000e+02	   7.0000000e+00	   3.0000000e+00	   3.5800000e+00	   3.8400000e+00	   3.3800000e+00	   2.0000000e+00	   1.0000000e+00	   3.0000000e+00	   1.0000000e+00	   1.3710000e+03	
   2.1000000e+02	   2.1300000e+02	   1.1400000e+02	   6.0000000e+00	   1.0000000e+00	   3.8350000e+00	   3.9250000e+00	   3.1900000e+00	   3.0000000e+00	   2.0000000e+00	   1.0000000e+00	   2.0000000e+00	   1.9770000e+03	
   2.0700000e+02	   2.1100000e+02	   1.0400000e+02	   2.0000000e+00	   2.0000000e+00	   4.0550000e+00	   4.1800000e+00	   1.0600000e+00	   2.0000000e+00	   1.0000000e+00	   3.0000000e+00	   1.0000000e+00	   7.4200000e+02	
   2.0700000e+02	   2.0900000e+02	   3.0900000e+02	   1.3000000e+01	   1.0000000e+00	   4.0550000e+00	   4.0100000e+00	   3.4450000e+00	   1.0000000e+00	   2.0000000e+00	   3.0000000e+00	   2.0000000e+00	   1.6320000e+03	
   1.0200000e+02	   1.1600000e+02	   1.0800000e+02	   4.0000000e+00	   2.0000000e+00	   3.7000000e+00	   3.5800000e+00	   3.5500000e+00	   1.0000000e+00	   2.0000000e+00	   3.0000000e+00	   3.0000000e+00	   1.0680000e+03	
   2.0700000e+02	   2.1300000e+02	   2.1400000e+02	   7.0000000e+00	   2.0000000e+00	   4.0550000e+00	   3.9250000e+00	   3.3800000e+00	   1.0000000e+00	   3.0000000e+00	   2.0000000e+00	   3.0000000e+00	   1.4970000e+03	
   2.0900000e+02	   2.1000000e+02	   3.0800000e+02	   1.2000000e+01	   2.0000000e+00	   4.0100000e+00	   3.8350000e+00	   4.0500000e-01	   3.0000000e+00	   1.0000000e+00	   2.0000000e+00	   3.0000000e+00	   8.5100000e+02	
   1.0200000e+02	   2.0200000e+02	   2.1500000e+02	   8.0000000e+00	   2.0000000e+00	   3.7000000e+00	   3.8400000e+00	   3.1500000e-01	   1.0000000e+00	   2.0000000e+00	   3.0000000e+00	   2.0000000e+00	   1.5960000e+03	
   2.1100000e+02	   2.1300000e+02	   2.1500000e+02	   8.0000000e+00	   3.0000000e+00	   4.1800000e+00	   3.9250000e+00	   3.1500000e-01	   2.0000000e+00	   1.0000000e+00	   3.0000000e+00	   2.0000000e+00	   8.3100000e+02	
   1.1600000e+02	   2.0300000e+02	   3.0100000e+02	   9.0000000e+00	   3.0000000e+00	   3.5800000e+00	   3.8400000e+00	   2.6750000e+00	   1.0000000e+00	   2.0000000e+00	   3.0000000e+00	   2.0000000e+00	   1.1840000e+03	
   1.1100000e+02	   2.0300000e+02	   3.0300000e+02	   1.0000000e+01	   2.0000000e+00	   3.9600000e+00	   3.8400000e+00	   1.4650000e+00	   2.0000000e+00	   1.0000000e+00	   3.0000000e+00	   1.0000000e+00	   1.2160000e+03	
   2.0200000e+02	   2.1300000e+02	   1.1400000e+02	   6.0000000e+00	   1.0000000e+00	   3.8400000e+00	   3.9250000e+00	   3.1900000e+00	   3.0000000e+00	   1.0000000e+00	   2.0000000e+00	   3.0000000e+00	   1.3680000e+03	
   2.1100000e+02	   2.1300000e+02	   2.1400000e+02	   7.0000000e+00	   3.0000000e+00	   4.1800000e+00	   3.9250000e+00	   3.3800000e+00	   3.0000000e+00	   2.0000000e+00	   1.0000000e+00	   3.0000000e+00	   7.6400000e+02	
   2.0600000e+02	   2.1000000e+02	   2.1400000e+02	   7.0000000e+00	   2.0000000e+00	   3.6600000e+00	   3.8350000e+00	   3.3800000e+00	   3.0000000e+00	   1.0000000e+00	   2.0000000e+00	   3.0000000e+00	   2.9450000e+03	
   1.0200000e+02	   1.0900000e+02	   3.0800000e+02	   1.2000000e+01	   1.0000000e+00	   3.7000000e+00	   3.6300000e+00	   4.0500000e-01	   1.0000000e+00	   3.0000000e+00	   2.0000000e+00	   3.0000000e+00	   1.2900000e+03	
   1.0200000e+02	   2.0700000e+02	   3.0900000e+02	   1.3000000e+01	   4.0000000e+00	   3.7000000e+00	   4.0550000e+00	   3.4450000e+00	   3.0000000e+00	   1.0000000e+00	   2.0000000e+00	   1.0000000e+00	   2.6120000e+03	
   1.1100000e+02	   2.0600000e+02	   1.0800000e+02	   4.0000000e+00	   3.0000000e+00	   3.9600000e+00	   3.6600000e+00	   3.5500000e+00	   3.0000000e+00	   2.0000000e+00	   1.0000000e+00	   1.0000000e+00	   1.0000000e+03	
   1.1600000e+02	   2.0200000e+02	   3.1000000e+02	   1.4000000e+01	   3.0000000e+00	   3.5800000e+00	   3.8400000e+00	   3.0750000e+00	   2.0000000e+00	   1.0000000e+00	   3.0000000e+00	   1.0000000e+00	   9.8300000e+02	
   1.0900000e+02	   2.0400000e+02	   3.1200000e+02	   1.5000000e+01	   5.0000000e+00	   3.6300000e+00	   4.7900000e+00	   1.2350000e+00	   3.0000000e+00	   2.0000000e+00	   1.0000000e+00	   2.0000000e+00	   8.7400000e+02	
   2.0300000e+02	   2.1000000e+02	   3.1200000e+02	   1.5000000e+01	   1.0000000e+00	   3.8400000e+00	   3.8350000e+00	   1.2350000e+00	   1.0000000e+00	   2.0000000e+00	   3.0000000e+00	   1.0000000e+00	   1.4140000e+03	
   2.0400000e+02	   2.0600000e+02	   1.0300000e+02	   1.0000000e+00	   5.0000000e+00	   4.7900000e+00	   3.6600000e+00	   2.0350000e+00	   3.0000000e+00	   1.0000000e+00	   2.0000000e+00	   3.0000000e+00	   6.6900000e+02	
   1.1200000e+02	   2.0400000e+02	   3.0100000e+02	   9.0000000e+00	   5.0000000e+00	   3.6350000e+00	   4.7900000e+00	   2.6750000e+00	   2.0000000e+00	   1.0000000e+00	   3.0000000e+00	   1.0000000e+00	   1.2730000e+03	
   1.0200000e+02	   2.0600000e+02	   3.0800000e+02	   1.2000000e+01	   1.0000000e+00	   3.7000000e+00	   3.6600000e+00	   4.0500000e-01	   1.0000000e+00	   2.0000000e+00	   3.0000000e+00	   1.0000000e+00	   1.5600000e+03	
   1.1200000e+02	   2.0100000e+02	   3.0300000e+02	   1.0000000e+01	   5.0000000e+00	   3.6350000e+00	   4.1550000e+00	   1.4650000e+00	   2.0000000e+00	   3.0000000e+00	   1.0000000e+00	   2.0000000e+00	   2.5510000e+03	
   1.1100000e+02	   1.1200000e+02	   3.0100000e+02	   9.0000000e+00	   4.0000000e+00	   3.9600000e+00	   3.6350000e+00	   2.6750000e+00	   2.0000000e+00	   1.0000000e+00	   3.0000000e+00	   2.0000000e+00	   4.5210000e+03	
   2.0400000e+02	   2.1100000e+02	   1.0800000e+02	   4.0000000e+00	   5.0000000e+00	   4.7900000e+00	   4.1800000e+00	   3.5500000e+00	   2.0000000e+00	   3.0000000e+00	   1.0000000e+00	   2.0000000e+00	   8.7400000e+02	
   1.0900000e+02	   1.1600000e+02	   2.1500000e+02	   8.0000000e+00	   1.0000000e+00	   3.6300000e+00	   3.5800000e+00	   3.1500000e-01	   1.0000000e+00	   2.0000000e+00	   3.0000000e+00	   1.0000000e+00	   2.3090000e+03	
   1.0200000e+02	   1.1200000e+02	   1.1000000e+02	   5.0000000e+00	   1.0000000e+00	   3.7000000e+00	   3.6350000e+00	   2.6500000e-01	   3.0000000e+00	   1.0000000e+00	   2.0000000e+00	   3.0000000e+00	   1.7020000e+03	
   1.1100000e+02	   2.0600000e+02	   3.0700000e+02	   1.1000000e+01	   3.0000000e+00	   3.9600000e+00	   3.6600000e+00	   1.7250000e+00	   3.0000000e+00	   1.0000000e+00	   2.0000000e+00	   3.0000000e+00	   1.3480000e+03	
