   1.0000000e+00	   1.0500000e+02	   1.0000000e+00	   1.4700000e+00	   4.7350000e+03	   2.4600000e+00	   3.8310000e+03	
   2.0000000e+00	   2.1200000e+02	   2.0000000e+00	   2.6800000e+00	   4.4040000e+03	   1.7700000e+00	   2.3990000e+03	
   3.0000000e+00	   1.0600000e+02	   1.0000000e+00	   4.5900000e+00	   2.5690000e+03	   4.3300000e+00	   2.6320000e+03	
   4.0000000e+00	   3.0800000e+02	   3.0000000e+00	   3.1000000e-01	   2.1040000e+03	   3.8000000e-01	   1.9330000e+03	
   5.0000000e+00	   2.0900000e+02	   2.0000000e+00	   4.7200000e+00	   2.2040000e+03	   4.6300000e+00	   3.1320000e+03	
   6.0000000e+00	   1.0300000e+02	   1.0000000e+00	   3.3300000e+00	   2.5550000e+03	   1.7300000e+00	   1.9660000e+03	
   7.0000000e+00	   2.1000000e+02	   2.0000000e+00	   4.2200000e+00	   2.0220000e+03	   4.5100000e+00	   2.2990000e+03	
   8.0000000e+00	   3.0200000e+02	   3.0000000e+00	   3.6700000e+00	   2.8220000e+03	   2.2900000e+00	   1.9330000e+03	
   9.0000000e+00	   1.0200000e+02	   1.0000000e+00	   4.6900000e+00	   2.4230000e+03	   3.8100000e+00	   2.0660000e+03	
   1.0000000e+01	   2.0100000e+02	   2.0000000e+00	   4.9100000e+00	   2.6220000e+03	   3.8500000e+00	   2.0990000e+03	
   1.1000000e+01	   1.1400000e+02	   1.0000000e+00	   2.9100000e+00	   2.6890000e+03	   4.4900000e+00	   7.6310000e+03	
   1.2000000e+01	   3.0500000e+02	   3.0000000e+00	   3.4900000e+00	   2.8890000e+03	   4.7700000e+00	   1.3660000e+03	
   1.3000000e+01	   1.1100000e+02	   1.0000000e+00	   5.0000000e+00	   5.7720000e+03	   4.2300000e+00	   2.3320000e+03	
   1.4000000e+01	   2.0700000e+02	   2.0000000e+00	   4.4800000e+00	   3.1890000e+03	   4.2600000e+00	   2.2990000e+03	
   1.5000000e+01	   2.0500000e+02	   2.0000000e+00	   3.8200000e+00	   1.9880000e+03	   1.1800000e+00	   1.6000000e+03	
   1.6000000e+01	   1.1300000e+02	   1.0000000e+00	   4.3400000e+00	   3.6560000e+03	   4.8600000e+00	   1.8660000e+03	
   1.7000000e+01	   2.0300000e+02	   2.0000000e+00	   4.6700000e+00	   5.2030000e+03	   3.9500000e+00	   2.1320000e+03	
   1.8000000e+01	   2.1500000e+02	   2.0000000e+00	   3.1800000e+00	   2.7570000e+03	   4.4200000e+00	   3.7320000e+03	
   1.9000000e+01	   1.1500000e+02	   1.0000000e+00	   2.9200000e+00	   4.7210000e+03	   1.5400000e+00	   2.9320000e+03	
   2.0000000e+01	   1.0900000e+02	   1.0000000e+00	   4.9100000e+00	   5.8230000e+03	   4.5700000e+00	   2.3650000e+03	
   2.1000000e+01	   3.1100000e+02	   3.0000000e+00	   3.4100000e+00	   2.1230000e+03	   3.8400000e+00	   2.1320000e+03	
   2.2000000e+01	   2.0400000e+02	   2.0000000e+00	   5.0000000e+00	   3.1570000e+03	   4.7300000e+00	   3.0330000e+03	
   2.3000000e+01	   3.0700000e+02	   3.0000000e+00	   3.3400000e+00	   3.7880000e+03	   3.5800000e+00	   2.1320000e+03	
   2.4000000e+01	   3.1300000e+02	   3.0000000e+00	   4.1000000e+00	   3.4890000e+03	   1.5600000e+00	   3.4000000e+03	
   2.5000000e+01	   1.0700000e+02	   1.0000000e+00	   4.7500000e+00	   3.3220000e+03	   3.9000000e+00	   4.4310000e+03	
   2.6000000e+01	   3.1400000e+02	   3.0000000e+00	   4.6900000e+00	   2.5370000e+03	   3.0600000e+00	   1.7330000e+03	
   2.7000000e+01	   3.0600000e+02	   3.0000000e+00	   3.0600000e+00	   3.0220000e+03	   3.2900000e+00	   3.1320000e+03	
   2.8000000e+01	   2.1100000e+02	   2.0000000e+00	   5.0000000e+00	   1.8050000e+03	   4.3400000e+00	   1.8000000e+03	
   2.9000000e+01	   3.0400000e+02	   3.0000000e+00	   4.3600000e+00	   3.7050000e+03	   1.9200000e+00	   2.4330000e+03	
   3.0000000e+01	   3.0100000e+02	   3.0000000e+00	   4.2900000e+00	   7.3860000e+03	   2.7000000e+00	   2.1660000e+03	
   3.1000000e+01	   2.1300000e+02	   2.0000000e+00	   5.0000000e+00	   1.5560000e+03	   4.0400000e+00	   3.2330000e+03	
   3.2000000e+01	   1.1200000e+02	   1.0000000e+00	   5.0000000e+00	   1.2570000e+03	   2.8300000e+00	   1.9660000e+03	
   3.3000000e+01	   1.1600000e+02	   1.0000000e+00	   5.0000000e+00	   1.2900000e+03	   3.1100000e+00	   3.0990000e+03	
   3.4000000e+01	   1.0800000e+02	   1.0000000e+00	   5.0000000e+00	   1.2550000e+03	   2.3400000e+00	   1.5670000e+03	
   3.5000000e+01	   1.0400000e+02	   1.0000000e+00	   3.8900000e+00	   4.0230000e+03	   1.1600000e+00	   1.1320000e+03	
   3.6000000e+01	   2.1400000e+02	   2.0000000e+00	   4.9900000e+00	   1.3220000e+03	   3.1200000e+00	   1.7660000e+03	
   3.7000000e+01	   2.0800000e+02	   2.0000000e+00	   5.0000000e+00	   1.2560000e+03	   3.3600000e+00	   3.1000000e+03	
   3.8000000e+01	   3.0300000e+02	   3.0000000e+00	   5.0000000e+00	   1.2880000e+03	   1.2200000e+00	   1.2330000e+03	
   3.9000000e+01	   1.0100000e+02	   1.0000000e+00	   3.1600000e+00	   3.0380000e+03	   3.3500000e+00	   1.9660000e+03	
   4.0000000e+01	   2.0600000e+02	   2.0000000e+00	   5.0000000e+00	   1.5560000e+03	   3.3600000e+00	   1.1990000e+03	
   4.1000000e+01	   1.1000000e+02	   1.0000000e+00	   1.2100000e+00	   2.5890000e+03	   0.0000000e+00	   2.3650000e+03	
   4.2000000e+01	   3.1200000e+02	   3.0000000e+00	   2.7100000e+00	   2.6560000e+03	   6.3000000e-01	   1.6990000e+03	
   4.3000000e+01	   3.1000000e+02	   3.0000000e+00	   4.9800000e+00	   2.3550000e+03	   2.6300000e+00	   2.9660000e+03	
   4.4000000e+01	   3.0900000e+02	   3.0000000e+00	   5.0000000e+00	   1.3240000e+03	   3.8200000e+00	   1.7990000e+03	
   4.5000000e+01	   2.0200000e+02	   2.0000000e+00	   5.0000000e+00	   1.2380000e+03	   4.2800000e+00	   1.9660000e+03	
