   1.0000000e+00	   1.0000000e+00	   3.0800000e+02	   1.0200000e+00	   7.1620000e+03	
   1.0000000e+00	   2.0000000e+00	   2.0700000e+02	   1.7400000e+00	   2.1930000e+03	
   1.0000000e+00	   3.0000000e+00	   1.0700000e+02	   3.9800000e+00	   4.2890000e+03	
   1.0000000e+00	   4.0000000e+00	   3.0400000e+02	   2.9100000e+00	   3.7240000e+03	
   1.0000000e+00	   5.0000000e+00	   1.1000000e+02	   1.4600000e+00	   2.7630000e+03	
   1.0000000e+00	   6.0000000e+00	   1.0800000e+02	   8.0000000e-02	   2.3610000e+03	
   1.0000000e+00	   7.0000000e+00	   3.0700000e+02	   1.9700000e+00	   3.7270000e+03	
   1.0000000e+00	   8.0000000e+00	   3.1400000e+02	   1.3700000e+00	   1.9610000e+03	
   1.0000000e+00	   9.0000000e+00	   3.0600000e+02	   0.0000000e+00	   2.3290000e+03	
   1.0000000e+00	   1.0000000e+01	   2.0600000e+02	   5.0000000e+00	   1.7940000e+03	
   1.0000000e+00	   1.1000000e+01	   1.1400000e+02	   4.1200000e+00	   2.3600000e+03	
   1.0000000e+00	   1.2000000e+01	   1.0900000e+02	   5.0000000e+00	   1.5950000e+03	
   1.0000000e+00	   1.3000000e+01	   2.0900000e+02	   4.7000000e-01	   2.8940000e+03	
   1.0000000e+00	   1.4000000e+01	   2.1000000e+02	   3.4200000e+00	   3.2950000e+03	
   1.0000000e+00	   1.5000000e+01	   3.1000000e+02	   3.5500000e+00	   1.6950000e+03	
   1.0000000e+00	   1.6000000e+01	   2.0200000e+02	   6.7000000e-01	   2.8930000e+03	
   1.0000000e+00	   1.7000000e+01	   2.0800000e+02	   2.0300000e+00	   2.4770000e+03	
   1.0000000e+00	   1.8000000e+01	   2.1100000e+02	   3.0000000e-02	   2.3960000e+03	
   1.0000000e+00	   1.9000000e+01	   2.1500000e+02	   2.0200000e+00	   5.5250000e+03	
   1.0000000e+00	   2.0000000e+01	   3.0500000e+02	   1.9000000e-01	   9.1240000e+03	
   1.0000000e+00	   2.1000000e+01	   1.0300000e+02	   3.7900000e+00	   3.0280000e+03	
   1.0000000e+00	   2.2000000e+01	   2.0400000e+02	   1.1800000e+00	   8.6600000e+03	
   1.0000000e+00	   2.3000000e+01	   1.1300000e+02	   5.0000000e+00	   2.0950000e+03	
   1.0000000e+00	   2.4000000e+01	   1.1200000e+02	   0.0000000e+00	   1.4610000e+03	
   1.0000000e+00	   2.5000000e+01	   2.1200000e+02	   8.0000000e-02	   3.5940000e+03	
   1.0000000e+00	   2.6000000e+01	   2.1400000e+02	   3.7400000e+00	   6.5940000e+03	
   1.0000000e+00	   2.7000000e+01	   1.0200000e+02	   1.4700000e+00	   1.8930000e+03	
   1.0000000e+00	   2.8000000e+01	   1.1600000e+02	   8.3000000e-01	   1.4940000e+03	
   1.0000000e+00	   2.9000000e+01	   3.1200000e+02	   9.0000000e-02	   5.3930000e+03	
   1.0000000e+00	   3.0000000e+01	   1.0500000e+02	   2.1700000e+00	   1.0658000e+04	
   1.0000000e+00	   3.1000000e+01	   3.0200000e+02	   0.0000000e+00	   2.0260000e+03	
   1.0000000e+00	   3.2000000e+01	   2.0500000e+02	   1.3000000e-01	   1.7600000e+03	
   1.0000000e+00	   3.3000000e+01	   2.1300000e+02	   1.4100000e+00	   4.5280000e+03	
   1.0000000e+00	   3.4000000e+01	   3.1300000e+02	   0.0000000e+00	   1.6930000e+03	
   1.0000000e+00	   3.5000000e+01	   3.0300000e+02	   0.0000000e+00	   1.7270000e+03	
   1.0000000e+00	   3.6000000e+01	   1.1500000e+02	   4.6400000e+00	   3.8590000e+03	
   1.0000000e+00	   3.7000000e+01	   2.0100000e+02	   2.9000000e-01	   1.8270000e+03	
   1.0000000e+00	   3.8000000e+01	   2.0300000e+02	   1.1000000e-01	   4.7940000e+03	
   1.0000000e+00	   3.9000000e+01	   1.1100000e+02	   4.5800000e+00	   1.7600000e+03	
   1.0000000e+00	   4.0000000e+01	   3.0100000e+02	   1.2000000e-01	   5.6940000e+03	
   1.0000000e+00	   4.1000000e+01	   1.0600000e+02	   0.0000000e+00	   2.4270000e+03	
   1.0000000e+00	   4.2000000e+01	   3.1100000e+02	   3.6600000e+00	   2.4600000e+03	
   1.0000000e+00	   4.3000000e+01	   1.0100000e+02	   6.0000000e-02	   2.0930000e+03	
   1.0000000e+00	   4.4000000e+01	   3.0900000e+02	   8.0000000e-02	   3.7610000e+03	
   1.0000000e+00	   4.5000000e+01	   1.0400000e+02	   3.8000000e-01	   7.8910000e+03	
   2.0000000e+00	   1.0000000e+00	   3.0800000e+02	   2.0000000e-02	   2.8600000e+03	
   2.0000000e+00	   2.0000000e+00	   1.0900000e+02	   5.0000000e+00	   1.1940000e+03	
   2.0000000e+00	   3.0000000e+00	   2.0700000e+02	   4.1000000e-01	   1.7290000e+03	
   2.0000000e+00	   4.0000000e+00	   2.1100000e+02	   0.0000000e+00	   2.4610000e+03	
   2.0000000e+00	   5.0000000e+00	   3.1400000e+02	   1.0900000e+00	   2.7270000e+03	
   2.0000000e+00	   6.0000000e+00	   3.0500000e+02	   2.6000000e-01	   1.8280000e+03	
   2.0000000e+00	   7.0000000e+00	   2.1300000e+02	   1.6900000e+00	   1.2950000e+03	
   2.0000000e+00	   8.0000000e+00	   1.1400000e+02	   3.8600000e+00	   2.2620000e+03	
   2.0000000e+00	   9.0000000e+00	   2.0400000e+02	   1.0600000e+00	   1.1950000e+03	
   2.0000000e+00	   1.0000000e+01	   1.1100000e+02	   3.6800000e+00	   2.0270000e+03	
   2.0000000e+00	   1.1000000e+01	   2.1000000e+02	   3.2100000e+00	   1.7950000e+03	
   2.0000000e+00	   1.2000000e+01	   1.0300000e+02	   4.1500000e+00	   1.9280000e+03	
   2.0000000e+00	   1.3000000e+01	   3.0900000e+02	   0.0000000e+00	   1.4290000e+03	
   2.0000000e+00	   1.4000000e+01	   1.0800000e+02	   0.0000000e+00	   1.4270000e+03	
   2.0000000e+00	   1.5000000e+01	   3.0100000e+02	   0.0000000e+00	   1.4280000e+03	
   2.0000000e+00	   1.6000000e+01	   2.1200000e+02	   3.0000000e-02	   1.7280000e+03	
   2.0000000e+00	   1.7000000e+01	   2.0300000e+02	   0.0000000e+00	   1.3610000e+03	
   2.0000000e+00	   1.8000000e+01	   3.1300000e+02	   1.8000000e-01	   1.2290000e+03	
   2.0000000e+00	   1.9000000e+01	   2.0100000e+02	   1.9000000e-01	   1.1950000e+03	
   2.0000000e+00	   2.0000000e+01	   3.0600000e+02	   7.0000000e-02	   2.0280000e+03	
   2.0000000e+00	   2.1000000e+01	   1.1200000e+02	   5.0000000e-02	   1.6950000e+03	
   2.0000000e+00	   2.2000000e+01	   3.0700000e+02	   6.2000000e-01	   5.2930000e+03	
   2.0000000e+00	   2.3000000e+01	   3.1000000e+02	   3.2300000e+00	   2.2950000e+03	
   2.0000000e+00	   2.4000000e+01	   1.1000000e+02	   2.0700000e+00	   2.4280000e+03	
   2.0000000e+00	   2.5000000e+01	   2.1500000e+02	   2.1300000e+00	   2.2940000e+03	
   2.0000000e+00	   2.6000000e+01	   2.1400000e+02	   3.2600000e+00	   1.9280000e+03	
   2.0000000e+00	   2.7000000e+01	   1.0400000e+02	   7.9000000e-01	   2.6270000e+03	
   2.0000000e+00	   2.8000000e+01	   2.0200000e+02	   5.0000000e-01	   1.2960000e+03	
   2.0000000e+00	   2.9000000e+01	   1.0500000e+02	   1.0700000e+00	   2.0950000e+03	
   2.0000000e+00	   3.0000000e+01	   3.1200000e+02	   0.0000000e+00	   3.6600000e+03	
   2.0000000e+00	   3.1000000e+01	   2.0500000e+02	   1.0000000e-02	   1.5610000e+03	
   2.0000000e+00	   3.2000000e+01	   2.0900000e+02	   6.2000000e-01	   1.8600000e+03	
   2.0000000e+00	   3.3000000e+01	   1.0700000e+02	   4.5400000e+00	   1.6960000e+03	
   2.0000000e+00	   3.4000000e+01	   1.1300000e+02	   5.0000000e+00	   1.3280000e+03	
   2.0000000e+00	   3.5000000e+01	   1.1600000e+02	   7.0000000e-02	   1.1950000e+03	
   2.0000000e+00	   3.6000000e+01	   2.0800000e+02	   1.6400000e+00	   2.2950000e+03	
   2.0000000e+00	   3.7000000e+01	   3.0200000e+02	   0.0000000e+00	   1.2950000e+03	
   2.0000000e+00	   3.8000000e+01	   1.0200000e+02	   1.6900000e+00	   1.0280000e+03	
   2.0000000e+00	   3.9000000e+01	   3.0400000e+02	   2.1000000e+00	   2.0620000e+03	
   2.0000000e+00	   4.0000000e+01	   1.0100000e+02	   1.8000000e-01	   1.4610000e+03	
   2.0000000e+00	   4.1000000e+01	   3.0300000e+02	   3.0000000e-02	   2.0610000e+03	
   2.0000000e+00	   4.2000000e+01	   1.1500000e+02	   4.0900000e+00	   2.0280000e+03	
   2.0000000e+00	   4.3000000e+01	   1.0600000e+02	   0.0000000e+00	   1.3950000e+03	
   2.0000000e+00	   4.4000000e+01	   3.1100000e+02	   3.5300000e+00	   1.3620000e+03	
   2.0000000e+00	   4.5000000e+01	   2.0600000e+02	   5.0000000e+00	   1.5280000e+03	
