   1.0700000e+02	   1.1300000e+02	   2.1200000e+02	   1.1000000e+01	   2.0000000e+00	   4.2600000e+00	   5.0000000e+00	   5.5000000e-02	   3.0000000e+00	   2.0000000e+00	   1.0000000e+00	   2.0000000e+00	   2.2320000e+03	
   1.0700000e+02	   2.0600000e+02	   2.1300000e+02	   1.2000000e+01	   2.0000000e+00	   4.2600000e+00	   5.0000000e+00	   1.5500000e+00	   3.0000000e+00	   2.0000000e+00	   1.0000000e+00	   2.0000000e+00	   1.1470000e+03	
   1.0300000e+02	   1.0700000e+02	   1.1200000e+02	   6.0000000e+00	   1.0000000e+00	   3.9700000e+00	   4.2600000e+00	   2.5000000e-02	   3.0000000e+00	   2.0000000e+00	   1.0000000e+00	   2.0000000e+00	   1.4610000e+03	
   2.0800000e+02	   3.1100000e+02	   3.1400000e+02	   1.5000000e+01	   4.0000000e+00	   1.8350000e+00	   3.5950000e+00	   1.2300000e+00	   1.0000000e+00	   2.0000000e+00	   3.0000000e+00	   2.0000000e+00	   1.7600000e+03	
   2.1000000e+02	   2.1400000e+02	   1.0800000e+02	   5.0000000e+00	   1.0000000e+00	   3.3150000e+00	   3.5000000e+00	   4.0000000e-02	   2.0000000e+00	   1.0000000e+00	   3.0000000e+00	   1.0000000e+00	   3.0890000e+03	
   2.0800000e+02	   2.1400000e+02	   1.0100000e+02	   1.0000000e+00	   4.0000000e+00	   1.8350000e+00	   3.5000000e+00	   1.2000000e-01	   1.0000000e+00	   3.0000000e+00	   2.0000000e+00	   3.0000000e+00	   2.7480000e+03	
   1.1500000e+02	   3.0400000e+02	   1.0600000e+02	   4.0000000e+00	   4.0000000e+00	   4.3650000e+00	   2.5050000e+00	   0.0000000e+00	   1.0000000e+00	   2.0000000e+00	   3.0000000e+00	   1.0000000e+00	   2.0010000e+03	
   1.0300000e+02	   2.1500000e+02	   2.1300000e+02	   1.2000000e+01	   5.0000000e+00	   3.9700000e+00	   2.0750000e+00	   1.5500000e+00	   2.0000000e+00	   1.0000000e+00	   3.0000000e+00	   2.0000000e+00	   2.9730000e+03	
   3.1000000e+02	   3.1100000e+02	   1.1200000e+02	   6.0000000e+00	   1.0000000e+00	   3.3900000e+00	   3.5950000e+00	   2.5000000e-02	   1.0000000e+00	   3.0000000e+00	   2.0000000e+00	   3.0000000e+00	   2.3240000e+03	
   2.0600000e+02	   2.0800000e+02	   3.0800000e+02	   1.3000000e+01	   5.0000000e+00	   5.0000000e+00	   1.8350000e+00	   5.2000000e-01	   3.0000000e+00	   1.0000000e+00	   2.0000000e+00	   3.0000000e+00	   1.1780000e+03	
   1.1400000e+02	   2.1000000e+02	   2.1200000e+02	   1.1000000e+01	   2.0000000e+00	   3.9900000e+00	   3.3150000e+00	   5.5000000e-02	   3.0000000e+00	   1.0000000e+00	   2.0000000e+00	   3.0000000e+00	   1.8770000e+03	
   1.1400000e+02	   2.0800000e+02	   3.1200000e+02	   1.4000000e+01	   5.0000000e+00	   3.9900000e+00	   1.8350000e+00	   4.5000000e-02	   2.0000000e+00	   3.0000000e+00	   1.0000000e+00	   2.0000000e+00	   3.3150000e+03	
   2.0600000e+02	   2.1500000e+02	   2.1100000e+02	   1.0000000e+01	   5.0000000e+00	   5.0000000e+00	   2.0750000e+00	   1.5000000e-02	   1.0000000e+00	   2.0000000e+00	   3.0000000e+00	   1.0000000e+00	   1.0690000e+03	
   1.0700000e+02	   1.0900000e+02	   2.1300000e+02	   1.2000000e+01	   2.0000000e+00	   4.2600000e+00	   5.0000000e+00	   1.5500000e+00	   3.0000000e+00	   1.0000000e+00	   2.0000000e+00	   1.0000000e+00	   1.9460000e+03	
   1.1400000e+02	   3.1100000e+02	   3.0800000e+02	   1.3000000e+01	   1.0000000e+00	   3.9900000e+00	   3.5950000e+00	   5.2000000e-01	   1.0000000e+00	   3.0000000e+00	   2.0000000e+00	   1.0000000e+00	   6.0550000e+03	
   2.0800000e+02	   3.1000000e+02	   3.1200000e+02	   1.4000000e+01	   4.0000000e+00	   1.8350000e+00	   3.3900000e+00	   4.5000000e-02	   2.0000000e+00	   3.0000000e+00	   1.0000000e+00	   2.0000000e+00	   5.5520000e+03	
   1.0300000e+02	   1.0700000e+02	   1.0400000e+02	   2.0000000e+00	   1.0000000e+00	   3.9700000e+00	   4.2600000e+00	   5.8500000e-01	   3.0000000e+00	   2.0000000e+00	   1.0000000e+00	   2.0000000e+00	   5.6540000e+03	
   1.1500000e+02	   3.1100000e+02	   1.1200000e+02	   6.0000000e+00	   2.0000000e+00	   4.3650000e+00	   3.5950000e+00	   2.5000000e-02	   1.0000000e+00	   3.0000000e+00	   2.0000000e+00	   1.0000000e+00	   4.0000000e+03	
   1.0300000e+02	   1.0900000e+02	   1.0800000e+02	   5.0000000e+00	   3.0000000e+00	   3.9700000e+00	   5.0000000e+00	   4.0000000e-02	   3.0000000e+00	   1.0000000e+00	   2.0000000e+00	   1.0000000e+00	   5.4660000e+03	
   1.1400000e+02	   3.0400000e+02	   2.1300000e+02	   1.2000000e+01	   4.0000000e+00	   3.9900000e+00	   2.5050000e+00	   1.5500000e+00	   3.0000000e+00	   1.0000000e+00	   2.0000000e+00	   3.0000000e+00	   4.9130000e+03	
   1.0300000e+02	   1.1500000e+02	   3.1400000e+02	   1.5000000e+01	   1.0000000e+00	   3.9700000e+00	   4.3650000e+00	   1.2300000e+00	   1.0000000e+00	   2.0000000e+00	   3.0000000e+00	   2.0000000e+00	   3.7300000e+03	
   2.1500000e+02	   3.1100000e+02	   2.1200000e+02	   1.1000000e+01	   4.0000000e+00	   2.0750000e+00	   3.5950000e+00	   5.5000000e-02	   2.0000000e+00	   3.0000000e+00	   1.0000000e+00	   3.0000000e+00	   1.6310000e+03	
   2.0600000e+02	   3.0400000e+02	   3.0800000e+02	   1.3000000e+01	   5.0000000e+00	   5.0000000e+00	   2.5050000e+00	   5.2000000e-01	   1.0000000e+00	   3.0000000e+00	   2.0000000e+00	   1.0000000e+00	   1.5920000e+03	
   1.0700000e+02	   2.1000000e+02	   2.1100000e+02	   1.0000000e+01	   3.0000000e+00	   4.2600000e+00	   3.3150000e+00	   1.5000000e-02	   1.0000000e+00	   3.0000000e+00	   2.0000000e+00	   1.0000000e+00	   1.9770000e+03	
   1.1100000e+02	   1.1500000e+02	   2.0500000e+02	   8.0000000e+00	   1.0000000e+00	   4.1300000e+00	   4.3650000e+00	   7.0000000e-02	   1.0000000e+00	   3.0000000e+00	   2.0000000e+00	   1.0000000e+00	   1.5640000e+03	
   1.1300000e+02	   1.1500000e+02	   3.1200000e+02	   1.4000000e+01	   2.0000000e+00	   5.0000000e+00	   4.3650000e+00	   4.5000000e-02	   3.0000000e+00	   1.0000000e+00	   2.0000000e+00	   3.0000000e+00	   1.7080000e+03	
   2.1000000e+02	   3.0400000e+02	   1.1200000e+02	   6.0000000e+00	   2.0000000e+00	   3.3150000e+00	   2.5050000e+00	   2.5000000e-02	   2.0000000e+00	   1.0000000e+00	   3.0000000e+00	   2.0000000e+00	   1.9250000e+03	
   1.0300000e+02	   2.1500000e+02	   3.1200000e+02	   1.4000000e+01	   5.0000000e+00	   3.9700000e+00	   2.0750000e+00	   4.5000000e-02	   1.0000000e+00	   3.0000000e+00	   2.0000000e+00	   1.0000000e+00	   1.5920000e+03	
   1.1100000e+02	   1.1300000e+02	   2.0100000e+02	   7.0000000e+00	   3.0000000e+00	   4.1300000e+00	   5.0000000e+00	   2.4000000e-01	   2.0000000e+00	   3.0000000e+00	   1.0000000e+00	   3.0000000e+00	   1.3590000e+03	
   1.0300000e+02	   1.1300000e+02	   2.1300000e+02	   1.2000000e+01	   3.0000000e+00	   3.9700000e+00	   5.0000000e+00	   1.5500000e+00	   2.0000000e+00	   1.0000000e+00	   3.0000000e+00	   1.0000000e+00	   1.4320000e+03	
   1.0900000e+02	   3.0400000e+02	   2.0700000e+02	   9.0000000e+00	   5.0000000e+00	   5.0000000e+00	   2.5050000e+00	   1.0750000e+00	   1.0000000e+00	   3.0000000e+00	   2.0000000e+00	   1.0000000e+00	   1.1940000e+03	
   2.1400000e+02	   2.1500000e+02	   1.0600000e+02	   4.0000000e+00	   4.0000000e+00	   3.5000000e+00	   2.0750000e+00	   0.0000000e+00	   3.0000000e+00	   1.0000000e+00	   2.0000000e+00	   3.0000000e+00	   1.2200000e+03	
   1.1500000e+02	   3.0400000e+02	   3.1200000e+02	   1.4000000e+01	   4.0000000e+00	   4.3650000e+00	   2.5050000e+00	   4.5000000e-02	   1.0000000e+00	   3.0000000e+00	   2.0000000e+00	   1.0000000e+00	   1.3010000e+03	
   1.0300000e+02	   1.0900000e+02	   3.1200000e+02	   1.4000000e+01	   3.0000000e+00	   3.9700000e+00	   5.0000000e+00	   4.5000000e-02	   3.0000000e+00	   2.0000000e+00	   1.0000000e+00	   2.0000000e+00	   1.3590000e+03	
   1.1300000e+02	   2.1400000e+02	   3.1200000e+02	   1.4000000e+01	   4.0000000e+00	   5.0000000e+00	   3.5000000e+00	   4.5000000e-02	   3.0000000e+00	   2.0000000e+00	   1.0000000e+00	   3.0000000e+00	   2.2120000e+03	
   1.0300000e+02	   2.0600000e+02	   1.0400000e+02	   2.0000000e+00	   3.0000000e+00	   3.9700000e+00	   5.0000000e+00	   5.8500000e-01	   3.0000000e+00	   2.0000000e+00	   1.0000000e+00	   2.0000000e+00	   7.8400000e+02	
   2.1500000e+02	   3.1100000e+02	   2.0700000e+02	   9.0000000e+00	   4.0000000e+00	   2.0750000e+00	   3.5950000e+00	   1.0750000e+00	   1.0000000e+00	   3.0000000e+00	   2.0000000e+00	   3.0000000e+00	   8.5600000e+02	
   1.1500000e+02	   2.1400000e+02	   1.0800000e+02	   5.0000000e+00	   2.0000000e+00	   4.3650000e+00	   3.5000000e+00	   4.0000000e-02	   1.0000000e+00	   2.0000000e+00	   3.0000000e+00	   2.0000000e+00	   7.8100000e+02	
   2.1500000e+02	   3.0400000e+02	   2.0100000e+02	   7.0000000e+00	   1.0000000e+00	   2.0750000e+00	   2.5050000e+00	   2.4000000e-01	   1.0000000e+00	   3.0000000e+00	   2.0000000e+00	   2.0000000e+00	   8.4970000e+03	
   1.1500000e+02	   3.1000000e+02	   1.0100000e+02	   1.0000000e+00	   3.0000000e+00	   4.3650000e+00	   3.3900000e+00	   1.2000000e-01	   1.0000000e+00	   2.0000000e+00	   3.0000000e+00	   1.0000000e+00	   1.6140000e+03	
   1.0700000e+02	   1.1500000e+02	   2.0100000e+02	   7.0000000e+00	   1.0000000e+00	   4.2600000e+00	   4.3650000e+00	   2.4000000e-01	   2.0000000e+00	   3.0000000e+00	   1.0000000e+00	   2.0000000e+00	   1.0358000e+04	
   1.0700000e+02	   2.1400000e+02	   1.0600000e+02	   4.0000000e+00	   2.0000000e+00	   4.2600000e+00	   3.5000000e+00	   0.0000000e+00	   2.0000000e+00	   3.0000000e+00	   1.0000000e+00	   3.0000000e+00	   2.0150000e+03	
   2.1500000e+02	   3.0400000e+02	   1.0400000e+02	   2.0000000e+00	   1.0000000e+00	   2.0750000e+00	   2.5050000e+00	   5.8500000e-01	   3.0000000e+00	   1.0000000e+00	   2.0000000e+00	   3.0000000e+00	   3.9570000e+03	
   1.0300000e+02	   1.0700000e+02	   2.1300000e+02	   1.2000000e+01	   1.0000000e+00	   3.9700000e+00	   4.2600000e+00	   1.5500000e+00	   1.0000000e+00	   2.0000000e+00	   3.0000000e+00	   2.0000000e+00	   3.1680000e+03	
   1.0900000e+02	   3.1100000e+02	   2.1100000e+02	   1.0000000e+01	   3.0000000e+00	   5.0000000e+00	   3.5950000e+00	   1.5000000e-02	   2.0000000e+00	   3.0000000e+00	   1.0000000e+00	   2.0000000e+00	   2.0550000e+03	
   1.1300000e+02	   3.1000000e+02	   3.0800000e+02	   1.3000000e+01	   4.0000000e+00	   5.0000000e+00	   3.3900000e+00	   5.2000000e-01	   3.0000000e+00	   1.0000000e+00	   2.0000000e+00	   3.0000000e+00	   1.0960000e+03	
   1.1100000e+02	   2.0600000e+02	   2.1300000e+02	   1.2000000e+01	   3.0000000e+00	   4.1300000e+00	   5.0000000e+00	   1.5500000e+00	   3.0000000e+00	   1.0000000e+00	   2.0000000e+00	   1.0000000e+00	   7.9100000e+02	
   2.1400000e+02	   3.1000000e+02	   1.0800000e+02	   5.0000000e+00	   1.0000000e+00	   3.5000000e+00	   3.3900000e+00	   4.0000000e-02	   1.0000000e+00	   3.0000000e+00	   2.0000000e+00	   3.0000000e+00	   3.0130000e+03	
   1.0700000e+02	   1.0900000e+02	   3.0800000e+02	   1.3000000e+01	   2.0000000e+00	   4.2600000e+00	   5.0000000e+00	   5.2000000e-01	   3.0000000e+00	   2.0000000e+00	   1.0000000e+00	   2.0000000e+00	   1.0050000e+03	
   2.0800000e+02	   2.1400000e+02	   1.0400000e+02	   2.0000000e+00	   4.0000000e+00	   1.8350000e+00	   3.5000000e+00	   5.8500000e-01	   1.0000000e+00	   2.0000000e+00	   3.0000000e+00	   2.0000000e+00	   1.2720000e+03	
   1.0300000e+02	   2.1000000e+02	   2.0700000e+02	   9.0000000e+00	   2.0000000e+00	   3.9700000e+00	   3.3150000e+00	   1.0750000e+00	   3.0000000e+00	   2.0000000e+00	   1.0000000e+00	   2.0000000e+00	   1.1340000e+03	
   2.0600000e+02	   2.0800000e+02	   2.1100000e+02	   1.0000000e+01	   5.0000000e+00	   5.0000000e+00	   1.8350000e+00	   1.5000000e-02	   2.0000000e+00	   3.0000000e+00	   1.0000000e+00	   2.0000000e+00	   6.9600000e+02	
   1.0900000e+02	   2.1500000e+02	   2.1200000e+02	   1.1000000e+01	   5.0000000e+00	   5.0000000e+00	   2.0750000e+00	   5.5000000e-02	   2.0000000e+00	   3.0000000e+00	   1.0000000e+00	   2.0000000e+00	   6.5600000e+02	
   1.1500000e+02	   2.1000000e+02	   2.1100000e+02	   1.0000000e+01	   3.0000000e+00	   4.3650000e+00	   3.3150000e+00	   1.5000000e-02	   2.0000000e+00	   1.0000000e+00	   3.0000000e+00	   2.0000000e+00	   2.4450000e+03	
   1.0900000e+02	   3.0400000e+02	   2.0100000e+02	   7.0000000e+00	   5.0000000e+00	   5.0000000e+00	   2.5050000e+00	   2.4000000e-01	   2.0000000e+00	   3.0000000e+00	   1.0000000e+00	   2.0000000e+00	   9.2600000e+02	
   1.0900000e+02	   3.1000000e+02	   1.0800000e+02	   5.0000000e+00	   4.0000000e+00	   5.0000000e+00	   3.3900000e+00	   4.0000000e-02	   3.0000000e+00	   2.0000000e+00	   1.0000000e+00	   3.0000000e+00	   6.3800000e+02	
   2.1000000e+02	   2.1500000e+02	   3.1400000e+02	   1.5000000e+01	   3.0000000e+00	   3.3150000e+00	   2.0750000e+00	   1.2300000e+00	   2.0000000e+00	   3.0000000e+00	   1.0000000e+00	   2.0000000e+00	   2.6590000e+03	
   1.0900000e+02	   1.1100000e+02	   1.0800000e+02	   5.0000000e+00	   3.0000000e+00	   5.0000000e+00	   4.1300000e+00	   4.0000000e-02	   2.0000000e+00	   3.0000000e+00	   1.0000000e+00	   2.0000000e+00	   8.9300000e+02	
   1.0700000e+02	   1.1100000e+02	   3.0800000e+02	   1.3000000e+01	   1.0000000e+00	   4.2600000e+00	   4.1300000e+00	   5.2000000e-01	   2.0000000e+00	   1.0000000e+00	   3.0000000e+00	   1.0000000e+00	   1.8010000e+03	
   2.0600000e+02	   3.1000000e+02	   2.0500000e+02	   8.0000000e+00	   4.0000000e+00	   5.0000000e+00	   3.3900000e+00	   7.0000000e-02	   1.0000000e+00	   3.0000000e+00	   2.0000000e+00	   1.0000000e+00	   6.2600000e+02	
   1.1300000e+02	   3.1100000e+02	   2.1200000e+02	   1.1000000e+01	   3.0000000e+00	   5.0000000e+00	   3.5950000e+00	   5.5000000e-02	   3.0000000e+00	   2.0000000e+00	   1.0000000e+00	   3.0000000e+00	   1.2810000e+03	
   1.0700000e+02	   3.1000000e+02	   1.0800000e+02	   5.0000000e+00	   3.0000000e+00	   4.2600000e+00	   3.3900000e+00	   4.0000000e-02	   2.0000000e+00	   3.0000000e+00	   1.0000000e+00	   2.0000000e+00	   1.3500000e+03	
   2.0600000e+02	   3.0400000e+02	   3.1400000e+02	   1.5000000e+01	   5.0000000e+00	   5.0000000e+00	   2.5050000e+00	   1.2300000e+00	   2.0000000e+00	   3.0000000e+00	   1.0000000e+00	   2.0000000e+00	   7.5000000e+02	
   1.0900000e+02	   1.1400000e+02	   3.0800000e+02	   1.3000000e+01	   3.0000000e+00	   5.0000000e+00	   3.9900000e+00	   5.2000000e-01	   2.0000000e+00	   1.0000000e+00	   3.0000000e+00	   2.0000000e+00	   6.7400000e+02	
   1.1100000e+02	   3.0400000e+02	   2.0100000e+02	   7.0000000e+00	   4.0000000e+00	   4.1300000e+00	   2.5050000e+00	   2.4000000e-01	   2.0000000e+00	   3.0000000e+00	   1.0000000e+00	   2.0000000e+00	   8.5700000e+02	
   1.1300000e+02	   1.1400000e+02	   1.0800000e+02	   5.0000000e+00	   3.0000000e+00	   5.0000000e+00	   3.9900000e+00	   4.0000000e-02	   3.0000000e+00	   1.0000000e+00	   2.0000000e+00	   3.0000000e+00	   2.0200000e+03	
   1.1100000e+02	   3.1000000e+02	   2.0100000e+02	   7.0000000e+00	   2.0000000e+00	   4.1300000e+00	   3.3900000e+00	   2.4000000e-01	   3.0000000e+00	   1.0000000e+00	   2.0000000e+00	   3.0000000e+00	   2.2980000e+03	
   1.0700000e+02	   3.1000000e+02	   3.1200000e+02	   1.4000000e+01	   3.0000000e+00	   4.2600000e+00	   3.3900000e+00	   4.5000000e-02	   2.0000000e+00	   3.0000000e+00	   1.0000000e+00	   2.0000000e+00	   1.2040000e+03	
   2.0600000e+02	   2.1000000e+02	   3.0800000e+02	   1.3000000e+01	   4.0000000e+00	   5.0000000e+00	   3.3150000e+00	   5.2000000e-01	   3.0000000e+00	   2.0000000e+00	   1.0000000e+00	   3.0000000e+00	   7.0600000e+02	
   1.0700000e+02	   2.0800000e+02	   1.0600000e+02	   4.0000000e+00	   5.0000000e+00	   4.2600000e+00	   1.8350000e+00	   0.0000000e+00	   1.0000000e+00	   3.0000000e+00	   2.0000000e+00	   1.0000000e+00	   1.2000000e+03	
   1.1300000e+02	   3.0400000e+02	   1.0500000e+02	   3.0000000e+00	   5.0000000e+00	   5.0000000e+00	   2.5050000e+00	   1.6200000e+00	   2.0000000e+00	   1.0000000e+00	   3.0000000e+00	   2.0000000e+00	   1.3800000e+03	
   2.0800000e+02	   3.0400000e+02	   3.1400000e+02	   1.5000000e+01	   2.0000000e+00	   1.8350000e+00	   2.5050000e+00	   1.2300000e+00	   3.0000000e+00	   1.0000000e+00	   2.0000000e+00	   3.0000000e+00	   5.8100000e+03	
   2.1400000e+02	   2.1500000e+02	   2.0700000e+02	   9.0000000e+00	   4.0000000e+00	   3.5000000e+00	   2.0750000e+00	   1.0750000e+00	   1.0000000e+00	   3.0000000e+00	   2.0000000e+00	   1.0000000e+00	   1.0670000e+03	
   1.1100000e+02	   2.1400000e+02	   3.1200000e+02	   1.4000000e+01	   2.0000000e+00	   4.1300000e+00	   3.5000000e+00	   4.5000000e-02	   3.0000000e+00	   2.0000000e+00	   1.0000000e+00	   2.0000000e+00	   3.1440000e+03	
   1.0300000e+02	   1.1300000e+02	   2.0100000e+02	   7.0000000e+00	   3.0000000e+00	   3.9700000e+00	   5.0000000e+00	   2.4000000e-01	   1.0000000e+00	   3.0000000e+00	   2.0000000e+00	   3.0000000e+00	   1.7550000e+03	
   1.0900000e+02	   1.1400000e+02	   1.0600000e+02	   4.0000000e+00	   3.0000000e+00	   5.0000000e+00	   3.9900000e+00	   0.0000000e+00	   3.0000000e+00	   2.0000000e+00	   1.0000000e+00	   3.0000000e+00	   8.0000000e+02	
   1.0300000e+02	   1.0700000e+02	   2.0500000e+02	   8.0000000e+00	   1.0000000e+00	   3.9700000e+00	   4.2600000e+00	   7.0000000e-02	   2.0000000e+00	   1.0000000e+00	   3.0000000e+00	   1.0000000e+00	   1.5680000e+03	
   2.0600000e+02	   2.1400000e+02	   1.0600000e+02	   4.0000000e+00	   4.0000000e+00	   5.0000000e+00	   3.5000000e+00	   0.0000000e+00	   3.0000000e+00	   1.0000000e+00	   2.0000000e+00	   3.0000000e+00	   6.3000000e+02	
   1.0300000e+02	   3.1100000e+02	   2.1100000e+02	   1.0000000e+01	   1.0000000e+00	   3.9700000e+00	   3.5950000e+00	   1.5000000e-02	   3.0000000e+00	   1.0000000e+00	   2.0000000e+00	   1.0000000e+00	   9.9000000e+02	
   3.0400000e+02	   3.1100000e+02	   1.0600000e+02	   4.0000000e+00	   3.0000000e+00	   2.5050000e+00	   3.5950000e+00	   0.0000000e+00	   1.0000000e+00	   2.0000000e+00	   3.0000000e+00	   2.0000000e+00	   8.0100000e+02	
   2.0600000e+02	   3.1100000e+02	   2.0100000e+02	   7.0000000e+00	   3.0000000e+00	   5.0000000e+00	   3.5950000e+00	   2.4000000e-01	   1.0000000e+00	   3.0000000e+00	   2.0000000e+00	   1.0000000e+00	   6.6300000e+02	
   1.1300000e+02	   2.1500000e+02	   1.1200000e+02	   6.0000000e+00	   5.0000000e+00	   5.0000000e+00	   2.0750000e+00	   2.5000000e-02	   1.0000000e+00	   3.0000000e+00	   2.0000000e+00	   1.0000000e+00	   1.0190000e+03	
   2.0800000e+02	   3.1100000e+02	   2.0100000e+02	   7.0000000e+00	   4.0000000e+00	   1.8350000e+00	   3.5950000e+00	   2.4000000e-01	   1.0000000e+00	   2.0000000e+00	   3.0000000e+00	   2.0000000e+00	   1.1480000e+03	
   1.0700000e+02	   1.1500000e+02	   1.0600000e+02	   4.0000000e+00	   1.0000000e+00	   4.2600000e+00	   4.3650000e+00	   0.0000000e+00	   2.0000000e+00	   1.0000000e+00	   3.0000000e+00	   2.0000000e+00	   1.2790000e+03	
   2.0600000e+02	   3.0400000e+02	   1.0500000e+02	   3.0000000e+00	   5.0000000e+00	   5.0000000e+00	   2.5050000e+00	   1.6200000e+00	   2.0000000e+00	   1.0000000e+00	   3.0000000e+00	   2.0000000e+00	   6.6700000e+02	
   2.1500000e+02	   3.1100000e+02	   3.0800000e+02	   1.3000000e+01	   4.0000000e+00	   2.0750000e+00	   3.5950000e+00	   5.2000000e-01	   1.0000000e+00	   3.0000000e+00	   2.0000000e+00	   3.0000000e+00	   1.0180000e+03	
   1.0300000e+02	   3.0400000e+02	   2.1300000e+02	   1.2000000e+01	   4.0000000e+00	   3.9700000e+00	   2.5050000e+00	   1.5500000e+00	   1.0000000e+00	   3.0000000e+00	   2.0000000e+00	   1.0000000e+00	   2.7310000e+03	
   1.0300000e+02	   1.1400000e+02	   2.1200000e+02	   1.1000000e+01	   1.0000000e+00	   3.9700000e+00	   3.9900000e+00	   5.5000000e-02	   3.0000000e+00	   1.0000000e+00	   2.0000000e+00	   3.0000000e+00	   1.7490000e+03	
   1.0900000e+02	   2.1500000e+02	   1.0100000e+02	   1.0000000e+00	   5.0000000e+00	   5.0000000e+00	   2.0750000e+00	   1.2000000e-01	   3.0000000e+00	   2.0000000e+00	   1.0000000e+00	   3.0000000e+00	   6.9800000e+02	
   1.1500000e+02	   2.0800000e+02	   2.0500000e+02	   8.0000000e+00	   5.0000000e+00	   4.3650000e+00	   1.8350000e+00	   7.0000000e-02	   2.0000000e+00	   3.0000000e+00	   1.0000000e+00	   2.0000000e+00	   1.0450000e+03	
   3.1000000e+02	   3.1100000e+02	   3.0800000e+02	   1.3000000e+01	   1.0000000e+00	   3.3900000e+00	   3.5950000e+00	   5.2000000e-01	   2.0000000e+00	   1.0000000e+00	   3.0000000e+00	   1.0000000e+00	   1.2680000e+03	
   1.1300000e+02	   1.1500000e+02	   2.1100000e+02	   1.0000000e+01	   2.0000000e+00	   5.0000000e+00	   4.3650000e+00	   1.5000000e-02	   2.0000000e+00	   1.0000000e+00	   3.0000000e+00	   2.0000000e+00	   9.7200000e+02	
   1.0900000e+02	   2.1500000e+02	   3.1200000e+02	   1.4000000e+01	   5.0000000e+00	   5.0000000e+00	   2.0750000e+00	   4.5000000e-02	   1.0000000e+00	   3.0000000e+00	   2.0000000e+00	   1.0000000e+00	   8.4000000e+02	
   1.1300000e+02	   2.1000000e+02	   2.1200000e+02	   1.1000000e+01	   4.0000000e+00	   5.0000000e+00	   3.3150000e+00	   5.5000000e-02	   1.0000000e+00	   2.0000000e+00	   3.0000000e+00	   1.0000000e+00	   1.4140000e+03	
   1.0300000e+02	   2.1400000e+02	   2.1200000e+02	   1.1000000e+01	   1.0000000e+00	   3.9700000e+00	   3.5000000e+00	   5.5000000e-02	   1.0000000e+00	   2.0000000e+00	   3.0000000e+00	   2.0000000e+00	   9.0300000e+02	
   1.1300000e+02	   2.0800000e+02	   1.0400000e+02	   2.0000000e+00	   5.0000000e+00	   5.0000000e+00	   1.8350000e+00	   5.8500000e-01	   1.0000000e+00	   3.0000000e+00	   2.0000000e+00	   1.0000000e+00	   1.0010000e+03	
   1.0900000e+02	   1.1100000e+02	   1.0600000e+02	   4.0000000e+00	   3.0000000e+00	   5.0000000e+00	   4.1300000e+00	   0.0000000e+00	   3.0000000e+00	   2.0000000e+00	   1.0000000e+00	   3.0000000e+00	   7.7300000e+02	
   1.0700000e+02	   1.1100000e+02	   2.0700000e+02	   9.0000000e+00	   1.0000000e+00	   4.2600000e+00	   4.1300000e+00	   1.0750000e+00	   3.0000000e+00	   1.0000000e+00	   2.0000000e+00	   1.0000000e+00	   1.0000000e+03	
   2.0600000e+02	   2.0800000e+02	   2.1300000e+02	   1.2000000e+01	   5.0000000e+00	   5.0000000e+00	   1.8350000e+00	   1.5500000e+00	   1.0000000e+00	   3.0000000e+00	   2.0000000e+00	   1.0000000e+00	   6.1600000e+02	
   2.0800000e+02	   2.1000000e+02	   1.0400000e+02	   2.0000000e+00	   4.0000000e+00	   1.8350000e+00	   3.3150000e+00	   5.8500000e-01	   3.0000000e+00	   1.0000000e+00	   2.0000000e+00	   1.0000000e+00	   2.6900000e+03	
   1.0900000e+02	   2.1000000e+02	   2.0500000e+02	   8.0000000e+00	   4.0000000e+00	   5.0000000e+00	   3.3150000e+00	   7.0000000e-02	   2.0000000e+00	   3.0000000e+00	   1.0000000e+00	   2.0000000e+00	   9.1900000e+02	
   1.1400000e+02	   3.1100000e+02	   1.0500000e+02	   3.0000000e+00	   1.0000000e+00	   3.9900000e+00	   3.5950000e+00	   1.6200000e+00	   2.0000000e+00	   3.0000000e+00	   1.0000000e+00	   3.0000000e+00	   1.4030000e+03	
   2.0600000e+02	   2.1400000e+02	   2.0700000e+02	   9.0000000e+00	   4.0000000e+00	   5.0000000e+00	   3.5000000e+00	   1.0750000e+00	   3.0000000e+00	   2.0000000e+00	   1.0000000e+00	   3.0000000e+00	   5.8400000e+02	
   1.0700000e+02	   3.1100000e+02	   1.0800000e+02	   5.0000000e+00	   2.0000000e+00	   4.2600000e+00	   3.5950000e+00	   4.0000000e-02	   3.0000000e+00	   1.0000000e+00	   2.0000000e+00	   1.0000000e+00	   8.7100000e+02	
   1.0700000e+02	   1.0900000e+02	   3.1200000e+02	   1.4000000e+01	   2.0000000e+00	   4.2600000e+00	   5.0000000e+00	   4.5000000e-02	   2.0000000e+00	   3.0000000e+00	   1.0000000e+00	   3.0000000e+00	   7.4500000e+02	
   1.0300000e+02	   1.1500000e+02	   2.1300000e+02	   1.2000000e+01	   1.0000000e+00	   3.9700000e+00	   4.3650000e+00	   1.5500000e+00	   3.0000000e+00	   1.0000000e+00	   2.0000000e+00	   1.0000000e+00	   1.0710000e+03	
   1.0700000e+02	   1.1400000e+02	   3.1400000e+02	   1.5000000e+01	   1.0000000e+00	   4.2600000e+00	   3.9900000e+00	   1.2300000e+00	   2.0000000e+00	   3.0000000e+00	   1.0000000e+00	   2.0000000e+00	   1.2050000e+03	
   1.1100000e+02	   2.1000000e+02	   1.0800000e+02	   5.0000000e+00	   2.0000000e+00	   4.1300000e+00	   3.3150000e+00	   4.0000000e-02	   1.0000000e+00	   3.0000000e+00	   2.0000000e+00	   3.0000000e+00	   9.6400000e+02	
   2.1000000e+02	   3.0400000e+02	   1.0400000e+02	   2.0000000e+00	   2.0000000e+00	   3.3150000e+00	   2.5050000e+00	   5.8500000e-01	   2.0000000e+00	   1.0000000e+00	   3.0000000e+00	   2.0000000e+00	   1.3080000e+03	
   1.0300000e+02	   2.0800000e+02	   2.0700000e+02	   9.0000000e+00	   5.0000000e+00	   3.9700000e+00	   1.8350000e+00	   1.0750000e+00	   1.0000000e+00	   3.0000000e+00	   2.0000000e+00	   1.0000000e+00	   1.4170000e+03	
   1.0700000e+02	   1.0900000e+02	   3.1400000e+02	   1.5000000e+01	   2.0000000e+00	   4.2600000e+00	   5.0000000e+00	   1.2300000e+00	   2.0000000e+00	   1.0000000e+00	   3.0000000e+00	   1.0000000e+00	   7.6500000e+02	
   1.1500000e+02	   2.0600000e+02	   1.0400000e+02	   2.0000000e+00	   2.0000000e+00	   4.3650000e+00	   5.0000000e+00	   5.8500000e-01	   2.0000000e+00	   3.0000000e+00	   1.0000000e+00	   3.0000000e+00	   6.4800000e+02	
   1.0300000e+02	   1.0900000e+02	   3.0800000e+02	   1.3000000e+01	   3.0000000e+00	   3.9700000e+00	   5.0000000e+00	   5.2000000e-01	   2.0000000e+00	   1.0000000e+00	   3.0000000e+00	   1.0000000e+00	   8.2500000e+02	
   1.1400000e+02	   1.1500000e+02	   3.1200000e+02	   1.4000000e+01	   1.0000000e+00	   3.9900000e+00	   4.3650000e+00	   4.5000000e-02	   3.0000000e+00	   2.0000000e+00	   1.0000000e+00	   2.0000000e+00	   1.3300000e+03	
   1.1300000e+02	   3.0400000e+02	   1.1200000e+02	   6.0000000e+00	   5.0000000e+00	   5.0000000e+00	   2.5050000e+00	   2.5000000e-02	   2.0000000e+00	   3.0000000e+00	   1.0000000e+00	   2.0000000e+00	   1.4150000e+03	
   2.1000000e+02	   3.1000000e+02	   2.1100000e+02	   1.0000000e+01	   1.0000000e+00	   3.3150000e+00	   3.3900000e+00	   1.5000000e-02	   3.0000000e+00	   2.0000000e+00	   1.0000000e+00	   3.0000000e+00	   9.2100000e+02	
   1.1500000e+02	   2.0600000e+02	   1.0500000e+02	   3.0000000e+00	   2.0000000e+00	   4.3650000e+00	   5.0000000e+00	   1.6200000e+00	   1.0000000e+00	   2.0000000e+00	   3.0000000e+00	   2.0000000e+00	   6.1200000e+02	
   1.0700000e+02	   1.1400000e+02	   1.0100000e+02	   1.0000000e+00	   1.0000000e+00	   4.2600000e+00	   3.9900000e+00	   1.2000000e-01	   2.0000000e+00	   3.0000000e+00	   1.0000000e+00	   3.0000000e+00	   2.1610000e+03	
   1.1500000e+02	   2.0600000e+02	   2.0500000e+02	   8.0000000e+00	   2.0000000e+00	   4.3650000e+00	   5.0000000e+00	   7.0000000e-02	   1.0000000e+00	   2.0000000e+00	   3.0000000e+00	   2.0000000e+00	   5.9400000e+02	
   1.1300000e+02	   3.1100000e+02	   2.0500000e+02	   8.0000000e+00	   3.0000000e+00	   5.0000000e+00	   3.5950000e+00	   7.0000000e-02	   1.0000000e+00	   2.0000000e+00	   3.0000000e+00	   1.0000000e+00	   1.0330000e+03	
   2.0800000e+02	   3.1100000e+02	   2.1300000e+02	   1.2000000e+01	   4.0000000e+00	   1.8350000e+00	   3.5950000e+00	   1.5500000e+00	   3.0000000e+00	   2.0000000e+00	   1.0000000e+00	   2.0000000e+00	   9.7400000e+02	
   1.0900000e+02	   3.1000000e+02	   3.1200000e+02	   1.4000000e+01	   4.0000000e+00	   5.0000000e+00	   3.3900000e+00	   4.5000000e-02	   3.0000000e+00	   1.0000000e+00	   2.0000000e+00	   3.0000000e+00	   8.0300000e+02	
   1.0300000e+02	   1.1100000e+02	   1.0400000e+02	   2.0000000e+00	   1.0000000e+00	   3.9700000e+00	   4.1300000e+00	   5.8500000e-01	   2.0000000e+00	   1.0000000e+00	   3.0000000e+00	   1.0000000e+00	   2.0120000e+03	
   1.1500000e+02	   2.1400000e+02	   2.1100000e+02	   1.0000000e+01	   2.0000000e+00	   4.3650000e+00	   3.5000000e+00	   1.5000000e-02	   3.0000000e+00	   2.0000000e+00	   1.0000000e+00	   2.0000000e+00	   8.8400000e+02	
   1.1100000e+02	   1.1400000e+02	   1.0500000e+02	   3.0000000e+00	   1.0000000e+00	   4.1300000e+00	   3.9900000e+00	   1.6200000e+00	   1.0000000e+00	   2.0000000e+00	   3.0000000e+00	   1.0000000e+00	   1.0340000e+03	
   2.1000000e+02	   2.1500000e+02	   2.0700000e+02	   9.0000000e+00	   3.0000000e+00	   3.3150000e+00	   2.0750000e+00	   1.0750000e+00	   1.0000000e+00	   3.0000000e+00	   2.0000000e+00	   1.0000000e+00	   2.4050000e+03	
   1.0300000e+02	   1.1500000e+02	   1.1200000e+02	   6.0000000e+00	   1.0000000e+00	   3.9700000e+00	   4.3650000e+00	   2.5000000e-02	   2.0000000e+00	   1.0000000e+00	   3.0000000e+00	   1.0000000e+00	   2.3760000e+03	
   2.1500000e+02	   3.0400000e+02	   2.1200000e+02	   1.1000000e+01	   1.0000000e+00	   2.0750000e+00	   2.5050000e+00	   5.5000000e-02	   2.0000000e+00	   3.0000000e+00	   1.0000000e+00	   2.0000000e+00	   1.6750000e+03	
   1.1400000e+02	   1.1500000e+02	   1.0600000e+02	   4.0000000e+00	   1.0000000e+00	   3.9900000e+00	   4.3650000e+00	   0.0000000e+00	   1.0000000e+00	   3.0000000e+00	   2.0000000e+00	   3.0000000e+00	   1.5730000e+03	
   2.1400000e+02	   3.1100000e+02	   2.1300000e+02	   1.2000000e+01	   1.0000000e+00	   3.5000000e+00	   3.5950000e+00	   1.5500000e+00	   3.0000000e+00	   1.0000000e+00	   2.0000000e+00	   3.0000000e+00	   1.2880000e+03	
   1.1400000e+02	   2.1000000e+02	   1.1200000e+02	   6.0000000e+00	   2.0000000e+00	   3.9900000e+00	   3.3150000e+00	   2.5000000e-02	   3.0000000e+00	   1.0000000e+00	   2.0000000e+00	   3.0000000e+00	   1.6350000e+03	
   1.0300000e+02	   1.1300000e+02	   1.0500000e+02	   3.0000000e+00	   3.0000000e+00	   3.9700000e+00	   5.0000000e+00	   1.6200000e+00	   3.0000000e+00	   2.0000000e+00	   1.0000000e+00	   2.0000000e+00	   7.3300000e+02	
   3.1000000e+02	   3.1100000e+02	   3.1400000e+02	   1.5000000e+01	   1.0000000e+00	   3.3900000e+00	   3.5950000e+00	   1.2300000e+00	   3.0000000e+00	   2.0000000e+00	   1.0000000e+00	   2.0000000e+00	   1.3080000e+03	
   1.1400000e+02	   2.0800000e+02	   1.0400000e+02	   2.0000000e+00	   5.0000000e+00	   3.9900000e+00	   1.8350000e+00	   5.8500000e-01	   3.0000000e+00	   2.0000000e+00	   1.0000000e+00	   3.0000000e+00	   1.5240000e+03	
   2.0600000e+02	   3.1000000e+02	   3.1400000e+02	   1.5000000e+01	   4.0000000e+00	   5.0000000e+00	   3.3900000e+00	   1.2300000e+00	   1.0000000e+00	   3.0000000e+00	   2.0000000e+00	   1.0000000e+00	   6.9400000e+02	
   1.1500000e+02	   2.0800000e+02	   2.1200000e+02	   1.1000000e+01	   5.0000000e+00	   4.3650000e+00	   1.8350000e+00	   5.5000000e-02	   2.0000000e+00	   1.0000000e+00	   3.0000000e+00	   2.0000000e+00	   1.1920000e+03	
   3.0400000e+02	   3.1000000e+02	   2.1200000e+02	   1.1000000e+01	   3.0000000e+00	   2.5050000e+00	   3.3900000e+00	   5.5000000e-02	   3.0000000e+00	   1.0000000e+00	   2.0000000e+00	   1.0000000e+00	   1.4100000e+03	
   2.1400000e+02	   3.1100000e+02	   2.0700000e+02	   9.0000000e+00	   1.0000000e+00	   3.5000000e+00	   3.5950000e+00	   1.0750000e+00	   1.0000000e+00	   3.0000000e+00	   2.0000000e+00	   1.0000000e+00	   1.7770000e+03	
   2.0600000e+02	   2.0800000e+02	   1.0100000e+02	   1.0000000e+00	   5.0000000e+00	   5.0000000e+00	   1.8350000e+00	   1.2000000e-01	   2.0000000e+00	   3.0000000e+00	   1.0000000e+00	   2.0000000e+00	   6.4700000e+02	
   1.1300000e+02	   1.1500000e+02	   2.0100000e+02	   7.0000000e+00	   2.0000000e+00	   5.0000000e+00	   4.3650000e+00	   2.4000000e-01	   1.0000000e+00	   2.0000000e+00	   3.0000000e+00	   1.0000000e+00	   1.2260000e+03	
   1.1300000e+02	   2.0800000e+02	   3.0800000e+02	   1.3000000e+01	   5.0000000e+00	   5.0000000e+00	   1.8350000e+00	   5.2000000e-01	   1.0000000e+00	   2.0000000e+00	   3.0000000e+00	   1.0000000e+00	   1.3280000e+03	
   1.0900000e+02	   1.1400000e+02	   2.0700000e+02	   9.0000000e+00	   3.0000000e+00	   5.0000000e+00	   3.9900000e+00	   1.0750000e+00	   3.0000000e+00	   1.0000000e+00	   2.0000000e+00	   3.0000000e+00	   7.3600000e+02	
   2.1000000e+02	   2.1400000e+02	   2.1300000e+02	   1.2000000e+01	   1.0000000e+00	   3.3150000e+00	   3.5000000e+00	   1.5500000e+00	   1.0000000e+00	   3.0000000e+00	   2.0000000e+00	   3.0000000e+00	   1.5060000e+03	
   2.0600000e+02	   2.1400000e+02	   1.0100000e+02	   1.0000000e+00	   4.0000000e+00	   5.0000000e+00	   3.5000000e+00	   1.2000000e-01	   1.0000000e+00	   3.0000000e+00	   2.0000000e+00	   1.0000000e+00	   6.4500000e+02	
   1.1400000e+02	   3.0400000e+02	   1.0400000e+02	   2.0000000e+00	   4.0000000e+00	   3.9900000e+00	   2.5050000e+00	   5.8500000e-01	   2.0000000e+00	   1.0000000e+00	   3.0000000e+00	   2.0000000e+00	   1.1710000e+03	
   1.0300000e+02	   1.0900000e+02	   3.1400000e+02	   1.5000000e+01	   3.0000000e+00	   3.9700000e+00	   5.0000000e+00	   1.2300000e+00	   1.0000000e+00	   3.0000000e+00	   2.0000000e+00	   3.0000000e+00	   8.5900000e+02	
   1.0300000e+02	   1.1500000e+02	   2.0700000e+02	   9.0000000e+00	   1.0000000e+00	   3.9700000e+00	   4.3650000e+00	   1.0750000e+00	   2.0000000e+00	   3.0000000e+00	   1.0000000e+00	   3.0000000e+00	   1.2960000e+03	
   1.1300000e+02	   3.1100000e+02	   1.0400000e+02	   2.0000000e+00	   3.0000000e+00	   5.0000000e+00	   3.5950000e+00	   5.8500000e-01	   3.0000000e+00	   1.0000000e+00	   2.0000000e+00	   3.0000000e+00	   1.1710000e+03	
   1.1100000e+02	   3.1000000e+02	   1.0500000e+02	   3.0000000e+00	   2.0000000e+00	   4.1300000e+00	   3.3900000e+00	   1.6200000e+00	   2.0000000e+00	   3.0000000e+00	   1.0000000e+00	   2.0000000e+00	   1.2790000e+03	
   1.0300000e+02	   1.0700000e+02	   3.1400000e+02	   1.5000000e+01	   1.0000000e+00	   3.9700000e+00	   4.2600000e+00	   1.2300000e+00	   2.0000000e+00	   3.0000000e+00	   1.0000000e+00	   3.0000000e+00	   1.8840000e+03	
   2.0800000e+02	   2.1400000e+02	   2.0100000e+02	   7.0000000e+00	   4.0000000e+00	   1.8350000e+00	   3.5000000e+00	   2.4000000e-01	   2.0000000e+00	   3.0000000e+00	   1.0000000e+00	   3.0000000e+00	   1.0280000e+03	
   1.0300000e+02	   2.1500000e+02	   2.0500000e+02	   8.0000000e+00	   5.0000000e+00	   3.9700000e+00	   2.0750000e+00	   7.0000000e-02	   1.0000000e+00	   2.0000000e+00	   3.0000000e+00	   1.0000000e+00	   1.4860000e+03	
   1.0700000e+02	   2.0800000e+02	   3.1400000e+02	   1.5000000e+01	   5.0000000e+00	   4.2600000e+00	   1.8350000e+00	   1.2300000e+00	   3.0000000e+00	   1.0000000e+00	   2.0000000e+00	   3.0000000e+00	   1.3750000e+03	
   1.0300000e+02	   3.1000000e+02	   2.0100000e+02	   7.0000000e+00	   2.0000000e+00	   3.9700000e+00	   3.3900000e+00	   2.4000000e-01	   2.0000000e+00	   3.0000000e+00	   1.0000000e+00	   2.0000000e+00	   2.4870000e+03	
   1.1100000e+02	   2.1000000e+02	   1.0500000e+02	   3.0000000e+00	   2.0000000e+00	   4.1300000e+00	   3.3150000e+00	   1.6200000e+00	   1.0000000e+00	   3.0000000e+00	   2.0000000e+00	   3.0000000e+00	   1.4770000e+03	
   1.0300000e+02	   1.1100000e+02	   1.0100000e+02	   1.0000000e+00	   1.0000000e+00	   3.9700000e+00	   4.1300000e+00	   1.2000000e-01	   3.0000000e+00	   1.0000000e+00	   2.0000000e+00	   1.0000000e+00	   1.0110000e+03	
   2.0600000e+02	   3.1000000e+02	   3.0800000e+02	   1.3000000e+01	   4.0000000e+00	   5.0000000e+00	   3.3900000e+00	   5.2000000e-01	   2.0000000e+00	   3.0000000e+00	   1.0000000e+00	   2.0000000e+00	   6.9700000e+02	
   2.0800000e+02	   2.1400000e+02	   3.1400000e+02	   1.5000000e+01	   4.0000000e+00	   1.8350000e+00	   3.5000000e+00	   1.2300000e+00	   2.0000000e+00	   1.0000000e+00	   3.0000000e+00	   1.0000000e+00	   1.6070000e+03	
   1.1400000e+02	   2.1400000e+02	   2.1300000e+02	   1.2000000e+01	   2.0000000e+00	   3.9900000e+00	   3.5000000e+00	   1.5500000e+00	   3.0000000e+00	   2.0000000e+00	   1.0000000e+00	   2.0000000e+00	   1.0210000e+03	
   2.1400000e+02	   2.1500000e+02	   2.0500000e+02	   8.0000000e+00	   4.0000000e+00	   3.5000000e+00	   2.0750000e+00	   7.0000000e-02	   1.0000000e+00	   2.0000000e+00	   3.0000000e+00	   1.0000000e+00	   9.8500000e+02	
   1.0300000e+02	   2.1500000e+02	   2.0700000e+02	   9.0000000e+00	   5.0000000e+00	   3.9700000e+00	   2.0750000e+00	   1.0750000e+00	   2.0000000e+00	   3.0000000e+00	   1.0000000e+00	   2.0000000e+00	   1.4360000e+03	
   1.1100000e+02	   1.1400000e+02	   2.0100000e+02	   7.0000000e+00	   1.0000000e+00	   4.1300000e+00	   3.9900000e+00	   2.4000000e-01	   1.0000000e+00	   2.0000000e+00	   3.0000000e+00	   1.0000000e+00	   9.2300000e+02	
   1.0900000e+02	   2.1000000e+02	   2.1200000e+02	   1.1000000e+01	   4.0000000e+00	   5.0000000e+00	   3.3150000e+00	   5.5000000e-02	   1.0000000e+00	   3.0000000e+00	   2.0000000e+00	   1.0000000e+00	   7.5900000e+02	
   1.0700000e+02	   2.1500000e+02	   1.0500000e+02	   3.0000000e+00	   5.0000000e+00	   4.2600000e+00	   2.0750000e+00	   1.6200000e+00	   3.0000000e+00	   1.0000000e+00	   2.0000000e+00	   3.0000000e+00	   8.6200000e+02	
   1.1400000e+02	   2.1400000e+02	   1.0600000e+02	   4.0000000e+00	   2.0000000e+00	   3.9900000e+00	   3.5000000e+00	   0.0000000e+00	   3.0000000e+00	   2.0000000e+00	   1.0000000e+00	   2.0000000e+00	   8.8800000e+02	
   1.1100000e+02	   2.1000000e+02	   2.0700000e+02	   9.0000000e+00	   2.0000000e+00	   4.1300000e+00	   3.3150000e+00	   1.0750000e+00	   3.0000000e+00	   1.0000000e+00	   2.0000000e+00	   3.0000000e+00	   1.6590000e+03	
   2.0800000e+02	   2.1400000e+02	   1.0500000e+02	   3.0000000e+00	   4.0000000e+00	   1.8350000e+00	   3.5000000e+00	   1.6200000e+00	   3.0000000e+00	   1.0000000e+00	   2.0000000e+00	   1.0000000e+00	   7.4900000e+02	
   1.0900000e+02	   3.0400000e+02	   1.0600000e+02	   4.0000000e+00	   5.0000000e+00	   5.0000000e+00	   2.5050000e+00	   0.0000000e+00	   1.0000000e+00	   2.0000000e+00	   3.0000000e+00	   1.0000000e+00	   6.7900000e+02	
   1.1500000e+02	   2.1500000e+02	   1.0800000e+02	   5.0000000e+00	   5.0000000e+00	   4.3650000e+00	   2.0750000e+00	   4.0000000e-02	   2.0000000e+00	   1.0000000e+00	   3.0000000e+00	   2.0000000e+00	   1.2780000e+03	
   1.1500000e+02	   3.1000000e+02	   2.1300000e+02	   1.2000000e+01	   3.0000000e+00	   4.3650000e+00	   3.3900000e+00	   1.5500000e+00	   2.0000000e+00	   3.0000000e+00	   1.0000000e+00	   2.0000000e+00	   1.3070000e+03	
   1.1500000e+02	   2.0800000e+02	   1.0100000e+02	   1.0000000e+00	   5.0000000e+00	   4.3650000e+00	   1.8350000e+00	   1.2000000e-01	   2.0000000e+00	   1.0000000e+00	   3.0000000e+00	   2.0000000e+00	   1.0440000e+03	
   1.0300000e+02	   1.0900000e+02	   2.1100000e+02	   1.0000000e+01	   3.0000000e+00	   3.9700000e+00	   5.0000000e+00	   1.5000000e-02	   2.0000000e+00	   1.0000000e+00	   3.0000000e+00	   1.0000000e+00	   7.1000000e+02	
   1.0300000e+02	   1.0700000e+02	   1.0500000e+02	   3.0000000e+00	   1.0000000e+00	   3.9700000e+00	   4.2600000e+00	   1.6200000e+00	   2.0000000e+00	   3.0000000e+00	   1.0000000e+00	   3.0000000e+00	   1.1620000e+03	
   2.0800000e+02	   2.1500000e+02	   1.0100000e+02	   1.0000000e+00	   1.0000000e+00	   1.8350000e+00	   2.0750000e+00	   1.2000000e-01	   3.0000000e+00	   1.0000000e+00	   2.0000000e+00	   3.0000000e+00	   9.8100000e+02	
   1.0900000e+02	   3.1000000e+02	   1.0400000e+02	   2.0000000e+00	   4.0000000e+00	   5.0000000e+00	   3.3900000e+00	   5.8500000e-01	   1.0000000e+00	   2.0000000e+00	   3.0000000e+00	   1.0000000e+00	   6.9500000e+02	
   2.0600000e+02	   2.0800000e+02	   1.0400000e+02	   2.0000000e+00	   5.0000000e+00	   5.0000000e+00	   1.8350000e+00	   5.8500000e-01	   1.0000000e+00	   3.0000000e+00	   2.0000000e+00	   1.0000000e+00	   5.7300000e+02	
   1.1300000e+02	   2.1400000e+02	   1.0800000e+02	   5.0000000e+00	   4.0000000e+00	   5.0000000e+00	   3.5000000e+00	   4.0000000e-02	   2.0000000e+00	   1.0000000e+00	   3.0000000e+00	   1.0000000e+00	   6.7600000e+02	
   2.0800000e+02	   3.1100000e+02	   1.1200000e+02	   6.0000000e+00	   4.0000000e+00	   1.8350000e+00	   3.5950000e+00	   2.5000000e-02	   3.0000000e+00	   1.0000000e+00	   2.0000000e+00	   1.0000000e+00	   1.4410000e+03	
   1.0700000e+02	   2.1500000e+02	   2.1100000e+02	   1.0000000e+01	   5.0000000e+00	   4.2600000e+00	   2.0750000e+00	   1.5000000e-02	   1.0000000e+00	   3.0000000e+00	   2.0000000e+00	   1.0000000e+00	   8.4500000e+02	
   1.1100000e+02	   3.1000000e+02	   1.0100000e+02	   1.0000000e+00	   2.0000000e+00	   4.1300000e+00	   3.3900000e+00	   1.2000000e-01	   2.0000000e+00	   1.0000000e+00	   3.0000000e+00	   1.0000000e+00	   1.2560000e+03	
   1.0700000e+02	   1.1400000e+02	   2.1200000e+02	   1.1000000e+01	   1.0000000e+00	   4.2600000e+00	   3.9900000e+00	   5.5000000e-02	   1.0000000e+00	   3.0000000e+00	   2.0000000e+00	   1.0000000e+00	   1.0390000e+03	
   1.1100000e+02	   2.0600000e+02	   3.1400000e+02	   1.5000000e+01	   3.0000000e+00	   4.1300000e+00	   5.0000000e+00	   1.2300000e+00	   1.0000000e+00	   2.0000000e+00	   3.0000000e+00	   2.0000000e+00	   6.3900000e+02	
   1.1100000e+02	   3.0400000e+02	   1.0500000e+02	   3.0000000e+00	   4.0000000e+00	   4.1300000e+00	   2.5050000e+00	   1.6200000e+00	   3.0000000e+00	   1.0000000e+00	   2.0000000e+00	   3.0000000e+00	   1.3110000e+03	
   1.1400000e+02	   2.1500000e+02	   2.0700000e+02	   9.0000000e+00	   5.0000000e+00	   3.9900000e+00	   2.0750000e+00	   1.0750000e+00	   3.0000000e+00	   2.0000000e+00	   1.0000000e+00	   3.0000000e+00	   1.7790000e+03	
   2.0800000e+02	   3.0400000e+02	   1.0800000e+02	   5.0000000e+00	   2.0000000e+00	   1.8350000e+00	   2.5050000e+00	   4.0000000e-02	   2.0000000e+00	   1.0000000e+00	   3.0000000e+00	   2.0000000e+00	   1.9910000e+03	
   1.1400000e+02	   2.0800000e+02	   2.1200000e+02	   1.1000000e+01	   5.0000000e+00	   3.9900000e+00	   1.8350000e+00	   5.5000000e-02	   3.0000000e+00	   1.0000000e+00	   2.0000000e+00	   3.0000000e+00	   1.6170000e+03	
   1.1400000e+02	   3.1000000e+02	   2.0700000e+02	   9.0000000e+00	   2.0000000e+00	   3.9900000e+00	   3.3900000e+00	   1.0750000e+00	   1.0000000e+00	   2.0000000e+00	   3.0000000e+00	   1.0000000e+00	   1.4300000e+03	
   1.0300000e+02	   3.1100000e+02	   2.0700000e+02	   9.0000000e+00	   1.0000000e+00	   3.9700000e+00	   3.5950000e+00	   1.0750000e+00	   3.0000000e+00	   2.0000000e+00	   1.0000000e+00	   2.0000000e+00	   3.0420000e+03	
   1.0700000e+02	   1.1300000e+02	   2.0500000e+02	   8.0000000e+00	   2.0000000e+00	   4.2600000e+00	   5.0000000e+00	   7.0000000e-02	   3.0000000e+00	   1.0000000e+00	   2.0000000e+00	   1.0000000e+00	   1.9670000e+03	
   2.0600000e+02	   3.1100000e+02	   3.0800000e+02	   1.3000000e+01	   3.0000000e+00	   5.0000000e+00	   3.5950000e+00	   5.2000000e-01	   1.0000000e+00	   2.0000000e+00	   3.0000000e+00	   1.0000000e+00	   7.2300000e+02	
   1.1100000e+02	   2.1400000e+02	   3.1400000e+02	   1.5000000e+01	   2.0000000e+00	   4.1300000e+00	   3.5000000e+00	   1.2300000e+00	   1.0000000e+00	   2.0000000e+00	   3.0000000e+00	   2.0000000e+00	   1.0300000e+03	
   1.0900000e+02	   2.1500000e+02	   3.1400000e+02	   1.5000000e+01	   5.0000000e+00	   5.0000000e+00	   2.0750000e+00	   1.2300000e+00	   2.0000000e+00	   3.0000000e+00	   1.0000000e+00	   2.0000000e+00	   7.0600000e+02	
   2.0600000e+02	   3.0400000e+02	   1.0800000e+02	   5.0000000e+00	   5.0000000e+00	   5.0000000e+00	   2.5050000e+00	   4.0000000e-02	   3.0000000e+00	   2.0000000e+00	   1.0000000e+00	   3.0000000e+00	   7.0600000e+02	
   1.1400000e+02	   2.1500000e+02	   3.0800000e+02	   1.3000000e+01	   5.0000000e+00	   3.9900000e+00	   2.0750000e+00	   5.2000000e-01	   3.0000000e+00	   2.0000000e+00	   1.0000000e+00	   3.0000000e+00	   1.1990000e+03	
   1.1500000e+02	   2.1000000e+02	   2.0500000e+02	   8.0000000e+00	   3.0000000e+00	   4.3650000e+00	   3.3150000e+00	   7.0000000e-02	   1.0000000e+00	   3.0000000e+00	   2.0000000e+00	   3.0000000e+00	   7.0500000e+02	
   1.1500000e+02	   2.1000000e+02	   3.1200000e+02	   1.4000000e+01	   3.0000000e+00	   4.3650000e+00	   3.3150000e+00	   4.5000000e-02	   1.0000000e+00	   2.0000000e+00	   3.0000000e+00	   1.0000000e+00	   1.2710000e+03	
   1.0300000e+02	   1.1500000e+02	   1.0600000e+02	   4.0000000e+00	   1.0000000e+00	   3.9700000e+00	   4.3650000e+00	   0.0000000e+00	   1.0000000e+00	   2.0000000e+00	   3.0000000e+00	   2.0000000e+00	   3.4250000e+03	
   1.1400000e+02	   3.0400000e+02	   1.0600000e+02	   4.0000000e+00	   4.0000000e+00	   3.9900000e+00	   2.5050000e+00	   0.0000000e+00	   1.0000000e+00	   3.0000000e+00	   2.0000000e+00	   1.0000000e+00	   2.9330000e+03	
   1.1100000e+02	   2.1400000e+02	   1.1200000e+02	   6.0000000e+00	   2.0000000e+00	   4.1300000e+00	   3.5000000e+00	   2.5000000e-02	   2.0000000e+00	   1.0000000e+00	   3.0000000e+00	   1.0000000e+00	   1.1010000e+03	
   1.0300000e+02	   1.1500000e+02	   1.0400000e+02	   2.0000000e+00	   1.0000000e+00	   3.9700000e+00	   4.3650000e+00	   5.8500000e-01	   1.0000000e+00	   2.0000000e+00	   3.0000000e+00	   2.0000000e+00	   1.4380000e+03	
   1.1100000e+02	   2.1500000e+02	   1.0500000e+02	   3.0000000e+00	   5.0000000e+00	   4.1300000e+00	   2.0750000e+00	   1.6200000e+00	   1.0000000e+00	   3.0000000e+00	   2.0000000e+00	   1.0000000e+00	   1.6320000e+03	
   1.0300000e+02	   1.1300000e+02	   3.1400000e+02	   1.5000000e+01	   3.0000000e+00	   3.9700000e+00	   5.0000000e+00	   1.2300000e+00	   3.0000000e+00	   2.0000000e+00	   1.0000000e+00	   2.0000000e+00	   7.6800000e+02	
   1.0700000e+02	   1.1100000e+02	   1.0500000e+02	   3.0000000e+00	   1.0000000e+00	   4.2600000e+00	   4.1300000e+00	   1.6200000e+00	   3.0000000e+00	   1.0000000e+00	   2.0000000e+00	   1.0000000e+00	   8.1600000e+02	
   2.0600000e+02	   3.1100000e+02	   2.0500000e+02	   8.0000000e+00	   3.0000000e+00	   5.0000000e+00	   3.5950000e+00	   7.0000000e-02	   2.0000000e+00	   3.0000000e+00	   1.0000000e+00	   2.0000000e+00	   6.5600000e+02	
   1.1400000e+02	   2.1500000e+02	   2.1100000e+02	   1.0000000e+01	   5.0000000e+00	   3.9900000e+00	   2.0750000e+00	   1.5000000e-02	   2.0000000e+00	   1.0000000e+00	   3.0000000e+00	   2.0000000e+00	   8.7000000e+02	
   1.1500000e+02	   3.1100000e+02	   1.0100000e+02	   1.0000000e+00	   2.0000000e+00	   4.3650000e+00	   3.5950000e+00	   1.2000000e-01	   3.0000000e+00	   2.0000000e+00	   1.0000000e+00	   2.0000000e+00	   8.8700000e+02	
   1.0700000e+02	   2.1000000e+02	   2.0500000e+02	   8.0000000e+00	   3.0000000e+00	   4.2600000e+00	   3.3150000e+00	   7.0000000e-02	   3.0000000e+00	   1.0000000e+00	   2.0000000e+00	   3.0000000e+00	   1.0770000e+03	
   1.0700000e+02	   3.1000000e+02	   1.0100000e+02	   1.0000000e+00	   3.0000000e+00	   4.2600000e+00	   3.3900000e+00	   1.2000000e-01	   3.0000000e+00	   2.0000000e+00	   1.0000000e+00	   3.0000000e+00	   1.0620000e+03	
   2.0600000e+02	   2.1400000e+02	   2.1300000e+02	   1.2000000e+01	   4.0000000e+00	   5.0000000e+00	   3.5000000e+00	   1.5500000e+00	   2.0000000e+00	   3.0000000e+00	   1.0000000e+00	   2.0000000e+00	   6.2900000e+02	
   2.1400000e+02	   3.1100000e+02	   2.0500000e+02	   8.0000000e+00	   1.0000000e+00	   3.5000000e+00	   3.5950000e+00	   7.0000000e-02	   3.0000000e+00	   1.0000000e+00	   2.0000000e+00	   3.0000000e+00	   1.3720000e+03	
   1.1400000e+02	   1.1500000e+02	   3.0800000e+02	   1.3000000e+01	   1.0000000e+00	   3.9900000e+00	   4.3650000e+00	   5.2000000e-01	   1.0000000e+00	   3.0000000e+00	   2.0000000e+00	   1.0000000e+00	   1.3070000e+03	
   1.0300000e+02	   2.1400000e+02	   2.1100000e+02	   1.0000000e+01	   1.0000000e+00	   3.9700000e+00	   3.5000000e+00	   1.5000000e-02	   2.0000000e+00	   1.0000000e+00	   3.0000000e+00	   1.0000000e+00	   6.3600000e+02	
   1.0700000e+02	   1.1500000e+02	   2.0500000e+02	   8.0000000e+00	   1.0000000e+00	   4.2600000e+00	   4.3650000e+00	   7.0000000e-02	   3.0000000e+00	   1.0000000e+00	   2.0000000e+00	   3.0000000e+00	   8.5200000e+02	
   1.0700000e+02	   3.1000000e+02	   2.0700000e+02	   9.0000000e+00	   3.0000000e+00	   4.2600000e+00	   3.3900000e+00	   1.0750000e+00	   1.0000000e+00	   3.0000000e+00	   2.0000000e+00	   1.0000000e+00	   1.5020000e+03	
   1.0300000e+02	   2.1000000e+02	   1.0100000e+02	   1.0000000e+00	   2.0000000e+00	   3.9700000e+00	   3.3150000e+00	   1.2000000e-01	   2.0000000e+00	   3.0000000e+00	   1.0000000e+00	   3.0000000e+00	   1.1270000e+03	
   1.1300000e+02	   2.1000000e+02	   1.1200000e+02	   6.0000000e+00	   4.0000000e+00	   5.0000000e+00	   3.3150000e+00	   2.5000000e-02	   2.0000000e+00	   3.0000000e+00	   1.0000000e+00	   2.0000000e+00	   3.3080000e+03	
   1.1100000e+02	   3.1000000e+02	   1.0600000e+02	   4.0000000e+00	   2.0000000e+00	   4.1300000e+00	   3.3900000e+00	   0.0000000e+00	   1.0000000e+00	   3.0000000e+00	   2.0000000e+00	   1.0000000e+00	   2.3400000e+03	
   1.0700000e+02	   2.0600000e+02	   2.1200000e+02	   1.1000000e+01	   2.0000000e+00	   4.2600000e+00	   5.0000000e+00	   5.5000000e-02	   3.0000000e+00	   2.0000000e+00	   1.0000000e+00	   2.0000000e+00	   6.1900000e+02	
   2.0600000e+02	   2.1000000e+02	   2.1100000e+02	   1.0000000e+01	   4.0000000e+00	   5.0000000e+00	   3.3150000e+00	   1.5000000e-02	   2.0000000e+00	   1.0000000e+00	   3.0000000e+00	   2.0000000e+00	   6.2700000e+02	
   1.1500000e+02	   2.1500000e+02	   1.1200000e+02	   6.0000000e+00	   5.0000000e+00	   4.3650000e+00	   2.0750000e+00	   2.5000000e-02	   2.0000000e+00	   1.0000000e+00	   3.0000000e+00	   2.0000000e+00	   1.1310000e+03	
   1.0900000e+02	   3.1000000e+02	   2.0700000e+02	   9.0000000e+00	   4.0000000e+00	   5.0000000e+00	   3.3900000e+00	   1.0750000e+00	   3.0000000e+00	   2.0000000e+00	   1.0000000e+00	   3.0000000e+00	   7.3800000e+02	
   1.1300000e+02	   3.1000000e+02	   2.1200000e+02	   1.1000000e+01	   4.0000000e+00	   5.0000000e+00	   3.3900000e+00	   5.5000000e-02	   1.0000000e+00	   2.0000000e+00	   3.0000000e+00	   1.0000000e+00	   1.1910000e+03	
   1.0900000e+02	   2.0800000e+02	   1.1200000e+02	   6.0000000e+00	   5.0000000e+00	   5.0000000e+00	   1.8350000e+00	   2.5000000e-02	   2.0000000e+00	   3.0000000e+00	   1.0000000e+00	   2.0000000e+00	   6.5000000e+02	
   1.0300000e+02	   2.1000000e+02	   2.1100000e+02	   1.0000000e+01	   2.0000000e+00	   3.9700000e+00	   3.3150000e+00	   1.5000000e-02	   2.0000000e+00	   3.0000000e+00	   1.0000000e+00	   3.0000000e+00	   6.3800000e+02	
   1.1100000e+02	   2.0600000e+02	   1.0600000e+02	   4.0000000e+00	   3.0000000e+00	   4.1300000e+00	   5.0000000e+00	   0.0000000e+00	   2.0000000e+00	   3.0000000e+00	   1.0000000e+00	   3.0000000e+00	   6.3500000e+02	
   1.0700000e+02	   3.1000000e+02	   2.0100000e+02	   7.0000000e+00	   3.0000000e+00	   4.2600000e+00	   3.3900000e+00	   2.4000000e-01	   1.0000000e+00	   3.0000000e+00	   2.0000000e+00	   1.0000000e+00	   1.0170000e+03	
   1.1400000e+02	   2.1000000e+02	   2.0700000e+02	   9.0000000e+00	   2.0000000e+00	   3.9900000e+00	   3.3150000e+00	   1.0750000e+00	   2.0000000e+00	   1.0000000e+00	   3.0000000e+00	   2.0000000e+00	   1.4110000e+03	
   1.0300000e+02	   2.1500000e+02	   1.0600000e+02	   4.0000000e+00	   5.0000000e+00	   3.9700000e+00	   2.0750000e+00	   0.0000000e+00	   2.0000000e+00	   3.0000000e+00	   1.0000000e+00	   2.0000000e+00	   7.9200000e+02	
   1.0300000e+02	   1.1400000e+02	   1.1200000e+02	   6.0000000e+00	   1.0000000e+00	   3.9700000e+00	   3.9900000e+00	   2.5000000e-02	   1.0000000e+00	   3.0000000e+00	   2.0000000e+00	   3.0000000e+00	   9.2000000e+02	
   1.0300000e+02	   3.1000000e+02	   2.1100000e+02	   1.0000000e+01	   2.0000000e+00	   3.9700000e+00	   3.3900000e+00	   1.5000000e-02	   3.0000000e+00	   1.0000000e+00	   2.0000000e+00	   3.0000000e+00	   1.1430000e+03	
   1.1100000e+02	   2.1500000e+02	   2.1200000e+02	   1.1000000e+01	   5.0000000e+00	   4.1300000e+00	   2.0750000e+00	   5.5000000e-02	   1.0000000e+00	   3.0000000e+00	   2.0000000e+00	   1.0000000e+00	   9.4800000e+02	
   1.0700000e+02	   2.1500000e+02	   2.1300000e+02	   1.2000000e+01	   5.0000000e+00	   4.2600000e+00	   2.0750000e+00	   1.5500000e+00	   3.0000000e+00	   2.0000000e+00	   1.0000000e+00	   3.0000000e+00	   1.2130000e+03	
   1.0300000e+02	   3.0400000e+02	   1.0500000e+02	   3.0000000e+00	   4.0000000e+00	   3.9700000e+00	   2.5050000e+00	   1.6200000e+00	   3.0000000e+00	   1.0000000e+00	   2.0000000e+00	   3.0000000e+00	   1.0630000e+03	
   1.0900000e+02	   2.0800000e+02	   2.0500000e+02	   8.0000000e+00	   5.0000000e+00	   5.0000000e+00	   1.8350000e+00	   7.0000000e-02	   3.0000000e+00	   2.0000000e+00	   1.0000000e+00	   3.0000000e+00	   8.1900000e+02	
   2.1000000e+02	   2.1500000e+02	   1.1200000e+02	   6.0000000e+00	   3.0000000e+00	   3.3150000e+00	   2.0750000e+00	   2.5000000e-02	   1.0000000e+00	   2.0000000e+00	   3.0000000e+00	   1.0000000e+00	   1.0930000e+03	
   3.0400000e+02	   3.1100000e+02	   2.1200000e+02	   1.1000000e+01	   3.0000000e+00	   2.5050000e+00	   3.5950000e+00	   5.5000000e-02	   3.0000000e+00	   1.0000000e+00	   2.0000000e+00	   1.0000000e+00	   9.3200000e+02	
   1.0700000e+02	   2.0800000e+02	   1.0800000e+02	   5.0000000e+00	   5.0000000e+00	   4.2600000e+00	   1.8350000e+00	   4.0000000e-02	   2.0000000e+00	   1.0000000e+00	   3.0000000e+00	   2.0000000e+00	   2.2590000e+03	
   1.1300000e+02	   2.1500000e+02	   2.0500000e+02	   8.0000000e+00	   5.0000000e+00	   5.0000000e+00	   2.0750000e+00	   7.0000000e-02	   3.0000000e+00	   2.0000000e+00	   1.0000000e+00	   3.0000000e+00	   7.8300000e+02	
   2.0600000e+02	   2.1500000e+02	   2.0100000e+02	   7.0000000e+00	   5.0000000e+00	   5.0000000e+00	   2.0750000e+00	   2.4000000e-01	   1.0000000e+00	   3.0000000e+00	   2.0000000e+00	   1.0000000e+00	   7.5600000e+02	
   1.0900000e+02	   2.1500000e+02	   2.1300000e+02	   1.2000000e+01	   5.0000000e+00	   5.0000000e+00	   2.0750000e+00	   1.5500000e+00	   2.0000000e+00	   3.0000000e+00	   1.0000000e+00	   2.0000000e+00	   7.4100000e+02	
   1.0700000e+02	   2.0600000e+02	   2.0100000e+02	   7.0000000e+00	   2.0000000e+00	   4.2600000e+00	   5.0000000e+00	   2.4000000e-01	   2.0000000e+00	   3.0000000e+00	   1.0000000e+00	   3.0000000e+00	   5.5100000e+02	
   1.0700000e+02	   1.1500000e+02	   3.1200000e+02	   1.4000000e+01	   1.0000000e+00	   4.2600000e+00	   4.3650000e+00	   4.5000000e-02	   1.0000000e+00	   2.0000000e+00	   3.0000000e+00	   2.0000000e+00	   1.3100000e+03	
   3.0400000e+02	   3.1100000e+02	   1.0500000e+02	   3.0000000e+00	   3.0000000e+00	   2.5050000e+00	   3.5950000e+00	   1.6200000e+00	   1.0000000e+00	   2.0000000e+00	   3.0000000e+00	   2.0000000e+00	   1.6440000e+03	
   2.0800000e+02	   2.1000000e+02	   3.1400000e+02	   1.5000000e+01	   4.0000000e+00	   1.8350000e+00	   3.3150000e+00	   1.2300000e+00	   1.0000000e+00	   2.0000000e+00	   3.0000000e+00	   2.0000000e+00	   2.2540000e+03	
   1.0300000e+02	   2.1000000e+02	   1.0400000e+02	   2.0000000e+00	   2.0000000e+00	   3.9700000e+00	   3.3150000e+00	   5.8500000e-01	   2.0000000e+00	   3.0000000e+00	   1.0000000e+00	   2.0000000e+00	   1.4810000e+03	
   1.0300000e+02	   2.0600000e+02	   2.0700000e+02	   9.0000000e+00	   3.0000000e+00	   3.9700000e+00	   5.0000000e+00	   1.0750000e+00	   1.0000000e+00	   3.0000000e+00	   2.0000000e+00	   3.0000000e+00	   6.3600000e+02	
   1.1500000e+02	   2.1400000e+02	   3.0800000e+02	   1.3000000e+01	   2.0000000e+00	   4.3650000e+00	   3.5000000e+00	   5.2000000e-01	   2.0000000e+00	   3.0000000e+00	   1.0000000e+00	   2.0000000e+00	   9.9100000e+02	
   1.0900000e+02	   3.1000000e+02	   2.0100000e+02	   7.0000000e+00	   4.0000000e+00	   5.0000000e+00	   3.3900000e+00	   2.4000000e-01	   3.0000000e+00	   1.0000000e+00	   2.0000000e+00	   3.0000000e+00	   8.7500000e+02	
   1.1500000e+02	   3.1100000e+02	   1.0600000e+02	   4.0000000e+00	   2.0000000e+00	   4.3650000e+00	   3.5950000e+00	   0.0000000e+00	   2.0000000e+00	   3.0000000e+00	   1.0000000e+00	   2.0000000e+00	   1.3700000e+03	
   1.0700000e+02	   3.0400000e+02	   1.0100000e+02	   1.0000000e+00	   4.0000000e+00	   4.2600000e+00	   2.5050000e+00	   1.2000000e-01	   3.0000000e+00	   1.0000000e+00	   2.0000000e+00	   3.0000000e+00	   1.9130000e+03	
   1.1400000e+02	   2.1000000e+02	   3.1200000e+02	   1.4000000e+01	   2.0000000e+00	   3.9900000e+00	   3.3150000e+00	   4.5000000e-02	   2.0000000e+00	   1.0000000e+00	   3.0000000e+00	   2.0000000e+00	   1.6060000e+03	
   1.1300000e+02	   2.0800000e+02	   2.0100000e+02	   7.0000000e+00	   5.0000000e+00	   5.0000000e+00	   1.8350000e+00	   2.4000000e-01	   2.0000000e+00	   1.0000000e+00	   3.0000000e+00	   2.0000000e+00	   8.7500000e+02	
   1.0300000e+02	   1.1300000e+02	   3.1200000e+02	   1.4000000e+01	   3.0000000e+00	   3.9700000e+00	   5.0000000e+00	   4.5000000e-02	   2.0000000e+00	   3.0000000e+00	   1.0000000e+00	   3.0000000e+00	   1.1460000e+03	
   1.1300000e+02	   2.0800000e+02	   1.0100000e+02	   1.0000000e+00	   5.0000000e+00	   5.0000000e+00	   1.8350000e+00	   1.2000000e-01	   3.0000000e+00	   2.0000000e+00	   1.0000000e+00	   3.0000000e+00	   1.1960000e+03	
   2.1400000e+02	   2.1500000e+02	   2.1100000e+02	   1.0000000e+01	   4.0000000e+00	   3.5000000e+00	   2.0750000e+00	   1.5000000e-02	   3.0000000e+00	   2.0000000e+00	   1.0000000e+00	   3.0000000e+00	   9.1400000e+02	
   1.0700000e+02	   2.0600000e+02	   1.0400000e+02	   2.0000000e+00	   2.0000000e+00	   4.2600000e+00	   5.0000000e+00	   5.8500000e-01	   2.0000000e+00	   3.0000000e+00	   1.0000000e+00	   3.0000000e+00	   6.5300000e+02	
   1.1100000e+02	   1.1500000e+02	   1.0100000e+02	   1.0000000e+00	   1.0000000e+00	   4.1300000e+00	   4.3650000e+00	   1.2000000e-01	   1.0000000e+00	   2.0000000e+00	   3.0000000e+00	   1.0000000e+00	   1.1880000e+03	
   1.0300000e+02	   3.1100000e+02	   1.0800000e+02	   5.0000000e+00	   1.0000000e+00	   3.9700000e+00	   3.5950000e+00	   4.0000000e-02	   1.0000000e+00	   2.0000000e+00	   3.0000000e+00	   2.0000000e+00	   3.0590000e+03	
   1.1500000e+02	   2.0800000e+02	   3.1400000e+02	   1.5000000e+01	   5.0000000e+00	   4.3650000e+00	   1.8350000e+00	   1.2300000e+00	   1.0000000e+00	   2.0000000e+00	   3.0000000e+00	   1.0000000e+00	   1.3850000e+03	
   1.0900000e+02	   2.1400000e+02	   2.0500000e+02	   8.0000000e+00	   4.0000000e+00	   5.0000000e+00	   3.5000000e+00	   7.0000000e-02	   3.0000000e+00	   2.0000000e+00	   1.0000000e+00	   2.0000000e+00	   8.0300000e+02	
   1.1500000e+02	   2.1500000e+02	   2.0100000e+02	   7.0000000e+00	   5.0000000e+00	   4.3650000e+00	   2.0750000e+00	   2.4000000e-01	   2.0000000e+00	   1.0000000e+00	   3.0000000e+00	   2.0000000e+00	   1.7790000e+03	
   1.0700000e+02	   1.1300000e+02	   3.0800000e+02	   1.3000000e+01	   2.0000000e+00	   4.2600000e+00	   5.0000000e+00	   5.2000000e-01	   3.0000000e+00	   1.0000000e+00	   2.0000000e+00	   1.0000000e+00	   1.8100000e+03	
   1.0900000e+02	   2.1500000e+02	   1.0800000e+02	   5.0000000e+00	   5.0000000e+00	   5.0000000e+00	   2.0750000e+00	   4.0000000e-02	   3.0000000e+00	   1.0000000e+00	   2.0000000e+00	   3.0000000e+00	   8.1400000e+02	
   1.1100000e+02	   3.0400000e+02	   2.1100000e+02	   1.0000000e+01	   4.0000000e+00	   4.1300000e+00	   2.5050000e+00	   1.5000000e-02	   1.0000000e+00	   3.0000000e+00	   2.0000000e+00	   1.0000000e+00	   1.1710000e+03	
   2.1000000e+02	   2.1500000e+02	   1.0500000e+02	   3.0000000e+00	   3.0000000e+00	   3.3150000e+00	   2.0750000e+00	   1.6200000e+00	   3.0000000e+00	   1.0000000e+00	   2.0000000e+00	   3.0000000e+00	   8.4000000e+02	
   2.0800000e+02	   2.1500000e+02	   3.1200000e+02	   1.4000000e+01	   1.0000000e+00	   1.8350000e+00	   2.0750000e+00	   4.5000000e-02	   1.0000000e+00	   2.0000000e+00	   3.0000000e+00	   1.0000000e+00	   1.3440000e+03	
   1.0900000e+02	   1.1500000e+02	   2.1200000e+02	   1.1000000e+01	   2.0000000e+00	   5.0000000e+00	   4.3650000e+00	   5.5000000e-02	   1.0000000e+00	   3.0000000e+00	   2.0000000e+00	   1.0000000e+00	   1.3890000e+03	
   2.0600000e+02	   3.1000000e+02	   1.1200000e+02	   6.0000000e+00	   4.0000000e+00	   5.0000000e+00	   3.3900000e+00	   2.5000000e-02	   3.0000000e+00	   1.0000000e+00	   2.0000000e+00	   3.0000000e+00	   5.3900000e+02	
   1.1300000e+02	   1.1400000e+02	   1.1200000e+02	   6.0000000e+00	   3.0000000e+00	   5.0000000e+00	   3.9900000e+00	   2.5000000e-02	   3.0000000e+00	   1.0000000e+00	   2.0000000e+00	   3.0000000e+00	   2.3260000e+03	
   1.0300000e+02	   2.1000000e+02	   2.0500000e+02	   8.0000000e+00	   2.0000000e+00	   3.9700000e+00	   3.3150000e+00	   7.0000000e-02	   2.0000000e+00	   1.0000000e+00	   3.0000000e+00	   2.0000000e+00	   2.2180000e+03	
   2.0600000e+02	   2.1400000e+02	   2.1100000e+02	   1.0000000e+01	   4.0000000e+00	   5.0000000e+00	   3.5000000e+00	   1.5000000e-02	   3.0000000e+00	   2.0000000e+00	   1.0000000e+00	   3.0000000e+00	   7.1800000e+02	
   1.1100000e+02	   3.0400000e+02	   1.1200000e+02	   6.0000000e+00	   4.0000000e+00	   4.1300000e+00	   2.5050000e+00	   2.5000000e-02	   3.0000000e+00	   2.0000000e+00	   1.0000000e+00	   3.0000000e+00	   1.2320000e+03	
   1.0900000e+02	   2.1000000e+02	   1.0800000e+02	   5.0000000e+00	   4.0000000e+00	   5.0000000e+00	   3.3150000e+00	   4.0000000e-02	   1.0000000e+00	   3.0000000e+00	   2.0000000e+00	   1.0000000e+00	   7.9600000e+02	
   1.1300000e+02	   1.1500000e+02	   2.0500000e+02	   8.0000000e+00	   2.0000000e+00	   5.0000000e+00	   4.3650000e+00	   7.0000000e-02	   3.0000000e+00	   1.0000000e+00	   2.0000000e+00	   3.0000000e+00	   6.3700000e+02	
   2.1400000e+02	   3.1100000e+02	   1.0800000e+02	   5.0000000e+00	   1.0000000e+00	   3.5000000e+00	   3.5950000e+00	   4.0000000e-02	   1.0000000e+00	   3.0000000e+00	   2.0000000e+00	   1.0000000e+00	   6.8300000e+02	
   1.1100000e+02	   2.1400000e+02	   2.1300000e+02	   1.2000000e+01	   2.0000000e+00	   4.1300000e+00	   3.5000000e+00	   1.5500000e+00	   1.0000000e+00	   3.0000000e+00	   2.0000000e+00	   3.0000000e+00	   8.6700000e+02	
   2.1500000e+02	   3.1000000e+02	   3.0800000e+02	   1.3000000e+01	   3.0000000e+00	   2.0750000e+00	   3.3900000e+00	   5.2000000e-01	   2.0000000e+00	   3.0000000e+00	   1.0000000e+00	   3.0000000e+00	   1.5030000e+03	
   3.0400000e+02	   3.1100000e+02	   1.0100000e+02	   1.0000000e+00	   3.0000000e+00	   2.5050000e+00	   3.5950000e+00	   1.2000000e-01	   2.0000000e+00	   3.0000000e+00	   1.0000000e+00	   3.0000000e+00	   9.0100000e+02	
   1.0700000e+02	   1.1400000e+02	   3.1200000e+02	   1.4000000e+01	   1.0000000e+00	   4.2600000e+00	   3.9900000e+00	   4.5000000e-02	   3.0000000e+00	   1.0000000e+00	   2.0000000e+00	   3.0000000e+00	   9.6300000e+02	
   1.1500000e+02	   3.1000000e+02	   1.1200000e+02	   6.0000000e+00	   3.0000000e+00	   4.3650000e+00	   3.3900000e+00	   2.5000000e-02	   1.0000000e+00	   2.0000000e+00	   3.0000000e+00	   1.0000000e+00	   9.6700000e+02	
   1.0300000e+02	   2.1000000e+02	   3.1400000e+02	   1.5000000e+01	   2.0000000e+00	   3.9700000e+00	   3.3150000e+00	   1.2300000e+00	   3.0000000e+00	   1.0000000e+00	   2.0000000e+00	   1.0000000e+00	   1.1630000e+03	
   1.1500000e+02	   3.1000000e+02	   1.0400000e+02	   2.0000000e+00	   3.0000000e+00	   4.3650000e+00	   3.3900000e+00	   5.8500000e-01	   2.0000000e+00	   1.0000000e+00	   3.0000000e+00	   2.0000000e+00	   1.5920000e+03	
   2.1400000e+02	   3.0400000e+02	   1.1200000e+02	   6.0000000e+00	   3.0000000e+00	   3.5000000e+00	   2.5050000e+00	   2.5000000e-02	   3.0000000e+00	   1.0000000e+00	   2.0000000e+00	   3.0000000e+00	   7.5000000e+02	
   1.1300000e+02	   2.1400000e+02	   1.0500000e+02	   3.0000000e+00	   4.0000000e+00	   5.0000000e+00	   3.5000000e+00	   1.6200000e+00	   1.0000000e+00	   2.0000000e+00	   3.0000000e+00	   2.0000000e+00	   7.5000000e+02	
   1.0700000e+02	   1.1400000e+02	   1.0600000e+02	   4.0000000e+00	   1.0000000e+00	   4.2600000e+00	   3.9900000e+00	   0.0000000e+00	   1.0000000e+00	   3.0000000e+00	   2.0000000e+00	   1.0000000e+00	   1.0150000e+03	
   1.0700000e+02	   2.1500000e+02	   1.0400000e+02	   2.0000000e+00	   5.0000000e+00	   4.2600000e+00	   2.0750000e+00	   5.8500000e-01	   2.0000000e+00	   1.0000000e+00	   3.0000000e+00	   2.0000000e+00	   8.0300000e+02	
   1.0900000e+02	   1.1100000e+02	   1.0500000e+02	   3.0000000e+00	   3.0000000e+00	   5.0000000e+00	   4.1300000e+00	   1.6200000e+00	   3.0000000e+00	   2.0000000e+00	   1.0000000e+00	   3.0000000e+00	   6.3800000e+02	
   1.1400000e+02	   3.1100000e+02	   2.0100000e+02	   7.0000000e+00	   1.0000000e+00	   3.9900000e+00	   3.5950000e+00	   2.4000000e-01	   1.0000000e+00	   3.0000000e+00	   2.0000000e+00	   1.0000000e+00	   1.1660000e+03	
   1.0900000e+02	   1.1500000e+02	   1.0500000e+02	   3.0000000e+00	   2.0000000e+00	   5.0000000e+00	   4.3650000e+00	   1.6200000e+00	   3.0000000e+00	   2.0000000e+00	   1.0000000e+00	   3.0000000e+00	   5.5800000e+02	
   2.0800000e+02	   3.1100000e+02	   1.0100000e+02	   1.0000000e+00	   4.0000000e+00	   1.8350000e+00	   3.5950000e+00	   1.2000000e-01	   3.0000000e+00	   1.0000000e+00	   2.0000000e+00	   1.0000000e+00	   1.1880000e+03	
   2.0600000e+02	   2.1500000e+02	   3.1200000e+02	   1.4000000e+01	   5.0000000e+00	   5.0000000e+00	   2.0750000e+00	   4.5000000e-02	   3.0000000e+00	   1.0000000e+00	   2.0000000e+00	   3.0000000e+00	   6.6600000e+02	
   1.1400000e+02	   3.1100000e+02	   2.1100000e+02	   1.0000000e+01	   1.0000000e+00	   3.9900000e+00	   3.5950000e+00	   1.5000000e-02	   3.0000000e+00	   1.0000000e+00	   2.0000000e+00	   3.0000000e+00	   1.1840000e+03	
   1.1400000e+02	   2.0600000e+02	   2.1200000e+02	   1.1000000e+01	   3.0000000e+00	   3.9900000e+00	   5.0000000e+00	   5.5000000e-02	   1.0000000e+00	   2.0000000e+00	   3.0000000e+00	   2.0000000e+00	   6.1100000e+02	
   1.0300000e+02	   2.0600000e+02	   1.0100000e+02	   1.0000000e+00	   3.0000000e+00	   3.9700000e+00	   5.0000000e+00	   1.2000000e-01	   2.0000000e+00	   3.0000000e+00	   1.0000000e+00	   2.0000000e+00	   7.8900000e+02	
   1.0900000e+02	   2.0800000e+02	   1.0600000e+02	   4.0000000e+00	   5.0000000e+00	   5.0000000e+00	   1.8350000e+00	   0.0000000e+00	   1.0000000e+00	   3.0000000e+00	   2.0000000e+00	   1.0000000e+00	   1.0090000e+03	
   2.1500000e+02	   3.1000000e+02	   1.0400000e+02	   2.0000000e+00	   3.0000000e+00	   2.0750000e+00	   3.3900000e+00	   5.8500000e-01	   3.0000000e+00	   2.0000000e+00	   1.0000000e+00	   2.0000000e+00	   1.6940000e+03	
   2.0800000e+02	   2.1400000e+02	   1.0800000e+02	   5.0000000e+00	   4.0000000e+00	   1.8350000e+00	   3.5000000e+00	   4.0000000e-02	   3.0000000e+00	   1.0000000e+00	   2.0000000e+00	   1.0000000e+00	   1.0010000e+03	
   1.1300000e+02	   1.1400000e+02	   2.1300000e+02	   1.2000000e+01	   3.0000000e+00	   5.0000000e+00	   3.9900000e+00	   1.5500000e+00	   1.0000000e+00	   2.0000000e+00	   3.0000000e+00	   1.0000000e+00	   1.6730000e+03	
   1.1400000e+02	   2.1400000e+02	   3.0800000e+02	   1.3000000e+01	   2.0000000e+00	   3.9900000e+00	   3.5000000e+00	   5.2000000e-01	   2.0000000e+00	   3.0000000e+00	   1.0000000e+00	   3.0000000e+00	   2.1630000e+03	
   1.1100000e+02	   2.1400000e+02	   1.0100000e+02	   1.0000000e+00	   2.0000000e+00	   4.1300000e+00	   3.5000000e+00	   1.2000000e-01	   2.0000000e+00	   3.0000000e+00	   1.0000000e+00	   3.0000000e+00	   9.5700000e+02	
