   1.0000000e+00	   2.0400000e+02	   2.0000000e+00	   0.0000000e+00	   2.7310000e+03	   1.6700000e+00	   3.3980000e+03	
   2.0000000e+00	   3.0800000e+02	   3.0000000e+00	   1.8000000e-01	   2.5350000e+03	   3.7800000e+00	   1.7670000e+03	
   3.0000000e+00	   3.0200000e+02	   3.0000000e+00	   4.1300000e+00	   3.1350000e+03	   5.0000000e+00	   1.2990000e+03	
   4.0000000e+00	   2.1400000e+02	   2.0000000e+00	   4.6000000e-01	   3.2700000e+03	   2.7800000e+00	   2.4990000e+03	
   5.0000000e+00	   3.1400000e+02	   3.0000000e+00	   4.0600000e+00	   2.2390000e+03	   4.5000000e+00	   1.7660000e+03	
   6.0000000e+00	   1.0400000e+02	   1.0000000e+00	   3.0000000e-01	   3.0700000e+03	   0.0000000e+00	   1.1660000e+03	
   7.0000000e+00	   3.0900000e+02	   3.0000000e+00	   4.6300000e+00	   2.4560000e+03	   9.0000000e-01	   2.1670000e+03	
   8.0000000e+00	   2.1200000e+02	   2.0000000e+00	   4.4200000e+00	   3.1040000e+03	   0.0000000e+00	   9.6600000e+02	
   9.0000000e+00	   1.1200000e+02	   1.0000000e+00	   4.6300000e+00	   3.0230000e+03	   2.1300000e+00	   1.8660000e+03	
   1.0000000e+01	   2.0700000e+02	   2.0000000e+00	   4.9100000e+00	   2.5890000e+03	   2.5500000e+00	   2.3320000e+03	
   1.1000000e+01	   2.0200000e+02	   2.0000000e+00	   4.8700000e+00	   2.5570000e+03	   3.3000000e+00	   1.1330000e+03	
   1.2000000e+01	   3.0400000e+02	   3.0000000e+00	   5.0000000e+00	   1.8220000e+03	   4.8700000e+00	   8.3300000e+02	
   1.3000000e+01	   1.1600000e+02	   1.0000000e+00	   4.9400000e+00	   4.1880000e+03	   7.4000000e-01	   9.3300000e+02	
   1.4000000e+01	   3.1300000e+02	   3.0000000e+00	   4.2200000e+00	   2.0720000e+03	   1.2000000e-01	   1.1990000e+03	
   1.5000000e+01	   1.0600000e+02	   1.0000000e+00	   1.1700000e+00	   2.7560000e+03	   5.2000000e-01	   1.1660000e+03	
   1.6000000e+01	   2.1000000e+02	   2.0000000e+00	   5.0000000e+00	   3.4890000e+03	   4.4100000e+00	   1.1000000e+03	
   1.7000000e+01	   3.1200000e+02	   3.0000000e+00	   4.0000000e-02	   2.3550000e+03	   5.0000000e+00	   7.0000000e+02	
   1.8000000e+01	   2.0800000e+02	   2.0000000e+00	   4.5500000e+00	   1.2230000e+03	   4.4100000e+00	   8.9900000e+02	
   1.9000000e+01	   3.0600000e+02	   3.0000000e+00	   2.5000000e+00	   2.4890000e+03	   1.4700000e+00	   4.9660000e+03	
   2.0000000e+01	   2.0300000e+02	   2.0000000e+00	   1.6000000e-01	   1.8880000e+03	   0.0000000e+00	   9.6600000e+02	
   2.1000000e+01	   2.1100000e+02	   2.0000000e+00	   2.1700000e+00	   3.4900000e+03	   6.4000000e-01	   8.3400000e+02	
   2.2000000e+01	   1.0500000e+02	   1.0000000e+00	   1.5800000e+00	   1.8890000e+03	   7.9000000e-01	   1.3660000e+03	
   2.3000000e+01	   3.0700000e+02	   3.0000000e+00	   4.9100000e+00	   1.2040000e+03	   4.3700000e+00	   9.3300000e+02	
   2.4000000e+01	   2.1500000e+02	   2.0000000e+00	   0.0000000e+00	   2.6240000e+03	   2.5600000e+00	   1.8330000e+03	
   2.5000000e+01	   2.0900000e+02	   2.0000000e+00	   4.2700000e+00	   1.8890000e+03	   8.2000000e-01	   9.0000000e+02	
   2.6000000e+01	   3.1000000e+02	   3.0000000e+00	   4.0500000e+00	   2.7220000e+03	   3.7000000e-01	   2.2320000e+03	
   2.7000000e+01	   1.0100000e+02	   1.0000000e+00	   8.4000000e-01	   2.8570000e+03	   5.0000000e+00	   6.6700000e+02	
   2.8000000e+01	   1.1400000e+02	   1.0000000e+00	   1.1100000e+00	   2.1560000e+03	   5.0000000e+00	   6.3400000e+02	
   2.9000000e+01	   1.1300000e+02	   1.0000000e+00	   4.8300000e+00	   1.5550000e+03	   1.0900000e+00	   1.2990000e+03	
   3.0000000e+01	   2.0600000e+02	   2.0000000e+00	   4.9600000e+00	   1.4230000e+03	   4.9700000e+00	   1.4660000e+03	
   3.1000000e+01	   1.0800000e+02	   1.0000000e+00	   4.0300000e+00	   2.5230000e+03	   0.0000000e+00	   7.0000000e+02	
   3.2000000e+01	   1.1500000e+02	   1.0000000e+00	   1.4800000e+00	   3.1550000e+03	   3.3800000e+00	   1.2320000e+03	
   3.3000000e+01	   1.1100000e+02	   1.0000000e+00	   1.9400000e+00	   2.8560000e+03	   1.4400000e+00	   1.4330000e+03	
   3.4000000e+01	   3.1100000e+02	   3.0000000e+00	   5.0000000e+00	   1.3040000e+03	   4.8200000e+00	   1.0330000e+03	
   3.5000000e+01	   1.0200000e+02	   1.0000000e+00	   3.8500000e+00	   3.7230000e+03	   9.6000000e-01	   9.3300000e+02	
   3.6000000e+01	   2.0500000e+02	   2.0000000e+00	   3.4900000e+00	   2.3570000e+03	   1.7000000e-01	   1.0330000e+03	
   3.7000000e+01	   1.0700000e+02	   1.0000000e+00	   1.9100000e+00	   1.4380000e+03	   3.3900000e+00	   7.6600000e+02	
   3.8000000e+01	   1.1000000e+02	   1.0000000e+00	   4.5400000e+00	   2.7230000e+03	   0.0000000e+00	   7.0000000e+02	
   3.9000000e+01	   1.0300000e+02	   1.0000000e+00	   3.2600000e+00	   1.1050000e+03	   1.6600000e+00	   6.0000000e+02	
   4.0000000e+01	   3.0100000e+02	   3.0000000e+00	   8.7000000e-01	   2.9560000e+03	   3.0700000e+00	   1.5990000e+03	
   4.1000000e+01	   2.0100000e+02	   2.0000000e+00	   3.5400000e+00	   3.3890000e+03	   1.7200000e+00	   2.1330000e+03	
   4.2000000e+01	   2.1300000e+02	   2.0000000e+00	   1.7100000e+00	   3.7700000e+03	   3.6600000e+00	   1.1660000e+03	
   4.3000000e+01	   1.0900000e+02	   1.0000000e+00	   5.0000000e+00	   1.4040000e+03	   5.0000000e+00	   1.0990000e+03	
   4.4000000e+01	   3.0500000e+02	   3.0000000e+00	   3.8000000e-01	   1.2880000e+03	   7.0000000e-02	   1.8660000e+03	
   4.5000000e+01	   3.0300000e+02	   3.0000000e+00	   3.5400000e+00	   1.8230000e+03	   4.1100000e+00	   1.0670000e+03	
