   1.0000000e+00	   1.0000000e+00	   3.0400000e+02	   5.9000000e-01	   5.2480000e+03	
   1.0000000e+00	   2.0000000e+00	   3.0200000e+02	   1.3200000e+00	   4.2590000e+03	
   1.0000000e+00	   3.0000000e+00	   1.1500000e+02	   2.7000000e+00	   5.5260000e+03	
   1.0000000e+00	   4.0000000e+00	   2.0300000e+02	   3.2300000e+00	   3.8250000e+03	
   1.0000000e+00	   5.0000000e+00	   2.1100000e+02	   2.0700000e+00	   2.6280000e+03	
   1.0000000e+00	   6.0000000e+00	   3.0100000e+02	   1.1100000e+00	   6.6600000e+03	
   1.0000000e+00	   7.0000000e+00	   3.0800000e+02	   3.4800000e+00	   3.3610000e+03	
   1.0000000e+00	   8.0000000e+00	   2.0500000e+02	   3.1200000e+00	   3.7780000e+03	
   1.0000000e+00	   9.0000000e+00	   3.1400000e+02	   1.9800000e+00	   3.1600000e+03	
   1.0000000e+00	   1.0000000e+01	   3.1200000e+02	   3.1200000e+00	   4.5940000e+03	
   1.0000000e+00	   1.1000000e+01	   2.0900000e+02	   2.7000000e+00	   3.8940000e+03	
   1.0000000e+00	   1.2000000e+01	   3.0500000e+02	   3.3100000e+00	   6.9270000e+03	
   1.0000000e+00	   1.3000000e+01	   3.0700000e+02	   2.1700000e+00	   3.5940000e+03	
   1.0000000e+00	   1.4000000e+01	   1.1300000e+02	   3.3500000e+00	   3.9940000e+03	
   1.0000000e+00	   1.5000000e+01	   1.0400000e+02	   4.2800000e+00	   3.5610000e+03	
   1.0000000e+00	   1.6000000e+01	   2.1300000e+02	   3.1400000e+00	   4.1170000e+03	
   1.0000000e+00	   1.7000000e+01	   1.0300000e+02	   2.1400000e+00	   2.9610000e+03	
   1.0000000e+00	   1.8000000e+01	   1.1600000e+02	   2.2100000e+00	   3.6280000e+03	
   1.0000000e+00	   1.9000000e+01	   3.1000000e+02	   1.1200000e+00	   3.6940000e+03	
   1.0000000e+00	   2.0000000e+01	   2.0800000e+02	   3.0300000e+00	   2.5610000e+03	
   1.0000000e+00	   2.1000000e+01	   1.0100000e+02	   3.6500000e+00	   3.7950000e+03	
   1.0000000e+00	   2.2000000e+01	   1.0500000e+02	   2.5000000e+00	   2.2940000e+03	
   1.0000000e+00	   2.3000000e+01	   1.0600000e+02	   2.8200000e+00	   3.2940000e+03	
   1.0000000e+00	   2.4000000e+01	   3.0900000e+02	   3.0100000e+00	   1.0359000e+04	
   1.0000000e+00	   2.5000000e+01	   1.0800000e+02	   3.1800000e+00	   4.2270000e+03	
   1.0000000e+00	   2.6000000e+01	   1.1100000e+02	   4.0400000e+00	   3.7600000e+03	
   1.0000000e+00	   2.7000000e+01	   3.0600000e+02	   3.2200000e+00	   2.5970000e+03	
   1.0000000e+00	   2.8000000e+01	   3.1300000e+02	   1.9700000e+00	   2.6600000e+03	
   1.0000000e+00	   2.9000000e+01	   1.1000000e+02	   3.2700000e+00	   2.8940000e+03	
   1.0000000e+00	   3.0000000e+01	   1.0200000e+02	   2.5200000e+00	   3.3260000e+03	
   1.0000000e+00	   3.1000000e+01	   2.0200000e+02	   2.6100000e+00	   2.2940000e+03	
   1.0000000e+00	   3.2000000e+01	   3.0300000e+02	   1.8200000e+00	   2.5940000e+03	
   1.0000000e+00	   3.3000000e+01	   2.0700000e+02	   2.7000000e+00	   3.7930000e+03	
   1.0000000e+00	   3.4000000e+01	   2.1000000e+02	   2.7400000e+00	   3.3940000e+03	
   1.0000000e+00	   3.5000000e+01	   2.1500000e+02	   3.6500000e+00	   3.3950000e+03	
   1.0000000e+00	   3.6000000e+01	   2.1200000e+02	   2.7000000e+00	   2.9930000e+03	
   1.0000000e+00	   3.7000000e+01	   3.1100000e+02	   1.1700000e+00	   3.4270000e+03	
   1.0000000e+00	   3.8000000e+01	   2.0400000e+02	   2.8100000e+00	   2.6260000e+03	
   1.0000000e+00	   3.9000000e+01	   1.1400000e+02	   2.7000000e+00	   2.0280000e+03	
   1.0000000e+00	   4.0000000e+01	   2.0100000e+02	   3.1700000e+00	   2.6930000e+03	
   1.0000000e+00	   4.1000000e+01	   1.1200000e+02	   2.7500000e+00	   1.8930000e+03	
   1.0000000e+00	   4.2000000e+01	   1.0700000e+02	   3.0500000e+00	   7.3270000e+03	
   1.0000000e+00	   4.3000000e+01	   2.1400000e+02	   3.0900000e+00	   4.9590000e+03	
   1.0000000e+00	   4.4000000e+01	   2.0600000e+02	   3.2400000e+00	   2.2940000e+03	
   1.0000000e+00	   4.5000000e+01	   1.0900000e+02	   2.8900000e+00	   4.8260000e+03	
   2.0000000e+00	   1.0000000e+00	   2.0300000e+02	   3.0500000e+00	   4.2290000e+03	
   2.0000000e+00	   2.0000000e+00	   1.0100000e+02	   4.3000000e+00	   2.6620000e+03	
   2.0000000e+00	   3.0000000e+00	   2.0900000e+02	   3.6400000e+00	   2.2940000e+03	
   2.0000000e+00	   4.0000000e+00	   2.1400000e+02	   3.1200000e+00	   2.6610000e+03	
   2.0000000e+00	   5.0000000e+00	   3.1300000e+02	   1.9700000e+00	   2.8610000e+03	
   2.0000000e+00	   6.0000000e+00	   1.0700000e+02	   3.1400000e+00	   4.3280000e+03	
   2.0000000e+00	   7.0000000e+00	   1.0200000e+02	   2.8400000e+00	   3.5270000e+03	
   2.0000000e+00	   8.0000000e+00	   3.0200000e+02	   1.3600000e+00	   3.3940000e+03	
   2.0000000e+00	   9.0000000e+00	   3.1000000e+02	   9.7000000e-01	   3.4600000e+03	
   2.0000000e+00	   1.0000000e+01	   1.1000000e+02	   3.4700000e+00	   3.1620000e+03	
   2.0000000e+00	   1.1000000e+01	   3.0600000e+02	   3.1400000e+00	   1.2491000e+04	
   2.0000000e+00	   1.2000000e+01	   1.1400000e+02	   2.8700000e+00	   2.0950000e+03	
   2.0000000e+00	   1.3000000e+01	   3.0300000e+02	   1.0800000e+00	   3.8600000e+03	
   2.0000000e+00	   1.4000000e+01	   3.1400000e+02	   1.0800000e+00	   3.8280000e+03	
   2.0000000e+00	   1.5000000e+01	   3.0400000e+02	   1.0300000e+00	   4.1940000e+03	
   2.0000000e+00	   1.6000000e+01	   2.0200000e+02	   3.5400000e+00	   3.0610000e+03	
   2.0000000e+00	   1.7000000e+01	   2.1200000e+02	   2.7600000e+00	   5.5600000e+03	
   2.0000000e+00	   1.8000000e+01	   3.0800000e+02	   1.7100000e+00	   5.6270000e+03	
   2.0000000e+00	   1.9000000e+01	   1.0300000e+02	   2.8300000e+00	   2.5280000e+03	
   2.0000000e+00	   2.0000000e+01	   1.1500000e+02	   1.9400000e+00	   2.7270000e+03	
   2.0000000e+00	   2.1000000e+01	   1.0400000e+02	   4.4800000e+00	   1.9280000e+03	
   2.0000000e+00	   2.2000000e+01	   2.0500000e+02	   3.1400000e+00	   3.1950000e+03	
   2.0000000e+00	   2.3000000e+01	   2.0600000e+02	   3.3600000e+00	   2.2280000e+03	
   2.0000000e+00	   2.4000000e+01	   2.1300000e+02	   3.4300000e+00	   3.4600000e+03	
   2.0000000e+00	   2.5000000e+01	   2.0100000e+02	   3.7100000e+00	   2.6610000e+03	
   2.0000000e+00	   2.6000000e+01	   2.0700000e+02	   3.4200000e+00	   3.3280000e+03	
   2.0000000e+00	   2.7000000e+01	   3.1100000e+02	   1.0600000e+00	   4.9600000e+03	
   2.0000000e+00	   2.8000000e+01	   2.1100000e+02	   3.3400000e+00	   2.5610000e+03	
   2.0000000e+00	   2.9000000e+01	   1.1200000e+02	   3.3500000e+00	   2.6620000e+03	
   2.0000000e+00	   3.0000000e+01	   1.0600000e+02	   2.8600000e+00	   3.6940000e+03	
   2.0000000e+00	   3.1000000e+01	   1.1300000e+02	   3.3500000e+00	   2.7280000e+03	
   2.0000000e+00	   3.2000000e+01	   1.0900000e+02	   3.6400000e+00	   5.0260000e+03	
   2.0000000e+00	   3.3000000e+01	   3.1200000e+02	   2.6100000e+00	   3.0620000e+03	
   2.0000000e+00	   3.4000000e+01	   3.0500000e+02	   3.7700000e+00	   3.7270000e+03	
   2.0000000e+00	   3.5000000e+01	   1.0800000e+02	   3.1700000e+00	   2.3610000e+03	
   2.0000000e+00	   3.6000000e+01	   2.1000000e+02	   3.7200000e+00	   3.2610000e+03	
   2.0000000e+00	   3.7000000e+01	   1.1100000e+02	   3.8400000e+00	   3.0950000e+03	
   2.0000000e+00	   3.8000000e+01	   1.1600000e+02	   3.1000000e+00	   4.1930000e+03	
   2.0000000e+00	   3.9000000e+01	   3.0900000e+02	   1.9300000e+00	   4.2940000e+03	
   2.0000000e+00	   4.0000000e+01	   2.0400000e+02	   3.9300000e+00	   3.6620000e+03	
   2.0000000e+00	   4.1000000e+01	   3.0100000e+02	   1.1800000e+00	   3.1930000e+03	
   2.0000000e+00	   4.2000000e+01	   2.1500000e+02	   3.5900000e+00	   2.4950000e+03	
   2.0000000e+00	   4.3000000e+01	   3.0700000e+02	   1.5200000e+00	   2.5270000e+03	
   2.0000000e+00	   4.4000000e+01	   2.0800000e+02	   3.6800000e+00	   2.9620000e+03	
   2.0000000e+00	   4.5000000e+01	   1.0500000e+02	   2.5000000e+00	   2.6270000e+03	
