   1.0000000e+00	   1.0000000e+00	   1.0500000e+02	   0.0000000e+00	   3.5660000e+03	
   1.0000000e+00	   2.0000000e+00	   2.1000000e+02	   3.0700000e+00	   3.2940000e+03	
   1.0000000e+00	   3.0000000e+00	   2.1200000e+02	   3.1400000e+00	   4.2260000e+03	
   1.0000000e+00	   4.0000000e+00	   3.0900000e+02	   2.8700000e+00	   3.5930000e+03	
   1.0000000e+00	   5.0000000e+00	   1.0200000e+02	   3.6400000e+00	   5.1280000e+03	
   1.0000000e+00	   6.0000000e+00	   2.1500000e+02	   4.9400000e+00	   4.7600000e+03	
   1.0000000e+00	   7.0000000e+00	   2.0600000e+02	   3.8600000e+00	   2.7280000e+03	
   1.0000000e+00	   8.0000000e+00	   2.0700000e+02	   3.9900000e+00	   2.3610000e+03	
   1.0000000e+00	   9.0000000e+00	   1.1300000e+02	   4.9300000e+00	   2.5280000e+03	
   1.0000000e+00	   1.0000000e+01	   3.1200000e+02	   8.0000000e-02	   2.6280000e+03	
   1.0000000e+00	   1.1000000e+01	   1.1100000e+02	   0.0000000e+00	   1.7930000e+03	
   1.0000000e+00	   1.2000000e+01	   1.1000000e+02	   3.6200000e+00	   4.3270000e+03	
   1.0000000e+00	   1.3000000e+01	   1.0100000e+02	   3.3400000e+00	   2.2620000e+03	
   1.0000000e+00	   1.4000000e+01	   1.1500000e+02	   0.0000000e+00	   2.6610000e+03	
   1.0000000e+00	   1.5000000e+01	   1.1200000e+02	   0.0000000e+00	   1.8610000e+03	
   1.0000000e+00	   1.6000000e+01	   3.0300000e+02	   3.9300000e+00	   2.9950000e+03	
   1.0000000e+00	   1.7000000e+01	   2.1400000e+02	   5.0000000e+00	   2.1610000e+03	
   1.0000000e+00	   1.8000000e+01	   1.1400000e+02	   4.1000000e-01	   2.6610000e+03	
   1.0000000e+00	   1.9000000e+01	   2.1300000e+02	   1.5100000e+00	   5.8270000e+03	
   1.0000000e+00	   2.0000000e+01	   3.1000000e+02	   1.7400000e+00	   3.0920000e+03	
   1.0000000e+00	   2.1000000e+01	   1.0400000e+02	   1.7200000e+00	   3.7300000e+03	
   1.0000000e+00	   2.2000000e+01	   1.0700000e+02	   0.0000000e+00	   1.6940000e+03	
   1.0000000e+00	   2.3000000e+01	   2.0500000e+02	   2.6300000e+00	   3.2610000e+03	
   1.0000000e+00	   2.4000000e+01	   2.0400000e+02	   1.8100000e+00	   1.9280000e+03	
   1.0000000e+00	   2.5000000e+01	   3.0800000e+02	   2.1000000e-01	   2.5290000e+03	
   1.0000000e+00	   2.6000000e+01	   2.0200000e+02	   3.2500000e+00	   1.6620000e+03	
   1.0000000e+00	   2.7000000e+01	   2.0300000e+02	   3.0900000e+00	   3.5930000e+03	
   1.0000000e+00	   2.8000000e+01	   2.0800000e+02	   4.1500000e+00	   3.9270000e+03	
   1.0000000e+00	   2.9000000e+01	   3.1400000e+02	   2.9000000e+00	   6.4610000e+03	
   1.0000000e+00	   3.0000000e+01	   3.1300000e+02	   1.7500000e+00	   2.0940000e+03	
   1.0000000e+00	   3.1000000e+01	   3.0600000e+02	   1.1400000e+00	   1.6280000e+03	
   1.0000000e+00	   3.2000000e+01	   3.0700000e+02	   0.0000000e+00	   5.0610000e+03	
   1.0000000e+00	   3.3000000e+01	   3.0200000e+02	   2.6400000e+00	   2.8280000e+03	
   1.0000000e+00	   3.4000000e+01	   3.0500000e+02	   1.4600000e+00	   3.7590000e+03	
   1.0000000e+00	   3.5000000e+01	   2.0900000e+02	   2.6500000e+00	   7.0620000e+03	
   1.0000000e+00	   3.6000000e+01	   1.0800000e+02	   3.6100000e+00	   5.1580000e+03	
   1.0000000e+00	   3.7000000e+01	   3.0400000e+02	   3.3200000e+00	   1.8950000e+03	
   1.0000000e+00	   3.8000000e+01	   3.0100000e+02	   8.5000000e-01	   2.2610000e+03	
   1.0000000e+00	   3.9000000e+01	   1.0900000e+02	   4.1500000e+00	   2.8930000e+03	
   1.0000000e+00	   4.0000000e+01	   1.1600000e+02	   3.2500000e+00	   4.9930000e+03	
   1.0000000e+00	   4.1000000e+01	   1.0300000e+02	   3.0200000e+00	   2.4590000e+03	
   1.0000000e+00	   4.2000000e+01	   2.1100000e+02	   3.0300000e+00	   2.3940000e+03	
   1.0000000e+00	   4.3000000e+01	   3.1100000e+02	   2.7600000e+00	   5.7260000e+03	
   1.0000000e+00	   4.4000000e+01	   1.0600000e+02	   1.0300000e+00	   1.7600000e+03	
   1.0000000e+00	   4.5000000e+01	   2.0100000e+02	   2.7500000e+00	   2.6600000e+03	
   2.0000000e+00	   1.0000000e+00	   2.1300000e+02	   2.0500000e+00	   3.3250000e+03	
   2.0000000e+00	   2.0000000e+00	   1.0800000e+02	   3.2900000e+00	   2.9610000e+03	
   2.0000000e+00	   3.0000000e+00	   2.0500000e+02	   2.8700000e+00	   2.0290000e+03	
   2.0000000e+00	   4.0000000e+00	   3.0100000e+02	   1.2100000e+00	   3.8940000e+03	
   2.0000000e+00	   5.0000000e+00	   3.1100000e+02	   2.0700000e+00	   4.8100000e+03	
   2.0000000e+00	   6.0000000e+00	   2.1500000e+02	   4.5400000e+00	   3.8270000e+03	
   2.0000000e+00	   7.0000000e+00	   1.1600000e+02	   2.9200000e+00	   4.3940000e+03	
   2.0000000e+00	   8.0000000e+00	   2.0800000e+02	   3.5900000e+00	   1.6280000e+03	
   2.0000000e+00	   9.0000000e+00	   2.1000000e+02	   3.0900000e+00	   2.5940000e+03	
   2.0000000e+00	   1.0000000e+01	   3.0700000e+02	   6.1000000e-01	   2.8280000e+03	
   2.0000000e+00	   1.1000000e+01	   2.0300000e+02	   2.9100000e+00	   3.7610000e+03	
   2.0000000e+00	   1.2000000e+01	   1.1200000e+02	   4.6000000e-01	   5.0600000e+03	
   2.0000000e+00	   1.3000000e+01	   1.0900000e+02	   3.8100000e+00	   1.5620000e+03	
   2.0000000e+00	   1.4000000e+01	   2.0200000e+02	   3.3600000e+00	   1.5950000e+03	
   2.0000000e+00	   1.5000000e+01	   3.0300000e+02	   3.4100000e+00	   1.7950000e+03	
   2.0000000e+00	   1.6000000e+01	   1.1500000e+02	   0.0000000e+00	   1.3280000e+03	
   2.0000000e+00	   1.7000000e+01	   1.0400000e+02	   9.5000000e-01	   2.7600000e+03	
   2.0000000e+00	   1.8000000e+01	   3.0800000e+02	   8.9000000e-01	   1.4620000e+03	
   2.0000000e+00	   1.9000000e+01	   3.1000000e+02	   1.6700000e+00	   1.4610000e+03	
   2.0000000e+00	   2.0000000e+01	   2.1100000e+02	   2.6900000e+00	   2.2620000e+03	
   2.0000000e+00	   2.1000000e+01	   1.0700000e+02	   0.0000000e+00	   3.0270000e+03	
   2.0000000e+00	   2.2000000e+01	   1.1300000e+02	   3.6800000e+00	   1.8610000e+03	
   2.0000000e+00	   2.3000000e+01	   1.1000000e+02	   3.7400000e+00	   1.9950000e+03	
   2.0000000e+00	   2.4000000e+01	   3.0400000e+02	   3.7700000e+00	   2.9620000e+03	
   2.0000000e+00	   2.5000000e+01	   3.0900000e+02	   3.0700000e+00	   3.7930000e+03	
   2.0000000e+00	   2.6000000e+01	   2.1200000e+02	   2.7200000e+00	   4.7610000e+03	
   2.0000000e+00	   2.7000000e+01	   2.0600000e+02	   2.9700000e+00	   1.5600000e+03	
   2.0000000e+00	   2.8000000e+01	   3.0200000e+02	   1.7900000e+00	   1.8290000e+03	
   2.0000000e+00	   2.9000000e+01	   3.0500000e+02	   1.3300000e+00	   2.9940000e+03	
   2.0000000e+00	   3.0000000e+01	   2.0700000e+02	   4.0500000e+00	   1.8280000e+03	
   2.0000000e+00	   3.1000000e+01	   3.1200000e+02	   1.5000000e+00	   1.4280000e+03	
   2.0000000e+00	   3.2000000e+01	   1.0100000e+02	   3.1800000e+00	   2.7610000e+03	
   2.0000000e+00	   3.3000000e+01	   1.1400000e+02	   2.3000000e-01	   1.3940000e+03	
   2.0000000e+00	   3.4000000e+01	   2.0400000e+02	   2.1200000e+00	   1.7940000e+03	
   2.0000000e+00	   3.5000000e+01	   2.0100000e+02	   2.6900000e+00	   2.2610000e+03	
   2.0000000e+00	   3.6000000e+01	   2.1400000e+02	   4.9200000e+00	   2.4280000e+03	
   2.0000000e+00	   3.7000000e+01	   3.0600000e+02	   1.7700000e+00	   2.8280000e+03	
   2.0000000e+00	   3.8000000e+01	   3.1400000e+02	   1.7000000e+00	   1.9950000e+03	
   2.0000000e+00	   3.9000000e+01	   1.0300000e+02	   1.5400000e+00	   3.9600000e+03	
   2.0000000e+00	   4.0000000e+01	   3.1300000e+02	   1.5700000e+00	   1.2620000e+03	
   2.0000000e+00	   4.1000000e+01	   1.0600000e+02	   1.5000000e+00	   1.3610000e+03	
   2.0000000e+00	   4.2000000e+01	   1.0200000e+02	   3.2900000e+00	   4.6940000e+03	
   2.0000000e+00	   4.3000000e+01	   1.1100000e+02	   8.0000000e-02	   3.9610000e+03	
   2.0000000e+00	   4.4000000e+01	   2.0900000e+02	   2.8800000e+00	   1.8610000e+03	
   2.0000000e+00	   4.5000000e+01	   1.0500000e+02	   3.8000000e-01	   1.7610000e+03	
