   1.0200000e+02	   3.0400000e+02	   1.1400000e+02	   5.0000000e+00	   1.0000000e+00	   3.4650000e+00	   3.5450000e+00	   3.2000000e-01	   2.0000000e+00	   1.0000000e+00	   3.0000000e+00	   2.0000000e+00	   1.7070000e+03	
   1.0100000e+02	   1.1600000e+02	   2.0300000e+02	   7.0000000e+00	   1.0000000e+00	   3.2600000e+00	   3.0850000e+00	   3.0000000e+00	   2.0000000e+00	   1.0000000e+00	   3.0000000e+00	   2.0000000e+00	   2.3360000e+03	
   1.1300000e+02	   2.0200000e+02	   3.0500000e+02	   1.2000000e+01	   4.0000000e+00	   4.3050000e+00	   3.3050000e+00	   1.3950000e+00	   1.0000000e+00	   2.0000000e+00	   3.0000000e+00	   2.0000000e+00	   2.5250000e+03	
   2.1400000e+02	   2.1500000e+02	   3.0500000e+02	   1.2000000e+01	   2.0000000e+00	   4.9600000e+00	   4.7400000e+00	   1.3950000e+00	   1.0000000e+00	   3.0000000e+00	   2.0000000e+00	   3.0000000e+00	   1.7180000e+03	
   1.1600000e+02	   3.0400000e+02	   2.0100000e+02	   6.0000000e+00	   3.0000000e+00	   3.0850000e+00	   3.5450000e+00	   2.7200000e+00	   2.0000000e+00	   3.0000000e+00	   1.0000000e+00	   1.0000000e+00	   3.3580000e+03	
   2.0600000e+02	   2.1400000e+02	   1.0700000e+02	   2.0000000e+00	   5.0000000e+00	   3.4150000e+00	   4.9600000e+00	   0.0000000e+00	   1.0000000e+00	   2.0000000e+00	   3.0000000e+00	   2.0000000e+00	   1.8130000e+03	
   1.0200000e+02	   2.0200000e+02	   1.1200000e+02	   4.0000000e+00	   1.0000000e+00	   3.4650000e+00	   3.3050000e+00	   2.3000000e-01	   1.0000000e+00	   3.0000000e+00	   2.0000000e+00	   3.0000000e+00	   1.3430000e+03	
   1.0200000e+02	   2.0600000e+02	   2.1200000e+02	   9.0000000e+00	   1.0000000e+00	   3.4650000e+00	   3.4150000e+00	   2.9300000e+00	   2.0000000e+00	   3.0000000e+00	   1.0000000e+00	   1.0000000e+00	   3.1370000e+03	
   1.0200000e+02	   2.1500000e+02	   3.0200000e+02	   1.1000000e+01	   5.0000000e+00	   3.4650000e+00	   4.7400000e+00	   2.2150000e+00	   3.0000000e+00	   2.0000000e+00	   1.0000000e+00	   2.0000000e+00	   2.1380000e+03	
   1.0800000e+02	   2.0200000e+02	   2.0900000e+02	   8.0000000e+00	   1.0000000e+00	   3.4500000e+00	   3.3050000e+00	   2.7650000e+00	   2.0000000e+00	   3.0000000e+00	   1.0000000e+00	   3.0000000e+00	   3.9920000e+03	
   1.1300000e+02	   2.1500000e+02	   2.0300000e+02	   7.0000000e+00	   3.0000000e+00	   4.3050000e+00	   4.7400000e+00	   3.0000000e+00	   1.0000000e+00	   3.0000000e+00	   2.0000000e+00	   3.0000000e+00	   2.1200000e+03	
   1.1300000e+02	   3.0300000e+02	   2.0100000e+02	   6.0000000e+00	   4.0000000e+00	   4.3050000e+00	   3.6700000e+00	   2.7200000e+00	   2.0000000e+00	   1.0000000e+00	   3.0000000e+00	   3.0000000e+00	   2.6670000e+03	
   1.0200000e+02	   1.0800000e+02	   3.0200000e+02	   1.1000000e+01	   1.0000000e+00	   3.4650000e+00	   3.4500000e+00	   2.2150000e+00	   2.0000000e+00	   3.0000000e+00	   1.0000000e+00	   2.0000000e+00	   2.1430000e+03	
   1.0800000e+02	   1.1300000e+02	   1.1200000e+02	   4.0000000e+00	   4.0000000e+00	   3.4500000e+00	   4.3050000e+00	   2.3000000e-01	   2.0000000e+00	   3.0000000e+00	   1.0000000e+00	   3.0000000e+00	   1.4110000e+03	
   1.0800000e+02	   2.0700000e+02	   2.1200000e+02	   9.0000000e+00	   3.0000000e+00	   3.4500000e+00	   4.0200000e+00	   2.9300000e+00	   3.0000000e+00	   2.0000000e+00	   1.0000000e+00	   2.0000000e+00	   2.9440000e+03	
   2.0200000e+02	   3.0400000e+02	   1.1400000e+02	   5.0000000e+00	   2.0000000e+00	   3.3050000e+00	   3.5450000e+00	   3.2000000e-01	   1.0000000e+00	   3.0000000e+00	   2.0000000e+00	   1.0000000e+00	   1.6660000e+03	
   1.0800000e+02	   3.0300000e+02	   3.1400000e+02	   1.5000000e+01	   2.0000000e+00	   3.4500000e+00	   3.6700000e+00	   2.3000000e+00	   2.0000000e+00	   3.0000000e+00	   1.0000000e+00	   2.0000000e+00	   2.5950000e+03	
   1.1300000e+02	   2.1400000e+02	   1.1100000e+02	   3.0000000e+00	   4.0000000e+00	   4.3050000e+00	   4.9600000e+00	   4.0000000e-02	   3.0000000e+00	   1.0000000e+00	   2.0000000e+00	   1.0000000e+00	   2.7750000e+03	
   1.1000000e+02	   2.1400000e+02	   2.0900000e+02	   8.0000000e+00	   5.0000000e+00	   3.6800000e+00	   4.9600000e+00	   2.7650000e+00	   1.0000000e+00	   3.0000000e+00	   2.0000000e+00	   3.0000000e+00	   1.7690000e+03	
   2.0200000e+02	   3.0400000e+02	   1.1200000e+02	   4.0000000e+00	   2.0000000e+00	   3.3050000e+00	   3.5450000e+00	   2.3000000e-01	   3.0000000e+00	   1.0000000e+00	   2.0000000e+00	   3.0000000e+00	   2.0100000e+03	
   1.0200000e+02	   2.0700000e+02	   3.0200000e+02	   1.1000000e+01	   3.0000000e+00	   3.4650000e+00	   4.0200000e+00	   2.2150000e+00	   2.0000000e+00	   3.0000000e+00	   1.0000000e+00	   3.0000000e+00	   3.2300000e+03	
   1.0100000e+02	   2.0800000e+02	   3.0200000e+02	   1.1000000e+01	   4.0000000e+00	   3.2600000e+00	   3.8700000e+00	   2.2150000e+00	   1.0000000e+00	   2.0000000e+00	   3.0000000e+00	   2.0000000e+00	   3.0260000e+03	
   2.1400000e+02	   2.1500000e+02	   1.0600000e+02	   1.0000000e+00	   2.0000000e+00	   4.9600000e+00	   4.7400000e+00	   1.2650000e+00	   1.0000000e+00	   2.0000000e+00	   3.0000000e+00	   2.0000000e+00	   1.6140000e+03	
   1.0200000e+02	   2.1500000e+02	   3.1300000e+02	   1.4000000e+01	   5.0000000e+00	   3.4650000e+00	   4.7400000e+00	   1.6600000e+00	   3.0000000e+00	   2.0000000e+00	   1.0000000e+00	   2.0000000e+00	   2.6000000e+03	
   2.0700000e+02	   3.0400000e+02	   2.1300000e+02	   1.0000000e+01	   3.0000000e+00	   4.0200000e+00	   3.5450000e+00	   1.7800000e+00	   1.0000000e+00	   2.0000000e+00	   3.0000000e+00	   1.0000000e+00	   4.1900000e+03	
   1.1300000e+02	   2.0800000e+02	   3.1300000e+02	   1.4000000e+01	   3.0000000e+00	   4.3050000e+00	   3.8700000e+00	   1.6600000e+00	   1.0000000e+00	   2.0000000e+00	   3.0000000e+00	   2.0000000e+00	   4.1770000e+03	
   2.0200000e+02	   2.0700000e+02	   1.0700000e+02	   2.0000000e+00	   4.0000000e+00	   3.3050000e+00	   4.0200000e+00	   0.0000000e+00	   1.0000000e+00	   3.0000000e+00	   2.0000000e+00	   3.0000000e+00	   2.7450000e+03	
   1.1000000e+02	   2.0700000e+02	   2.0100000e+02	   6.0000000e+00	   2.0000000e+00	   3.6800000e+00	   4.0200000e+00	   2.7200000e+00	   3.0000000e+00	   1.0000000e+00	   2.0000000e+00	   1.0000000e+00	   3.4210000e+03	
   2.0600000e+02	   3.0400000e+02	   3.1400000e+02	   1.5000000e+01	   1.0000000e+00	   3.4150000e+00	   3.5450000e+00	   2.3000000e+00	   2.0000000e+00	   3.0000000e+00	   1.0000000e+00	   2.0000000e+00	   2.4820000e+03	
   1.0200000e+02	   2.0800000e+02	   1.1200000e+02	   4.0000000e+00	   3.0000000e+00	   3.4650000e+00	   3.8700000e+00	   2.3000000e-01	   1.0000000e+00	   3.0000000e+00	   2.0000000e+00	   3.0000000e+00	   3.4810000e+03	
   1.0200000e+02	   3.0400000e+02	   3.0500000e+02	   1.2000000e+01	   1.0000000e+00	   3.4650000e+00	   3.5450000e+00	   1.3950000e+00	   1.0000000e+00	   3.0000000e+00	   2.0000000e+00	   1.0000000e+00	   2.6030000e+03	
   2.0700000e+02	   2.1500000e+02	   2.0100000e+02	   6.0000000e+00	   4.0000000e+00	   4.0200000e+00	   4.7400000e+00	   2.7200000e+00	   1.0000000e+00	   2.0000000e+00	   3.0000000e+00	   1.0000000e+00	   3.5840000e+03	
   1.0200000e+02	   2.0800000e+02	   1.0700000e+02	   2.0000000e+00	   3.0000000e+00	   3.4650000e+00	   3.8700000e+00	   0.0000000e+00	   1.0000000e+00	   3.0000000e+00	   2.0000000e+00	   3.0000000e+00	   2.4890000e+03	
   1.1000000e+02	   2.0800000e+02	   3.0200000e+02	   1.1000000e+01	   1.0000000e+00	   3.6800000e+00	   3.8700000e+00	   2.2150000e+00	   2.0000000e+00	   3.0000000e+00	   1.0000000e+00	   3.0000000e+00	   2.0410000e+03	
   1.0100000e+02	   1.1000000e+02	   2.0100000e+02	   6.0000000e+00	   3.0000000e+00	   3.2600000e+00	   3.6800000e+00	   2.7200000e+00	   3.0000000e+00	   1.0000000e+00	   2.0000000e+00	   2.0000000e+00	   1.5820000e+03	
   1.0800000e+02	   3.0300000e+02	   1.1200000e+02	   4.0000000e+00	   2.0000000e+00	   3.4500000e+00	   3.6700000e+00	   2.3000000e-01	   1.0000000e+00	   3.0000000e+00	   2.0000000e+00	   1.0000000e+00	   1.7350000e+03	
   2.0800000e+02	   2.1400000e+02	   2.1300000e+02	   1.0000000e+01	   5.0000000e+00	   3.8700000e+00	   4.9600000e+00	   1.7800000e+00	   1.0000000e+00	   2.0000000e+00	   3.0000000e+00	   2.0000000e+00	   2.1630000e+03	
   1.1600000e+02	   2.0200000e+02	   3.1300000e+02	   1.4000000e+01	   2.0000000e+00	   3.0850000e+00	   3.3050000e+00	   1.6600000e+00	   2.0000000e+00	   1.0000000e+00	   3.0000000e+00	   1.0000000e+00	   2.1090000e+03	
   2.0200000e+02	   3.0400000e+02	   3.0200000e+02	   1.1000000e+01	   2.0000000e+00	   3.3050000e+00	   3.5450000e+00	   2.2150000e+00	   3.0000000e+00	   2.0000000e+00	   1.0000000e+00	   3.0000000e+00	   1.6710000e+03	
   2.1500000e+02	   3.0300000e+02	   2.0300000e+02	   7.0000000e+00	   5.0000000e+00	   4.7400000e+00	   3.6700000e+00	   3.0000000e+00	   1.0000000e+00	   2.0000000e+00	   3.0000000e+00	   1.0000000e+00	   1.8970000e+03	
   1.0800000e+02	   2.0700000e+02	   2.1300000e+02	   1.0000000e+01	   3.0000000e+00	   3.4500000e+00	   4.0200000e+00	   1.7800000e+00	   3.0000000e+00	   1.0000000e+00	   2.0000000e+00	   1.0000000e+00	   1.9060000e+03	
   1.1600000e+02	   2.0200000e+02	   1.0700000e+02	   2.0000000e+00	   2.0000000e+00	   3.0850000e+00	   3.3050000e+00	   0.0000000e+00	   3.0000000e+00	   2.0000000e+00	   1.0000000e+00	   2.0000000e+00	   2.0730000e+03	
   1.0800000e+02	   2.0700000e+02	   2.0300000e+02	   7.0000000e+00	   3.0000000e+00	   3.4500000e+00	   4.0200000e+00	   3.0000000e+00	   2.0000000e+00	   1.0000000e+00	   3.0000000e+00	   1.0000000e+00	   1.8300000e+03	
   2.0700000e+02	   3.0300000e+02	   2.1300000e+02	   1.0000000e+01	   2.0000000e+00	   4.0200000e+00	   3.6700000e+00	   1.7800000e+00	   1.0000000e+00	   3.0000000e+00	   2.0000000e+00	   1.0000000e+00	   2.0480000e+03	
   1.0100000e+02	   1.0900000e+02	   2.0900000e+02	   8.0000000e+00	   4.0000000e+00	   3.2600000e+00	   3.9800000e+00	   2.7650000e+00	   3.0000000e+00	   2.0000000e+00	   1.0000000e+00	   1.0000000e+00	   1.3750000e+03	
   1.1000000e+02	   2.1400000e+02	   3.0500000e+02	   1.2000000e+01	   5.0000000e+00	   3.6800000e+00	   4.9600000e+00	   1.3950000e+00	   2.0000000e+00	   1.0000000e+00	   3.0000000e+00	   1.0000000e+00	   2.3390000e+03	
   1.1300000e+02	   2.0800000e+02	   1.0700000e+02	   2.0000000e+00	   3.0000000e+00	   4.3050000e+00	   3.8700000e+00	   0.0000000e+00	   3.0000000e+00	   1.0000000e+00	   2.0000000e+00	   3.0000000e+00	   2.7390000e+03	
   1.1000000e+02	   3.0400000e+02	   2.1300000e+02	   1.0000000e+01	   1.0000000e+00	   3.6800000e+00	   3.5450000e+00	   1.7800000e+00	   3.0000000e+00	   2.0000000e+00	   1.0000000e+00	   1.0000000e+00	   1.9930000e+03	
   1.0800000e+02	   3.0300000e+02	   1.0600000e+02	   1.0000000e+00	   2.0000000e+00	   3.4500000e+00	   3.6700000e+00	   1.2650000e+00	   3.0000000e+00	   1.0000000e+00	   2.0000000e+00	   3.0000000e+00	   2.7740000e+03	
   1.0200000e+02	   3.0300000e+02	   2.0300000e+02	   7.0000000e+00	   2.0000000e+00	   3.4650000e+00	   3.6700000e+00	   3.0000000e+00	   1.0000000e+00	   3.0000000e+00	   2.0000000e+00	   2.0000000e+00	   1.9040000e+03	
   1.0200000e+02	   2.0700000e+02	   2.0900000e+02	   8.0000000e+00	   3.0000000e+00	   3.4650000e+00	   4.0200000e+00	   2.7650000e+00	   3.0000000e+00	   2.0000000e+00	   1.0000000e+00	   2.0000000e+00	   1.7770000e+03	
   1.1300000e+02	   1.1600000e+02	   1.1200000e+02	   4.0000000e+00	   5.0000000e+00	   4.3050000e+00	   3.0850000e+00	   2.3000000e-01	   2.0000000e+00	   1.0000000e+00	   3.0000000e+00	   2.0000000e+00	   2.6240000e+03	
   1.1000000e+02	   1.1600000e+02	   1.1100000e+02	   3.0000000e+00	   3.0000000e+00	   3.6800000e+00	   3.0850000e+00	   4.0000000e-02	   3.0000000e+00	   2.0000000e+00	   1.0000000e+00	   3.0000000e+00	   3.4050000e+03	
   2.0800000e+02	   2.1400000e+02	   1.1200000e+02	   4.0000000e+00	   5.0000000e+00	   3.8700000e+00	   4.9600000e+00	   2.3000000e-01	   3.0000000e+00	   2.0000000e+00	   1.0000000e+00	   2.0000000e+00	   3.0140000e+03	
   2.0700000e+02	   3.0300000e+02	   2.0900000e+02	   8.0000000e+00	   2.0000000e+00	   4.0200000e+00	   3.6700000e+00	   2.7650000e+00	   3.0000000e+00	   2.0000000e+00	   1.0000000e+00	   3.0000000e+00	   2.4150000e+03	
   1.0900000e+02	   2.1500000e+02	   1.0600000e+02	   1.0000000e+00	   4.0000000e+00	   3.9800000e+00	   4.7400000e+00	   1.2650000e+00	   2.0000000e+00	   1.0000000e+00	   3.0000000e+00	   1.0000000e+00	   2.0370000e+03	
   1.0100000e+02	   2.1400000e+02	   1.1400000e+02	   5.0000000e+00	   5.0000000e+00	   3.2600000e+00	   4.9600000e+00	   3.2000000e-01	   2.0000000e+00	   1.0000000e+00	   3.0000000e+00	   1.0000000e+00	   1.5810000e+03	
   1.0100000e+02	   1.0900000e+02	   1.1100000e+02	   3.0000000e+00	   4.0000000e+00	   3.2600000e+00	   3.9800000e+00	   4.0000000e-02	   3.0000000e+00	   2.0000000e+00	   1.0000000e+00	   2.0000000e+00	   2.8300000e+03	
   2.0600000e+02	   2.1500000e+02	   1.1100000e+02	   3.0000000e+00	   5.0000000e+00	   3.4150000e+00	   4.7400000e+00	   4.0000000e-02	   2.0000000e+00	   3.0000000e+00	   1.0000000e+00	   3.0000000e+00	   3.5910000e+03	
   1.0900000e+02	   1.1300000e+02	   2.1200000e+02	   9.0000000e+00	   2.0000000e+00	   3.9800000e+00	   4.3050000e+00	   2.9300000e+00	   3.0000000e+00	   1.0000000e+00	   2.0000000e+00	   3.0000000e+00	   2.5180000e+03	
   1.1300000e+02	   2.0200000e+02	   2.0100000e+02	   6.0000000e+00	   4.0000000e+00	   4.3050000e+00	   3.3050000e+00	   2.7200000e+00	   3.0000000e+00	   1.0000000e+00	   2.0000000e+00	   1.0000000e+00	   2.5700000e+03	
   2.0700000e+02	   2.1400000e+02	   3.1300000e+02	   1.4000000e+01	   4.0000000e+00	   4.0200000e+00	   4.9600000e+00	   1.6600000e+00	   2.0000000e+00	   1.0000000e+00	   3.0000000e+00	   1.0000000e+00	   2.3890000e+03	
   1.0100000e+02	   2.0200000e+02	   1.0600000e+02	   1.0000000e+00	   1.0000000e+00	   3.2600000e+00	   3.3050000e+00	   1.2650000e+00	   1.0000000e+00	   2.0000000e+00	   3.0000000e+00	   2.0000000e+00	   1.7290000e+03	
   1.0200000e+02	   2.0200000e+02	   1.1100000e+02	   3.0000000e+00	   1.0000000e+00	   3.4650000e+00	   3.3050000e+00	   4.0000000e-02	   3.0000000e+00	   1.0000000e+00	   2.0000000e+00	   1.0000000e+00	   1.9040000e+03	
   1.0900000e+02	   1.1000000e+02	   2.0100000e+02	   6.0000000e+00	   2.0000000e+00	   3.9800000e+00	   3.6800000e+00	   2.7200000e+00	   2.0000000e+00	   3.0000000e+00	   1.0000000e+00	   2.0000000e+00	   2.1250000e+03	
   1.0800000e+02	   2.0200000e+02	   2.0100000e+02	   6.0000000e+00	   1.0000000e+00	   3.4500000e+00	   3.3050000e+00	   2.7200000e+00	   1.0000000e+00	   3.0000000e+00	   2.0000000e+00	   3.0000000e+00	   2.9480000e+03	
   2.0200000e+02	   2.1400000e+02	   2.1200000e+02	   9.0000000e+00	   5.0000000e+00	   3.3050000e+00	   4.9600000e+00	   2.9300000e+00	   3.0000000e+00	   1.0000000e+00	   2.0000000e+00	   1.0000000e+00	   2.5620000e+03	
   2.0700000e+02	   2.1400000e+02	   3.0200000e+02	   1.1000000e+01	   4.0000000e+00	   4.0200000e+00	   4.9600000e+00	   2.2150000e+00	   3.0000000e+00	   2.0000000e+00	   1.0000000e+00	   2.0000000e+00	   2.6000000e+03	
   1.1300000e+02	   3.0300000e+02	   3.1400000e+02	   1.5000000e+01	   4.0000000e+00	   4.3050000e+00	   3.6700000e+00	   2.3000000e+00	   2.0000000e+00	   3.0000000e+00	   1.0000000e+00	   2.0000000e+00	   2.1830000e+03	
   2.0600000e+02	   3.0400000e+02	   1.0600000e+02	   1.0000000e+00	   1.0000000e+00	   3.4150000e+00	   3.5450000e+00	   1.2650000e+00	   1.0000000e+00	   2.0000000e+00	   3.0000000e+00	   1.0000000e+00	   4.7400000e+03	
   2.0600000e+02	   2.1500000e+02	   1.1200000e+02	   4.0000000e+00	   5.0000000e+00	   3.4150000e+00	   4.7400000e+00	   2.3000000e-01	   1.0000000e+00	   2.0000000e+00	   3.0000000e+00	   2.0000000e+00	   2.1100000e+03	
   1.0200000e+02	   1.1000000e+02	   3.1400000e+02	   1.5000000e+01	   2.0000000e+00	   3.4650000e+00	   3.6800000e+00	   2.3000000e+00	   3.0000000e+00	   2.0000000e+00	   1.0000000e+00	   2.0000000e+00	   2.3900000e+03	
   1.0900000e+02	   1.1600000e+02	   1.1400000e+02	   5.0000000e+00	   4.0000000e+00	   3.9800000e+00	   3.0850000e+00	   3.2000000e-01	   3.0000000e+00	   2.0000000e+00	   1.0000000e+00	   3.0000000e+00	   2.7340000e+03	
   1.1000000e+02	   3.0400000e+02	   3.0200000e+02	   1.1000000e+01	   1.0000000e+00	   3.6800000e+00	   3.5450000e+00	   2.2150000e+00	   3.0000000e+00	   2.0000000e+00	   1.0000000e+00	   3.0000000e+00	   2.3240000e+03	
   1.1300000e+02	   2.0700000e+02	   1.1100000e+02	   3.0000000e+00	   2.0000000e+00	   4.3050000e+00	   4.0200000e+00	   4.0000000e-02	   1.0000000e+00	   2.0000000e+00	   3.0000000e+00	   2.0000000e+00	   1.9270000e+03	
   1.0200000e+02	   2.0600000e+02	   3.1400000e+02	   1.5000000e+01	   1.0000000e+00	   3.4650000e+00	   3.4150000e+00	   2.3000000e+00	   3.0000000e+00	   1.0000000e+00	   2.0000000e+00	   1.0000000e+00	   2.3590000e+03	
   1.0100000e+02	   3.0400000e+02	   3.1400000e+02	   1.5000000e+01	   2.0000000e+00	   3.2600000e+00	   3.5450000e+00	   2.3000000e+00	   1.0000000e+00	   2.0000000e+00	   3.0000000e+00	   1.0000000e+00	   1.7980000e+03	
   1.0100000e+02	   1.0200000e+02	   3.1200000e+02	   1.3000000e+01	   2.0000000e+00	   3.2600000e+00	   3.4650000e+00	   7.9000000e-01	   3.0000000e+00	   1.0000000e+00	   2.0000000e+00	   1.0000000e+00	   1.8450000e+03	
   2.0600000e+02	   2.1500000e+02	   2.0300000e+02	   7.0000000e+00	   5.0000000e+00	   3.4150000e+00	   4.7400000e+00	   3.0000000e+00	   2.0000000e+00	   1.0000000e+00	   3.0000000e+00	   1.0000000e+00	   2.3170000e+03	
   1.0800000e+02	   1.0900000e+02	   1.1100000e+02	   3.0000000e+00	   3.0000000e+00	   3.4500000e+00	   3.9800000e+00	   4.0000000e-02	   2.0000000e+00	   1.0000000e+00	   3.0000000e+00	   1.0000000e+00	   2.7250000e+03	
   1.0200000e+02	   2.0800000e+02	   2.1300000e+02	   1.0000000e+01	   3.0000000e+00	   3.4650000e+00	   3.8700000e+00	   1.7800000e+00	   2.0000000e+00	   3.0000000e+00	   1.0000000e+00	   3.0000000e+00	   2.5460000e+03	
   1.1000000e+02	   2.0800000e+02	   1.1100000e+02	   3.0000000e+00	   1.0000000e+00	   3.6800000e+00	   3.8700000e+00	   4.0000000e-02	   1.0000000e+00	   3.0000000e+00	   2.0000000e+00	   3.0000000e+00	   5.4870000e+03	
   2.0200000e+02	   2.0700000e+02	   2.1200000e+02	   9.0000000e+00	   4.0000000e+00	   3.3050000e+00	   4.0200000e+00	   2.9300000e+00	   1.0000000e+00	   2.0000000e+00	   3.0000000e+00	   2.0000000e+00	   4.8640000e+03	
   1.0100000e+02	   2.0200000e+02	   1.0700000e+02	   2.0000000e+00	   1.0000000e+00	   3.2600000e+00	   3.3050000e+00	   0.0000000e+00	   2.0000000e+00	   3.0000000e+00	   1.0000000e+00	   3.0000000e+00	   4.0920000e+03	
   1.0800000e+02	   2.0200000e+02	   2.0300000e+02	   7.0000000e+00	   1.0000000e+00	   3.4500000e+00	   3.3050000e+00	   3.0000000e+00	   1.0000000e+00	   2.0000000e+00	   3.0000000e+00	   1.0000000e+00	   5.0100000e+03	
   2.1500000e+02	   3.0400000e+02	   2.1200000e+02	   9.0000000e+00	   5.0000000e+00	   4.7400000e+00	   3.5450000e+00	   2.9300000e+00	   1.0000000e+00	   2.0000000e+00	   3.0000000e+00	   1.0000000e+00	   1.9030000e+03	
   1.1000000e+02	   2.0600000e+02	   2.1200000e+02	   9.0000000e+00	   2.0000000e+00	   3.6800000e+00	   3.4150000e+00	   2.9300000e+00	   1.0000000e+00	   3.0000000e+00	   2.0000000e+00	   2.0000000e+00	   2.1050000e+03	
   1.0800000e+02	   3.0300000e+02	   2.0300000e+02	   7.0000000e+00	   2.0000000e+00	   3.4500000e+00	   3.6700000e+00	   3.0000000e+00	   2.0000000e+00	   3.0000000e+00	   1.0000000e+00	   1.0000000e+00	   2.2970000e+03	
   1.0900000e+02	   1.1300000e+02	   3.1200000e+02	   1.3000000e+01	   2.0000000e+00	   3.9800000e+00	   4.3050000e+00	   7.9000000e-01	   1.0000000e+00	   2.0000000e+00	   3.0000000e+00	   1.0000000e+00	   2.2910000e+03	
   1.0100000e+02	   3.0300000e+02	   1.1400000e+02	   5.0000000e+00	   3.0000000e+00	   3.2600000e+00	   3.6700000e+00	   3.2000000e-01	   2.0000000e+00	   3.0000000e+00	   1.0000000e+00	   2.0000000e+00	   2.9800000e+03	
   1.1000000e+02	   1.1300000e+02	   1.0600000e+02	   1.0000000e+00	   4.0000000e+00	   3.6800000e+00	   4.3050000e+00	   1.2650000e+00	   1.0000000e+00	   3.0000000e+00	   2.0000000e+00	   3.0000000e+00	   1.9030000e+03	
   2.1500000e+02	   3.0300000e+02	   1.0600000e+02	   1.0000000e+00	   5.0000000e+00	   4.7400000e+00	   3.6700000e+00	   1.2650000e+00	   2.0000000e+00	   1.0000000e+00	   3.0000000e+00	   2.0000000e+00	   1.6830000e+03	
   2.1400000e+02	   3.0300000e+02	   2.0100000e+02	   6.0000000e+00	   5.0000000e+00	   4.9600000e+00	   3.6700000e+00	   2.7200000e+00	   1.0000000e+00	   3.0000000e+00	   2.0000000e+00	   1.0000000e+00	   1.7020000e+03	
   2.0600000e+02	   2.0800000e+02	   1.0600000e+02	   1.0000000e+00	   3.0000000e+00	   3.4150000e+00	   3.8700000e+00	   1.2650000e+00	   2.0000000e+00	   3.0000000e+00	   1.0000000e+00	   3.0000000e+00	   1.9860000e+03	
   1.0800000e+02	   1.1300000e+02	   1.0600000e+02	   1.0000000e+00	   4.0000000e+00	   3.4500000e+00	   4.3050000e+00	   1.2650000e+00	   3.0000000e+00	   1.0000000e+00	   2.0000000e+00	   1.0000000e+00	   2.7590000e+03	
   1.0100000e+02	   2.0600000e+02	   3.1300000e+02	   1.4000000e+01	   1.0000000e+00	   3.2600000e+00	   3.4150000e+00	   1.6600000e+00	   1.0000000e+00	   3.0000000e+00	   2.0000000e+00	   3.0000000e+00	   2.8410000e+03	
   1.1000000e+02	   2.1500000e+02	   2.0100000e+02	   6.0000000e+00	   5.0000000e+00	   3.6800000e+00	   4.7400000e+00	   2.7200000e+00	   2.0000000e+00	   3.0000000e+00	   1.0000000e+00	   3.0000000e+00	   1.1390000e+03	
   1.0900000e+02	   1.1300000e+02	   3.1300000e+02	   1.4000000e+01	   2.0000000e+00	   3.9800000e+00	   4.3050000e+00	   1.6600000e+00	   2.0000000e+00	   3.0000000e+00	   1.0000000e+00	   2.0000000e+00	   1.8220000e+03	
   1.0100000e+02	   1.1300000e+02	   3.1400000e+02	   1.5000000e+01	   5.0000000e+00	   3.2600000e+00	   4.3050000e+00	   2.3000000e+00	   3.0000000e+00	   2.0000000e+00	   1.0000000e+00	   2.0000000e+00	   3.4040000e+03	
   1.1600000e+02	   2.0700000e+02	   3.0500000e+02	   1.2000000e+01	   4.0000000e+00	   3.0850000e+00	   4.0200000e+00	   1.3950000e+00	   3.0000000e+00	   1.0000000e+00	   2.0000000e+00	   1.0000000e+00	   1.8420000e+03	
   1.1300000e+02	   2.1400000e+02	   1.1200000e+02	   4.0000000e+00	   4.0000000e+00	   4.3050000e+00	   4.9600000e+00	   2.3000000e-01	   3.0000000e+00	   2.0000000e+00	   1.0000000e+00	   2.0000000e+00	   1.4650000e+03	
   2.0600000e+02	   2.0800000e+02	   1.0700000e+02	   2.0000000e+00	   3.0000000e+00	   3.4150000e+00	   3.8700000e+00	   0.0000000e+00	   1.0000000e+00	   2.0000000e+00	   3.0000000e+00	   2.0000000e+00	   1.6660000e+03	
   1.1300000e+02	   3.0400000e+02	   1.1400000e+02	   5.0000000e+00	   4.0000000e+00	   4.3050000e+00	   3.5450000e+00	   3.2000000e-01	   1.0000000e+00	   3.0000000e+00	   2.0000000e+00	   1.0000000e+00	   1.3850000e+03	
   2.0600000e+02	   3.0300000e+02	   2.1200000e+02	   9.0000000e+00	   2.0000000e+00	   3.4150000e+00	   3.6700000e+00	   2.9300000e+00	   1.0000000e+00	   2.0000000e+00	   3.0000000e+00	   3.0000000e+00	   1.9240000e+03	
   1.1000000e+02	   2.0600000e+02	   3.1200000e+02	   1.3000000e+01	   2.0000000e+00	   3.6800000e+00	   3.4150000e+00	   7.9000000e-01	   1.0000000e+00	   3.0000000e+00	   2.0000000e+00	   3.0000000e+00	   1.8800000e+03	
   2.0200000e+02	   2.0600000e+02	   3.0200000e+02	   1.1000000e+01	   1.0000000e+00	   3.3050000e+00	   3.4150000e+00	   2.2150000e+00	   3.0000000e+00	   2.0000000e+00	   1.0000000e+00	   2.0000000e+00	   1.7380000e+03	
   1.0800000e+02	   3.0400000e+02	   2.0900000e+02	   8.0000000e+00	   1.0000000e+00	   3.4500000e+00	   3.5450000e+00	   2.7650000e+00	   1.0000000e+00	   3.0000000e+00	   2.0000000e+00	   1.0000000e+00	   1.4480000e+03	
   1.0200000e+02	   2.1500000e+02	   3.1400000e+02	   1.5000000e+01	   5.0000000e+00	   3.4650000e+00	   4.7400000e+00	   2.3000000e+00	   3.0000000e+00	   2.0000000e+00	   1.0000000e+00	   2.0000000e+00	   1.4580000e+03	
   1.1600000e+02	   2.0200000e+02	   2.1300000e+02	   1.0000000e+01	   2.0000000e+00	   3.0850000e+00	   3.3050000e+00	   1.7800000e+00	   3.0000000e+00	   1.0000000e+00	   2.0000000e+00	   1.0000000e+00	   1.5590000e+03	
   1.1000000e+02	   2.0600000e+02	   2.1300000e+02	   1.0000000e+01	   2.0000000e+00	   3.6800000e+00	   3.4150000e+00	   1.7800000e+00	   1.0000000e+00	   3.0000000e+00	   2.0000000e+00	   2.0000000e+00	   2.3050000e+03	
   1.0800000e+02	   2.0800000e+02	   1.0600000e+02	   1.0000000e+00	   3.0000000e+00	   3.4500000e+00	   3.8700000e+00	   1.2650000e+00	   3.0000000e+00	   2.0000000e+00	   1.0000000e+00	   2.0000000e+00	   3.1150000e+03	
   2.0700000e+02	   2.1500000e+02	   1.1100000e+02	   3.0000000e+00	   4.0000000e+00	   4.0200000e+00	   4.7400000e+00	   4.0000000e-02	   1.0000000e+00	   2.0000000e+00	   3.0000000e+00	   2.0000000e+00	   2.0170000e+03	
   1.1600000e+02	   3.0400000e+02	   3.0200000e+02	   1.1000000e+01	   3.0000000e+00	   3.0850000e+00	   3.5450000e+00	   2.2150000e+00	   2.0000000e+00	   1.0000000e+00	   3.0000000e+00	   2.0000000e+00	   1.7470000e+03	
   1.0100000e+02	   2.0600000e+02	   3.1200000e+02	   1.3000000e+01	   1.0000000e+00	   3.2600000e+00	   3.4150000e+00	   7.9000000e-01	   3.0000000e+00	   2.0000000e+00	   1.0000000e+00	   2.0000000e+00	   1.7350000e+03	
   1.1600000e+02	   3.0300000e+02	   2.0300000e+02	   7.0000000e+00	   3.0000000e+00	   3.0850000e+00	   3.6700000e+00	   3.0000000e+00	   3.0000000e+00	   2.0000000e+00	   1.0000000e+00	   3.0000000e+00	   3.0780000e+03	
   2.0600000e+02	   2.1400000e+02	   2.1300000e+02	   1.0000000e+01	   5.0000000e+00	   3.4150000e+00	   4.9600000e+00	   1.7800000e+00	   2.0000000e+00	   3.0000000e+00	   1.0000000e+00	   3.0000000e+00	   2.6080000e+03	
   1.0800000e+02	   2.0700000e+02	   1.1400000e+02	   5.0000000e+00	   3.0000000e+00	   3.4500000e+00	   4.0200000e+00	   3.2000000e-01	   2.0000000e+00	   3.0000000e+00	   1.0000000e+00	   3.0000000e+00	   1.8070000e+03	
   1.1000000e+02	   2.1500000e+02	   3.0200000e+02	   1.1000000e+01	   5.0000000e+00	   3.6800000e+00	   4.7400000e+00	   2.2150000e+00	   3.0000000e+00	   1.0000000e+00	   2.0000000e+00	   1.0000000e+00	   1.7840000e+03	
   1.0900000e+02	   2.1400000e+02	   3.1400000e+02	   1.5000000e+01	   4.0000000e+00	   3.9800000e+00	   4.9600000e+00	   2.3000000e+00	   1.0000000e+00	   2.0000000e+00	   3.0000000e+00	   2.0000000e+00	   1.8130000e+03	
   1.0900000e+02	   2.0200000e+02	   1.1100000e+02	   3.0000000e+00	   4.0000000e+00	   3.9800000e+00	   3.3050000e+00	   4.0000000e-02	   2.0000000e+00	   1.0000000e+00	   3.0000000e+00	   2.0000000e+00	   2.0530000e+03	
   1.1600000e+02	   2.0800000e+02	   2.0900000e+02	   8.0000000e+00	   4.0000000e+00	   3.0850000e+00	   3.8700000e+00	   2.7650000e+00	   3.0000000e+00	   2.0000000e+00	   1.0000000e+00	   2.0000000e+00	   2.0570000e+03	
   1.0800000e+02	   3.0400000e+02	   2.1300000e+02	   1.0000000e+01	   1.0000000e+00	   3.4500000e+00	   3.5450000e+00	   1.7800000e+00	   3.0000000e+00	   2.0000000e+00	   1.0000000e+00	   1.0000000e+00	   2.4740000e+03	
   1.1600000e+02	   2.0600000e+02	   2.0100000e+02	   6.0000000e+00	   2.0000000e+00	   3.0850000e+00	   3.4150000e+00	   2.7200000e+00	   2.0000000e+00	   1.0000000e+00	   3.0000000e+00	   3.0000000e+00	   2.1060000e+03	
   2.1500000e+02	   3.0400000e+02	   1.1400000e+02	   5.0000000e+00	   5.0000000e+00	   4.7400000e+00	   3.5450000e+00	   3.2000000e-01	   2.0000000e+00	   3.0000000e+00	   1.0000000e+00	   2.0000000e+00	   2.2110000e+03	
   2.1400000e+02	   2.1500000e+02	   2.0300000e+02	   7.0000000e+00	   2.0000000e+00	   4.9600000e+00	   4.7400000e+00	   3.0000000e+00	   2.0000000e+00	   1.0000000e+00	   3.0000000e+00	   1.0000000e+00	   1.6220000e+03	
   1.1000000e+02	   2.0700000e+02	   3.0200000e+02	   1.1000000e+01	   2.0000000e+00	   3.6800000e+00	   4.0200000e+00	   2.2150000e+00	   1.0000000e+00	   2.0000000e+00	   3.0000000e+00	   2.0000000e+00	   1.8420000e+03	
   1.1600000e+02	   3.0300000e+02	   3.0200000e+02	   1.1000000e+01	   3.0000000e+00	   3.0850000e+00	   3.6700000e+00	   2.2150000e+00	   3.0000000e+00	   1.0000000e+00	   2.0000000e+00	   3.0000000e+00	   1.6610000e+03	
   1.0200000e+02	   2.0200000e+02	   3.1200000e+02	   1.3000000e+01	   1.0000000e+00	   3.4650000e+00	   3.3050000e+00	   7.9000000e-01	   2.0000000e+00	   3.0000000e+00	   1.0000000e+00	   2.0000000e+00	   2.1730000e+03	
   2.0200000e+02	   3.0400000e+02	   1.1100000e+02	   3.0000000e+00	   2.0000000e+00	   3.3050000e+00	   3.5450000e+00	   4.0000000e-02	   3.0000000e+00	   1.0000000e+00	   2.0000000e+00	   3.0000000e+00	   1.6010000e+03	
   2.0700000e+02	   2.0800000e+02	   3.1300000e+02	   1.4000000e+01	   1.0000000e+00	   4.0200000e+00	   3.8700000e+00	   1.6600000e+00	   1.0000000e+00	   3.0000000e+00	   2.0000000e+00	   1.0000000e+00	   1.7050000e+03	
   1.0900000e+02	   1.1300000e+02	   1.1100000e+02	   3.0000000e+00	   2.0000000e+00	   3.9800000e+00	   4.3050000e+00	   4.0000000e-02	   1.0000000e+00	   2.0000000e+00	   3.0000000e+00	   1.0000000e+00	   2.0800000e+03	
   3.0300000e+02	   3.0400000e+02	   3.0500000e+02	   1.2000000e+01	   1.0000000e+00	   3.6700000e+00	   3.5450000e+00	   1.3950000e+00	   3.0000000e+00	   1.0000000e+00	   2.0000000e+00	   3.0000000e+00	   4.2790000e+03	
   1.0200000e+02	   1.1600000e+02	   3.1300000e+02	   1.4000000e+01	   3.0000000e+00	   3.4650000e+00	   3.0850000e+00	   1.6600000e+00	   3.0000000e+00	   1.0000000e+00	   2.0000000e+00	   3.0000000e+00	   2.1400000e+03	
   1.1600000e+02	   3.0400000e+02	   3.0500000e+02	   1.2000000e+01	   3.0000000e+00	   3.0850000e+00	   3.5450000e+00	   1.3950000e+00	   1.0000000e+00	   2.0000000e+00	   3.0000000e+00	   1.0000000e+00	   2.2120000e+03	
   1.0800000e+02	   2.1500000e+02	   2.0900000e+02	   8.0000000e+00	   5.0000000e+00	   3.4500000e+00	   4.7400000e+00	   2.7650000e+00	   2.0000000e+00	   3.0000000e+00	   1.0000000e+00	   3.0000000e+00	   1.2280000e+03	
   2.0700000e+02	   3.0300000e+02	   3.0200000e+02	   1.1000000e+01	   2.0000000e+00	   4.0200000e+00	   3.6700000e+00	   2.2150000e+00	   3.0000000e+00	   1.0000000e+00	   2.0000000e+00	   3.0000000e+00	   1.2210000e+03	
   1.1600000e+02	   3.0400000e+02	   3.1300000e+02	   1.4000000e+01	   3.0000000e+00	   3.0850000e+00	   3.5450000e+00	   1.6600000e+00	   3.0000000e+00	   2.0000000e+00	   1.0000000e+00	   3.0000000e+00	   1.6410000e+03	
   1.0800000e+02	   2.0700000e+02	   1.0700000e+02	   2.0000000e+00	   3.0000000e+00	   3.4500000e+00	   4.0200000e+00	   0.0000000e+00	   3.0000000e+00	   2.0000000e+00	   1.0000000e+00	   2.0000000e+00	   1.5070000e+03	
   1.0100000e+02	   1.0900000e+02	   2.1200000e+02	   9.0000000e+00	   4.0000000e+00	   3.2600000e+00	   3.9800000e+00	   2.9300000e+00	   1.0000000e+00	   3.0000000e+00	   2.0000000e+00	   3.0000000e+00	   1.4870000e+03	
   1.0800000e+02	   2.0800000e+02	   3.1400000e+02	   1.5000000e+01	   3.0000000e+00	   3.4500000e+00	   3.8700000e+00	   2.3000000e+00	   2.0000000e+00	   1.0000000e+00	   3.0000000e+00	   1.0000000e+00	   2.0340000e+03	
   1.0900000e+02	   1.1600000e+02	   3.0500000e+02	   1.2000000e+01	   4.0000000e+00	   3.9800000e+00	   3.0850000e+00	   1.3950000e+00	   2.0000000e+00	   3.0000000e+00	   1.0000000e+00	   2.0000000e+00	   2.2460000e+03	
   1.1300000e+02	   2.1500000e+02	   3.1200000e+02	   1.3000000e+01	   3.0000000e+00	   4.3050000e+00	   4.7400000e+00	   7.9000000e-01	   3.0000000e+00	   1.0000000e+00	   2.0000000e+00	   1.0000000e+00	   1.7400000e+03	
   1.0100000e+02	   3.0400000e+02	   1.1200000e+02	   4.0000000e+00	   2.0000000e+00	   3.2600000e+00	   3.5450000e+00	   2.3000000e-01	   3.0000000e+00	   1.0000000e+00	   2.0000000e+00	   3.0000000e+00	   2.5570000e+03	
   1.0200000e+02	   1.0800000e+02	   1.0600000e+02	   1.0000000e+00	   1.0000000e+00	   3.4650000e+00	   3.4500000e+00	   1.2650000e+00	   1.0000000e+00	   2.0000000e+00	   3.0000000e+00	   2.0000000e+00	   1.9670000e+03	
   1.0800000e+02	   3.0400000e+02	   3.1200000e+02	   1.3000000e+01	   1.0000000e+00	   3.4500000e+00	   3.5450000e+00	   7.9000000e-01	   3.0000000e+00	   2.0000000e+00	   1.0000000e+00	   2.0000000e+00	   2.2930000e+03	
   2.0600000e+02	   2.0800000e+02	   2.0900000e+02	   8.0000000e+00	   3.0000000e+00	   3.4150000e+00	   3.8700000e+00	   2.7650000e+00	   3.0000000e+00	   1.0000000e+00	   2.0000000e+00	   1.0000000e+00	   1.6820000e+03	
   2.1400000e+02	   3.0400000e+02	   2.0100000e+02	   6.0000000e+00	   5.0000000e+00	   4.9600000e+00	   3.5450000e+00	   2.7200000e+00	   1.0000000e+00	   3.0000000e+00	   2.0000000e+00	   1.0000000e+00	   1.9720000e+03	
   1.0100000e+02	   1.1000000e+02	   2.0900000e+02	   8.0000000e+00	   3.0000000e+00	   3.2600000e+00	   3.6800000e+00	   2.7650000e+00	   3.0000000e+00	   2.0000000e+00	   1.0000000e+00	   2.0000000e+00	   1.9560000e+03	
   2.0700000e+02	   2.0800000e+02	   1.1400000e+02	   5.0000000e+00	   1.0000000e+00	   4.0200000e+00	   3.8700000e+00	   3.2000000e-01	   3.0000000e+00	   2.0000000e+00	   1.0000000e+00	   2.0000000e+00	   2.0310000e+03	
   1.1600000e+02	   2.1500000e+02	   2.1200000e+02	   9.0000000e+00	   5.0000000e+00	   3.0850000e+00	   4.7400000e+00	   2.9300000e+00	   2.0000000e+00	   1.0000000e+00	   3.0000000e+00	   1.0000000e+00	   1.9850000e+03	
   1.0100000e+02	   1.1000000e+02	   2.1200000e+02	   9.0000000e+00	   3.0000000e+00	   3.2600000e+00	   3.6800000e+00	   2.9300000e+00	   1.0000000e+00	   3.0000000e+00	   2.0000000e+00	   2.0000000e+00	   2.2260000e+03	
   1.1600000e+02	   2.1500000e+02	   1.1200000e+02	   4.0000000e+00	   5.0000000e+00	   3.0850000e+00	   4.7400000e+00	   2.3000000e-01	   2.0000000e+00	   3.0000000e+00	   1.0000000e+00	   3.0000000e+00	   2.1510000e+03	
   1.0900000e+02	   2.0700000e+02	   2.0900000e+02	   8.0000000e+00	   1.0000000e+00	   3.9800000e+00	   4.0200000e+00	   2.7650000e+00	   1.0000000e+00	   2.0000000e+00	   3.0000000e+00	   2.0000000e+00	   1.5500000e+03	
   1.1300000e+02	   2.0200000e+02	   2.1200000e+02	   9.0000000e+00	   4.0000000e+00	   4.3050000e+00	   3.3050000e+00	   2.9300000e+00	   1.0000000e+00	   2.0000000e+00	   3.0000000e+00	   1.0000000e+00	   1.8410000e+03	
   1.0200000e+02	   1.0800000e+02	   3.0500000e+02	   1.2000000e+01	   1.0000000e+00	   3.4650000e+00	   3.4500000e+00	   1.3950000e+00	   1.0000000e+00	   3.0000000e+00	   2.0000000e+00	   1.0000000e+00	   1.4570000e+03	
   1.1600000e+02	   2.0800000e+02	   1.1200000e+02	   4.0000000e+00	   4.0000000e+00	   3.0850000e+00	   3.8700000e+00	   2.3000000e-01	   3.0000000e+00	   2.0000000e+00	   1.0000000e+00	   2.0000000e+00	   2.9040000e+03	
   1.0800000e+02	   2.1400000e+02	   3.1300000e+02	   1.4000000e+01	   5.0000000e+00	   3.4500000e+00	   4.9600000e+00	   1.6600000e+00	   1.0000000e+00	   3.0000000e+00	   2.0000000e+00	   3.0000000e+00	   1.5670000e+03	
   1.1300000e+02	   2.1500000e+02	   3.1400000e+02	   1.5000000e+01	   3.0000000e+00	   4.3050000e+00	   4.7400000e+00	   2.3000000e+00	   2.0000000e+00	   3.0000000e+00	   1.0000000e+00	   3.0000000e+00	   2.2000000e+03	
   2.0200000e+02	   3.0300000e+02	   3.1200000e+02	   1.3000000e+01	   2.0000000e+00	   3.3050000e+00	   3.6700000e+00	   7.9000000e-01	   1.0000000e+00	   3.0000000e+00	   2.0000000e+00	   3.0000000e+00	   2.1460000e+03	
   1.1600000e+02	   3.0400000e+02	   1.1200000e+02	   4.0000000e+00	   3.0000000e+00	   3.0850000e+00	   3.5450000e+00	   2.3000000e-01	   3.0000000e+00	   2.0000000e+00	   1.0000000e+00	   3.0000000e+00	   1.9870000e+03	
   2.1400000e+02	   2.1500000e+02	   2.1200000e+02	   9.0000000e+00	   2.0000000e+00	   4.9600000e+00	   4.7400000e+00	   2.9300000e+00	   2.0000000e+00	   1.0000000e+00	   3.0000000e+00	   1.0000000e+00	   1.9650000e+03	
   1.0900000e+02	   2.1500000e+02	   3.1300000e+02	   1.4000000e+01	   4.0000000e+00	   3.9800000e+00	   4.7400000e+00	   1.6600000e+00	   2.0000000e+00	   1.0000000e+00	   3.0000000e+00	   2.0000000e+00	   2.5490000e+03	
   1.1000000e+02	   3.0300000e+02	   1.1100000e+02	   3.0000000e+00	   1.0000000e+00	   3.6800000e+00	   3.6700000e+00	   4.0000000e-02	   2.0000000e+00	   3.0000000e+00	   1.0000000e+00	   2.0000000e+00	   1.8740000e+03	
   1.1300000e+02	   2.0800000e+02	   1.1400000e+02	   5.0000000e+00	   3.0000000e+00	   4.3050000e+00	   3.8700000e+00	   3.2000000e-01	   2.0000000e+00	   1.0000000e+00	   3.0000000e+00	   1.0000000e+00	   1.6690000e+03	
   2.1400000e+02	   3.0400000e+02	   3.0200000e+02	   1.1000000e+01	   5.0000000e+00	   4.9600000e+00	   3.5450000e+00	   2.2150000e+00	   1.0000000e+00	   2.0000000e+00	   3.0000000e+00	   1.0000000e+00	   1.4970000e+03	
   1.0800000e+02	   2.0700000e+02	   3.1400000e+02	   1.5000000e+01	   3.0000000e+00	   3.4500000e+00	   4.0200000e+00	   2.3000000e+00	   3.0000000e+00	   2.0000000e+00	   1.0000000e+00	   2.0000000e+00	   2.2860000e+03	
   1.0100000e+02	   3.0400000e+02	   2.0900000e+02	   8.0000000e+00	   2.0000000e+00	   3.2600000e+00	   3.5450000e+00	   2.7650000e+00	   1.0000000e+00	   3.0000000e+00	   2.0000000e+00	   2.0000000e+00	   1.8680000e+03	
   2.1400000e+02	   3.0300000e+02	   3.1200000e+02	   1.3000000e+01	   5.0000000e+00	   4.9600000e+00	   3.6700000e+00	   7.9000000e-01	   2.0000000e+00	   1.0000000e+00	   3.0000000e+00	   2.0000000e+00	   1.4800000e+03	
   1.1000000e+02	   2.0600000e+02	   1.0600000e+02	   1.0000000e+00	   2.0000000e+00	   3.6800000e+00	   3.4150000e+00	   1.2650000e+00	   1.0000000e+00	   3.0000000e+00	   2.0000000e+00	   1.0000000e+00	   2.0290000e+03	
   1.0100000e+02	   2.0200000e+02	   3.0500000e+02	   1.2000000e+01	   1.0000000e+00	   3.2600000e+00	   3.3050000e+00	   1.3950000e+00	   3.0000000e+00	   1.0000000e+00	   2.0000000e+00	   1.0000000e+00	   1.7280000e+03	
   2.1400000e+02	   3.0400000e+02	   1.1400000e+02	   5.0000000e+00	   5.0000000e+00	   4.9600000e+00	   3.5450000e+00	   3.2000000e-01	   3.0000000e+00	   1.0000000e+00	   2.0000000e+00	   3.0000000e+00	   1.6980000e+03	
   1.1600000e+02	   3.0300000e+02	   3.1400000e+02	   1.5000000e+01	   3.0000000e+00	   3.0850000e+00	   3.6700000e+00	   2.3000000e+00	   3.0000000e+00	   1.0000000e+00	   2.0000000e+00	   3.0000000e+00	   1.4730000e+03	
   1.0900000e+02	   2.0200000e+02	   1.0700000e+02	   2.0000000e+00	   4.0000000e+00	   3.9800000e+00	   3.3050000e+00	   0.0000000e+00	   1.0000000e+00	   2.0000000e+00	   3.0000000e+00	   1.0000000e+00	   1.5490000e+03	
   1.0800000e+02	   1.1300000e+02	   2.1300000e+02	   1.0000000e+01	   4.0000000e+00	   3.4500000e+00	   4.3050000e+00	   1.7800000e+00	   1.0000000e+00	   2.0000000e+00	   3.0000000e+00	   2.0000000e+00	   1.2560000e+03	
   1.0100000e+02	   2.0800000e+02	   2.0100000e+02	   6.0000000e+00	   4.0000000e+00	   3.2600000e+00	   3.8700000e+00	   2.7200000e+00	   1.0000000e+00	   3.0000000e+00	   2.0000000e+00	   3.0000000e+00	   1.5610000e+03	
   2.0600000e+02	   3.0400000e+02	   2.1200000e+02	   9.0000000e+00	   1.0000000e+00	   3.4150000e+00	   3.5450000e+00	   2.9300000e+00	   3.0000000e+00	   2.0000000e+00	   1.0000000e+00	   3.0000000e+00	   1.9150000e+03	
   1.1000000e+02	   2.1500000e+02	   3.1300000e+02	   1.4000000e+01	   5.0000000e+00	   3.6800000e+00	   4.7400000e+00	   1.6600000e+00	   2.0000000e+00	   3.0000000e+00	   1.0000000e+00	   3.0000000e+00	   1.5980000e+03	
   1.1600000e+02	   2.0600000e+02	   2.0300000e+02	   7.0000000e+00	   2.0000000e+00	   3.0850000e+00	   3.4150000e+00	   3.0000000e+00	   1.0000000e+00	   2.0000000e+00	   3.0000000e+00	   2.0000000e+00	   1.9140000e+03	
   2.0600000e+02	   3.0300000e+02	   2.0100000e+02	   6.0000000e+00	   2.0000000e+00	   3.4150000e+00	   3.6700000e+00	   2.7200000e+00	   2.0000000e+00	   3.0000000e+00	   1.0000000e+00	   2.0000000e+00	   2.4070000e+03	
   1.0100000e+02	   1.0900000e+02	   3.1300000e+02	   1.4000000e+01	   4.0000000e+00	   3.2600000e+00	   3.9800000e+00	   1.6600000e+00	   2.0000000e+00	   3.0000000e+00	   1.0000000e+00	   3.0000000e+00	   1.4270000e+03	
   2.0600000e+02	   2.1400000e+02	   2.0300000e+02	   7.0000000e+00	   5.0000000e+00	   3.4150000e+00	   4.9600000e+00	   3.0000000e+00	   3.0000000e+00	   1.0000000e+00	   2.0000000e+00	   1.0000000e+00	   1.2190000e+03	
   1.0800000e+02	   3.0300000e+02	   3.0500000e+02	   1.2000000e+01	   2.0000000e+00	   3.4500000e+00	   3.6700000e+00	   1.3950000e+00	   1.0000000e+00	   3.0000000e+00	   2.0000000e+00	   1.0000000e+00	   1.7850000e+03	
   1.1600000e+02	   2.0200000e+02	   1.1400000e+02	   5.0000000e+00	   2.0000000e+00	   3.0850000e+00	   3.3050000e+00	   3.2000000e-01	   3.0000000e+00	   2.0000000e+00	   1.0000000e+00	   3.0000000e+00	   2.3270000e+03	
   2.0800000e+02	   2.1500000e+02	   3.0200000e+02	   1.1000000e+01	   4.0000000e+00	   3.8700000e+00	   4.7400000e+00	   2.2150000e+00	   3.0000000e+00	   1.0000000e+00	   2.0000000e+00	   1.0000000e+00	   1.6460000e+03	
   1.0200000e+02	   2.0800000e+02	   3.1200000e+02	   1.3000000e+01	   3.0000000e+00	   3.4650000e+00	   3.8700000e+00	   7.9000000e-01	   1.0000000e+00	   2.0000000e+00	   3.0000000e+00	   2.0000000e+00	   1.8760000e+03	
   2.0600000e+02	   2.1400000e+02	   1.0600000e+02	   1.0000000e+00	   5.0000000e+00	   3.4150000e+00	   4.9600000e+00	   1.2650000e+00	   1.0000000e+00	   2.0000000e+00	   3.0000000e+00	   2.0000000e+00	   1.9550000e+03	
   1.1000000e+02	   2.1500000e+02	   3.0500000e+02	   1.2000000e+01	   5.0000000e+00	   3.6800000e+00	   4.7400000e+00	   1.3950000e+00	   2.0000000e+00	   1.0000000e+00	   3.0000000e+00	   1.0000000e+00	   1.8370000e+03	
   1.1300000e+02	   2.0200000e+02	   2.0300000e+02	   7.0000000e+00	   4.0000000e+00	   4.3050000e+00	   3.3050000e+00	   3.0000000e+00	   3.0000000e+00	   1.0000000e+00	   2.0000000e+00	   3.0000000e+00	   2.5810000e+03	
   1.0900000e+02	   2.0700000e+02	   1.0700000e+02	   2.0000000e+00	   1.0000000e+00	   3.9800000e+00	   4.0200000e+00	   0.0000000e+00	   3.0000000e+00	   2.0000000e+00	   1.0000000e+00	   3.0000000e+00	   1.3430000e+03	
   2.0700000e+02	   2.1400000e+02	   2.0300000e+02	   7.0000000e+00	   4.0000000e+00	   4.0200000e+00	   4.9600000e+00	   3.0000000e+00	   2.0000000e+00	   1.0000000e+00	   3.0000000e+00	   1.0000000e+00	   1.5050000e+03	
   1.0200000e+02	   1.1300000e+02	   1.0600000e+02	   1.0000000e+00	   4.0000000e+00	   3.4650000e+00	   4.3050000e+00	   1.2650000e+00	   3.0000000e+00	   2.0000000e+00	   1.0000000e+00	   2.0000000e+00	   2.2820000e+03	
   1.0100000e+02	   2.0600000e+02	   2.1200000e+02	   9.0000000e+00	   1.0000000e+00	   3.2600000e+00	   3.4150000e+00	   2.9300000e+00	   3.0000000e+00	   1.0000000e+00	   2.0000000e+00	   2.0000000e+00	   1.6650000e+03	
   1.1300000e+02	   3.0300000e+02	   2.1300000e+02	   1.0000000e+01	   4.0000000e+00	   4.3050000e+00	   3.6700000e+00	   1.7800000e+00	   2.0000000e+00	   1.0000000e+00	   3.0000000e+00	   2.0000000e+00	   2.1940000e+03	
   2.0700000e+02	   2.1500000e+02	   1.1200000e+02	   4.0000000e+00	   4.0000000e+00	   4.0200000e+00	   4.7400000e+00	   2.3000000e-01	   2.0000000e+00	   3.0000000e+00	   1.0000000e+00	   3.0000000e+00	   1.1980000e+03	
   3.0300000e+02	   3.0400000e+02	   1.1200000e+02	   4.0000000e+00	   1.0000000e+00	   3.6700000e+00	   3.5450000e+00	   2.3000000e-01	   1.0000000e+00	   3.0000000e+00	   2.0000000e+00	   2.0000000e+00	   2.4110000e+03	
   1.0200000e+02	   2.1500000e+02	   1.0700000e+02	   2.0000000e+00	   5.0000000e+00	   3.4650000e+00	   4.7400000e+00	   0.0000000e+00	   3.0000000e+00	   1.0000000e+00	   2.0000000e+00	   1.0000000e+00	   2.1700000e+03	
   1.0800000e+02	   3.0300000e+02	   3.1300000e+02	   1.4000000e+01	   2.0000000e+00	   3.4500000e+00	   3.6700000e+00	   1.6600000e+00	   2.0000000e+00	   3.0000000e+00	   1.0000000e+00	   2.0000000e+00	   1.9920000e+03	
   1.0200000e+02	   1.1000000e+02	   3.0200000e+02	   1.1000000e+01	   2.0000000e+00	   3.4650000e+00	   3.6800000e+00	   2.2150000e+00	   3.0000000e+00	   2.0000000e+00	   1.0000000e+00	   3.0000000e+00	   1.7820000e+03	
   1.1300000e+02	   2.0800000e+02	   2.0900000e+02	   8.0000000e+00	   3.0000000e+00	   4.3050000e+00	   3.8700000e+00	   2.7650000e+00	   1.0000000e+00	   3.0000000e+00	   2.0000000e+00	   3.0000000e+00	   2.9110000e+03	
   1.0100000e+02	   2.1400000e+02	   2.0300000e+02	   7.0000000e+00	   5.0000000e+00	   3.2600000e+00	   4.9600000e+00	   3.0000000e+00	   2.0000000e+00	   3.0000000e+00	   1.0000000e+00	   3.0000000e+00	   1.4870000e+03	
   2.1500000e+02	   3.0300000e+02	   1.0700000e+02	   2.0000000e+00	   5.0000000e+00	   4.7400000e+00	   3.6700000e+00	   0.0000000e+00	   3.0000000e+00	   1.0000000e+00	   2.0000000e+00	   3.0000000e+00	   1.0300000e+03	
   2.0800000e+02	   3.0400000e+02	   2.1300000e+02	   1.0000000e+01	   2.0000000e+00	   3.8700000e+00	   3.5450000e+00	   1.7800000e+00	   2.0000000e+00	   1.0000000e+00	   3.0000000e+00	   2.0000000e+00	   1.6770000e+03	
   2.1400000e+02	   2.1500000e+02	   1.0700000e+02	   2.0000000e+00	   2.0000000e+00	   4.9600000e+00	   4.7400000e+00	   0.0000000e+00	   3.0000000e+00	   1.0000000e+00	   2.0000000e+00	   3.0000000e+00	   1.0420000e+03	
   1.0200000e+02	   3.0300000e+02	   3.1400000e+02	   1.5000000e+01	   2.0000000e+00	   3.4650000e+00	   3.6700000e+00	   2.3000000e+00	   1.0000000e+00	   3.0000000e+00	   2.0000000e+00	   1.0000000e+00	   1.0130000e+03	
   2.0600000e+02	   2.1400000e+02	   3.1200000e+02	   1.3000000e+01	   5.0000000e+00	   3.4150000e+00	   4.9600000e+00	   7.9000000e-01	   2.0000000e+00	   3.0000000e+00	   1.0000000e+00	   3.0000000e+00	   1.1060000e+03	
   1.1600000e+02	   2.0700000e+02	   3.0200000e+02	   1.1000000e+01	   4.0000000e+00	   3.0850000e+00	   4.0200000e+00	   2.2150000e+00	   3.0000000e+00	   1.0000000e+00	   2.0000000e+00	   3.0000000e+00	   1.3910000e+03	
   1.0100000e+02	   1.1600000e+02	   3.1200000e+02	   1.3000000e+01	   1.0000000e+00	   3.2600000e+00	   3.0850000e+00	   7.9000000e-01	   1.0000000e+00	   3.0000000e+00	   2.0000000e+00	   3.0000000e+00	   1.8580000e+03	
   1.1300000e+02	   2.1500000e+02	   2.1200000e+02	   9.0000000e+00	   3.0000000e+00	   4.3050000e+00	   4.7400000e+00	   2.9300000e+00	   2.0000000e+00	   3.0000000e+00	   1.0000000e+00	   3.0000000e+00	   1.1420000e+03	
   2.0200000e+02	   2.1500000e+02	   2.1300000e+02	   1.0000000e+01	   5.0000000e+00	   3.3050000e+00	   4.7400000e+00	   1.7800000e+00	   2.0000000e+00	   3.0000000e+00	   1.0000000e+00	   3.0000000e+00	   1.2810000e+03	
   1.1000000e+02	   2.1500000e+02	   1.0700000e+02	   2.0000000e+00	   5.0000000e+00	   3.6800000e+00	   4.7400000e+00	   0.0000000e+00	   2.0000000e+00	   3.0000000e+00	   1.0000000e+00	   3.0000000e+00	   1.0240000e+03	
   2.0600000e+02	   2.0700000e+02	   3.1300000e+02	   1.4000000e+01	   3.0000000e+00	   3.4150000e+00	   4.0200000e+00	   1.6600000e+00	   3.0000000e+00	   1.0000000e+00	   2.0000000e+00	   1.0000000e+00	   1.6560000e+03	
   2.0800000e+02	   3.0400000e+02	   3.1300000e+02	   1.4000000e+01	   2.0000000e+00	   3.8700000e+00	   3.5450000e+00	   1.6600000e+00	   1.0000000e+00	   3.0000000e+00	   2.0000000e+00	   1.0000000e+00	   1.4580000e+03	
   1.0200000e+02	   1.1600000e+02	   1.0600000e+02	   1.0000000e+00	   3.0000000e+00	   3.4650000e+00	   3.0850000e+00	   1.2650000e+00	   3.0000000e+00	   2.0000000e+00	   1.0000000e+00	   2.0000000e+00	   2.1350000e+03	
   2.0700000e+02	   2.1500000e+02	   1.1400000e+02	   5.0000000e+00	   4.0000000e+00	   4.0200000e+00	   4.7400000e+00	   3.2000000e-01	   1.0000000e+00	   3.0000000e+00	   2.0000000e+00	   3.0000000e+00	   1.5280000e+03	
   2.0700000e+02	   2.0800000e+02	   3.1400000e+02	   1.5000000e+01	   1.0000000e+00	   4.0200000e+00	   3.8700000e+00	   2.3000000e+00	   1.0000000e+00	   2.0000000e+00	   3.0000000e+00	   2.0000000e+00	   1.4670000e+03	
   2.1400000e+02	   3.0400000e+02	   2.0900000e+02	   8.0000000e+00	   5.0000000e+00	   4.9600000e+00	   3.5450000e+00	   2.7650000e+00	   2.0000000e+00	   3.0000000e+00	   1.0000000e+00	   2.0000000e+00	   1.4220000e+03	
   2.0200000e+02	   2.0600000e+02	   2.0300000e+02	   7.0000000e+00	   1.0000000e+00	   3.3050000e+00	   3.4150000e+00	   3.0000000e+00	   1.0000000e+00	   3.0000000e+00	   2.0000000e+00	   1.0000000e+00	   2.4140000e+03	
   2.1500000e+02	   3.0400000e+02	   2.0100000e+02	   6.0000000e+00	   5.0000000e+00	   4.7400000e+00	   3.5450000e+00	   2.7200000e+00	   2.0000000e+00	   3.0000000e+00	   1.0000000e+00	   2.0000000e+00	   1.4140000e+03	
   2.0800000e+02	   2.1500000e+02	   2.0300000e+02	   7.0000000e+00	   4.0000000e+00	   3.8700000e+00	   4.7400000e+00	   3.0000000e+00	   2.0000000e+00	   1.0000000e+00	   3.0000000e+00	   1.0000000e+00	   1.2910000e+03	
   1.0200000e+02	   1.0800000e+02	   1.1200000e+02	   4.0000000e+00	   1.0000000e+00	   3.4650000e+00	   3.4500000e+00	   2.3000000e-01	   1.0000000e+00	   3.0000000e+00	   2.0000000e+00	   1.0000000e+00	   1.6890000e+03	
   1.0200000e+02	   2.0700000e+02	   1.1100000e+02	   3.0000000e+00	   3.0000000e+00	   3.4650000e+00	   4.0200000e+00	   4.0000000e-02	   2.0000000e+00	   1.0000000e+00	   3.0000000e+00	   1.0000000e+00	   1.9000000e+03	
   2.1400000e+02	   3.0300000e+02	   1.1100000e+02	   3.0000000e+00	   5.0000000e+00	   4.9600000e+00	   3.6700000e+00	   4.0000000e-02	   1.0000000e+00	   3.0000000e+00	   2.0000000e+00	   1.0000000e+00	   1.2780000e+03	
   2.0700000e+02	   2.1400000e+02	   1.0700000e+02	   2.0000000e+00	   4.0000000e+00	   4.0200000e+00	   4.9600000e+00	   0.0000000e+00	   1.0000000e+00	   3.0000000e+00	   2.0000000e+00	   3.0000000e+00	   1.6700000e+03	
   2.0800000e+02	   3.0300000e+02	   2.0100000e+02	   6.0000000e+00	   1.0000000e+00	   3.8700000e+00	   3.6700000e+00	   2.7200000e+00	   3.0000000e+00	   2.0000000e+00	   1.0000000e+00	   1.0000000e+00	   1.5180000e+03	
   1.1600000e+02	   2.1400000e+02	   1.0600000e+02	   1.0000000e+00	   5.0000000e+00	   3.0850000e+00	   4.9600000e+00	   1.2650000e+00	   1.0000000e+00	   3.0000000e+00	   2.0000000e+00	   3.0000000e+00	   1.1990000e+03	
   2.1500000e+02	   3.0300000e+02	   1.1100000e+02	   3.0000000e+00	   5.0000000e+00	   4.7400000e+00	   3.6700000e+00	   4.0000000e-02	   1.0000000e+00	   3.0000000e+00	   2.0000000e+00	   1.0000000e+00	   1.4020000e+03	
   1.0100000e+02	   2.0800000e+02	   2.1300000e+02	   1.0000000e+01	   4.0000000e+00	   3.2600000e+00	   3.8700000e+00	   1.7800000e+00	   2.0000000e+00	   1.0000000e+00	   3.0000000e+00	   3.0000000e+00	   2.0110000e+03	
   1.1000000e+02	   1.1600000e+02	   3.0500000e+02	   1.2000000e+01	   3.0000000e+00	   3.6800000e+00	   3.0850000e+00	   1.3950000e+00	   2.0000000e+00	   1.0000000e+00	   3.0000000e+00	   2.0000000e+00	   1.6230000e+03	
   1.1000000e+02	   2.0200000e+02	   2.1300000e+02	   1.0000000e+01	   3.0000000e+00	   3.6800000e+00	   3.3050000e+00	   1.7800000e+00	   1.0000000e+00	   3.0000000e+00	   2.0000000e+00	   1.0000000e+00	   1.8790000e+03	
   1.1600000e+02	   2.0700000e+02	   2.1200000e+02	   9.0000000e+00	   4.0000000e+00	   3.0850000e+00	   4.0200000e+00	   2.9300000e+00	   2.0000000e+00	   3.0000000e+00	   1.0000000e+00	   3.0000000e+00	   2.1250000e+03	
   2.0800000e+02	   3.0400000e+02	   1.1200000e+02	   4.0000000e+00	   2.0000000e+00	   3.8700000e+00	   3.5450000e+00	   2.3000000e-01	   3.0000000e+00	   2.0000000e+00	   1.0000000e+00	   3.0000000e+00	   1.6700000e+03	
   2.0700000e+02	   3.0300000e+02	   3.0500000e+02	   1.2000000e+01	   2.0000000e+00	   4.0200000e+00	   3.6700000e+00	   1.3950000e+00	   1.0000000e+00	   2.0000000e+00	   3.0000000e+00	   1.0000000e+00	   1.5150000e+03	
   1.0100000e+02	   2.0600000e+02	   3.1400000e+02	   1.5000000e+01	   1.0000000e+00	   3.2600000e+00	   3.4150000e+00	   2.3000000e+00	   2.0000000e+00	   1.0000000e+00	   3.0000000e+00	   1.0000000e+00	   1.7080000e+03	
   1.1000000e+02	   2.0700000e+02	   2.0900000e+02	   8.0000000e+00	   2.0000000e+00	   3.6800000e+00	   4.0200000e+00	   2.7650000e+00	   3.0000000e+00	   1.0000000e+00	   2.0000000e+00	   1.0000000e+00	   1.9860000e+03	
   1.1600000e+02	   2.1400000e+02	   3.0500000e+02	   1.2000000e+01	   5.0000000e+00	   3.0850000e+00	   4.9600000e+00	   1.3950000e+00	   1.0000000e+00	   2.0000000e+00	   3.0000000e+00	   2.0000000e+00	   1.6610000e+03	
   1.0200000e+02	   2.0600000e+02	   1.1400000e+02	   5.0000000e+00	   1.0000000e+00	   3.4650000e+00	   3.4150000e+00	   3.2000000e-01	   3.0000000e+00	   2.0000000e+00	   1.0000000e+00	   2.0000000e+00	   1.8480000e+03	
   1.0800000e+02	   2.0200000e+02	   1.0700000e+02	   2.0000000e+00	   1.0000000e+00	   3.4500000e+00	   3.3050000e+00	   0.0000000e+00	   2.0000000e+00	   3.0000000e+00	   1.0000000e+00	   3.0000000e+00	   1.4460000e+03	
   2.0700000e+02	   2.0800000e+02	   2.1200000e+02	   9.0000000e+00	   1.0000000e+00	   4.0200000e+00	   3.8700000e+00	   2.9300000e+00	   2.0000000e+00	   1.0000000e+00	   3.0000000e+00	   2.0000000e+00	   1.5720000e+03	
   1.0100000e+02	   1.1600000e+02	   2.0100000e+02	   6.0000000e+00	   1.0000000e+00	   3.2600000e+00	   3.0850000e+00	   2.7200000e+00	   3.0000000e+00	   1.0000000e+00	   2.0000000e+00	   1.0000000e+00	   1.8800000e+03	
   2.0600000e+02	   2.1500000e+02	   2.0900000e+02	   8.0000000e+00	   5.0000000e+00	   3.4150000e+00	   4.7400000e+00	   2.7650000e+00	   3.0000000e+00	   1.0000000e+00	   2.0000000e+00	   1.0000000e+00	   1.7180000e+03	
   1.0200000e+02	   2.1400000e+02	   3.1200000e+02	   1.3000000e+01	   5.0000000e+00	   3.4650000e+00	   4.9600000e+00	   7.9000000e-01	   2.0000000e+00	   1.0000000e+00	   3.0000000e+00	   1.0000000e+00	   1.6010000e+03	
   1.0200000e+02	   2.0600000e+02	   2.1300000e+02	   1.0000000e+01	   1.0000000e+00	   3.4650000e+00	   3.4150000e+00	   1.7800000e+00	   3.0000000e+00	   2.0000000e+00	   1.0000000e+00	   2.0000000e+00	   2.2000000e+03	
   1.1600000e+02	   3.0400000e+02	   3.1200000e+02	   1.3000000e+01	   3.0000000e+00	   3.0850000e+00	   3.5450000e+00	   7.9000000e-01	   1.0000000e+00	   2.0000000e+00	   3.0000000e+00	   1.0000000e+00	   1.5570000e+03	
   1.0100000e+02	   2.0700000e+02	   2.0900000e+02	   8.0000000e+00	   4.0000000e+00	   3.2600000e+00	   4.0200000e+00	   2.7650000e+00	   1.0000000e+00	   2.0000000e+00	   3.0000000e+00	   2.0000000e+00	   1.6520000e+03	
   2.0600000e+02	   2.1400000e+02	   1.1100000e+02	   3.0000000e+00	   5.0000000e+00	   3.4150000e+00	   4.9600000e+00	   4.0000000e-02	   1.0000000e+00	   2.0000000e+00	   3.0000000e+00	   2.0000000e+00	   1.9530000e+03	
   1.1300000e+02	   2.0200000e+02	   3.1400000e+02	   1.5000000e+01	   4.0000000e+00	   4.3050000e+00	   3.3050000e+00	   2.3000000e+00	   3.0000000e+00	   2.0000000e+00	   1.0000000e+00	   3.0000000e+00	   1.6940000e+03	
   1.0200000e+02	   1.0800000e+02	   2.0300000e+02	   7.0000000e+00	   1.0000000e+00	   3.4650000e+00	   3.4500000e+00	   3.0000000e+00	   2.0000000e+00	   1.0000000e+00	   3.0000000e+00	   2.0000000e+00	   2.1070000e+03	
   1.0900000e+02	   2.0600000e+02	   2.0100000e+02	   6.0000000e+00	   3.0000000e+00	   3.9800000e+00	   3.4150000e+00	   2.7200000e+00	   2.0000000e+00	   1.0000000e+00	   3.0000000e+00	   2.0000000e+00	   1.5430000e+03	
   1.1000000e+02	   2.1500000e+02	   2.1200000e+02	   9.0000000e+00	   5.0000000e+00	   3.6800000e+00	   4.7400000e+00	   2.9300000e+00	   3.0000000e+00	   1.0000000e+00	   2.0000000e+00	   1.0000000e+00	   1.3320000e+03	
   1.0100000e+02	   2.0800000e+02	   3.1200000e+02	   1.3000000e+01	   4.0000000e+00	   3.2600000e+00	   3.8700000e+00	   7.9000000e-01	   3.0000000e+00	   2.0000000e+00	   1.0000000e+00	   2.0000000e+00	   1.9230000e+03	
   2.0600000e+02	   3.0300000e+02	   1.0700000e+02	   2.0000000e+00	   2.0000000e+00	   3.4150000e+00	   3.6700000e+00	   0.0000000e+00	   1.0000000e+00	   3.0000000e+00	   2.0000000e+00	   1.0000000e+00	   1.6690000e+03	
   1.0800000e+02	   2.1400000e+02	   1.0600000e+02	   1.0000000e+00	   5.0000000e+00	   3.4500000e+00	   4.9600000e+00	   1.2650000e+00	   3.0000000e+00	   1.0000000e+00	   2.0000000e+00	   1.0000000e+00	   1.3340000e+03	
   1.0100000e+02	   1.1000000e+02	   3.0200000e+02	   1.1000000e+01	   3.0000000e+00	   3.2600000e+00	   3.6800000e+00	   2.2150000e+00	   2.0000000e+00	   3.0000000e+00	   1.0000000e+00	   3.0000000e+00	   1.5460000e+03	
   1.0800000e+02	   2.0800000e+02	   2.1200000e+02	   9.0000000e+00	   3.0000000e+00	   3.4500000e+00	   3.8700000e+00	   2.9300000e+00	   1.0000000e+00	   3.0000000e+00	   2.0000000e+00	   3.0000000e+00	   1.7730000e+03	
   2.0200000e+02	   2.0700000e+02	   2.0900000e+02	   8.0000000e+00	   4.0000000e+00	   3.3050000e+00	   4.0200000e+00	   2.7650000e+00	   1.0000000e+00	   2.0000000e+00	   3.0000000e+00	   2.0000000e+00	   1.5270000e+03	
   1.0100000e+02	   3.0300000e+02	   1.0600000e+02	   1.0000000e+00	   3.0000000e+00	   3.2600000e+00	   3.6700000e+00	   1.2650000e+00	   1.0000000e+00	   2.0000000e+00	   3.0000000e+00	   1.0000000e+00	   1.7840000e+03	
   1.1000000e+02	   2.1500000e+02	   1.1400000e+02	   5.0000000e+00	   5.0000000e+00	   3.6800000e+00	   4.7400000e+00	   3.2000000e-01	   3.0000000e+00	   2.0000000e+00	   1.0000000e+00	   2.0000000e+00	   1.4230000e+03	
   1.0200000e+02	   3.0300000e+02	   3.0500000e+02	   1.2000000e+01	   2.0000000e+00	   3.4650000e+00	   3.6700000e+00	   1.3950000e+00	   2.0000000e+00	   3.0000000e+00	   1.0000000e+00	   2.0000000e+00	   2.0960000e+03	
   1.0900000e+02	   3.0400000e+02	   1.1400000e+02	   5.0000000e+00	   3.0000000e+00	   3.9800000e+00	   3.5450000e+00	   3.2000000e-01	   2.0000000e+00	   3.0000000e+00	   1.0000000e+00	   2.0000000e+00	   1.4930000e+03	
   1.1600000e+02	   2.0600000e+02	   1.0700000e+02	   2.0000000e+00	   2.0000000e+00	   3.0850000e+00	   3.4150000e+00	   0.0000000e+00	   3.0000000e+00	   1.0000000e+00	   2.0000000e+00	   1.0000000e+00	   1.2990000e+03	
   1.0200000e+02	   1.1300000e+02	   2.1300000e+02	   1.0000000e+01	   4.0000000e+00	   3.4650000e+00	   4.3050000e+00	   1.7800000e+00	   3.0000000e+00	   1.0000000e+00	   2.0000000e+00	   1.0000000e+00	   1.2860000e+03	
   1.0100000e+02	   2.0600000e+02	   2.0100000e+02	   6.0000000e+00	   1.0000000e+00	   3.2600000e+00	   3.4150000e+00	   2.7200000e+00	   3.0000000e+00	   1.0000000e+00	   2.0000000e+00	   2.0000000e+00	   1.8790000e+03	
   2.0600000e+02	   2.0700000e+02	   2.0300000e+02	   7.0000000e+00	   3.0000000e+00	   3.4150000e+00	   4.0200000e+00	   3.0000000e+00	   2.0000000e+00	   1.0000000e+00	   3.0000000e+00	   1.0000000e+00	   2.5930000e+03	
   1.0800000e+02	   2.0200000e+02	   1.1100000e+02	   3.0000000e+00	   1.0000000e+00	   3.4500000e+00	   3.3050000e+00	   4.0000000e-02	   1.0000000e+00	   2.0000000e+00	   3.0000000e+00	   1.0000000e+00	   1.4590000e+03	
   1.0100000e+02	   2.1500000e+02	   3.1400000e+02	   1.5000000e+01	   5.0000000e+00	   3.2600000e+00	   4.7400000e+00	   2.3000000e+00	   2.0000000e+00	   3.0000000e+00	   1.0000000e+00	   3.0000000e+00	   1.0360000e+03	
   1.0200000e+02	   2.1400000e+02	   3.0200000e+02	   1.1000000e+01	   5.0000000e+00	   3.4650000e+00	   4.9600000e+00	   2.2150000e+00	   1.0000000e+00	   3.0000000e+00	   2.0000000e+00	   3.0000000e+00	   1.2400000e+03	
   1.1300000e+02	   2.0600000e+02	   1.0700000e+02	   2.0000000e+00	   4.0000000e+00	   4.3050000e+00	   3.4150000e+00	   0.0000000e+00	   1.0000000e+00	   2.0000000e+00	   3.0000000e+00	   1.0000000e+00	   1.5110000e+03	
   1.0900000e+02	   1.1600000e+02	   2.0300000e+02	   7.0000000e+00	   4.0000000e+00	   3.9800000e+00	   3.0850000e+00	   3.0000000e+00	   1.0000000e+00	   3.0000000e+00	   2.0000000e+00	   1.0000000e+00	   1.4810000e+03	
   1.0100000e+02	   3.0300000e+02	   1.1200000e+02	   4.0000000e+00	   3.0000000e+00	   3.2600000e+00	   3.6700000e+00	   2.3000000e-01	   2.0000000e+00	   3.0000000e+00	   1.0000000e+00	   2.0000000e+00	   1.4690000e+03	
   1.1600000e+02	   2.0700000e+02	   3.1200000e+02	   1.3000000e+01	   4.0000000e+00	   3.0850000e+00	   4.0200000e+00	   7.9000000e-01	   2.0000000e+00	   1.0000000e+00	   3.0000000e+00	   1.0000000e+00	   1.3830000e+03	
   1.0100000e+02	   1.0800000e+02	   2.1300000e+02	   1.0000000e+01	   1.0000000e+00	   3.2600000e+00	   3.4500000e+00	   1.7800000e+00	   2.0000000e+00	   1.0000000e+00	   3.0000000e+00	   3.0000000e+00	   1.2220000e+03	
   2.0200000e+02	   3.0400000e+02	   2.0900000e+02	   8.0000000e+00	   2.0000000e+00	   3.3050000e+00	   3.5450000e+00	   2.7650000e+00	   3.0000000e+00	   1.0000000e+00	   2.0000000e+00	   3.0000000e+00	   1.6430000e+03	
   1.0800000e+02	   1.1000000e+02	   1.1100000e+02	   3.0000000e+00	   2.0000000e+00	   3.4500000e+00	   3.6800000e+00	   4.0000000e-02	   1.0000000e+00	   3.0000000e+00	   2.0000000e+00	   3.0000000e+00	   1.8460000e+03	
   2.0600000e+02	   2.1500000e+02	   3.1300000e+02	   1.4000000e+01	   5.0000000e+00	   3.4150000e+00	   4.7400000e+00	   1.6600000e+00	   2.0000000e+00	   3.0000000e+00	   1.0000000e+00	   3.0000000e+00	   2.0470000e+03	
   2.0600000e+02	   3.0300000e+02	   1.1400000e+02	   5.0000000e+00	   2.0000000e+00	   3.4150000e+00	   3.6700000e+00	   3.2000000e-01	   3.0000000e+00	   1.0000000e+00	   2.0000000e+00	   3.0000000e+00	   1.9360000e+03	
   1.1300000e+02	   2.1500000e+02	   1.1100000e+02	   3.0000000e+00	   3.0000000e+00	   4.3050000e+00	   4.7400000e+00	   4.0000000e-02	   2.0000000e+00	   1.0000000e+00	   3.0000000e+00	   1.0000000e+00	   1.7290000e+03	
   1.1000000e+02	   1.1300000e+02	   1.1400000e+02	   5.0000000e+00	   4.0000000e+00	   3.6800000e+00	   4.3050000e+00	   3.2000000e-01	   1.0000000e+00	   3.0000000e+00	   2.0000000e+00	   3.0000000e+00	   1.8970000e+03	
   1.1300000e+02	   2.1400000e+02	   3.1200000e+02	   1.3000000e+01	   4.0000000e+00	   4.3050000e+00	   4.9600000e+00	   7.9000000e-01	   2.0000000e+00	   3.0000000e+00	   1.0000000e+00	   3.0000000e+00	   2.1640000e+03	
   2.0200000e+02	   3.0300000e+02	   1.1400000e+02	   5.0000000e+00	   2.0000000e+00	   3.3050000e+00	   3.6700000e+00	   3.2000000e-01	   2.0000000e+00	   1.0000000e+00	   3.0000000e+00	   2.0000000e+00	   2.1620000e+03	
   1.1000000e+02	   2.1400000e+02	   3.1200000e+02	   1.3000000e+01	   5.0000000e+00	   3.6800000e+00	   4.9600000e+00	   7.9000000e-01	   1.0000000e+00	   3.0000000e+00	   2.0000000e+00	   3.0000000e+00	   1.7870000e+03	
   1.0200000e+02	   2.0600000e+02	   1.1200000e+02	   4.0000000e+00	   1.0000000e+00	   3.4650000e+00	   3.4150000e+00	   2.3000000e-01	   1.0000000e+00	   2.0000000e+00	   3.0000000e+00	   1.0000000e+00	   1.7230000e+03	
   1.0200000e+02	   3.0300000e+02	   1.0600000e+02	   1.0000000e+00	   2.0000000e+00	   3.4650000e+00	   3.6700000e+00	   1.2650000e+00	   3.0000000e+00	   2.0000000e+00	   1.0000000e+00	   3.0000000e+00	   2.1110000e+03	
   1.0900000e+02	   2.0700000e+02	   3.1300000e+02	   1.4000000e+01	   1.0000000e+00	   3.9800000e+00	   4.0200000e+00	   1.6600000e+00	   3.0000000e+00	   1.0000000e+00	   2.0000000e+00	   3.0000000e+00	   1.8670000e+03	
   2.0800000e+02	   3.0300000e+02	   2.0900000e+02	   8.0000000e+00	   1.0000000e+00	   3.8700000e+00	   3.6700000e+00	   2.7650000e+00	   2.0000000e+00	   3.0000000e+00	   1.0000000e+00	   2.0000000e+00	   1.6800000e+03	
   1.1600000e+02	   2.0800000e+02	   3.0500000e+02	   1.2000000e+01	   4.0000000e+00	   3.0850000e+00	   3.8700000e+00	   1.3950000e+00	   2.0000000e+00	   3.0000000e+00	   1.0000000e+00	   3.0000000e+00	   1.7920000e+03	
   1.0800000e+02	   2.0200000e+02	   1.0600000e+02	   1.0000000e+00	   1.0000000e+00	   3.4500000e+00	   3.3050000e+00	   1.2650000e+00	   2.0000000e+00	   1.0000000e+00	   3.0000000e+00	   1.0000000e+00	   1.8600000e+03	
   1.0800000e+02	   1.0900000e+02	   3.0500000e+02	   1.2000000e+01	   3.0000000e+00	   3.4500000e+00	   3.9800000e+00	   1.3950000e+00	   2.0000000e+00	   3.0000000e+00	   1.0000000e+00	   3.0000000e+00	   1.2900000e+03	
   2.0600000e+02	   2.0800000e+02	   3.1200000e+02	   1.3000000e+01	   3.0000000e+00	   3.4150000e+00	   3.8700000e+00	   7.9000000e-01	   1.0000000e+00	   2.0000000e+00	   3.0000000e+00	   2.0000000e+00	   1.9100000e+03	
   1.0200000e+02	   2.0200000e+02	   3.1300000e+02	   1.4000000e+01	   1.0000000e+00	   3.4650000e+00	   3.3050000e+00	   1.6600000e+00	   3.0000000e+00	   1.0000000e+00	   2.0000000e+00	   3.0000000e+00	   1.6960000e+03	
   1.1300000e+02	   2.0800000e+02	   3.0500000e+02	   1.2000000e+01	   3.0000000e+00	   4.3050000e+00	   3.8700000e+00	   1.3950000e+00	   1.0000000e+00	   3.0000000e+00	   2.0000000e+00	   3.0000000e+00	   1.2590000e+03	
   1.0800000e+02	   2.0700000e+02	   2.0100000e+02	   6.0000000e+00	   3.0000000e+00	   3.4500000e+00	   4.0200000e+00	   2.7200000e+00	   1.0000000e+00	   3.0000000e+00	   2.0000000e+00	   1.0000000e+00	   2.3610000e+03	
   1.1300000e+02	   1.1600000e+02	   2.1300000e+02	   1.0000000e+01	   5.0000000e+00	   4.3050000e+00	   3.0850000e+00	   1.7800000e+00	   1.0000000e+00	   3.0000000e+00	   2.0000000e+00	   1.0000000e+00	   1.5470000e+03	
   1.0900000e+02	   2.0200000e+02	   3.1300000e+02	   1.4000000e+01	   4.0000000e+00	   3.9800000e+00	   3.3050000e+00	   1.6600000e+00	   1.0000000e+00	   3.0000000e+00	   2.0000000e+00	   1.0000000e+00	   1.8460000e+03	
   1.1600000e+02	   3.0300000e+02	   1.1200000e+02	   4.0000000e+00	   3.0000000e+00	   3.0850000e+00	   3.6700000e+00	   2.3000000e-01	   1.0000000e+00	   3.0000000e+00	   2.0000000e+00	   1.0000000e+00	   2.8380000e+03	
   1.1300000e+02	   1.1600000e+02	   3.1400000e+02	   1.5000000e+01	   5.0000000e+00	   4.3050000e+00	   3.0850000e+00	   2.3000000e+00	   1.0000000e+00	   2.0000000e+00	   3.0000000e+00	   1.0000000e+00	   2.4950000e+03	
   1.0100000e+02	   2.1400000e+02	   3.0500000e+02	   1.2000000e+01	   5.0000000e+00	   3.2600000e+00	   4.9600000e+00	   1.3950000e+00	   3.0000000e+00	   2.0000000e+00	   1.0000000e+00	   2.0000000e+00	   1.7790000e+03	
   1.1000000e+02	   3.0300000e+02	   1.0700000e+02	   2.0000000e+00	   1.0000000e+00	   3.6800000e+00	   3.6700000e+00	   0.0000000e+00	   2.0000000e+00	   1.0000000e+00	   3.0000000e+00	   2.0000000e+00	   1.8410000e+03	
   1.0800000e+02	   2.0600000e+02	   1.1400000e+02	   5.0000000e+00	   1.0000000e+00	   3.4500000e+00	   3.4150000e+00	   3.2000000e-01	   2.0000000e+00	   1.0000000e+00	   3.0000000e+00	   2.0000000e+00	   1.9170000e+03	
   1.0100000e+02	   1.0900000e+02	   3.1200000e+02	   1.3000000e+01	   4.0000000e+00	   3.2600000e+00	   3.9800000e+00	   7.9000000e-01	   3.0000000e+00	   2.0000000e+00	   1.0000000e+00	   2.0000000e+00	   1.7160000e+03	
   1.1300000e+02	   3.0400000e+02	   3.1400000e+02	   1.5000000e+01	   4.0000000e+00	   4.3050000e+00	   3.5450000e+00	   2.3000000e+00	   2.0000000e+00	   1.0000000e+00	   3.0000000e+00	   2.0000000e+00	   1.4730000e+03	
