   1.0000000e+00	   3.1300000e+02	   3.0000000e+00	   3.3700000e+00	   2.7230000e+03	   3.1100000e+00	   2.9320000e+03	
   2.0000000e+00	   1.0700000e+02	   1.0000000e+00	   3.1900000e+00	   2.9220000e+03	   3.0200000e+00	   2.1990000e+03	
   3.0000000e+00	   2.0200000e+02	   2.0000000e+00	   3.6900000e+00	   2.7900000e+03	   3.3300000e+00	   1.8000000e+03	
   4.0000000e+00	   1.1000000e+02	   1.0000000e+00	   3.6600000e+00	   2.1230000e+03	   1.5100000e+00	   1.1990000e+03	
   5.0000000e+00	   3.1200000e+02	   3.0000000e+00	   2.7300000e+00	   2.9570000e+03	   3.5600000e+00	   2.5330000e+03	
   6.0000000e+00	   2.1100000e+02	   2.0000000e+00	   4.2400000e+00	   2.9230000e+03	   2.9800000e+00	   2.9650000e+03	
   7.0000000e+00	   2.0100000e+02	   2.0000000e+00	   3.0700000e+00	   3.5560000e+03	   2.8600000e+00	   2.5990000e+03	
   8.0000000e+00	   2.1400000e+02	   2.0000000e+00	   4.8900000e+00	   2.4240000e+03	   2.7500000e+00	   3.3000000e+03	
   9.0000000e+00	   3.0900000e+02	   3.0000000e+00	   4.0100000e+00	   1.8220000e+03	   3.7800000e+00	   1.8000000e+03	
   1.0000000e+01	   2.0900000e+02	   2.0000000e+00	   3.0200000e+00	   2.5890000e+03	   2.7700000e+00	   1.9990000e+03	
   1.1000000e+01	   3.0800000e+02	   3.0000000e+00	   2.1500000e+00	   4.2230000e+03	   3.0300000e+00	   3.6990000e+03	
   1.2000000e+01	   2.0700000e+02	   2.0000000e+00	   4.1800000e+00	   4.2890000e+03	   2.6900000e+00	   2.6330000e+03	
   1.3000000e+01	   3.0300000e+02	   3.0000000e+00	   4.7700000e+00	   2.5570000e+03	   3.1200000e+00	   1.7990000e+03	
   1.4000000e+01	   1.0800000e+02	   1.0000000e+00	   5.0000000e+00	   2.1560000e+03	   3.3900000e+00	   2.7990000e+03	
   1.5000000e+01	   1.0600000e+02	   1.0000000e+00	   1.8800000e+00	   2.3220000e+03	   3.0200000e+00	   2.6330000e+03	
   1.6000000e+01	   2.1000000e+02	   2.0000000e+00	   3.0700000e+00	   3.7220000e+03	   3.0800000e+00	   2.9330000e+03	
   1.7000000e+01	   1.1500000e+02	   1.0000000e+00	   2.2200000e+00	   3.8550000e+03	   1.9800000e+00	   3.3660000e+03	
   1.8000000e+01	   3.0600000e+02	   3.0000000e+00	   2.8500000e+00	   2.7880000e+03	   2.3400000e+00	   2.3650000e+03	
   1.9000000e+01	   1.0500000e+02	   1.0000000e+00	   1.2300000e+00	   2.7560000e+03	   0.0000000e+00	   1.6330000e+03	
   2.0000000e+01	   1.1200000e+02	   1.0000000e+00	   3.0400000e+00	   2.1890000e+03	   2.8400000e+00	   3.7660000e+03	
   2.1000000e+01	   1.0100000e+02	   1.0000000e+00	   2.9700000e+00	   3.0890000e+03	   3.9800000e+00	   2.2330000e+03	
   2.2000000e+01	   2.1200000e+02	   2.0000000e+00	   3.0900000e+00	   3.1560000e+03	   2.1800000e+00	   1.8330000e+03	
   2.3000000e+01	   3.1000000e+02	   3.0000000e+00	   1.9800000e+00	   3.7560000e+03	   2.1100000e+00	   3.8650000e+03	
   2.4000000e+01	   1.1400000e+02	   1.0000000e+00	   2.6400000e+00	   3.3890000e+03	   3.2600000e+00	   2.8990000e+03	
   2.5000000e+01	   1.0400000e+02	   1.0000000e+00	   2.4100000e+00	   5.6560000e+03	   2.9000000e+00	   2.2000000e+03	
   2.6000000e+01	   1.0300000e+02	   1.0000000e+00	   4.5400000e+00	   2.1710000e+03	   2.9800000e+00	   4.7150000e+03	
   2.7000000e+01	   3.0400000e+02	   3.0000000e+00	   3.8100000e+00	   2.8570000e+03	   3.8100000e+00	   1.4990000e+03	
   2.8000000e+01	   2.1500000e+02	   2.0000000e+00	   4.9100000e+00	   2.5230000e+03	   2.6300000e+00	   2.2320000e+03	
   2.9000000e+01	   2.0800000e+02	   2.0000000e+00	   4.3100000e+00	   3.2560000e+03	   3.5400000e+00	   1.1670000e+03	
   3.0000000e+01	   3.0100000e+02	   3.0000000e+00	   2.1900000e+00	   4.4890000e+03	   2.1900000e+00	   2.3320000e+03	
   3.1000000e+01	   2.0500000e+02	   2.0000000e+00	   3.3500000e+00	   2.9560000e+03	   2.7500000e+00	   2.5660000e+03	
   3.2000000e+01	   1.1100000e+02	   1.0000000e+00	   2.9900000e+00	   2.3900000e+03	   3.4300000e+00	   3.1000000e+03	
   3.3000000e+01	   1.0900000e+02	   1.0000000e+00	   4.1000000e+00	   3.2030000e+03	   3.9100000e+00	   1.9330000e+03	
   3.4000000e+01	   2.1300000e+02	   2.0000000e+00	   2.6200000e+00	   2.9210000e+03	   2.6800000e+00	   2.6660000e+03	
   3.5000000e+01	   1.0200000e+02	   1.0000000e+00	   5.0000000e+00	   2.1560000e+03	   2.9300000e+00	   2.3320000e+03	
   3.6000000e+01	   3.0700000e+02	   3.0000000e+00	   2.3600000e+00	   3.8890000e+03	   2.8400000e+00	   4.5320000e+03	
   3.7000000e+01	   2.0400000e+02	   2.0000000e+00	   3.0600000e+00	   2.6060000e+03	   1.7500000e+00	   3.6990000e+03	
   3.8000000e+01	   3.0200000e+02	   3.0000000e+00	   3.4100000e+00	   1.7880000e+03	   2.9500000e+00	   1.4330000e+03	
   3.9000000e+01	   1.1300000e+02	   1.0000000e+00	   4.5900000e+00	   2.2560000e+03	   4.4200000e+00	   2.4330000e+03	
   4.0000000e+01	   2.0600000e+02	   2.0000000e+00	   5.0000000e+00	   2.0560000e+03	   4.9000000e+00	   1.3990000e+03	
   4.1000000e+01	   2.0300000e+02	   2.0000000e+00	   2.8300000e+00	   3.9560000e+03	   1.8700000e+00	   1.7660000e+03	
   4.2000000e+01	   1.1600000e+02	   1.0000000e+00	   3.0700000e+00	   4.1890000e+03	   2.7200000e+00	   2.0990000e+03	
   4.3000000e+01	   3.0500000e+02	   3.0000000e+00	   2.2400000e+00	   2.3880000e+03	   2.2600000e+00	   2.6660000e+03	
   4.4000000e+01	   3.1400000e+02	   3.0000000e+00	   2.7700000e+00	   2.7380000e+03	   2.8100000e+00	   3.1670000e+03	
   4.5000000e+01	   3.1100000e+02	   3.0000000e+00	   2.9600000e+00	   3.5040000e+03	   3.1700000e+00	   1.3320000e+03	
