   1.0000000e+00	   1.0000000e+00	   2.0400000e+02	   2.3000000e-01	   2.6530000e+03	
   1.0000000e+00	   2.0000000e+00	   1.0200000e+02	   8.7000000e-01	   2.0600000e+03	
   1.0000000e+00	   3.0000000e+00	   1.0700000e+02	   1.4400000e+00	   3.4600000e+03	
   1.0000000e+00	   4.0000000e+00	   2.0700000e+02	   2.5100000e+00	   2.9280000e+03	
   1.0000000e+00	   5.0000000e+00	   2.1300000e+02	   4.2300000e+00	   2.4600000e+03	
   1.0000000e+00	   6.0000000e+00	   1.1400000e+02	   1.5000000e+00	   1.7610000e+03	
   1.0000000e+00	   7.0000000e+00	   1.1000000e+02	   9.0000000e-02	   2.0290000e+03	
   1.0000000e+00	   8.0000000e+00	   3.0500000e+02	   2.0000000e-02	   2.0600000e+03	
   1.0000000e+00	   9.0000000e+00	   2.1400000e+02	   4.1900000e+00	   4.5920000e+03	
   1.0000000e+00	   1.0000000e+01	   3.0900000e+02	   4.6900000e+00	   1.9950000e+03	
   1.0000000e+00	   1.1000000e+01	   2.0100000e+02	   3.1100000e+00	   2.6960000e+03	
   1.0000000e+00	   1.2000000e+01	   2.1500000e+02	   4.4000000e-01	   2.4610000e+03	
   1.0000000e+00	   1.3000000e+01	   3.1100000e+02	   7.8000000e-01	   2.0930000e+03	
   1.0000000e+00	   1.4000000e+01	   2.0800000e+02	   4.4600000e+00	   3.0270000e+03	
   1.0000000e+00	   1.5000000e+01	   1.0800000e+02	   6.3000000e-01	   1.7620000e+03	
   1.0000000e+00	   1.6000000e+01	   2.0900000e+02	   3.9800000e+00	   2.4950000e+03	
   1.0000000e+00	   1.7000000e+01	   3.0200000e+02	   5.0000000e+00	   1.5280000e+03	
   1.0000000e+00	   1.8000000e+01	   2.0200000e+02	   3.3600000e+00	   2.0930000e+03	
   1.0000000e+00	   1.9000000e+01	   1.0900000e+02	   2.5700000e+00	   1.1620000e+03	
   1.0000000e+00	   2.0000000e+01	   3.0100000e+02	   1.3200000e+00	   2.4950000e+03	
   1.0000000e+00	   2.1000000e+01	   1.1100000e+02	   4.1600000e+00	   1.6280000e+03	
   1.0000000e+00	   2.2000000e+01	   2.1100000e+02	   1.3800000e+00	   3.6590000e+03	
   1.0000000e+00	   2.3000000e+01	   3.1200000e+02	   4.6500000e+00	   3.7600000e+03	
   1.0000000e+00	   2.4000000e+01	   3.1400000e+02	   2.4900000e+00	   1.7450000e+03	
   1.0000000e+00	   2.5000000e+01	   1.0400000e+02	   2.0100000e+00	   3.2940000e+03	
   1.0000000e+00	   2.6000000e+01	   3.1300000e+02	   4.7600000e+00	   3.1600000e+03	
   1.0000000e+00	   2.7000000e+01	   3.0800000e+02	   2.5200000e+00	   3.2930000e+03	
   1.0000000e+00	   2.8000000e+01	   3.0700000e+02	   4.7500000e+00	   2.2940000e+03	
   1.0000000e+00	   2.9000000e+01	   1.0500000e+02	   2.0000000e-02	   2.6270000e+03	
   1.0000000e+00	   3.0000000e+01	   1.1600000e+02	   2.6300000e+00	   1.5930000e+03	
   1.0000000e+00	   3.1000000e+01	   1.0600000e+02	   0.0000000e+00	   1.9950000e+03	
   1.0000000e+00	   3.2000000e+01	   3.0400000e+02	   6.4000000e-01	   1.7600000e+03	
   1.0000000e+00	   3.3000000e+01	   2.0300000e+02	   1.8300000e+00	   9.9400000e+02	
   1.0000000e+00	   3.4000000e+01	   2.0600000e+02	   4.7700000e+00	   2.0600000e+03	
   1.0000000e+00	   3.5000000e+01	   3.1000000e+02	   3.2900000e+00	   2.0940000e+03	
   1.0000000e+00	   3.6000000e+01	   1.0300000e+02	   1.4900000e+00	   1.6930000e+03	
   1.0000000e+00	   3.7000000e+01	   3.0300000e+02	   1.3400000e+00	   1.2270000e+03	
   1.0000000e+00	   3.8000000e+01	   2.1000000e+02	   4.8700000e+00	   1.9940000e+03	
   1.0000000e+00	   3.9000000e+01	   3.0600000e+02	   4.7400000e+00	   1.6280000e+03	
   1.0000000e+00	   4.0000000e+01	   2.0500000e+02	   1.4300000e+00	   1.2600000e+03	
   1.0000000e+00	   4.1000000e+01	   2.1200000e+02	   1.4700000e+00	   1.7940000e+03	
   1.0000000e+00	   4.2000000e+01	   1.1300000e+02	   6.4000000e-01	   1.5600000e+03	
   1.0000000e+00	   4.3000000e+01	   1.1200000e+02	   4.1000000e-01	   1.1600000e+03	
   1.0000000e+00	   4.4000000e+01	   1.1500000e+02	   8.0000000e-02	   1.8270000e+03	
   1.0000000e+00	   4.5000000e+01	   1.0100000e+02	   1.7300000e+00	   1.5280000e+03	
   2.0000000e+00	   1.0000000e+00	   2.0100000e+02	   1.7700000e+00	   2.6880000e+03	
   2.0000000e+00	   2.0000000e+00	   2.1300000e+02	   4.7400000e+00	   1.4280000e+03	
   2.0000000e+00	   3.0000000e+00	   3.0800000e+02	   1.3100000e+00	   2.3290000e+03	
   2.0000000e+00	   4.0000000e+00	   2.0800000e+02	   4.5800000e+00	   1.3280000e+03	
   2.0000000e+00	   5.0000000e+00	   2.1500000e+02	   4.4000000e-01	   1.0610000e+03	
   2.0000000e+00	   6.0000000e+00	   3.0400000e+02	   1.3400000e+00	   1.1610000e+03	
   2.0000000e+00	   7.0000000e+00	   1.1200000e+02	   4.1000000e-01	   1.2280000e+03	
   2.0000000e+00	   8.0000000e+00	   2.1000000e+02	   4.7500000e+00	   1.9950000e+03	
   2.0000000e+00	   9.0000000e+00	   1.1300000e+02	   5.0000000e-01	   1.2280000e+03	
   2.0000000e+00	   1.0000000e+01	   1.0100000e+02	   1.2800000e+00	   1.2280000e+03	
   2.0000000e+00	   1.1000000e+01	   1.0600000e+02	   0.0000000e+00	   1.2950000e+03	
   2.0000000e+00	   1.2000000e+01	   1.0800000e+02	   2.2000000e-01	   1.2280000e+03	
   2.0000000e+00	   1.3000000e+01	   2.0400000e+02	   2.0000000e-02	   2.7940000e+03	
   2.0000000e+00	   1.4000000e+01	   1.1000000e+02	   3.0000000e-02	   2.0620000e+03	
   2.0000000e+00	   1.5000000e+01	   2.1400000e+02	   3.4500000e+00	   1.4280000e+03	
   2.0000000e+00	   1.6000000e+01	   3.0700000e+02	   4.1200000e+00	   4.7270000e+03	
   2.0000000e+00	   1.7000000e+01	   1.0300000e+02	   5.1000000e-01	   1.9610000e+03	
   2.0000000e+00	   1.8000000e+01	   3.0300000e+02	   6.0000000e-02	   1.2620000e+03	
   2.0000000e+00	   1.9000000e+01	   1.0400000e+02	   1.2300000e+00	   1.4610000e+03	
   2.0000000e+00	   2.0000000e+01	   3.0900000e+02	   4.5700000e+00	   1.0950000e+03	
   2.0000000e+00	   2.1000000e+01	   3.0200000e+02	   5.0000000e+00	   2.3940000e+03	
   2.0000000e+00	   2.2000000e+01	   1.1600000e+02	   1.2800000e+00	   1.6950000e+03	
   2.0000000e+00	   2.3000000e+01	   2.0200000e+02	   1.0700000e+00	   2.9610000e+03	
   2.0000000e+00	   2.4000000e+01	   2.1200000e+02	   4.4000000e-01	   1.5620000e+03	
   2.0000000e+00	   2.5000000e+01	   3.1400000e+02	   1.2100000e+00	   1.2950000e+03	
   2.0000000e+00	   2.6000000e+01	   3.1200000e+02	   3.6600000e+00	   2.0270000e+03	
   2.0000000e+00	   2.7000000e+01	   2.0600000e+02	   4.6100000e+00	   1.6620000e+03	
   2.0000000e+00	   2.8000000e+01	   3.1100000e+02	   5.0000000e-01	   1.4610000e+03	
   2.0000000e+00	   2.9000000e+01	   2.1100000e+02	   8.3000000e-01	   1.9620000e+03	
   2.0000000e+00	   3.0000000e+01	   1.1500000e+02	   6.0000000e-02	   1.7610000e+03	
   2.0000000e+00	   3.1000000e+01	   1.0700000e+02	   1.6000000e-01	   1.6610000e+03	
   2.0000000e+00	   3.2000000e+01	   3.0600000e+02	   4.8000000e+00	   1.8280000e+03	
   2.0000000e+00	   3.3000000e+01	   1.0500000e+02	   4.0000000e-02	   1.7280000e+03	
   2.0000000e+00	   3.4000000e+01	   3.1000000e+02	   2.6500000e+00	   1.4950000e+03	
   2.0000000e+00	   3.5000000e+01	   3.0100000e+02	   4.4600000e+00	   1.5950000e+03	
   2.0000000e+00	   3.6000000e+01	   1.0200000e+02	   9.4000000e-01	   1.3610000e+03	
   2.0000000e+00	   3.7000000e+01	   3.1300000e+02	   4.6600000e+00	   9.9500000e+02	
   2.0000000e+00	   3.8000000e+01	   2.0700000e+02	   2.4900000e+00	   1.3950000e+03	
   2.0000000e+00	   3.9000000e+01	   2.0300000e+02	   1.1800000e+00	   1.0280000e+03	
   2.0000000e+00	   4.0000000e+01	   1.0900000e+02	   8.7000000e-01	   1.2280000e+03	
   2.0000000e+00	   4.1000000e+01	   1.1400000e+02	   7.0000000e-02	   1.4620000e+03	
   2.0000000e+00	   4.2000000e+01	   1.1100000e+02	   3.3300000e+00	   1.2620000e+03	
   2.0000000e+00	   4.3000000e+01	   2.0500000e+02	   2.3200000e+00	   1.2940000e+03	
   2.0000000e+00	   4.4000000e+01	   3.0500000e+02	   1.0000000e-02	   1.5610000e+03	
   2.0000000e+00	   4.5000000e+01	   2.0900000e+02	   3.3200000e+00	   1.2620000e+03	
