   2.1300000e+02	   3.0700000e+02	   1.0900000e+02	   4.0000000e+00	   1.0000000e+00	   4.4850000e+00	   4.4350000e+00	   1.7200000e+00	   2.0000000e+00	   1.0000000e+00	   3.0000000e+00	   2.0000000e+00	   2.0990000e+03	
   3.0600000e+02	   3.1200000e+02	   3.1100000e+02	   1.5000000e+01	   3.0000000e+00	   4.7700000e+00	   4.1550000e+00	   6.4000000e-01	   3.0000000e+00	   1.0000000e+00	   2.0000000e+00	   3.0000000e+00	   1.3050000e+03	
   3.0200000e+02	   3.0700000e+02	   1.1600000e+02	   8.0000000e+00	   3.0000000e+00	   5.0000000e+00	   4.4350000e+00	   1.9550000e+00	   1.0000000e+00	   2.0000000e+00	   3.0000000e+00	   1.0000000e+00	   9.0400000e+02	
   3.0700000e+02	   3.1200000e+02	   2.0100000e+02	   9.0000000e+00	   2.0000000e+00	   4.4350000e+00	   4.1550000e+00	   2.4400000e+00	   2.0000000e+00	   1.0000000e+00	   3.0000000e+00	   2.0000000e+00	   1.8950000e+03	
   2.1300000e+02	   2.1400000e+02	   2.0100000e+02	   9.0000000e+00	   3.0000000e+00	   4.4850000e+00	   3.8200000e+00	   2.4400000e+00	   2.0000000e+00	   1.0000000e+00	   3.0000000e+00	   2.0000000e+00	   3.3230000e+03	
   1.1100000e+02	   3.0900000e+02	   2.1100000e+02	   1.2000000e+01	   4.0000000e+00	   3.7450000e+00	   4.6300000e+00	   1.1050000e+00	   2.0000000e+00	   3.0000000e+00	   1.0000000e+00	   3.0000000e+00	   1.6780000e+03	
   3.0200000e+02	   3.0600000e+02	   1.0500000e+02	   2.0000000e+00	   2.0000000e+00	   5.0000000e+00	   4.7700000e+00	   3.0000000e-02	   3.0000000e+00	   1.0000000e+00	   2.0000000e+00	   3.0000000e+00	   1.7230000e+03	
   2.1400000e+02	   3.1300000e+02	   1.0900000e+02	   4.0000000e+00	   4.0000000e+00	   3.8200000e+00	   4.7100000e+00	   1.7200000e+00	   2.0000000e+00	   3.0000000e+00	   1.0000000e+00	   3.0000000e+00	   1.3950000e+03	
   3.1200000e+02	   3.1300000e+02	   2.0300000e+02	   1.0000000e+01	   3.0000000e+00	   4.1550000e+00	   4.7100000e+00	   1.5050000e+00	   2.0000000e+00	   1.0000000e+00	   3.0000000e+00	   1.0000000e+00	   4.4240000e+03	
   2.1000000e+02	   2.1400000e+02	   1.1500000e+02	   7.0000000e+00	   4.0000000e+00	   4.8100000e+00	   3.8200000e+00	   7.0000000e-02	   3.0000000e+00	   1.0000000e+00	   2.0000000e+00	   3.0000000e+00	   1.4510000e+03	
   3.0100000e+02	   3.0200000e+02	   2.0500000e+02	   1.1000000e+01	   5.0000000e+00	   2.8900000e+00	   5.0000000e+00	   1.8750000e+00	   1.0000000e+00	   2.0000000e+00	   3.0000000e+00	   2.0000000e+00	   8.8000000e+02	
   2.1300000e+02	   3.0100000e+02	   2.0300000e+02	   1.0000000e+01	   5.0000000e+00	   4.4850000e+00	   2.8900000e+00	   1.5050000e+00	   3.0000000e+00	   2.0000000e+00	   1.0000000e+00	   3.0000000e+00	   1.2160000e+03	
   2.0600000e+02	   2.0800000e+02	   3.1100000e+02	   1.5000000e+01	   1.0000000e+00	   4.6900000e+00	   4.5200000e+00	   6.4000000e-01	   3.0000000e+00	   2.0000000e+00	   1.0000000e+00	   3.0000000e+00	   1.3520000e+03	
   3.0200000e+02	   3.1000000e+02	   1.1500000e+02	   7.0000000e+00	   5.0000000e+00	   5.0000000e+00	   2.9700000e+00	   7.0000000e-02	   2.0000000e+00	   1.0000000e+00	   3.0000000e+00	   2.0000000e+00	   1.4070000e+03	
   2.1000000e+02	   3.0200000e+02	   1.0200000e+02	   1.0000000e+00	   1.0000000e+00	   4.8100000e+00	   5.0000000e+00	   9.0500000e-01	   3.0000000e+00	   1.0000000e+00	   2.0000000e+00	   1.0000000e+00	   1.0550000e+03	
   2.0600000e+02	   3.0600000e+02	   1.0900000e+02	   4.0000000e+00	   1.0000000e+00	   4.6900000e+00	   4.7700000e+00	   1.7200000e+00	   1.0000000e+00	   2.0000000e+00	   3.0000000e+00	   1.0000000e+00	   2.4150000e+03	
   1.1100000e+02	   3.1200000e+02	   1.1600000e+02	   8.0000000e+00	   2.0000000e+00	   3.7450000e+00	   4.1550000e+00	   1.9550000e+00	   2.0000000e+00	   1.0000000e+00	   3.0000000e+00	   1.0000000e+00	   3.5490000e+03	
   2.1400000e+02	   3.1200000e+02	   2.1500000e+02	   1.3000000e+01	   2.0000000e+00	   3.8200000e+00	   4.1550000e+00	   4.4000000e-01	   1.0000000e+00	   2.0000000e+00	   3.0000000e+00	   1.0000000e+00	   1.2650000e+03	
   2.0800000e+02	   2.1300000e+02	   1.1200000e+02	   5.0000000e+00	   1.0000000e+00	   4.5200000e+00	   4.4850000e+00	   4.1000000e-01	   2.0000000e+00	   1.0000000e+00	   3.0000000e+00	   1.0000000e+00	   1.4270000e+03	
   3.0100000e+02	   3.0600000e+02	   3.0400000e+02	   1.4000000e+01	   5.0000000e+00	   2.8900000e+00	   4.7700000e+00	   9.9000000e-01	   3.0000000e+00	   2.0000000e+00	   1.0000000e+00	   2.0000000e+00	   1.2570000e+03	
   2.0900000e+02	   3.0200000e+02	   1.0600000e+02	   3.0000000e+00	   5.0000000e+00	   3.6500000e+00	   5.0000000e+00	   0.0000000e+00	   2.0000000e+00	   1.0000000e+00	   3.0000000e+00	   1.0000000e+00	   7.2700000e+02	
   2.1000000e+02	   3.1300000e+02	   2.0100000e+02	   9.0000000e+00	   1.0000000e+00	   4.8100000e+00	   4.7100000e+00	   2.4400000e+00	   3.0000000e+00	   1.0000000e+00	   2.0000000e+00	   3.0000000e+00	   6.6600000e+02	
   2.0800000e+02	   2.1300000e+02	   1.1500000e+02	   7.0000000e+00	   1.0000000e+00	   4.5200000e+00	   4.4850000e+00	   7.0000000e-02	   3.0000000e+00	   1.0000000e+00	   2.0000000e+00	   1.0000000e+00	   9.6600000e+02	
   2.0600000e+02	   3.0700000e+02	   1.1500000e+02	   7.0000000e+00	   2.0000000e+00	   4.6900000e+00	   4.4350000e+00	   7.0000000e-02	   1.0000000e+00	   3.0000000e+00	   2.0000000e+00	   1.0000000e+00	   8.6400000e+02	
   2.1400000e+02	   3.0200000e+02	   2.1500000e+02	   1.3000000e+01	   4.0000000e+00	   3.8200000e+00	   5.0000000e+00	   4.4000000e-01	   3.0000000e+00	   2.0000000e+00	   1.0000000e+00	   2.0000000e+00	   6.7800000e+02	
   2.0900000e+02	   3.0100000e+02	   2.1100000e+02	   1.2000000e+01	   3.0000000e+00	   3.6500000e+00	   2.8900000e+00	   1.1050000e+00	   1.0000000e+00	   2.0000000e+00	   3.0000000e+00	   2.0000000e+00	   2.1950000e+03	
   1.1100000e+02	   2.0800000e+02	   1.0600000e+02	   3.0000000e+00	   3.0000000e+00	   3.7450000e+00	   4.5200000e+00	   0.0000000e+00	   3.0000000e+00	   1.0000000e+00	   2.0000000e+00	   1.0000000e+00	   1.3750000e+03	
   3.0200000e+02	   3.0700000e+02	   3.0400000e+02	   1.4000000e+01	   3.0000000e+00	   5.0000000e+00	   4.4350000e+00	   9.9000000e-01	   2.0000000e+00	   1.0000000e+00	   3.0000000e+00	   2.0000000e+00	   5.6200000e+02	
   2.0800000e+02	   3.0200000e+02	   1.1500000e+02	   7.0000000e+00	   3.0000000e+00	   4.5200000e+00	   5.0000000e+00	   7.0000000e-02	   3.0000000e+00	   2.0000000e+00	   1.0000000e+00	   2.0000000e+00	   5.1800000e+02	
   1.1100000e+02	   3.0100000e+02	   2.1500000e+02	   1.3000000e+01	   4.0000000e+00	   3.7450000e+00	   2.8900000e+00	   4.4000000e-01	   1.0000000e+00	   2.0000000e+00	   3.0000000e+00	   2.0000000e+00	   1.2380000e+03	
   2.0900000e+02	   3.0700000e+02	   1.1200000e+02	   5.0000000e+00	   3.0000000e+00	   3.6500000e+00	   4.4350000e+00	   4.1000000e-01	   2.0000000e+00	   1.0000000e+00	   3.0000000e+00	   1.0000000e+00	   8.6000000e+02	
   1.1100000e+02	   2.1400000e+02	   2.0300000e+02	   1.0000000e+01	   1.0000000e+00	   3.7450000e+00	   3.8200000e+00	   1.5050000e+00	   3.0000000e+00	   2.0000000e+00	   1.0000000e+00	   2.0000000e+00	   7.0800000e+02	
   2.1400000e+02	   3.0700000e+02	   1.1400000e+02	   6.0000000e+00	   3.0000000e+00	   3.8200000e+00	   4.4350000e+00	   7.8500000e-01	   1.0000000e+00	   3.0000000e+00	   2.0000000e+00	   1.0000000e+00	   1.1710000e+03	
   2.1400000e+02	   3.0600000e+02	   1.1400000e+02	   6.0000000e+00	   4.0000000e+00	   3.8200000e+00	   4.7700000e+00	   7.8500000e-01	   1.0000000e+00	   2.0000000e+00	   3.0000000e+00	   1.0000000e+00	   2.1900000e+03	
   2.1000000e+02	   3.0200000e+02	   2.1500000e+02	   1.3000000e+01	   1.0000000e+00	   4.8100000e+00	   5.0000000e+00	   4.4000000e-01	   2.0000000e+00	   3.0000000e+00	   1.0000000e+00	   3.0000000e+00	   6.0000000e+02	
   3.0200000e+02	   3.1300000e+02	   1.0600000e+02	   3.0000000e+00	   2.0000000e+00	   5.0000000e+00	   4.7100000e+00	   0.0000000e+00	   1.0000000e+00	   2.0000000e+00	   3.0000000e+00	   1.0000000e+00	   5.3000000e+02	
   2.1300000e+02	   3.0700000e+02	   1.0500000e+02	   2.0000000e+00	   1.0000000e+00	   4.4850000e+00	   4.4350000e+00	   3.0000000e-02	   2.0000000e+00	   1.0000000e+00	   3.0000000e+00	   2.0000000e+00	   1.0860000e+03	
   3.0200000e+02	   3.0900000e+02	   1.0900000e+02	   4.0000000e+00	   2.0000000e+00	   5.0000000e+00	   4.6300000e+00	   1.7200000e+00	   1.0000000e+00	   3.0000000e+00	   2.0000000e+00	   1.0000000e+00	   5.0300000e+02	
   2.0800000e+02	   3.0700000e+02	   1.1600000e+02	   8.0000000e+00	   1.0000000e+00	   4.5200000e+00	   4.4350000e+00	   1.9550000e+00	   1.0000000e+00	   2.0000000e+00	   3.0000000e+00	   2.0000000e+00	   1.6100000e+03	
   3.0600000e+02	   3.1300000e+02	   2.0300000e+02	   1.0000000e+01	   1.0000000e+00	   4.7700000e+00	   4.7100000e+00	   1.5050000e+00	   1.0000000e+00	   2.0000000e+00	   3.0000000e+00	   1.0000000e+00	   2.0210000e+03	
   3.0100000e+02	   3.1200000e+02	   1.0500000e+02	   2.0000000e+00	   5.0000000e+00	   2.8900000e+00	   4.1550000e+00	   3.0000000e-02	   1.0000000e+00	   3.0000000e+00	   2.0000000e+00	   1.0000000e+00	   2.0950000e+03	
   2.0900000e+02	   3.0900000e+02	   1.1400000e+02	   6.0000000e+00	   4.0000000e+00	   3.6500000e+00	   4.6300000e+00	   7.8500000e-01	   2.0000000e+00	   3.0000000e+00	   1.0000000e+00	   3.0000000e+00	   8.8600000e+02	
   3.1000000e+02	   3.1300000e+02	   3.1100000e+02	   1.5000000e+01	   5.0000000e+00	   2.9700000e+00	   4.7100000e+00	   6.4000000e-01	   2.0000000e+00	   3.0000000e+00	   1.0000000e+00	   3.0000000e+00	   1.1220000e+03	
   2.1000000e+02	   3.0200000e+02	   1.0600000e+02	   3.0000000e+00	   1.0000000e+00	   4.8100000e+00	   5.0000000e+00	   0.0000000e+00	   3.0000000e+00	   1.0000000e+00	   2.0000000e+00	   1.0000000e+00	   7.7600000e+02	
   2.0900000e+02	   3.0600000e+02	   2.0300000e+02	   1.0000000e+01	   4.0000000e+00	   3.6500000e+00	   4.7700000e+00	   1.5050000e+00	   3.0000000e+00	   1.0000000e+00	   2.0000000e+00	   1.0000000e+00	   1.0120000e+03	
   3.0200000e+02	   3.0900000e+02	   2.0500000e+02	   1.1000000e+01	   2.0000000e+00	   5.0000000e+00	   4.6300000e+00	   1.8750000e+00	   3.0000000e+00	   1.0000000e+00	   2.0000000e+00	   3.0000000e+00	   4.6200000e+02	
   3.0600000e+02	   3.1000000e+02	   1.0200000e+02	   1.0000000e+00	   5.0000000e+00	   4.7700000e+00	   2.9700000e+00	   9.0500000e-01	   2.0000000e+00	   1.0000000e+00	   3.0000000e+00	   2.0000000e+00	   1.6650000e+03	
   2.0600000e+02	   3.0100000e+02	   1.1200000e+02	   5.0000000e+00	   5.0000000e+00	   4.6900000e+00	   2.8900000e+00	   4.1000000e-01	   2.0000000e+00	   3.0000000e+00	   1.0000000e+00	   2.0000000e+00	   1.2580000e+03	
   2.0800000e+02	   2.0900000e+02	   1.0900000e+02	   4.0000000e+00	   4.0000000e+00	   4.5200000e+00	   3.6500000e+00	   1.7200000e+00	   3.0000000e+00	   1.0000000e+00	   2.0000000e+00	   3.0000000e+00	   1.3520000e+03	
   3.0100000e+02	   3.0700000e+02	   2.1500000e+02	   1.3000000e+01	   5.0000000e+00	   2.8900000e+00	   4.4350000e+00	   4.4000000e-01	   1.0000000e+00	   3.0000000e+00	   2.0000000e+00	   3.0000000e+00	   1.2250000e+03	
   2.0600000e+02	   2.0800000e+02	   2.1500000e+02	   1.3000000e+01	   1.0000000e+00	   4.6900000e+00	   4.5200000e+00	   4.4000000e-01	   2.0000000e+00	   1.0000000e+00	   3.0000000e+00	   2.0000000e+00	   9.6400000e+02	
   3.0100000e+02	   3.0200000e+02	   1.0900000e+02	   4.0000000e+00	   5.0000000e+00	   2.8900000e+00	   5.0000000e+00	   1.7200000e+00	   1.0000000e+00	   2.0000000e+00	   3.0000000e+00	   2.0000000e+00	   1.9050000e+03	
   1.1100000e+02	   2.0900000e+02	   1.1400000e+02	   6.0000000e+00	   1.0000000e+00	   3.7450000e+00	   3.6500000e+00	   7.8500000e-01	   3.0000000e+00	   1.0000000e+00	   2.0000000e+00	   1.0000000e+00	   1.9280000e+03	
   2.0600000e+02	   2.0800000e+02	   1.1500000e+02	   7.0000000e+00	   1.0000000e+00	   4.6900000e+00	   4.5200000e+00	   7.0000000e-02	   2.0000000e+00	   3.0000000e+00	   1.0000000e+00	   2.0000000e+00	   1.1460000e+03	
   3.0200000e+02	   3.0600000e+02	   3.1100000e+02	   1.5000000e+01	   2.0000000e+00	   5.0000000e+00	   4.7700000e+00	   6.4000000e-01	   3.0000000e+00	   1.0000000e+00	   2.0000000e+00	   3.0000000e+00	   1.2860000e+03	
   3.0100000e+02	   3.0700000e+02	   2.1100000e+02	   1.2000000e+01	   5.0000000e+00	   2.8900000e+00	   4.4350000e+00	   1.1050000e+00	   3.0000000e+00	   1.0000000e+00	   2.0000000e+00	   1.0000000e+00	   1.5120000e+03	
   2.0900000e+02	   3.1200000e+02	   1.1200000e+02	   5.0000000e+00	   3.0000000e+00	   3.6500000e+00	   4.1550000e+00	   4.1000000e-01	   3.0000000e+00	   1.0000000e+00	   2.0000000e+00	   1.0000000e+00	   1.6060000e+03	
   2.0800000e+02	   3.1300000e+02	   2.0300000e+02	   1.0000000e+01	   2.0000000e+00	   4.5200000e+00	   4.7100000e+00	   1.5050000e+00	   2.0000000e+00	   3.0000000e+00	   1.0000000e+00	   3.0000000e+00	   1.5140000e+03	
   2.1300000e+02	   3.0100000e+02	   2.1500000e+02	   1.3000000e+01	   5.0000000e+00	   4.4850000e+00	   2.8900000e+00	   4.4000000e-01	   1.0000000e+00	   3.0000000e+00	   2.0000000e+00	   1.0000000e+00	   1.3280000e+03	
   2.0600000e+02	   3.1200000e+02	   2.0100000e+02	   9.0000000e+00	   3.0000000e+00	   4.6900000e+00	   4.1550000e+00	   2.4400000e+00	   1.0000000e+00	   3.0000000e+00	   2.0000000e+00	   1.0000000e+00	   1.2250000e+03	
   3.0600000e+02	   3.0700000e+02	   1.0500000e+02	   2.0000000e+00	   2.0000000e+00	   4.7700000e+00	   4.4350000e+00	   3.0000000e-02	   2.0000000e+00	   3.0000000e+00	   1.0000000e+00	   3.0000000e+00	   9.6500000e+02	
   2.1300000e+02	   3.1000000e+02	   2.0100000e+02	   9.0000000e+00	   5.0000000e+00	   4.4850000e+00	   2.9700000e+00	   2.4400000e+00	   3.0000000e+00	   1.0000000e+00	   2.0000000e+00	   3.0000000e+00	   9.5200000e+02	
   3.0100000e+02	   3.0200000e+02	   1.1200000e+02	   5.0000000e+00	   5.0000000e+00	   2.8900000e+00	   5.0000000e+00	   4.1000000e-01	   2.0000000e+00	   1.0000000e+00	   3.0000000e+00	   1.0000000e+00	   6.0100000e+02	
   2.1000000e+02	   2.1300000e+02	   2.0300000e+02	   1.0000000e+01	   2.0000000e+00	   4.8100000e+00	   4.4850000e+00	   1.5050000e+00	   1.0000000e+00	   3.0000000e+00	   2.0000000e+00	   3.0000000e+00	   7.8800000e+02	
   3.0100000e+02	   3.0900000e+02	   3.1100000e+02	   1.5000000e+01	   5.0000000e+00	   2.8900000e+00	   4.6300000e+00	   6.4000000e-01	   1.0000000e+00	   3.0000000e+00	   2.0000000e+00	   3.0000000e+00	   2.2770000e+03	
   3.0600000e+02	   3.1300000e+02	   1.0200000e+02	   1.0000000e+00	   1.0000000e+00	   4.7700000e+00	   4.7100000e+00	   9.0500000e-01	   1.0000000e+00	   2.0000000e+00	   3.0000000e+00	   2.0000000e+00	   2.6430000e+03	
   2.1400000e+02	   3.1000000e+02	   1.0600000e+02	   3.0000000e+00	   4.0000000e+00	   3.8200000e+00	   2.9700000e+00	   0.0000000e+00	   1.0000000e+00	   2.0000000e+00	   3.0000000e+00	   1.0000000e+00	   1.6240000e+03	
   2.1400000e+02	   3.1200000e+02	   1.0500000e+02	   2.0000000e+00	   2.0000000e+00	   3.8200000e+00	   4.1550000e+00	   3.0000000e-02	   3.0000000e+00	   1.0000000e+00	   2.0000000e+00	   3.0000000e+00	   1.2670000e+03	
   1.1100000e+02	   3.1000000e+02	   1.1600000e+02	   8.0000000e+00	   3.0000000e+00	   3.7450000e+00	   2.9700000e+00	   1.9550000e+00	   2.0000000e+00	   3.0000000e+00	   1.0000000e+00	   3.0000000e+00	   1.8290000e+03	
   3.0700000e+02	   3.1300000e+02	   2.0100000e+02	   9.0000000e+00	   2.0000000e+00	   4.4350000e+00	   4.7100000e+00	   2.4400000e+00	   3.0000000e+00	   2.0000000e+00	   1.0000000e+00	   3.0000000e+00	   6.8100000e+02	
   3.0100000e+02	   3.0900000e+02	   3.0400000e+02	   1.4000000e+01	   5.0000000e+00	   2.8900000e+00	   4.6300000e+00	   9.9000000e-01	   2.0000000e+00	   3.0000000e+00	   1.0000000e+00	   3.0000000e+00	   1.1780000e+03	
   2.1000000e+02	   3.0900000e+02	   2.0300000e+02	   1.0000000e+01	   1.0000000e+00	   4.8100000e+00	   4.6300000e+00	   1.5050000e+00	   1.0000000e+00	   3.0000000e+00	   2.0000000e+00	   1.0000000e+00	   2.9840000e+03	
   3.1200000e+02	   3.1300000e+02	   3.1100000e+02	   1.5000000e+01	   3.0000000e+00	   4.1550000e+00	   4.7100000e+00	   6.4000000e-01	   3.0000000e+00	   1.0000000e+00	   2.0000000e+00	   1.0000000e+00	   1.6300000e+03	
   2.0800000e+02	   2.1300000e+02	   1.1400000e+02	   6.0000000e+00	   1.0000000e+00	   4.5200000e+00	   4.4850000e+00	   7.8500000e-01	   3.0000000e+00	   2.0000000e+00	   1.0000000e+00	   2.0000000e+00	   1.6390000e+03	
   2.0900000e+02	   3.0100000e+02	   1.0900000e+02	   4.0000000e+00	   3.0000000e+00	   3.6500000e+00	   2.8900000e+00	   1.7200000e+00	   2.0000000e+00	   1.0000000e+00	   3.0000000e+00	   1.0000000e+00	   2.0760000e+03	
   2.0800000e+02	   2.1300000e+02	   1.0500000e+02	   2.0000000e+00	   1.0000000e+00	   4.5200000e+00	   4.4850000e+00	   3.0000000e-02	   1.0000000e+00	   3.0000000e+00	   2.0000000e+00	   3.0000000e+00	   1.2880000e+03	
   2.0600000e+02	   3.1200000e+02	   3.0400000e+02	   1.4000000e+01	   3.0000000e+00	   4.6900000e+00	   4.1550000e+00	   9.9000000e-01	   1.0000000e+00	   2.0000000e+00	   3.0000000e+00	   1.0000000e+00	   1.1330000e+03	
   2.0900000e+02	   3.1300000e+02	   1.0900000e+02	   4.0000000e+00	   4.0000000e+00	   3.6500000e+00	   4.7100000e+00	   1.7200000e+00	   2.0000000e+00	   3.0000000e+00	   1.0000000e+00	   3.0000000e+00	   1.3800000e+03	
   2.0600000e+02	   3.0200000e+02	   1.1600000e+02	   8.0000000e+00	   2.0000000e+00	   4.6900000e+00	   5.0000000e+00	   1.9550000e+00	   1.0000000e+00	   3.0000000e+00	   2.0000000e+00	   3.0000000e+00	   6.6800000e+02	
   2.0800000e+02	   3.1000000e+02	   1.1400000e+02	   6.0000000e+00	   5.0000000e+00	   4.5200000e+00	   2.9700000e+00	   7.8500000e-01	   3.0000000e+00	   2.0000000e+00	   1.0000000e+00	   2.0000000e+00	   3.1610000e+03	
   1.1100000e+02	   2.1400000e+02	   2.0100000e+02	   9.0000000e+00	   1.0000000e+00	   3.7450000e+00	   3.8200000e+00	   2.4400000e+00	   3.0000000e+00	   2.0000000e+00	   1.0000000e+00	   2.0000000e+00	   6.9500000e+02	
   2.1000000e+02	   3.1200000e+02	   2.0300000e+02	   1.0000000e+01	   3.0000000e+00	   4.8100000e+00	   4.1550000e+00	   1.5050000e+00	   2.0000000e+00	   3.0000000e+00	   1.0000000e+00	   2.0000000e+00	   8.8000000e+02	
   3.0600000e+02	   3.1000000e+02	   2.1500000e+02	   1.3000000e+01	   5.0000000e+00	   4.7700000e+00	   2.9700000e+00	   4.4000000e-01	   3.0000000e+00	   1.0000000e+00	   2.0000000e+00	   3.0000000e+00	   7.6200000e+02	
   1.1100000e+02	   3.1000000e+02	   1.0900000e+02	   4.0000000e+00	   3.0000000e+00	   3.7450000e+00	   2.9700000e+00	   1.7200000e+00	   2.0000000e+00	   3.0000000e+00	   1.0000000e+00	   3.0000000e+00	   1.4130000e+03	
   2.0600000e+02	   2.1400000e+02	   1.0600000e+02	   3.0000000e+00	   4.0000000e+00	   4.6900000e+00	   3.8200000e+00	   0.0000000e+00	   2.0000000e+00	   3.0000000e+00	   1.0000000e+00	   2.0000000e+00	   9.6700000e+02	
   1.1100000e+02	   2.0600000e+02	   1.1500000e+02	   7.0000000e+00	   4.0000000e+00	   3.7450000e+00	   4.6900000e+00	   7.0000000e-02	   1.0000000e+00	   3.0000000e+00	   2.0000000e+00	   3.0000000e+00	   1.0650000e+03	
   2.1000000e+02	   2.1400000e+02	   2.1500000e+02	   1.3000000e+01	   4.0000000e+00	   4.8100000e+00	   3.8200000e+00	   4.4000000e-01	   2.0000000e+00	   3.0000000e+00	   1.0000000e+00	   2.0000000e+00	   5.9300000e+02	
   2.1300000e+02	   3.1200000e+02	   2.0100000e+02	   9.0000000e+00	   2.0000000e+00	   4.4850000e+00	   4.1550000e+00	   2.4400000e+00	   3.0000000e+00	   2.0000000e+00	   1.0000000e+00	   3.0000000e+00	   1.0780000e+03	
   2.0600000e+02	   2.0900000e+02	   1.0500000e+02	   2.0000000e+00	   4.0000000e+00	   4.6900000e+00	   3.6500000e+00	   3.0000000e-02	   1.0000000e+00	   2.0000000e+00	   3.0000000e+00	   1.0000000e+00	   1.2590000e+03	
   3.0600000e+02	   3.1200000e+02	   2.1100000e+02	   1.2000000e+01	   3.0000000e+00	   4.7700000e+00	   4.1550000e+00	   1.1050000e+00	   3.0000000e+00	   2.0000000e+00	   1.0000000e+00	   3.0000000e+00	   1.6630000e+03	
   3.0100000e+02	   3.0700000e+02	   1.0200000e+02	   1.0000000e+00	   5.0000000e+00	   2.8900000e+00	   4.4350000e+00	   9.0500000e-01	   2.0000000e+00	   3.0000000e+00	   1.0000000e+00	   3.0000000e+00	   1.6210000e+03	
   2.0900000e+02	   3.1300000e+02	   1.1600000e+02	   8.0000000e+00	   4.0000000e+00	   3.6500000e+00	   4.7100000e+00	   1.9550000e+00	   3.0000000e+00	   2.0000000e+00	   1.0000000e+00	   2.0000000e+00	   1.9100000e+03	
   3.0700000e+02	   3.1000000e+02	   1.1600000e+02	   8.0000000e+00	   5.0000000e+00	   4.4350000e+00	   2.9700000e+00	   1.9550000e+00	   1.0000000e+00	   3.0000000e+00	   2.0000000e+00	   3.0000000e+00	   3.2540000e+03	
   2.0900000e+02	   3.1000000e+02	   1.1200000e+02	   5.0000000e+00	   3.0000000e+00	   3.6500000e+00	   2.9700000e+00	   4.1000000e-01	   1.0000000e+00	   3.0000000e+00	   2.0000000e+00	   3.0000000e+00	   6.9800000e+02	
   3.0200000e+02	   3.0900000e+02	   3.0400000e+02	   1.4000000e+01	   2.0000000e+00	   5.0000000e+00	   4.6300000e+00	   9.9000000e-01	   3.0000000e+00	   2.0000000e+00	   1.0000000e+00	   3.0000000e+00	   5.8000000e+02	
   2.1300000e+02	   3.0700000e+02	   2.0500000e+02	   1.1000000e+01	   1.0000000e+00	   4.4850000e+00	   4.4350000e+00	   1.8750000e+00	   2.0000000e+00	   1.0000000e+00	   3.0000000e+00	   2.0000000e+00	   1.0350000e+03	
   2.0600000e+02	   2.1000000e+02	   2.0500000e+02	   1.1000000e+01	   1.0000000e+00	   4.6900000e+00	   4.8100000e+00	   1.8750000e+00	   2.0000000e+00	   3.0000000e+00	   1.0000000e+00	   3.0000000e+00	   1.9930000e+03	
   2.1400000e+02	   3.0100000e+02	   2.0100000e+02	   9.0000000e+00	   4.0000000e+00	   3.8200000e+00	   2.8900000e+00	   2.4400000e+00	   1.0000000e+00	   2.0000000e+00	   3.0000000e+00	   1.0000000e+00	   1.2570000e+03	
   2.1400000e+02	   3.1300000e+02	   1.0500000e+02	   2.0000000e+00	   4.0000000e+00	   3.8200000e+00	   4.7100000e+00	   3.0000000e-02	   1.0000000e+00	   3.0000000e+00	   2.0000000e+00	   1.0000000e+00	   7.5200000e+02	
   2.1300000e+02	   3.0900000e+02	   1.1600000e+02	   8.0000000e+00	   1.0000000e+00	   4.4850000e+00	   4.6300000e+00	   1.9550000e+00	   1.0000000e+00	   2.0000000e+00	   3.0000000e+00	   2.0000000e+00	   2.2660000e+03	
   3.0200000e+02	   3.1000000e+02	   3.1100000e+02	   1.5000000e+01	   5.0000000e+00	   5.0000000e+00	   2.9700000e+00	   6.4000000e-01	   1.0000000e+00	   3.0000000e+00	   2.0000000e+00	   1.0000000e+00	   6.9200000e+02	
   3.0200000e+02	   3.0900000e+02	   3.1100000e+02	   1.5000000e+01	   2.0000000e+00	   5.0000000e+00	   4.6300000e+00	   6.4000000e-01	   2.0000000e+00	   3.0000000e+00	   1.0000000e+00	   2.0000000e+00	   4.9000000e+02	
   2.0900000e+02	   3.0100000e+02	   2.0500000e+02	   1.1000000e+01	   3.0000000e+00	   3.6500000e+00	   2.8900000e+00	   1.8750000e+00	   3.0000000e+00	   2.0000000e+00	   1.0000000e+00	   3.0000000e+00	   9.1500000e+02	
   2.0800000e+02	   3.0200000e+02	   1.0500000e+02	   2.0000000e+00	   3.0000000e+00	   4.5200000e+00	   5.0000000e+00	   3.0000000e-02	   2.0000000e+00	   1.0000000e+00	   3.0000000e+00	   1.0000000e+00	   7.8800000e+02	
   2.0800000e+02	   3.1200000e+02	   2.1500000e+02	   1.3000000e+01	   2.0000000e+00	   4.5200000e+00	   4.1550000e+00	   4.4000000e-01	   3.0000000e+00	   1.0000000e+00	   2.0000000e+00	   3.0000000e+00	   1.8360000e+03	
   3.0100000e+02	   3.0700000e+02	   1.1400000e+02	   6.0000000e+00	   5.0000000e+00	   2.8900000e+00	   4.4350000e+00	   7.8500000e-01	   3.0000000e+00	   2.0000000e+00	   1.0000000e+00	   2.0000000e+00	   1.2440000e+03	
   2.1300000e+02	   3.0200000e+02	   3.1100000e+02	   1.5000000e+01	   3.0000000e+00	   4.4850000e+00	   5.0000000e+00	   6.4000000e-01	   3.0000000e+00	   2.0000000e+00	   1.0000000e+00	   2.0000000e+00	   8.1100000e+02	
   3.0700000e+02	   3.1200000e+02	   2.1100000e+02	   1.2000000e+01	   2.0000000e+00	   4.4350000e+00	   4.1550000e+00	   1.1050000e+00	   2.0000000e+00	   1.0000000e+00	   3.0000000e+00	   2.0000000e+00	   7.4800000e+02	
   3.0600000e+02	   3.1300000e+02	   1.1500000e+02	   7.0000000e+00	   1.0000000e+00	   4.7700000e+00	   4.7100000e+00	   7.0000000e-02	   1.0000000e+00	   2.0000000e+00	   3.0000000e+00	   2.0000000e+00	   1.4540000e+03	
   1.1100000e+02	   3.1200000e+02	   1.0900000e+02	   4.0000000e+00	   2.0000000e+00	   3.7450000e+00	   4.1550000e+00	   1.7200000e+00	   2.0000000e+00	   3.0000000e+00	   1.0000000e+00	   3.0000000e+00	   1.5090000e+03	
   1.1100000e+02	   3.0200000e+02	   2.1100000e+02	   1.2000000e+01	   5.0000000e+00	   3.7450000e+00	   5.0000000e+00	   1.1050000e+00	   3.0000000e+00	   1.0000000e+00	   2.0000000e+00	   1.0000000e+00	   8.0300000e+02	
   2.1400000e+02	   3.1200000e+02	   1.1200000e+02	   5.0000000e+00	   2.0000000e+00	   3.8200000e+00	   4.1550000e+00	   4.1000000e-01	   1.0000000e+00	   2.0000000e+00	   3.0000000e+00	   1.0000000e+00	   1.1730000e+03	
   3.1000000e+02	   3.1300000e+02	   2.0100000e+02	   9.0000000e+00	   5.0000000e+00	   2.9700000e+00	   4.7100000e+00	   2.4400000e+00	   1.0000000e+00	   2.0000000e+00	   3.0000000e+00	   2.0000000e+00	   1.4050000e+03	
   2.0900000e+02	   3.1200000e+02	   1.0500000e+02	   2.0000000e+00	   3.0000000e+00	   3.6500000e+00	   4.1550000e+00	   3.0000000e-02	   3.0000000e+00	   2.0000000e+00	   1.0000000e+00	   2.0000000e+00	   9.1900000e+02	
   3.0200000e+02	   3.0700000e+02	   2.1100000e+02	   1.2000000e+01	   3.0000000e+00	   5.0000000e+00	   4.4350000e+00	   1.1050000e+00	   2.0000000e+00	   1.0000000e+00	   3.0000000e+00	   2.0000000e+00	   5.5500000e+02	
   2.0800000e+02	   2.0900000e+02	   1.1200000e+02	   5.0000000e+00	   4.0000000e+00	   4.5200000e+00	   3.6500000e+00	   4.1000000e-01	   1.0000000e+00	   3.0000000e+00	   2.0000000e+00	   1.0000000e+00	   1.6930000e+03	
   2.1000000e+02	   3.0700000e+02	   1.1400000e+02	   6.0000000e+00	   2.0000000e+00	   4.8100000e+00	   4.4350000e+00	   7.8500000e-01	   3.0000000e+00	   1.0000000e+00	   2.0000000e+00	   1.0000000e+00	   1.3150000e+03	
   2.0800000e+02	   3.0200000e+02	   3.0400000e+02	   1.4000000e+01	   3.0000000e+00	   4.5200000e+00	   5.0000000e+00	   9.9000000e-01	   2.0000000e+00	   3.0000000e+00	   1.0000000e+00	   3.0000000e+00	   6.8800000e+02	
   1.1100000e+02	   3.1300000e+02	   1.0200000e+02	   1.0000000e+00	   4.0000000e+00	   3.7450000e+00	   4.7100000e+00	   9.0500000e-01	   2.0000000e+00	   1.0000000e+00	   3.0000000e+00	   1.0000000e+00	   8.8700000e+02	
   2.1000000e+02	   2.1300000e+02	   1.0200000e+02	   1.0000000e+00	   2.0000000e+00	   4.8100000e+00	   4.4850000e+00	   9.0500000e-01	   1.0000000e+00	   3.0000000e+00	   2.0000000e+00	   1.0000000e+00	   9.2600000e+02	
   3.0700000e+02	   3.1200000e+02	   1.0600000e+02	   3.0000000e+00	   2.0000000e+00	   4.4350000e+00	   4.1550000e+00	   0.0000000e+00	   3.0000000e+00	   1.0000000e+00	   2.0000000e+00	   1.0000000e+00	   1.9240000e+03	
   1.1100000e+02	   3.0600000e+02	   1.0200000e+02	   1.0000000e+00	   4.0000000e+00	   3.7450000e+00	   4.7700000e+00	   9.0500000e-01	   1.0000000e+00	   2.0000000e+00	   3.0000000e+00	   2.0000000e+00	   7.8600000e+02	
   2.1400000e+02	   3.0600000e+02	   3.1100000e+02	   1.5000000e+01	   4.0000000e+00	   3.8200000e+00	   4.7700000e+00	   6.4000000e-01	   2.0000000e+00	   1.0000000e+00	   3.0000000e+00	   2.0000000e+00	   2.1090000e+03	
   2.0800000e+02	   2.1300000e+02	   1.0600000e+02	   3.0000000e+00	   1.0000000e+00	   4.5200000e+00	   4.4850000e+00	   0.0000000e+00	   1.0000000e+00	   2.0000000e+00	   3.0000000e+00	   2.0000000e+00	   9.2000000e+02	
   3.0600000e+02	   3.0900000e+02	   3.0400000e+02	   1.4000000e+01	   1.0000000e+00	   4.7700000e+00	   4.6300000e+00	   9.9000000e-01	   2.0000000e+00	   3.0000000e+00	   1.0000000e+00	   2.0000000e+00	   1.6770000e+03	
   2.1300000e+02	   3.0600000e+02	   1.1500000e+02	   7.0000000e+00	   2.0000000e+00	   4.4850000e+00	   4.7700000e+00	   7.0000000e-02	   1.0000000e+00	   3.0000000e+00	   2.0000000e+00	   1.0000000e+00	   1.3100000e+03	
   3.0600000e+02	   3.0900000e+02	   2.1500000e+02	   1.3000000e+01	   1.0000000e+00	   4.7700000e+00	   4.6300000e+00	   4.4000000e-01	   1.0000000e+00	   2.0000000e+00	   3.0000000e+00	   2.0000000e+00	   1.2750000e+03	
   3.0700000e+02	   3.0900000e+02	   2.0300000e+02	   1.0000000e+01	   2.0000000e+00	   4.4350000e+00	   4.6300000e+00	   1.5050000e+00	   3.0000000e+00	   1.0000000e+00	   2.0000000e+00	   3.0000000e+00	   1.9400000e+03	
   3.0700000e+02	   3.1200000e+02	   3.0400000e+02	   1.4000000e+01	   2.0000000e+00	   4.4350000e+00	   4.1550000e+00	   9.9000000e-01	   3.0000000e+00	   1.0000000e+00	   2.0000000e+00	   1.0000000e+00	   1.9520000e+03	
   1.1100000e+02	   3.0200000e+02	   1.0900000e+02	   4.0000000e+00	   5.0000000e+00	   3.7450000e+00	   5.0000000e+00	   1.7200000e+00	   1.0000000e+00	   3.0000000e+00	   2.0000000e+00	   3.0000000e+00	   6.8100000e+02	
   3.0100000e+02	   3.0900000e+02	   2.1500000e+02	   1.3000000e+01	   5.0000000e+00	   2.8900000e+00	   4.6300000e+00	   4.4000000e-01	   1.0000000e+00	   2.0000000e+00	   3.0000000e+00	   2.0000000e+00	   1.4180000e+03	
   2.1000000e+02	   3.0900000e+02	   1.0900000e+02	   4.0000000e+00	   1.0000000e+00	   4.8100000e+00	   4.6300000e+00	   1.7200000e+00	   1.0000000e+00	   3.0000000e+00	   2.0000000e+00	   1.0000000e+00	   1.3560000e+03	
   2.1000000e+02	   3.0200000e+02	   2.0100000e+02	   9.0000000e+00	   1.0000000e+00	   4.8100000e+00	   5.0000000e+00	   2.4400000e+00	   1.0000000e+00	   2.0000000e+00	   3.0000000e+00	   2.0000000e+00	   1.4570000e+03	
   2.0600000e+02	   2.0900000e+02	   1.1600000e+02	   8.0000000e+00	   4.0000000e+00	   4.6900000e+00	   3.6500000e+00	   1.9550000e+00	   1.0000000e+00	   3.0000000e+00	   2.0000000e+00	   1.0000000e+00	   1.0080000e+03	
   2.0600000e+02	   3.0200000e+02	   1.1400000e+02	   6.0000000e+00	   2.0000000e+00	   4.6900000e+00	   5.0000000e+00	   7.8500000e-01	   2.0000000e+00	   3.0000000e+00	   1.0000000e+00	   2.0000000e+00	   6.7300000e+02	
   2.0800000e+02	   2.1000000e+02	   2.0100000e+02	   9.0000000e+00	   2.0000000e+00	   4.5200000e+00	   4.8100000e+00	   2.4400000e+00	   2.0000000e+00	   1.0000000e+00	   3.0000000e+00	   1.0000000e+00	   6.6400000e+02	
   1.1100000e+02	   2.1300000e+02	   1.1200000e+02	   5.0000000e+00	   3.0000000e+00	   3.7450000e+00	   4.4850000e+00	   4.1000000e-01	   2.0000000e+00	   3.0000000e+00	   1.0000000e+00	   3.0000000e+00	   1.3780000e+03	
   3.0700000e+02	   3.1200000e+02	   1.1200000e+02	   5.0000000e+00	   2.0000000e+00	   4.4350000e+00	   4.1550000e+00	   4.1000000e-01	   1.0000000e+00	   3.0000000e+00	   2.0000000e+00	   1.0000000e+00	   4.1850000e+03	
   2.1300000e+02	   3.1000000e+02	   1.0500000e+02	   2.0000000e+00	   5.0000000e+00	   4.4850000e+00	   2.9700000e+00	   3.0000000e-02	   3.0000000e+00	   2.0000000e+00	   1.0000000e+00	   3.0000000e+00	   6.4200000e+02	
   2.0800000e+02	   3.0200000e+02	   1.0200000e+02	   1.0000000e+00	   3.0000000e+00	   4.5200000e+00	   5.0000000e+00	   9.0500000e-01	   1.0000000e+00	   3.0000000e+00	   2.0000000e+00	   3.0000000e+00	   1.1560000e+03	
   1.1100000e+02	   3.0700000e+02	   2.0100000e+02	   9.0000000e+00	   3.0000000e+00	   3.7450000e+00	   4.4350000e+00	   2.4400000e+00	   1.0000000e+00	   2.0000000e+00	   3.0000000e+00	   2.0000000e+00	   1.6760000e+03	
   2.1400000e+02	   3.1300000e+02	   1.1400000e+02	   6.0000000e+00	   4.0000000e+00	   3.8200000e+00	   4.7100000e+00	   7.8500000e-01	   3.0000000e+00	   1.0000000e+00	   2.0000000e+00	   3.0000000e+00	   1.2590000e+03	
   2.1300000e+02	   3.0900000e+02	   2.0100000e+02	   9.0000000e+00	   1.0000000e+00	   4.4850000e+00	   4.6300000e+00	   2.4400000e+00	   3.0000000e+00	   1.0000000e+00	   2.0000000e+00	   3.0000000e+00	   8.5000000e+02	
   2.0600000e+02	   2.1400000e+02	   1.0900000e+02	   4.0000000e+00	   4.0000000e+00	   4.6900000e+00	   3.8200000e+00	   1.7200000e+00	   1.0000000e+00	   3.0000000e+00	   2.0000000e+00	   1.0000000e+00	   1.1690000e+03	
   2.0600000e+02	   3.0900000e+02	   1.1200000e+02	   5.0000000e+00	   1.0000000e+00	   4.6900000e+00	   4.6300000e+00	   4.1000000e-01	   2.0000000e+00	   1.0000000e+00	   3.0000000e+00	   2.0000000e+00	   1.2510000e+03	
   3.1000000e+02	   3.1200000e+02	   2.0300000e+02	   1.0000000e+01	   4.0000000e+00	   2.9700000e+00	   4.1550000e+00	   1.5050000e+00	   3.0000000e+00	   2.0000000e+00	   1.0000000e+00	   2.0000000e+00	   1.5610000e+03	
   2.1000000e+02	   3.1200000e+02	   3.1100000e+02	   1.5000000e+01	   3.0000000e+00	   4.8100000e+00	   4.1550000e+00	   6.4000000e-01	   2.0000000e+00	   3.0000000e+00	   1.0000000e+00	   2.0000000e+00	   6.8900000e+02	
   2.1300000e+02	   3.1200000e+02	   1.0900000e+02	   4.0000000e+00	   2.0000000e+00	   4.4850000e+00	   4.1550000e+00	   1.7200000e+00	   3.0000000e+00	   2.0000000e+00	   1.0000000e+00	   2.0000000e+00	   7.5100000e+02	
   3.0700000e+02	   3.1300000e+02	   1.0500000e+02	   2.0000000e+00	   2.0000000e+00	   4.4350000e+00	   4.7100000e+00	   3.0000000e-02	   2.0000000e+00	   3.0000000e+00	   1.0000000e+00	   2.0000000e+00	   6.0100000e+02	
   3.0600000e+02	   3.1200000e+02	   2.0500000e+02	   1.1000000e+01	   3.0000000e+00	   4.7700000e+00	   4.1550000e+00	   1.8750000e+00	   1.0000000e+00	   2.0000000e+00	   3.0000000e+00	   2.0000000e+00	   1.5660000e+03	
   1.1100000e+02	   2.0800000e+02	   1.1600000e+02	   8.0000000e+00	   3.0000000e+00	   3.7450000e+00	   4.5200000e+00	   1.9550000e+00	   1.0000000e+00	   3.0000000e+00	   2.0000000e+00	   3.0000000e+00	   1.8730000e+03	
   3.0600000e+02	   3.1200000e+02	   1.1400000e+02	   6.0000000e+00	   3.0000000e+00	   4.7700000e+00	   4.1550000e+00	   7.8500000e-01	   2.0000000e+00	   1.0000000e+00	   3.0000000e+00	   2.0000000e+00	   2.1900000e+03	
   2.1400000e+02	   3.0100000e+02	   1.1600000e+02	   8.0000000e+00	   4.0000000e+00	   3.8200000e+00	   2.8900000e+00	   1.9550000e+00	   3.0000000e+00	   1.0000000e+00	   2.0000000e+00	   3.0000000e+00	   1.7960000e+03	
   2.0900000e+02	   3.0600000e+02	   1.1200000e+02	   5.0000000e+00	   4.0000000e+00	   3.6500000e+00	   4.7700000e+00	   4.1000000e-01	   2.0000000e+00	   1.0000000e+00	   3.0000000e+00	   1.0000000e+00	   2.3170000e+03	
   2.1400000e+02	   3.1000000e+02	   3.1100000e+02	   1.5000000e+01	   4.0000000e+00	   3.8200000e+00	   2.9700000e+00	   6.4000000e-01	   3.0000000e+00	   1.0000000e+00	   2.0000000e+00	   3.0000000e+00	   1.3550000e+03	
   2.1300000e+02	   3.0900000e+02	   1.0600000e+02	   3.0000000e+00	   1.0000000e+00	   4.4850000e+00	   4.6300000e+00	   0.0000000e+00	   2.0000000e+00	   1.0000000e+00	   3.0000000e+00	   2.0000000e+00	   8.3000000e+02	
   2.1000000e+02	   3.0700000e+02	   2.0500000e+02	   1.1000000e+01	   2.0000000e+00	   4.8100000e+00	   4.4350000e+00	   1.8750000e+00	   3.0000000e+00	   1.0000000e+00	   2.0000000e+00	   3.0000000e+00	   6.0200000e+02	
   3.0700000e+02	   3.0900000e+02	   3.0400000e+02	   1.4000000e+01	   2.0000000e+00	   4.4350000e+00	   4.6300000e+00	   9.9000000e-01	   3.0000000e+00	   2.0000000e+00	   1.0000000e+00	   2.0000000e+00	   2.0520000e+03	
   2.1000000e+02	   3.0600000e+02	   3.0400000e+02	   1.4000000e+01	   1.0000000e+00	   4.8100000e+00	   4.7700000e+00	   9.9000000e-01	   3.0000000e+00	   2.0000000e+00	   1.0000000e+00	   3.0000000e+00	   1.4420000e+03	
   2.1300000e+02	   3.1300000e+02	   1.0200000e+02	   1.0000000e+00	   2.0000000e+00	   4.4850000e+00	   4.7100000e+00	   9.0500000e-01	   1.0000000e+00	   3.0000000e+00	   2.0000000e+00	   1.0000000e+00	   1.2020000e+03	
   2.1400000e+02	   3.0200000e+02	   3.0400000e+02	   1.4000000e+01	   4.0000000e+00	   3.8200000e+00	   5.0000000e+00	   9.9000000e-01	   1.0000000e+00	   3.0000000e+00	   2.0000000e+00	   3.0000000e+00	   9.7100000e+02	
   3.0100000e+02	   3.1200000e+02	   2.0300000e+02	   1.0000000e+01	   5.0000000e+00	   2.8900000e+00	   4.1550000e+00	   1.5050000e+00	   3.0000000e+00	   1.0000000e+00	   2.0000000e+00	   1.0000000e+00	   2.3390000e+03	
   2.0800000e+02	   3.1000000e+02	   1.1500000e+02	   7.0000000e+00	   5.0000000e+00	   4.5200000e+00	   2.9700000e+00	   7.0000000e-02	   2.0000000e+00	   1.0000000e+00	   3.0000000e+00	   1.0000000e+00	   2.9240000e+03	
   2.0900000e+02	   3.0200000e+02	   1.1400000e+02	   6.0000000e+00	   5.0000000e+00	   3.6500000e+00	   5.0000000e+00	   7.8500000e-01	   3.0000000e+00	   2.0000000e+00	   1.0000000e+00	   2.0000000e+00	   7.8000000e+02	
   1.1100000e+02	   2.0600000e+02	   3.0400000e+02	   1.4000000e+01	   4.0000000e+00	   3.7450000e+00	   4.6900000e+00	   9.9000000e-01	   1.0000000e+00	   2.0000000e+00	   3.0000000e+00	   2.0000000e+00	   1.8200000e+03	
   2.0900000e+02	   2.1400000e+02	   1.0500000e+02	   2.0000000e+00	   1.0000000e+00	   3.6500000e+00	   3.8200000e+00	   3.0000000e-02	   2.0000000e+00	   1.0000000e+00	   3.0000000e+00	   1.0000000e+00	   1.3820000e+03	
   1.1100000e+02	   2.1400000e+02	   2.0500000e+02	   1.1000000e+01	   1.0000000e+00	   3.7450000e+00	   3.8200000e+00	   1.8750000e+00	   3.0000000e+00	   1.0000000e+00	   2.0000000e+00	   1.0000000e+00	   1.9110000e+03	
   2.0900000e+02	   2.1400000e+02	   3.1100000e+02	   1.5000000e+01	   1.0000000e+00	   3.6500000e+00	   3.8200000e+00	   6.4000000e-01	   3.0000000e+00	   1.0000000e+00	   2.0000000e+00	   1.0000000e+00	   1.4860000e+03	
   2.1000000e+02	   3.1300000e+02	   2.1500000e+02	   1.3000000e+01	   1.0000000e+00	   4.8100000e+00	   4.7100000e+00	   4.4000000e-01	   1.0000000e+00	   2.0000000e+00	   3.0000000e+00	   1.0000000e+00	   1.7050000e+03	
   2.0600000e+02	   3.1000000e+02	   3.0400000e+02	   1.4000000e+01	   5.0000000e+00	   4.6900000e+00	   2.9700000e+00	   9.9000000e-01	   3.0000000e+00	   2.0000000e+00	   1.0000000e+00	   3.0000000e+00	   1.3550000e+03	
   2.1300000e+02	   3.0700000e+02	   1.1600000e+02	   8.0000000e+00	   1.0000000e+00	   4.4850000e+00	   4.4350000e+00	   1.9550000e+00	   1.0000000e+00	   2.0000000e+00	   3.0000000e+00	   1.0000000e+00	   1.7140000e+03	
   2.1000000e+02	   3.1300000e+02	   1.1500000e+02	   7.0000000e+00	   1.0000000e+00	   4.8100000e+00	   4.7100000e+00	   7.0000000e-02	   3.0000000e+00	   1.0000000e+00	   2.0000000e+00	   3.0000000e+00	   7.2900000e+02	
   2.0600000e+02	   3.0600000e+02	   1.0500000e+02	   2.0000000e+00	   1.0000000e+00	   4.6900000e+00	   4.7700000e+00	   3.0000000e-02	   2.0000000e+00	   1.0000000e+00	   3.0000000e+00	   2.0000000e+00	   7.6500000e+02	
   2.0600000e+02	   3.0200000e+02	   1.1500000e+02	   7.0000000e+00	   2.0000000e+00	   4.6900000e+00	   5.0000000e+00	   7.0000000e-02	   1.0000000e+00	   2.0000000e+00	   3.0000000e+00	   2.0000000e+00	   6.9400000e+02	
   1.1100000e+02	   2.0600000e+02	   1.1200000e+02	   5.0000000e+00	   4.0000000e+00	   3.7450000e+00	   4.6900000e+00	   4.1000000e-01	   3.0000000e+00	   1.0000000e+00	   2.0000000e+00	   1.0000000e+00	   1.4480000e+03	
   2.0800000e+02	   2.1000000e+02	   1.1600000e+02	   8.0000000e+00	   2.0000000e+00	   4.5200000e+00	   4.8100000e+00	   1.9550000e+00	   2.0000000e+00	   3.0000000e+00	   1.0000000e+00	   3.0000000e+00	   1.1280000e+03	
   3.0200000e+02	   3.0900000e+02	   2.1500000e+02	   1.3000000e+01	   2.0000000e+00	   5.0000000e+00	   4.6300000e+00	   4.4000000e-01	   2.0000000e+00	   3.0000000e+00	   1.0000000e+00	   2.0000000e+00	   1.4260000e+03	
   2.0800000e+02	   3.0100000e+02	   2.0100000e+02	   9.0000000e+00	   5.0000000e+00	   4.5200000e+00	   2.8900000e+00	   2.4400000e+00	   3.0000000e+00	   2.0000000e+00	   1.0000000e+00	   2.0000000e+00	   1.9370000e+03	
   2.0800000e+02	   2.1300000e+02	   3.0400000e+02	   1.4000000e+01	   1.0000000e+00	   4.5200000e+00	   4.4850000e+00	   9.9000000e-01	   1.0000000e+00	   2.0000000e+00	   3.0000000e+00	   2.0000000e+00	   1.6000000e+03	
   2.1400000e+02	   3.1200000e+02	   1.0600000e+02	   3.0000000e+00	   2.0000000e+00	   3.8200000e+00	   4.1550000e+00	   0.0000000e+00	   1.0000000e+00	   3.0000000e+00	   2.0000000e+00	   1.0000000e+00	   1.8710000e+03	
   2.1400000e+02	   3.0200000e+02	   1.1500000e+02	   7.0000000e+00	   4.0000000e+00	   3.8200000e+00	   5.0000000e+00	   7.0000000e-02	   2.0000000e+00	   1.0000000e+00	   3.0000000e+00	   1.0000000e+00	   1.4490000e+03	
   2.1400000e+02	   3.1300000e+02	   2.0500000e+02	   1.1000000e+01	   4.0000000e+00	   3.8200000e+00	   4.7100000e+00	   1.8750000e+00	   3.0000000e+00	   1.0000000e+00	   2.0000000e+00	   3.0000000e+00	   1.0290000e+03	
   2.1300000e+02	   3.0600000e+02	   2.1100000e+02	   1.2000000e+01	   2.0000000e+00	   4.4850000e+00	   4.7700000e+00	   1.1050000e+00	   1.0000000e+00	   2.0000000e+00	   3.0000000e+00	   1.0000000e+00	   1.1310000e+03	
   2.0900000e+02	   3.0200000e+02	   1.0200000e+02	   1.0000000e+00	   5.0000000e+00	   3.6500000e+00	   5.0000000e+00	   9.0500000e-01	   3.0000000e+00	   2.0000000e+00	   1.0000000e+00	   2.0000000e+00	   8.6000000e+02	
   2.0900000e+02	   2.1400000e+02	   2.1100000e+02	   1.2000000e+01	   1.0000000e+00	   3.6500000e+00	   3.8200000e+00	   1.1050000e+00	   3.0000000e+00	   2.0000000e+00	   1.0000000e+00	   2.0000000e+00	   1.3200000e+03	
   3.0100000e+02	   3.0700000e+02	   3.0400000e+02	   1.4000000e+01	   5.0000000e+00	   2.8900000e+00	   4.4350000e+00	   9.9000000e-01	   2.0000000e+00	   1.0000000e+00	   3.0000000e+00	   1.0000000e+00	   1.6970000e+03	
   1.1100000e+02	   3.0700000e+02	   1.0500000e+02	   2.0000000e+00	   3.0000000e+00	   3.7450000e+00	   4.4350000e+00	   3.0000000e-02	   1.0000000e+00	   3.0000000e+00	   2.0000000e+00	   3.0000000e+00	   1.0990000e+03	
   2.1300000e+02	   3.0600000e+02	   1.1600000e+02	   8.0000000e+00	   2.0000000e+00	   4.4850000e+00	   4.7700000e+00	   1.9550000e+00	   1.0000000e+00	   2.0000000e+00	   3.0000000e+00	   1.0000000e+00	   1.0840000e+03	
   3.0100000e+02	   3.1300000e+02	   1.0600000e+02	   3.0000000e+00	   5.0000000e+00	   2.8900000e+00	   4.7100000e+00	   0.0000000e+00	   2.0000000e+00	   1.0000000e+00	   3.0000000e+00	   1.0000000e+00	   1.7960000e+03	
   2.1400000e+02	   3.1200000e+02	   1.0200000e+02	   1.0000000e+00	   2.0000000e+00	   3.8200000e+00	   4.1550000e+00	   9.0500000e-01	   1.0000000e+00	   2.0000000e+00	   3.0000000e+00	   1.0000000e+00	   9.5100000e+02	
   2.1400000e+02	   3.0700000e+02	   1.1500000e+02	   7.0000000e+00	   3.0000000e+00	   3.8200000e+00	   4.4350000e+00	   7.0000000e-02	   2.0000000e+00	   3.0000000e+00	   1.0000000e+00	   2.0000000e+00	   2.0000000e+03	
   2.0600000e+02	   2.0900000e+02	   2.1100000e+02	   1.2000000e+01	   4.0000000e+00	   4.6900000e+00	   3.6500000e+00	   1.1050000e+00	   2.0000000e+00	   1.0000000e+00	   3.0000000e+00	   2.0000000e+00	   1.0920000e+03	
   2.0600000e+02	   3.1300000e+02	   3.1100000e+02	   1.5000000e+01	   1.0000000e+00	   4.6900000e+00	   4.7100000e+00	   6.4000000e-01	   2.0000000e+00	   3.0000000e+00	   1.0000000e+00	   2.0000000e+00	   1.3820000e+03	
   2.0600000e+02	   3.0100000e+02	   1.1600000e+02	   8.0000000e+00	   5.0000000e+00	   4.6900000e+00	   2.8900000e+00	   1.9550000e+00	   2.0000000e+00	   1.0000000e+00	   3.0000000e+00	   2.0000000e+00	   7.5300000e+02	
   2.0900000e+02	   3.0600000e+02	   1.0600000e+02	   3.0000000e+00	   4.0000000e+00	   3.6500000e+00	   4.7700000e+00	   0.0000000e+00	   2.0000000e+00	   1.0000000e+00	   3.0000000e+00	   1.0000000e+00	   2.1730000e+03	
   2.1400000e+02	   3.0100000e+02	   1.1200000e+02	   5.0000000e+00	   4.0000000e+00	   3.8200000e+00	   2.8900000e+00	   4.1000000e-01	   1.0000000e+00	   2.0000000e+00	   3.0000000e+00	   1.0000000e+00	   1.0450000e+03	
   3.0600000e+02	   3.1300000e+02	   2.1100000e+02	   1.2000000e+01	   1.0000000e+00	   4.7700000e+00	   4.7100000e+00	   1.1050000e+00	   2.0000000e+00	   3.0000000e+00	   1.0000000e+00	   3.0000000e+00	   1.6690000e+03	
   3.0100000e+02	   3.1000000e+02	   1.0900000e+02	   4.0000000e+00	   1.0000000e+00	   2.8900000e+00	   2.9700000e+00	   1.7200000e+00	   3.0000000e+00	   1.0000000e+00	   2.0000000e+00	   1.0000000e+00	   1.4400000e+03	
   2.0600000e+02	   2.1400000e+02	   2.0300000e+02	   1.0000000e+01	   4.0000000e+00	   4.6900000e+00	   3.8200000e+00	   1.5050000e+00	   3.0000000e+00	   2.0000000e+00	   1.0000000e+00	   3.0000000e+00	   8.6800000e+02	
   2.0800000e+02	   2.1300000e+02	   2.0500000e+02	   1.1000000e+01	   1.0000000e+00	   4.5200000e+00	   4.4850000e+00	   1.8750000e+00	   3.0000000e+00	   1.0000000e+00	   2.0000000e+00	   1.0000000e+00	   1.3210000e+03	
   2.0600000e+02	   3.0600000e+02	   2.1100000e+02	   1.2000000e+01	   1.0000000e+00	   4.6900000e+00	   4.7700000e+00	   1.1050000e+00	   2.0000000e+00	   1.0000000e+00	   3.0000000e+00	   2.0000000e+00	   8.5300000e+02	
   2.0900000e+02	   3.0900000e+02	   3.1100000e+02	   1.5000000e+01	   4.0000000e+00	   3.6500000e+00	   4.6300000e+00	   6.4000000e-01	   3.0000000e+00	   1.0000000e+00	   2.0000000e+00	   1.0000000e+00	   1.3510000e+03	
   2.1300000e+02	   3.1000000e+02	   1.0600000e+02	   3.0000000e+00	   5.0000000e+00	   4.4850000e+00	   2.9700000e+00	   0.0000000e+00	   1.0000000e+00	   2.0000000e+00	   3.0000000e+00	   1.0000000e+00	   8.0300000e+02	
   2.0800000e+02	   2.1400000e+02	   2.1500000e+02	   1.3000000e+01	   3.0000000e+00	   4.5200000e+00	   3.8200000e+00	   4.4000000e-01	   2.0000000e+00	   3.0000000e+00	   1.0000000e+00	   3.0000000e+00	   1.4280000e+03	
   3.0600000e+02	   3.1200000e+02	   1.0200000e+02	   1.0000000e+00	   3.0000000e+00	   4.7700000e+00	   4.1550000e+00	   9.0500000e-01	   3.0000000e+00	   2.0000000e+00	   1.0000000e+00	   2.0000000e+00	   1.4740000e+03	
   2.0800000e+02	   2.1400000e+02	   3.0400000e+02	   1.4000000e+01	   3.0000000e+00	   4.5200000e+00	   3.8200000e+00	   9.9000000e-01	   1.0000000e+00	   3.0000000e+00	   2.0000000e+00	   3.0000000e+00	   1.2590000e+03	
   3.0700000e+02	   3.1200000e+02	   2.0500000e+02	   1.1000000e+01	   2.0000000e+00	   4.4350000e+00	   4.1550000e+00	   1.8750000e+00	   1.0000000e+00	   3.0000000e+00	   2.0000000e+00	   1.0000000e+00	   1.5890000e+03	
   3.0200000e+02	   3.0700000e+02	   1.1500000e+02	   7.0000000e+00	   3.0000000e+00	   5.0000000e+00	   4.4350000e+00	   7.0000000e-02	   3.0000000e+00	   1.0000000e+00	   2.0000000e+00	   3.0000000e+00	   6.6000000e+02	
   2.0600000e+02	   3.0200000e+02	   2.1100000e+02	   1.2000000e+01	   2.0000000e+00	   4.6900000e+00	   5.0000000e+00	   1.1050000e+00	   3.0000000e+00	   2.0000000e+00	   1.0000000e+00	   2.0000000e+00	   3.4530000e+03	
   2.0900000e+02	   3.0100000e+02	   1.1600000e+02	   8.0000000e+00	   3.0000000e+00	   3.6500000e+00	   2.8900000e+00	   1.9550000e+00	   2.0000000e+00	   1.0000000e+00	   3.0000000e+00	   1.0000000e+00	   2.0830000e+03	
   2.0800000e+02	   2.1400000e+02	   1.0600000e+02	   3.0000000e+00	   3.0000000e+00	   4.5200000e+00	   3.8200000e+00	   0.0000000e+00	   3.0000000e+00	   2.0000000e+00	   1.0000000e+00	   2.0000000e+00	   1.3860000e+03	
   2.1300000e+02	   2.1400000e+02	   2.0300000e+02	   1.0000000e+01	   3.0000000e+00	   4.4850000e+00	   3.8200000e+00	   1.5050000e+00	   3.0000000e+00	   1.0000000e+00	   2.0000000e+00	   3.0000000e+00	   1.7980000e+03	
   2.1400000e+02	   3.0200000e+02	   1.0200000e+02	   1.0000000e+00	   4.0000000e+00	   3.8200000e+00	   5.0000000e+00	   9.0500000e-01	   1.0000000e+00	   3.0000000e+00	   2.0000000e+00	   3.0000000e+00	   1.1130000e+03	
   2.1000000e+02	   3.0600000e+02	   1.1400000e+02	   6.0000000e+00	   1.0000000e+00	   4.8100000e+00	   4.7700000e+00	   7.8500000e-01	   3.0000000e+00	   2.0000000e+00	   1.0000000e+00	   3.0000000e+00	   1.2090000e+03	
   2.1400000e+02	   3.0600000e+02	   1.0500000e+02	   2.0000000e+00	   4.0000000e+00	   3.8200000e+00	   4.7700000e+00	   3.0000000e-02	   1.0000000e+00	   3.0000000e+00	   2.0000000e+00	   1.0000000e+00	   1.2750000e+03	
   2.0900000e+02	   3.0700000e+02	   2.1500000e+02	   1.3000000e+01	   3.0000000e+00	   3.6500000e+00	   4.4350000e+00	   4.4000000e-01	   2.0000000e+00	   3.0000000e+00	   1.0000000e+00	   3.0000000e+00	   1.3460000e+03	
   3.0600000e+02	   3.1200000e+02	   2.0300000e+02	   1.0000000e+01	   3.0000000e+00	   4.7700000e+00	   4.1550000e+00	   1.5050000e+00	   3.0000000e+00	   1.0000000e+00	   2.0000000e+00	   1.0000000e+00	   1.4950000e+03	
   2.1400000e+02	   3.0900000e+02	   1.1400000e+02	   6.0000000e+00	   3.0000000e+00	   3.8200000e+00	   4.6300000e+00	   7.8500000e-01	   2.0000000e+00	   1.0000000e+00	   3.0000000e+00	   2.0000000e+00	   1.7190000e+03	
   3.0100000e+02	   3.0200000e+02	   1.1400000e+02	   6.0000000e+00	   5.0000000e+00	   2.8900000e+00	   5.0000000e+00	   7.8500000e-01	   1.0000000e+00	   2.0000000e+00	   3.0000000e+00	   2.0000000e+00	   1.2700000e+03	
   2.1400000e+02	   3.0600000e+02	   3.0400000e+02	   1.4000000e+01	   4.0000000e+00	   3.8200000e+00	   4.7700000e+00	   9.9000000e-01	   3.0000000e+00	   2.0000000e+00	   1.0000000e+00	   3.0000000e+00	   1.3680000e+03	
   2.0800000e+02	   3.0100000e+02	   1.1600000e+02	   8.0000000e+00	   5.0000000e+00	   4.5200000e+00	   2.8900000e+00	   1.9550000e+00	   1.0000000e+00	   3.0000000e+00	   2.0000000e+00	   1.0000000e+00	   2.1670000e+03	
   2.0600000e+02	   3.0700000e+02	   3.1100000e+02	   1.5000000e+01	   2.0000000e+00	   4.6900000e+00	   4.4350000e+00	   6.4000000e-01	   1.0000000e+00	   3.0000000e+00	   2.0000000e+00	   1.0000000e+00	   1.0550000e+03	
   3.0100000e+02	   3.0700000e+02	   1.0500000e+02	   2.0000000e+00	   5.0000000e+00	   2.8900000e+00	   4.4350000e+00	   3.0000000e-02	   1.0000000e+00	   2.0000000e+00	   3.0000000e+00	   2.0000000e+00	   1.7010000e+03	
   3.0900000e+02	   3.1000000e+02	   1.0900000e+02	   4.0000000e+00	   5.0000000e+00	   4.6300000e+00	   2.9700000e+00	   1.7200000e+00	   1.0000000e+00	   2.0000000e+00	   3.0000000e+00	   1.0000000e+00	   1.6570000e+03	
   3.0100000e+02	   3.1200000e+02	   1.0600000e+02	   3.0000000e+00	   5.0000000e+00	   2.8900000e+00	   4.1550000e+00	   0.0000000e+00	   2.0000000e+00	   1.0000000e+00	   3.0000000e+00	   1.0000000e+00	   1.2780000e+03	
   2.0900000e+02	   3.1200000e+02	   2.0500000e+02	   1.1000000e+01	   3.0000000e+00	   3.6500000e+00	   4.1550000e+00	   1.8750000e+00	   1.0000000e+00	   3.0000000e+00	   2.0000000e+00	   3.0000000e+00	   1.2360000e+03	
   2.0600000e+02	   3.1300000e+02	   1.1600000e+02	   8.0000000e+00	   1.0000000e+00	   4.6900000e+00	   4.7100000e+00	   1.9550000e+00	   3.0000000e+00	   1.0000000e+00	   2.0000000e+00	   3.0000000e+00	   6.2700000e+02	
   3.1000000e+02	   3.1200000e+02	   2.0100000e+02	   9.0000000e+00	   4.0000000e+00	   2.9700000e+00	   4.1550000e+00	   2.4400000e+00	   3.0000000e+00	   1.0000000e+00	   2.0000000e+00	   1.0000000e+00	   1.9130000e+03	
   3.0700000e+02	   3.1200000e+02	   2.1500000e+02	   1.3000000e+01	   2.0000000e+00	   4.4350000e+00	   4.1550000e+00	   4.4000000e-01	   1.0000000e+00	   3.0000000e+00	   2.0000000e+00	   3.0000000e+00	   1.5010000e+03	
   2.1400000e+02	   3.0600000e+02	   2.0500000e+02	   1.1000000e+01	   4.0000000e+00	   3.8200000e+00	   4.7700000e+00	   1.8750000e+00	   3.0000000e+00	   2.0000000e+00	   1.0000000e+00	   3.0000000e+00	   8.8700000e+02	
   2.0900000e+02	   2.1400000e+02	   1.1200000e+02	   5.0000000e+00	   1.0000000e+00	   3.6500000e+00	   3.8200000e+00	   4.1000000e-01	   1.0000000e+00	   2.0000000e+00	   3.0000000e+00	   2.0000000e+00	   1.2090000e+03	
   3.0600000e+02	   3.1200000e+02	   1.0900000e+02	   4.0000000e+00	   3.0000000e+00	   4.7700000e+00	   4.1550000e+00	   1.7200000e+00	   1.0000000e+00	   2.0000000e+00	   3.0000000e+00	   2.0000000e+00	   1.8320000e+03	
   3.0100000e+02	   3.0600000e+02	   1.1200000e+02	   5.0000000e+00	   5.0000000e+00	   2.8900000e+00	   4.7700000e+00	   4.1000000e-01	   2.0000000e+00	   1.0000000e+00	   3.0000000e+00	   1.0000000e+00	   3.6910000e+03	
   2.0900000e+02	   3.1200000e+02	   2.1500000e+02	   1.3000000e+01	   3.0000000e+00	   3.6500000e+00	   4.1550000e+00	   4.4000000e-01	   2.0000000e+00	   1.0000000e+00	   3.0000000e+00	   1.0000000e+00	   1.7980000e+03	
   2.1300000e+02	   3.0600000e+02	   1.0600000e+02	   3.0000000e+00	   2.0000000e+00	   4.4850000e+00	   4.7700000e+00	   0.0000000e+00	   1.0000000e+00	   3.0000000e+00	   2.0000000e+00	   1.0000000e+00	   1.5700000e+03	
   1.1100000e+02	   2.1400000e+02	   1.0600000e+02	   3.0000000e+00	   1.0000000e+00	   3.7450000e+00	   3.8200000e+00	   0.0000000e+00	   1.0000000e+00	   3.0000000e+00	   2.0000000e+00	   3.0000000e+00	   8.6800000e+02	
   3.0700000e+02	   3.1300000e+02	   1.1500000e+02	   7.0000000e+00	   2.0000000e+00	   4.4350000e+00	   4.7100000e+00	   7.0000000e-02	   2.0000000e+00	   3.0000000e+00	   1.0000000e+00	   2.0000000e+00	   1.5200000e+03	
   2.0900000e+02	   3.0700000e+02	   1.1400000e+02	   6.0000000e+00	   3.0000000e+00	   3.6500000e+00	   4.4350000e+00	   7.8500000e-01	   3.0000000e+00	   2.0000000e+00	   1.0000000e+00	   2.0000000e+00	   9.6400000e+02	
   3.1000000e+02	   3.1300000e+02	   2.1100000e+02	   1.2000000e+01	   5.0000000e+00	   2.9700000e+00	   4.7100000e+00	   1.1050000e+00	   3.0000000e+00	   2.0000000e+00	   1.0000000e+00	   3.0000000e+00	   1.5820000e+03	
   2.1000000e+02	   3.1000000e+02	   2.0500000e+02	   1.1000000e+01	   5.0000000e+00	   4.8100000e+00	   2.9700000e+00	   1.8750000e+00	   1.0000000e+00	   2.0000000e+00	   3.0000000e+00	   1.0000000e+00	   7.3300000e+02	
   2.1000000e+02	   3.1200000e+02	   2.0500000e+02	   1.1000000e+01	   3.0000000e+00	   4.8100000e+00	   4.1550000e+00	   1.8750000e+00	   3.0000000e+00	   2.0000000e+00	   1.0000000e+00	   3.0000000e+00	   5.9700000e+02	
   3.0100000e+02	   3.0700000e+02	   1.1200000e+02	   5.0000000e+00	   5.0000000e+00	   2.8900000e+00	   4.4350000e+00	   4.1000000e-01	   1.0000000e+00	   2.0000000e+00	   3.0000000e+00	   2.0000000e+00	   1.2120000e+03	
   2.1000000e+02	   2.1400000e+02	   2.1100000e+02	   1.2000000e+01	   4.0000000e+00	   4.8100000e+00	   3.8200000e+00	   1.1050000e+00	   1.0000000e+00	   3.0000000e+00	   2.0000000e+00	   1.0000000e+00	   7.2000000e+02	
   3.0100000e+02	   3.1300000e+02	   1.1500000e+02	   7.0000000e+00	   5.0000000e+00	   2.8900000e+00	   4.7100000e+00	   7.0000000e-02	   3.0000000e+00	   1.0000000e+00	   2.0000000e+00	   3.0000000e+00	   1.7390000e+03	
   2.1000000e+02	   3.1300000e+02	   1.0200000e+02	   1.0000000e+00	   1.0000000e+00	   4.8100000e+00	   4.7100000e+00	   9.0500000e-01	   3.0000000e+00	   2.0000000e+00	   1.0000000e+00	   3.0000000e+00	   5.4600000e+02	
   2.0900000e+02	   3.0700000e+02	   1.0600000e+02	   3.0000000e+00	   3.0000000e+00	   3.6500000e+00	   4.4350000e+00	   0.0000000e+00	   3.0000000e+00	   2.0000000e+00	   1.0000000e+00	   2.0000000e+00	   1.2400000e+03	
   1.1100000e+02	   3.0100000e+02	   1.0200000e+02	   1.0000000e+00	   4.0000000e+00	   3.7450000e+00	   2.8900000e+00	   9.0500000e-01	   3.0000000e+00	   2.0000000e+00	   1.0000000e+00	   2.0000000e+00	   1.8590000e+03	
   2.0600000e+02	   3.0200000e+02	   3.1100000e+02	   1.5000000e+01	   2.0000000e+00	   4.6900000e+00	   5.0000000e+00	   6.4000000e-01	   1.0000000e+00	   3.0000000e+00	   2.0000000e+00	   3.0000000e+00	   9.6800000e+02	
   2.0800000e+02	   3.0700000e+02	   1.1400000e+02	   6.0000000e+00	   1.0000000e+00	   4.5200000e+00	   4.4350000e+00	   7.8500000e-01	   1.0000000e+00	   3.0000000e+00	   2.0000000e+00	   3.0000000e+00	   1.2350000e+03	
   2.1000000e+02	   3.0100000e+02	   1.0900000e+02	   4.0000000e+00	   5.0000000e+00	   4.8100000e+00	   2.8900000e+00	   1.7200000e+00	   3.0000000e+00	   2.0000000e+00	   1.0000000e+00	   3.0000000e+00	   8.0800000e+02	
   2.0600000e+02	   3.1000000e+02	   1.0500000e+02	   2.0000000e+00	   5.0000000e+00	   4.6900000e+00	   2.9700000e+00	   3.0000000e-02	   3.0000000e+00	   2.0000000e+00	   1.0000000e+00	   3.0000000e+00	   6.0400000e+02	
   2.1000000e+02	   3.0100000e+02	   2.0300000e+02	   1.0000000e+01	   5.0000000e+00	   4.8100000e+00	   2.8900000e+00	   1.5050000e+00	   1.0000000e+00	   2.0000000e+00	   3.0000000e+00	   1.0000000e+00	   8.7700000e+02	
   2.1300000e+02	   2.1400000e+02	   1.0500000e+02	   2.0000000e+00	   3.0000000e+00	   4.4850000e+00	   3.8200000e+00	   3.0000000e-02	   3.0000000e+00	   2.0000000e+00	   1.0000000e+00	   3.0000000e+00	   5.5800000e+02	
   3.0200000e+02	   3.0900000e+02	   2.0300000e+02	   1.0000000e+01	   2.0000000e+00	   5.0000000e+00	   4.6300000e+00	   1.5050000e+00	   3.0000000e+00	   1.0000000e+00	   2.0000000e+00	   3.0000000e+00	   8.4600000e+02	
   2.1000000e+02	   3.0600000e+02	   1.0200000e+02	   1.0000000e+00	   1.0000000e+00	   4.8100000e+00	   4.7700000e+00	   9.0500000e-01	   1.0000000e+00	   3.0000000e+00	   2.0000000e+00	   1.0000000e+00	   5.5300000e+02	
   2.0900000e+02	   3.1200000e+02	   2.1100000e+02	   1.2000000e+01	   3.0000000e+00	   3.6500000e+00	   4.1550000e+00	   1.1050000e+00	   1.0000000e+00	   2.0000000e+00	   3.0000000e+00	   2.0000000e+00	   1.7620000e+03	
   2.0900000e+02	   2.1000000e+02	   2.0500000e+02	   1.1000000e+01	   4.0000000e+00	   3.6500000e+00	   4.8100000e+00	   1.8750000e+00	   3.0000000e+00	   1.0000000e+00	   2.0000000e+00	   1.0000000e+00	   1.3130000e+03	
   3.0200000e+02	   3.1200000e+02	   1.1400000e+02	   6.0000000e+00	   4.0000000e+00	   5.0000000e+00	   4.1550000e+00	   7.8500000e-01	   1.0000000e+00	   3.0000000e+00	   2.0000000e+00	   1.0000000e+00	   8.4300000e+02	
   2.1300000e+02	   3.1000000e+02	   2.0500000e+02	   1.1000000e+01	   5.0000000e+00	   4.4850000e+00	   2.9700000e+00	   1.8750000e+00	   2.0000000e+00	   1.0000000e+00	   3.0000000e+00	   2.0000000e+00	   9.9300000e+02	
   2.1400000e+02	   3.1300000e+02	   2.1500000e+02	   1.3000000e+01	   4.0000000e+00	   3.8200000e+00	   4.7100000e+00	   4.4000000e-01	   2.0000000e+00	   3.0000000e+00	   1.0000000e+00	   2.0000000e+00	   1.1050000e+03	
   2.0600000e+02	   2.1300000e+02	   1.0900000e+02	   4.0000000e+00	   2.0000000e+00	   4.6900000e+00	   4.4850000e+00	   1.7200000e+00	   2.0000000e+00	   3.0000000e+00	   1.0000000e+00	   3.0000000e+00	   9.5700000e+02	
   1.1100000e+02	   3.0200000e+02	   3.1100000e+02	   1.5000000e+01	   5.0000000e+00	   3.7450000e+00	   5.0000000e+00	   6.4000000e-01	   3.0000000e+00	   1.0000000e+00	   2.0000000e+00	   1.0000000e+00	   9.3600000e+02	
   3.0100000e+02	   3.0200000e+02	   2.1100000e+02	   1.2000000e+01	   5.0000000e+00	   2.8900000e+00	   5.0000000e+00	   1.1050000e+00	   1.0000000e+00	   3.0000000e+00	   2.0000000e+00	   3.0000000e+00	   6.5800000e+02	
   2.0600000e+02	   3.0100000e+02	   1.0200000e+02	   1.0000000e+00	   5.0000000e+00	   4.6900000e+00	   2.8900000e+00	   9.0500000e-01	   2.0000000e+00	   1.0000000e+00	   3.0000000e+00	   2.0000000e+00	   6.5600000e+02	
   2.0800000e+02	   3.0600000e+02	   1.1200000e+02	   5.0000000e+00	   2.0000000e+00	   4.5200000e+00	   4.7700000e+00	   4.1000000e-01	   2.0000000e+00	   3.0000000e+00	   1.0000000e+00	   3.0000000e+00	   1.7220000e+03	
   2.1400000e+02	   3.0200000e+02	   3.1100000e+02	   1.5000000e+01	   4.0000000e+00	   3.8200000e+00	   5.0000000e+00	   6.4000000e-01	   2.0000000e+00	   3.0000000e+00	   1.0000000e+00	   3.0000000e+00	   1.2100000e+03	
   2.0900000e+02	   2.1000000e+02	   2.1100000e+02	   1.2000000e+01	   4.0000000e+00	   3.6500000e+00	   4.8100000e+00	   1.1050000e+00	   2.0000000e+00	   3.0000000e+00	   1.0000000e+00	   3.0000000e+00	   6.3300000e+02	
   1.1100000e+02	   2.1400000e+02	   3.0400000e+02	   1.4000000e+01	   1.0000000e+00	   3.7450000e+00	   3.8200000e+00	   9.9000000e-01	   2.0000000e+00	   3.0000000e+00	   1.0000000e+00	   3.0000000e+00	   1.1790000e+03	
   3.0600000e+02	   3.0900000e+02	   1.1200000e+02	   5.0000000e+00	   1.0000000e+00	   4.7700000e+00	   4.6300000e+00	   4.1000000e-01	   2.0000000e+00	   1.0000000e+00	   3.0000000e+00	   1.0000000e+00	   2.9160000e+03	
   2.1400000e+02	   3.1000000e+02	   2.0100000e+02	   9.0000000e+00	   4.0000000e+00	   3.8200000e+00	   2.9700000e+00	   2.4400000e+00	   2.0000000e+00	   3.0000000e+00	   1.0000000e+00	   2.0000000e+00	   9.1300000e+02	
   3.0200000e+02	   3.1200000e+02	   1.1500000e+02	   7.0000000e+00	   4.0000000e+00	   5.0000000e+00	   4.1550000e+00	   7.0000000e-02	   2.0000000e+00	   3.0000000e+00	   1.0000000e+00	   2.0000000e+00	   7.1400000e+02	
   2.1000000e+02	   2.1400000e+02	   2.0500000e+02	   1.1000000e+01	   4.0000000e+00	   4.8100000e+00	   3.8200000e+00	   1.8750000e+00	   3.0000000e+00	   1.0000000e+00	   2.0000000e+00	   3.0000000e+00	   5.8700000e+02	
   1.1100000e+02	   2.0900000e+02	   2.0300000e+02	   1.0000000e+01	   1.0000000e+00	   3.7450000e+00	   3.6500000e+00	   1.5050000e+00	   3.0000000e+00	   2.0000000e+00	   1.0000000e+00	   3.0000000e+00	   2.6740000e+03	
   2.0600000e+02	   2.1400000e+02	   1.1600000e+02	   8.0000000e+00	   4.0000000e+00	   4.6900000e+00	   3.8200000e+00	   1.9550000e+00	   3.0000000e+00	   1.0000000e+00	   2.0000000e+00	   3.0000000e+00	   9.1800000e+02	
   2.0600000e+02	   2.1300000e+02	   3.0400000e+02	   1.4000000e+01	   2.0000000e+00	   4.6900000e+00	   4.4850000e+00	   9.9000000e-01	   3.0000000e+00	   2.0000000e+00	   1.0000000e+00	   3.0000000e+00	   6.6600000e+02	
   3.0900000e+02	   3.1000000e+02	   1.1600000e+02	   8.0000000e+00	   5.0000000e+00	   4.6300000e+00	   2.9700000e+00	   1.9550000e+00	   2.0000000e+00	   3.0000000e+00	   1.0000000e+00	   2.0000000e+00	   1.4360000e+03	
   2.0900000e+02	   3.1000000e+02	   1.0900000e+02	   4.0000000e+00	   3.0000000e+00	   3.6500000e+00	   2.9700000e+00	   1.7200000e+00	   1.0000000e+00	   3.0000000e+00	   2.0000000e+00	   3.0000000e+00	   2.2280000e+03	
   3.0200000e+02	   3.1000000e+02	   2.0500000e+02	   1.1000000e+01	   5.0000000e+00	   5.0000000e+00	   2.9700000e+00	   1.8750000e+00	   2.0000000e+00	   3.0000000e+00	   1.0000000e+00	   2.0000000e+00	   6.8800000e+02	
   1.1100000e+02	   3.0700000e+02	   1.0200000e+02	   1.0000000e+00	   3.0000000e+00	   3.7450000e+00	   4.4350000e+00	   9.0500000e-01	   2.0000000e+00	   3.0000000e+00	   1.0000000e+00	   3.0000000e+00	   9.5800000e+02	
   3.0200000e+02	   3.0600000e+02	   2.1100000e+02	   1.2000000e+01	   2.0000000e+00	   5.0000000e+00	   4.7700000e+00	   1.1050000e+00	   3.0000000e+00	   1.0000000e+00	   2.0000000e+00	   3.0000000e+00	   5.7700000e+02	
   3.0100000e+02	   3.0600000e+02	   1.1500000e+02	   7.0000000e+00	   5.0000000e+00	   2.8900000e+00	   4.7700000e+00	   7.0000000e-02	   2.0000000e+00	   1.0000000e+00	   3.0000000e+00	   1.0000000e+00	   9.9200000e+02	
   2.1300000e+02	   3.1200000e+02	   1.1200000e+02	   5.0000000e+00	   2.0000000e+00	   4.4850000e+00	   4.1550000e+00	   4.1000000e-01	   1.0000000e+00	   2.0000000e+00	   3.0000000e+00	   1.0000000e+00	   1.3120000e+03	
   2.0900000e+02	   3.1000000e+02	   2.0100000e+02	   9.0000000e+00	   3.0000000e+00	   3.6500000e+00	   2.9700000e+00	   2.4400000e+00	   3.0000000e+00	   2.0000000e+00	   1.0000000e+00	   2.0000000e+00	   1.2150000e+03	
   2.1400000e+02	   3.0600000e+02	   2.0300000e+02	   1.0000000e+01	   4.0000000e+00	   3.8200000e+00	   4.7700000e+00	   1.5050000e+00	   1.0000000e+00	   3.0000000e+00	   2.0000000e+00	   1.0000000e+00	   1.1240000e+03	
   2.0900000e+02	   3.0600000e+02	   1.0500000e+02	   2.0000000e+00	   4.0000000e+00	   3.6500000e+00	   4.7700000e+00	   3.0000000e-02	   3.0000000e+00	   1.0000000e+00	   2.0000000e+00	   1.0000000e+00	   1.5740000e+03	
   2.0600000e+02	   3.1000000e+02	   2.0300000e+02	   1.0000000e+01	   5.0000000e+00	   4.6900000e+00	   2.9700000e+00	   1.5050000e+00	   1.0000000e+00	   3.0000000e+00	   2.0000000e+00	   1.0000000e+00	   6.8300000e+02	
   1.1100000e+02	   2.0800000e+02	   1.1500000e+02	   7.0000000e+00	   3.0000000e+00	   3.7450000e+00	   4.5200000e+00	   7.0000000e-02	   2.0000000e+00	   3.0000000e+00	   1.0000000e+00	   3.0000000e+00	   1.4600000e+03	
   2.0800000e+02	   3.0900000e+02	   3.1100000e+02	   1.5000000e+01	   1.0000000e+00	   4.5200000e+00	   4.6300000e+00	   6.4000000e-01	   3.0000000e+00	   2.0000000e+00	   1.0000000e+00	   2.0000000e+00	   1.3380000e+03	
   2.1300000e+02	   3.0600000e+02	   1.1400000e+02	   6.0000000e+00	   2.0000000e+00	   4.4850000e+00	   4.7700000e+00	   7.8500000e-01	   1.0000000e+00	   3.0000000e+00	   2.0000000e+00	   1.0000000e+00	   1.0350000e+03	
   2.1300000e+02	   3.1200000e+02	   1.0200000e+02	   1.0000000e+00	   2.0000000e+00	   4.4850000e+00	   4.1550000e+00	   9.0500000e-01	   1.0000000e+00	   2.0000000e+00	   3.0000000e+00	   1.0000000e+00	   2.0460000e+03	
   2.0900000e+02	   3.0900000e+02	   2.0100000e+02	   9.0000000e+00	   4.0000000e+00	   3.6500000e+00	   4.6300000e+00	   2.4400000e+00	   3.0000000e+00	   2.0000000e+00	   1.0000000e+00	   2.0000000e+00	   7.8000000e+02	
   2.0900000e+02	   3.0100000e+02	   2.1500000e+02	   1.3000000e+01	   3.0000000e+00	   3.6500000e+00	   2.8900000e+00	   4.4000000e-01	   3.0000000e+00	   2.0000000e+00	   1.0000000e+00	   2.0000000e+00	   1.4960000e+03	
   2.0800000e+02	   2.1400000e+02	   1.0200000e+02	   1.0000000e+00	   3.0000000e+00	   4.5200000e+00	   3.8200000e+00	   9.0500000e-01	   2.0000000e+00	   1.0000000e+00	   3.0000000e+00	   1.0000000e+00	   1.3910000e+03	
   2.0900000e+02	   3.1000000e+02	   1.0600000e+02	   3.0000000e+00	   3.0000000e+00	   3.6500000e+00	   2.9700000e+00	   0.0000000e+00	   1.0000000e+00	   2.0000000e+00	   3.0000000e+00	   1.0000000e+00	   1.6570000e+03	
   2.0800000e+02	   3.1300000e+02	   1.1400000e+02	   6.0000000e+00	   2.0000000e+00	   4.5200000e+00	   4.7100000e+00	   7.8500000e-01	   3.0000000e+00	   1.0000000e+00	   2.0000000e+00	   1.0000000e+00	   2.2200000e+03	
   2.0600000e+02	   3.1000000e+02	   2.0100000e+02	   9.0000000e+00	   5.0000000e+00	   4.6900000e+00	   2.9700000e+00	   2.4400000e+00	   2.0000000e+00	   3.0000000e+00	   1.0000000e+00	   2.0000000e+00	   8.2400000e+02	
   3.0900000e+02	   3.1300000e+02	   2.1100000e+02	   1.2000000e+01	   1.0000000e+00	   4.6300000e+00	   4.7100000e+00	   1.1050000e+00	   1.0000000e+00	   3.0000000e+00	   2.0000000e+00	   3.0000000e+00	   1.6350000e+03	
   2.0900000e+02	   3.0900000e+02	   3.0400000e+02	   1.4000000e+01	   4.0000000e+00	   3.6500000e+00	   4.6300000e+00	   9.9000000e-01	   2.0000000e+00	   3.0000000e+00	   1.0000000e+00	   3.0000000e+00	   1.4670000e+03	
   2.1000000e+02	   2.1400000e+02	   1.0600000e+02	   3.0000000e+00	   4.0000000e+00	   4.8100000e+00	   3.8200000e+00	   0.0000000e+00	   1.0000000e+00	   2.0000000e+00	   3.0000000e+00	   1.0000000e+00	   6.7900000e+02	
   2.0800000e+02	   3.1200000e+02	   2.0500000e+02	   1.1000000e+01	   2.0000000e+00	   4.5200000e+00	   4.1550000e+00	   1.8750000e+00	   3.0000000e+00	   2.0000000e+00	   1.0000000e+00	   2.0000000e+00	   1.7870000e+03	
