   1.0000000e+00	   1.0100000e+02	   1.0000000e+00	   1.4400000e+00	   2.8420000e+03	   3.5700000e+00	   2.7090000e+03	
   2.0000000e+00	   1.1300000e+02	   1.0000000e+00	   3.6500000e+00	   2.6050000e+03	   8.6000000e-01	   5.5480000e+03	
   3.0000000e+00	   3.1200000e+02	   3.0000000e+00	   1.1800000e+00	   1.8730000e+03	   3.1800000e+00	   2.0960000e+03	
   4.0000000e+00	   1.1100000e+02	   1.0000000e+00	   3.6300000e+00	   1.7630000e+03	   2.1800000e+00	   2.4670000e+03	
   5.0000000e+00	   1.1000000e+02	   1.0000000e+00	   1.9000000e-01	   2.0570000e+03	   4.0000000e-02	   1.2330000e+03	
   6.0000000e+00	   1.0600000e+02	   1.0000000e+00	   3.3700000e+00	   1.3560000e+03	   7.4000000e-01	   1.5660000e+03	
   7.0000000e+00	   3.0600000e+02	   3.0000000e+00	   4.4800000e+00	   1.3900000e+03	   3.7500000e+00	   8.9800000e+02	
   8.0000000e+00	   2.0500000e+02	   2.0000000e+00	   3.5000000e+00	   1.2400000e+03	   1.4300000e+00	   1.3650000e+03	
   9.0000000e+00	   3.0200000e+02	   3.0000000e+00	   4.9700000e+00	   1.5570000e+03	   4.3500000e+00	   9.6700000e+02	
   1.0000000e+01	   2.1100000e+02	   2.0000000e+00	   3.5200000e+00	   1.9390000e+03	   7.2000000e-01	   6.6700000e+02	
   1.1000000e+01	   3.1300000e+02	   3.0000000e+00	   4.3000000e+00	   1.0030000e+03	   1.7500000e+00	   4.0100000e+02	
   1.2000000e+01	   2.0200000e+02	   2.0000000e+00	   3.8900000e+00	   1.0390000e+03	   2.0400000e+00	   6.3300000e+02	
   1.3000000e+01	   1.1600000e+02	   1.0000000e+00	   3.3500000e+00	   1.5240000e+03	   2.6900000e+00	   1.3290000e+03	
   1.4000000e+01	   1.0800000e+02	   1.0000000e+00	   3.0100000e+00	   2.9750000e+03	   1.1000000e+00	   6.9900000e+02	
   1.5000000e+01	   2.0900000e+02	   2.0000000e+00	   3.0400000e+00	   1.4900000e+03	   1.2800000e+00	   1.1820000e+03	
   1.6000000e+01	   2.0700000e+02	   2.0000000e+00	   3.1600000e+00	   1.5230000e+03	   8.4000000e-01	   9.9900000e+02	
   1.7000000e+01	   1.1200000e+02	   1.0000000e+00	   3.0400000e+00	   9.9100000e+02	   2.4200000e+00	   4.6700000e+02	
   1.8000000e+01	   2.0800000e+02	   2.0000000e+00	   4.1600000e+00	   2.0710000e+03	   3.1900000e+00	   1.0330000e+03	
   1.9000000e+01	   1.1400000e+02	   1.0000000e+00	   2.0900000e+00	   2.6390000e+03	   1.9100000e+00	   5.9900000e+02	
   2.0000000e+01	   3.1400000e+02	   3.0000000e+00	   2.7000000e+00	   1.4900000e+03	   1.6600000e+00	   8.8100000e+02	
   2.1000000e+01	   1.0300000e+02	   1.0000000e+00	   4.5700000e+00	   2.3580000e+03	   1.2700000e+00	   1.4000000e+03	
   2.2000000e+01	   3.0700000e+02	   3.0000000e+00	   4.1300000e+00	   1.5560000e+03	   2.1100000e+00	   4.9700000e+02	
   2.3000000e+01	   2.1500000e+02	   2.0000000e+00	   2.9000000e+00	   6.5900000e+02	   6.8000000e-01	   1.6990000e+03	
   2.4000000e+01	   3.0300000e+02	   3.0000000e+00	   3.4900000e+00	   1.7900000e+03	   1.8400000e+00	   3.6600000e+02	
   2.5000000e+01	   3.1100000e+02	   3.0000000e+00	   4.0500000e+00	   1.2240000e+03	   1.5300000e+00	   3.8660000e+03	
   2.6000000e+01	   1.1500000e+02	   1.0000000e+00	   7.3000000e-01	   2.2220000e+03	   5.0000000e-02	   1.1610000e+03	
   2.7000000e+01	   2.1200000e+02	   2.0000000e+00	   1.0300000e+00	   2.7890000e+03	   2.0000000e-01	   1.1660000e+03	
   2.8000000e+01	   1.0400000e+02	   1.0000000e+00	   2.0000000e-02	   3.8900000e+03	   4.2000000e-01	   1.3640000e+03	
   2.9000000e+01	   1.0900000e+02	   1.0000000e+00	   4.7100000e+00	   2.4040000e+03	   3.6700000e+00	   1.0830000e+03	
   3.0000000e+01	   2.0300000e+02	   2.0000000e+00	   1.0000000e-02	   1.9720000e+03	   3.9000000e-01	   1.1990000e+03	
   3.1000000e+01	   3.0900000e+02	   3.0000000e+00	   5.0000000e+00	   1.5230000e+03	   3.0100000e+00	   1.5010000e+03	
   3.2000000e+01	   1.0500000e+02	   1.0000000e+00	   7.0000000e-02	   1.9720000e+03	   1.0000000e-02	   1.2320000e+03	
   3.3000000e+01	   3.1000000e+02	   3.0000000e+00	   4.3700000e+00	   1.8650000e+03	   2.9600000e+00	   1.6720000e+03	
   3.4000000e+01	   3.0400000e+02	   3.0000000e+00	   4.1800000e+00	   1.0890000e+03	   2.0600000e+00	   4.9900000e+02	
   3.5000000e+01	   3.0100000e+02	   3.0000000e+00	   4.5200000e+00	   1.2560000e+03	   1.4400000e+00	   1.8500000e+03	
   3.6000000e+01	   2.1400000e+02	   2.0000000e+00	   5.0000000e+00	   1.6380000e+03	   4.0800000e+00	   1.4000000e+03	
   3.7000000e+01	   2.1300000e+02	   2.0000000e+00	   5.0000000e+00	   1.4710000e+03	   5.0000000e+00	   1.0670000e+03	
   3.8000000e+01	   3.0800000e+02	   3.0000000e+00	   4.7000000e-01	   2.3550000e+03	   2.5000000e+00	   1.0330000e+03	
   3.9000000e+01	   2.0100000e+02	   2.0000000e+00	   1.5500000e+00	   1.3220000e+03	   4.8000000e-01	   9.4100000e+02	
   4.0000000e+01	   1.0700000e+02	   1.0000000e+00	   3.9300000e+00	   1.7320000e+03	   1.8100000e+00	   1.0330000e+03	
   4.1000000e+01	   3.0500000e+02	   3.0000000e+00	   3.0100000e+00	   2.6560000e+03	   1.8300000e+00	   9.5000000e+02	
   4.2000000e+01	   2.0600000e+02	   2.0000000e+00	   5.0000000e+00	   1.3380000e+03	   5.0000000e+00	   8.6600000e+02	
   4.3000000e+01	   1.0200000e+02	   1.0000000e+00	   3.4300000e+00	   1.6720000e+03	   8.4000000e-01	   1.4600000e+03	
   4.4000000e+01	   2.0400000e+02	   2.0000000e+00	   3.1600000e+00	   1.8630000e+03	   4.3000000e-01	   7.6500000e+02	
   4.5000000e+01	   2.1000000e+02	   2.0000000e+00	   5.0000000e+00	   1.1060000e+03	   5.0000000e+00	   7.0000000e+02	
