   1.0000000e+00	   1.0000000e+00	   2.0300000e+02	   1.0200000e+00	   7.1910000e+03	
   1.0000000e+00	   2.0000000e+00	   2.1500000e+02	   2.5000000e+00	   3.0260000e+03	
   1.0000000e+00	   3.0000000e+00	   2.0200000e+02	   1.5000000e-01	   3.5910000e+03	
   1.0000000e+00	   4.0000000e+00	   3.0100000e+02	   1.9000000e+00	   6.6560000e+03	
   1.0000000e+00	   5.0000000e+00	   1.1400000e+02	   2.5500000e+00	   2.3600000e+03	
   1.0000000e+00	   6.0000000e+00	   1.0200000e+02	   4.3500000e+00	   3.9590000e+03	
   1.0000000e+00	   7.0000000e+00	   3.0900000e+02	   2.5800000e+00	   4.6270000e+03	
   1.0000000e+00	   8.0000000e+00	   1.0100000e+02	   3.6900000e+00	   2.3950000e+03	
   1.0000000e+00	   9.0000000e+00	   1.1600000e+02	   3.9300000e+00	   2.4590000e+03	
   1.0000000e+00	   1.0000000e+01	   3.0400000e+02	   5.8000000e-01	   2.5960000e+03	
   1.0000000e+00	   1.1000000e+01	   3.0600000e+02	   6.6000000e-01	   2.3930000e+03	
   1.0000000e+00	   1.2000000e+01	   3.1400000e+02	   3.5800000e+00	   2.5940000e+03	
   1.0000000e+00	   1.3000000e+01	   1.1300000e+02	   4.5000000e+00	   7.5940000e+03	
   1.0000000e+00	   1.4000000e+01	   1.1200000e+02	   2.0300000e+00	   2.0930000e+03	
   1.0000000e+00	   1.5000000e+01	   2.0100000e+02	   2.4900000e+00	   2.0440000e+03	
   1.0000000e+00	   1.6000000e+01	   3.1000000e+02	   1.6600000e+00	   3.3590000e+03	
   1.0000000e+00	   1.7000000e+01	   1.1500000e+02	   3.5800000e+00	   4.6620000e+03	
   1.0000000e+00	   1.8000000e+01	   2.0400000e+02	   2.5000000e+00	   1.8260000e+03	
   1.0000000e+00	   1.9000000e+01	   1.0400000e+02	   4.6700000e+00	   2.8940000e+03	
   1.0000000e+00	   2.0000000e+01	   1.0800000e+02	   0.0000000e+00	   2.8270000e+03	
   1.0000000e+00	   2.1000000e+01	   3.1300000e+02	   3.2900000e+00	   3.1280000e+03	
   1.0000000e+00	   2.2000000e+01	   2.1300000e+02	   2.5400000e+00	   6.9070000e+03	
   1.0000000e+00	   2.3000000e+01	   1.0300000e+02	   3.5700000e+00	   3.3940000e+03	
   1.0000000e+00	   2.4000000e+01	   3.1200000e+02	   2.4500000e+00	   2.6610000e+03	
   1.0000000e+00	   2.5000000e+01	   1.1100000e+02	   4.9000000e+00	   3.9940000e+03	
   1.0000000e+00	   2.6000000e+01	   3.0300000e+02	   7.0000000e-02	   5.5270000e+03	
   1.0000000e+00	   2.7000000e+01	   2.1100000e+02	   4.9000000e-01	   2.2270000e+03	
   1.0000000e+00	   2.8000000e+01	   2.0700000e+02	   3.1000000e+00	   2.6610000e+03	
   1.0000000e+00	   2.9000000e+01	   2.1200000e+02	   3.4800000e+00	   2.4260000e+03	
   1.0000000e+00	   3.0000000e+01	   3.0200000e+02	   2.5000000e+00	   2.1270000e+03	
   1.0000000e+00	   3.1000000e+01	   1.0700000e+02	   3.6200000e+00	   3.8260000e+03	
   1.0000000e+00	   3.2000000e+01	   3.0700000e+02	   4.1000000e-01	   2.0270000e+03	
   1.0000000e+00	   3.3000000e+01	   2.0800000e+02	   4.0200000e+00	   2.9600000e+03	
   1.0000000e+00	   3.4000000e+01	   3.0500000e+02	   3.4300000e+00	   4.4590000e+03	
   1.0000000e+00	   3.5000000e+01	   2.0500000e+02	   2.5000000e+00	   1.6940000e+03	
   1.0000000e+00	   3.6000000e+01	   2.1000000e+02	   3.9900000e+00	   3.3930000e+03	
   1.0000000e+00	   3.7000000e+01	   1.0900000e+02	   3.5400000e+00	   2.3600000e+03	
   1.0000000e+00	   3.8000000e+01	   2.0900000e+02	   3.9300000e+00	   4.2260000e+03	
   1.0000000e+00	   3.9000000e+01	   1.1000000e+02	   3.9900000e+00	   2.3270000e+03	
   1.0000000e+00	   4.0000000e+01	   3.0800000e+02	   4.7000000e-01	   4.4270000e+03	
   1.0000000e+00	   4.1000000e+01	   2.0600000e+02	   4.8500000e+00	   4.6590000e+03	
   1.0000000e+00	   4.2000000e+01	   2.1400000e+02	   4.7100000e+00	   3.8940000e+03	
   1.0000000e+00	   4.3000000e+01	   3.1100000e+02	   3.0000000e-02	   3.9250000e+03	
   1.0000000e+00	   4.4000000e+01	   1.0500000e+02	   2.7400000e+00	   3.7270000e+03	
   1.0000000e+00	   4.5000000e+01	   1.0600000e+02	   4.0200000e+00	   2.5600000e+03	
   2.0000000e+00	   1.0000000e+00	   3.0500000e+02	   2.5000000e+00	   1.9700000e+02	
   2.0000000e+00	   2.0000000e+00	   1.1100000e+02	   4.8800000e+00	   6.5600000e+03	
   2.0000000e+00	   3.0000000e+00	   1.0800000e+02	   1.2000000e-01	   2.2950000e+03	
   2.0000000e+00	   4.0000000e+00	   3.1200000e+02	   5.0000000e-02	   2.0610000e+03	
   2.0000000e+00	   5.0000000e+00	   3.0200000e+02	   2.7300000e+00	   2.2280000e+03	
   2.0000000e+00	   6.0000000e+00	   2.0600000e+02	   4.8600000e+00	   2.9270000e+03	
   2.0000000e+00	   7.0000000e+00	   2.0900000e+02	   3.5900000e+00	   2.1610000e+03	
   2.0000000e+00	   8.0000000e+00	   2.0200000e+02	   3.9000000e-01	   1.6620000e+03	
   2.0000000e+00	   9.0000000e+00	   2.0300000e+02	   1.0400000e+00	   2.1280000e+03	
   2.0000000e+00	   1.0000000e+01	   2.0800000e+02	   4.5800000e+00	   2.9280000e+03	
   2.0000000e+00	   1.1000000e+01	   2.1300000e+02	   3.5200000e+00	   1.7600000e+03	
   2.0000000e+00	   1.2000000e+01	   3.0600000e+02	   4.9000000e-01	   2.5960000e+03	
   2.0000000e+00	   1.3000000e+01	   2.1000000e+02	   4.5900000e+00	   2.2940000e+03	
   2.0000000e+00	   1.4000000e+01	   2.1400000e+02	   4.5900000e+00	   4.6600000e+03	
   2.0000000e+00	   1.5000000e+01	   3.0300000e+02	   7.0000000e-02	   2.0290000e+03	
   2.0000000e+00	   1.6000000e+01	   1.0500000e+02	   2.8500000e+00	   1.7940000e+03	
   2.0000000e+00	   1.7000000e+01	   2.0100000e+02	   2.6800000e+00	   2.0280000e+03	
   2.0000000e+00	   1.8000000e+01	   1.0100000e+02	   4.0100000e+00	   2.4610000e+03	
   2.0000000e+00	   1.9000000e+01	   1.0700000e+02	   3.9000000e+00	   3.6940000e+03	
   2.0000000e+00	   2.0000000e+01	   2.1100000e+02	   8.1000000e-01	   5.1610000e+03	
   2.0000000e+00	   2.1000000e+01	   3.1300000e+02	   2.7400000e+00	   1.3280000e+03	
   2.0000000e+00	   2.2000000e+01	   1.1500000e+02	   3.6500000e+00	   1.8940000e+03	
   2.0000000e+00	   2.3000000e+01	   2.0700000e+02	   2.9900000e+00	   4.6940000e+03	
   2.0000000e+00	   2.4000000e+01	   3.1400000e+02	   3.7300000e+00	   1.7950000e+03	
   2.0000000e+00	   2.5000000e+01	   1.0900000e+02	   3.8800000e+00	   1.1620000e+03	
   2.0000000e+00	   2.6000000e+01	   1.0400000e+02	   4.7700000e+00	   1.7610000e+03	
   2.0000000e+00	   2.7000000e+01	   2.1500000e+02	   3.0500000e+00	   2.6610000e+03	
   2.0000000e+00	   2.8000000e+01	   1.1000000e+02	   3.7400000e+00	   2.7270000e+03	
   2.0000000e+00	   2.9000000e+01	   1.0600000e+02	   3.9000000e+00	   2.2290000e+03	
   2.0000000e+00	   3.0000000e+01	   2.0500000e+02	   2.5000000e+00	   1.1950000e+03	
   2.0000000e+00	   3.1000000e+01	   1.1200000e+02	   1.4600000e+00	   1.3610000e+03	
   2.0000000e+00	   3.2000000e+01	   3.1100000e+02	   1.2000000e-01	   2.5280000e+03	
   2.0000000e+00	   3.3000000e+01	   3.0700000e+02	   2.4000000e-01	   2.1610000e+03	
   2.0000000e+00	   3.4000000e+01	   2.1200000e+02	   3.7300000e+00	   2.0290000e+03	
   2.0000000e+00	   3.5000000e+01	   1.0200000e+02	   4.6100000e+00	   2.3280000e+03	
   2.0000000e+00	   3.6000000e+01	   3.0900000e+02	   3.1700000e+00	   1.5940000e+03	
   2.0000000e+00	   3.7000000e+01	   3.0400000e+02	   1.3600000e+00	   2.2610000e+03	
   2.0000000e+00	   3.8000000e+01	   1.0300000e+02	   3.4700000e+00	   1.4950000e+03	
   2.0000000e+00	   3.9000000e+01	   1.1600000e+02	   4.7600000e+00	   3.9280000e+03	
   2.0000000e+00	   4.0000000e+01	   3.1000000e+02	   4.7000000e-01	   5.9000000e+03	
   2.0000000e+00	   4.1000000e+01	   3.0100000e+02	   2.7900000e+00	   3.3880000e+03	
   2.0000000e+00	   4.2000000e+01	   1.1300000e+02	   4.6600000e+00	   1.7630000e+03	
   2.0000000e+00	   4.3000000e+01	   2.0400000e+02	   2.5100000e+00	   2.8620000e+03	
   2.0000000e+00	   4.4000000e+01	   1.1400000e+02	   3.8700000e+00	   1.3260000e+03	
   2.0000000e+00	   4.5000000e+01	   3.0800000e+02	   7.5000000e-01	   1.4620000e+03	
