   1.0900000e+02	   2.0600000e+02	   2.0700000e+02	   7.0000000e+00	   5.0000000e+00	   3.7100000e+00	   4.8550000e+00	   3.0450000e+00	   3.0000000e+00	   2.0000000e+00	   1.0000000e+00	   2.0000000e+00	   1.4740000e+03	
   1.0400000e+02	   1.1000000e+02	   1.1200000e+02	   3.0000000e+00	   5.0000000e+00	   4.7200000e+00	   3.8650000e+00	   1.7450000e+00	   1.0000000e+00	   3.0000000e+00	   2.0000000e+00	   1.0000000e+00	   1.9730000e+03	
   1.0400000e+02	   1.0700000e+02	   3.1000000e+02	   1.3000000e+01	   5.0000000e+00	   4.7200000e+00	   3.7600000e+00	   1.0650000e+00	   1.0000000e+00	   2.0000000e+00	   3.0000000e+00	   1.0000000e+00	   2.1600000e+03	
   1.0700000e+02	   2.0800000e+02	   2.0100000e+02	   5.0000000e+00	   3.0000000e+00	   3.7600000e+00	   4.3000000e+00	   2.5850000e+00	   2.0000000e+00	   3.0000000e+00	   1.0000000e+00	   3.0000000e+00	   2.1000000e+03	
   1.1300000e+02	   2.0900000e+02	   2.0700000e+02	   7.0000000e+00	   4.0000000e+00	   4.5800000e+00	   3.7600000e+00	   3.0450000e+00	   2.0000000e+00	   3.0000000e+00	   1.0000000e+00	   2.0000000e+00	   1.0680000e+03	
   1.0100000e+02	   2.0800000e+02	   3.1000000e+02	   1.3000000e+01	   3.0000000e+00	   3.8500000e+00	   4.3000000e+00	   1.0650000e+00	   3.0000000e+00	   1.0000000e+00	   2.0000000e+00	   3.0000000e+00	   1.4200000e+03	
   1.1600000e+02	   2.1000000e+02	   1.0300000e+02	   1.0000000e+00	   1.0000000e+00	   4.3450000e+00	   4.2900000e+00	   3.5200000e+00	   3.0000000e+00	   2.0000000e+00	   1.0000000e+00	   2.0000000e+00	   3.5200000e+03	
   1.0100000e+02	   2.0600000e+02	   1.0800000e+02	   2.0000000e+00	   5.0000000e+00	   3.8500000e+00	   4.8550000e+00	   6.0000000e-02	   2.0000000e+00	   1.0000000e+00	   3.0000000e+00	   1.0000000e+00	   1.9020000e+03	
   1.0400000e+02	   1.1100000e+02	   1.1200000e+02	   3.0000000e+00	   2.0000000e+00	   4.7200000e+00	   4.8900000e+00	   1.7450000e+00	   2.0000000e+00	   1.0000000e+00	   3.0000000e+00	   1.0000000e+00	   1.3180000e+03	
   1.0600000e+02	   2.0800000e+02	   3.0400000e+02	   9.0000000e+00	   2.0000000e+00	   3.9600000e+00	   4.3000000e+00	   9.7000000e-01	   2.0000000e+00	   1.0000000e+00	   3.0000000e+00	   2.0000000e+00	   4.0710000e+03	
   1.0400000e+02	   1.1600000e+02	   1.0800000e+02	   2.0000000e+00	   3.0000000e+00	   4.7200000e+00	   4.3450000e+00	   6.0000000e-02	   2.0000000e+00	   1.0000000e+00	   3.0000000e+00	   1.0000000e+00	   8.6530000e+03	
   1.0700000e+02	   2.0800000e+02	   3.1300000e+02	   1.5000000e+01	   3.0000000e+00	   3.7600000e+00	   4.3000000e+00	   3.0150000e+00	   2.0000000e+00	   3.0000000e+00	   1.0000000e+00	   3.0000000e+00	   2.7180000e+03	
   1.0700000e+02	   1.1600000e+02	   2.0700000e+02	   7.0000000e+00	   4.0000000e+00	   3.7600000e+00	   4.3450000e+00	   3.0450000e+00	   3.0000000e+00	   2.0000000e+00	   1.0000000e+00	   2.0000000e+00	   1.4300000e+03	
   1.0600000e+02	   1.1600000e+02	   3.0700000e+02	   1.0000000e+01	   3.0000000e+00	   3.9600000e+00	   4.3450000e+00	   3.2500000e-01	   3.0000000e+00	   2.0000000e+00	   1.0000000e+00	   2.0000000e+00	   2.5980000e+03	
   1.0700000e+02	   1.1600000e+02	   2.1500000e+02	   8.0000000e+00	   4.0000000e+00	   3.7600000e+00	   4.3450000e+00	   2.7750000e+00	   1.0000000e+00	   3.0000000e+00	   2.0000000e+00	   3.0000000e+00	   2.8900000e+03	
   2.0800000e+02	   2.0900000e+02	   2.0100000e+02	   5.0000000e+00	   3.0000000e+00	   4.3000000e+00	   3.7600000e+00	   2.5850000e+00	   2.0000000e+00	   3.0000000e+00	   1.0000000e+00	   2.0000000e+00	   1.8350000e+03	
   1.0100000e+02	   1.0600000e+02	   1.1200000e+02	   3.0000000e+00	   1.0000000e+00	   3.8500000e+00	   3.9600000e+00	   1.7450000e+00	   2.0000000e+00	   3.0000000e+00	   1.0000000e+00	   2.0000000e+00	   1.8830000e+03	
   2.0600000e+02	   2.0800000e+02	   1.1200000e+02	   3.0000000e+00	   3.0000000e+00	   4.8550000e+00	   4.3000000e+00	   1.7450000e+00	   2.0000000e+00	   1.0000000e+00	   3.0000000e+00	   2.0000000e+00	   1.0050000e+03	
   1.0100000e+02	   2.0800000e+02	   2.1500000e+02	   8.0000000e+00	   3.0000000e+00	   3.8500000e+00	   4.3000000e+00	   2.7750000e+00	   1.0000000e+00	   2.0000000e+00	   3.0000000e+00	   2.0000000e+00	   5.8780000e+03	
   1.0700000e+02	   1.0900000e+02	   2.0700000e+02	   7.0000000e+00	   1.0000000e+00	   3.7600000e+00	   3.7100000e+00	   3.0450000e+00	   1.0000000e+00	   3.0000000e+00	   2.0000000e+00	   3.0000000e+00	   1.6690000e+03	
   1.0200000e+02	   1.1300000e+02	   2.0700000e+02	   7.0000000e+00	   1.0000000e+00	   4.4800000e+00	   4.5800000e+00	   3.0450000e+00	   2.0000000e+00	   1.0000000e+00	   3.0000000e+00	   1.0000000e+00	   1.5910000e+03	
   1.0600000e+02	   1.0700000e+02	   3.0400000e+02	   9.0000000e+00	   2.0000000e+00	   3.9600000e+00	   3.7600000e+00	   9.7000000e-01	   3.0000000e+00	   1.0000000e+00	   2.0000000e+00	   3.0000000e+00	   1.8120000e+03	
   1.0400000e+02	   2.0600000e+02	   2.0500000e+02	   6.0000000e+00	   1.0000000e+00	   4.7200000e+00	   4.8550000e+00	   2.5000000e+00	   1.0000000e+00	   3.0000000e+00	   2.0000000e+00	   3.0000000e+00	   3.7790000e+03	
   1.0400000e+02	   1.1600000e+02	   3.0400000e+02	   9.0000000e+00	   3.0000000e+00	   4.7200000e+00	   4.3450000e+00	   9.7000000e-01	   3.0000000e+00	   1.0000000e+00	   2.0000000e+00	   1.0000000e+00	   2.8770000e+03	
   1.1300000e+02	   2.0900000e+02	   1.0800000e+02	   2.0000000e+00	   4.0000000e+00	   4.5800000e+00	   3.7600000e+00	   6.0000000e-02	   1.0000000e+00	   2.0000000e+00	   3.0000000e+00	   1.0000000e+00	   1.1150000e+03	
   1.0100000e+02	   1.1300000e+02	   3.0900000e+02	   1.2000000e+01	   4.0000000e+00	   3.8500000e+00	   4.5800000e+00	   2.8750000e+00	   2.0000000e+00	   1.0000000e+00	   3.0000000e+00	   1.0000000e+00	   2.2610000e+03	
   1.0700000e+02	   1.0900000e+02	   1.0800000e+02	   2.0000000e+00	   1.0000000e+00	   3.7600000e+00	   3.7100000e+00	   6.0000000e-02	   1.0000000e+00	   3.0000000e+00	   2.0000000e+00	   3.0000000e+00	   1.4370000e+03	
   1.0700000e+02	   1.1100000e+02	   3.1100000e+02	   1.4000000e+01	   5.0000000e+00	   3.7600000e+00	   4.8900000e+00	   7.5000000e-02	   1.0000000e+00	   3.0000000e+00	   2.0000000e+00	   3.0000000e+00	   1.1540000e+03	
   1.0400000e+02	   1.0900000e+02	   3.0800000e+02	   1.1000000e+01	   5.0000000e+00	   4.7200000e+00	   3.7100000e+00	   6.1000000e-01	   3.0000000e+00	   1.0000000e+00	   2.0000000e+00	   3.0000000e+00	   2.9760000e+03	
   1.0900000e+02	   1.1100000e+02	   2.0700000e+02	   7.0000000e+00	   5.0000000e+00	   3.7100000e+00	   4.8900000e+00	   3.0450000e+00	   1.0000000e+00	   3.0000000e+00	   2.0000000e+00	   3.0000000e+00	   1.1630000e+03	
   1.0400000e+02	   2.0800000e+02	   3.1100000e+02	   1.4000000e+01	   3.0000000e+00	   4.7200000e+00	   4.3000000e+00	   7.5000000e-02	   3.0000000e+00	   2.0000000e+00	   1.0000000e+00	   2.0000000e+00	   7.9650000e+03	
   1.0900000e+02	   1.1600000e+02	   1.0300000e+02	   1.0000000e+00	   4.0000000e+00	   3.7100000e+00	   4.3450000e+00	   3.5200000e+00	   1.0000000e+00	   3.0000000e+00	   2.0000000e+00	   3.0000000e+00	   1.7610000e+03	
   1.0400000e+02	   2.1400000e+02	   3.0700000e+02	   1.0000000e+01	   1.0000000e+00	   4.7200000e+00	   4.6500000e+00	   3.2500000e-01	   1.0000000e+00	   2.0000000e+00	   3.0000000e+00	   1.0000000e+00	   1.5190000e+03	
   1.0700000e+02	   1.1000000e+02	   2.0100000e+02	   5.0000000e+00	   1.0000000e+00	   3.7600000e+00	   3.8650000e+00	   2.5850000e+00	   1.0000000e+00	   2.0000000e+00	   3.0000000e+00	   2.0000000e+00	   3.0320000e+03	
   1.1600000e+02	   2.0800000e+02	   2.0700000e+02	   7.0000000e+00	   1.0000000e+00	   4.3450000e+00	   4.3000000e+00	   3.0450000e+00	   3.0000000e+00	   2.0000000e+00	   1.0000000e+00	   3.0000000e+00	   1.2640000e+03	
   1.0700000e+02	   2.1400000e+02	   3.0800000e+02	   1.1000000e+01	   5.0000000e+00	   3.7600000e+00	   4.6500000e+00	   6.1000000e-01	   1.0000000e+00	   2.0000000e+00	   3.0000000e+00	   2.0000000e+00	   2.0390000e+03	
   1.1600000e+02	   2.1000000e+02	   2.0100000e+02	   5.0000000e+00	   1.0000000e+00	   4.3450000e+00	   4.2900000e+00	   2.5850000e+00	   3.0000000e+00	   2.0000000e+00	   1.0000000e+00	   2.0000000e+00	   2.3030000e+03	
   1.0100000e+02	   2.1400000e+02	   3.0700000e+02	   1.0000000e+01	   4.0000000e+00	   3.8500000e+00	   4.6500000e+00	   3.2500000e-01	   1.0000000e+00	   2.0000000e+00	   3.0000000e+00	   1.0000000e+00	   2.3920000e+03	
   1.0700000e+02	   1.1100000e+02	   2.1500000e+02	   8.0000000e+00	   5.0000000e+00	   3.7600000e+00	   4.8900000e+00	   2.7750000e+00	   1.0000000e+00	   2.0000000e+00	   3.0000000e+00	   2.0000000e+00	   1.1390000e+03	
   1.0100000e+02	   1.1100000e+02	   1.0300000e+02	   1.0000000e+00	   5.0000000e+00	   3.8500000e+00	   4.8900000e+00	   3.5200000e+00	   1.0000000e+00	   3.0000000e+00	   2.0000000e+00	   3.0000000e+00	   8.9100000e+02	
   1.0900000e+02	   2.1400000e+02	   1.0800000e+02	   2.0000000e+00	   5.0000000e+00	   3.7100000e+00	   4.6500000e+00	   6.0000000e-02	   2.0000000e+00	   1.0000000e+00	   3.0000000e+00	   1.0000000e+00	   2.9470000e+03	
   1.0200000e+02	   2.1400000e+02	   1.1500000e+02	   4.0000000e+00	   2.0000000e+00	   4.4800000e+00	   4.6500000e+00	   3.6150000e+00	   1.0000000e+00	   2.0000000e+00	   3.0000000e+00	   1.0000000e+00	   1.8610000e+03	
   1.0700000e+02	   1.0900000e+02	   3.1300000e+02	   1.5000000e+01	   1.0000000e+00	   3.7600000e+00	   3.7100000e+00	   3.0150000e+00	   3.0000000e+00	   2.0000000e+00	   1.0000000e+00	   2.0000000e+00	   5.4730000e+03	
   1.1000000e+02	   2.0900000e+02	   3.0800000e+02	   1.1000000e+01	   1.0000000e+00	   3.8650000e+00	   3.7600000e+00	   6.1000000e-01	   2.0000000e+00	   3.0000000e+00	   1.0000000e+00	   2.0000000e+00	   1.4170000e+03	
   1.0100000e+02	   1.1000000e+02	   1.1500000e+02	   4.0000000e+00	   1.0000000e+00	   3.8500000e+00	   3.8650000e+00	   3.6150000e+00	   2.0000000e+00	   1.0000000e+00	   3.0000000e+00	   2.0000000e+00	   2.2260000e+03	
   1.0100000e+02	   1.0700000e+02	   1.0800000e+02	   2.0000000e+00	   1.0000000e+00	   3.8500000e+00	   3.7600000e+00	   6.0000000e-02	   2.0000000e+00	   3.0000000e+00	   1.0000000e+00	   2.0000000e+00	   3.0260000e+03	
   1.0700000e+02	   1.1300000e+02	   1.1500000e+02	   4.0000000e+00	   4.0000000e+00	   3.7600000e+00	   4.5800000e+00	   3.6150000e+00	   1.0000000e+00	   2.0000000e+00	   3.0000000e+00	   2.0000000e+00	   1.3260000e+03	
   1.0400000e+02	   2.1000000e+02	   1.0300000e+02	   1.0000000e+00	   3.0000000e+00	   4.7200000e+00	   4.2900000e+00	   3.5200000e+00	   1.0000000e+00	   2.0000000e+00	   3.0000000e+00	   2.0000000e+00	   8.5800000e+02	
   1.0100000e+02	   1.1300000e+02	   3.0700000e+02	   1.0000000e+01	   4.0000000e+00	   3.8500000e+00	   4.5800000e+00	   3.2500000e-01	   1.0000000e+00	   2.0000000e+00	   3.0000000e+00	   2.0000000e+00	   1.3310000e+03	
   1.0400000e+02	   2.0800000e+02	   1.1500000e+02	   4.0000000e+00	   3.0000000e+00	   4.7200000e+00	   4.3000000e+00	   3.6150000e+00	   1.0000000e+00	   3.0000000e+00	   2.0000000e+00	   3.0000000e+00	   2.7710000e+03	
   1.0400000e+02	   1.1600000e+02	   2.1500000e+02	   8.0000000e+00	   3.0000000e+00	   4.7200000e+00	   4.3450000e+00	   2.7750000e+00	   2.0000000e+00	   3.0000000e+00	   1.0000000e+00	   3.0000000e+00	   3.2530000e+03	
   1.1000000e+02	   1.1600000e+02	   2.0500000e+02	   6.0000000e+00	   3.0000000e+00	   3.8650000e+00	   4.3450000e+00	   2.5000000e+00	   3.0000000e+00	   2.0000000e+00	   1.0000000e+00	   2.0000000e+00	   1.6240000e+03	
   1.1600000e+02	   2.1400000e+02	   1.0800000e+02	   2.0000000e+00	   2.0000000e+00	   4.3450000e+00	   4.6500000e+00	   6.0000000e-02	   2.0000000e+00	   1.0000000e+00	   3.0000000e+00	   2.0000000e+00	   1.7430000e+03	
   1.0900000e+02	   1.1000000e+02	   2.0100000e+02	   5.0000000e+00	   1.0000000e+00	   3.7100000e+00	   3.8650000e+00	   2.5850000e+00	   1.0000000e+00	   2.0000000e+00	   3.0000000e+00	   1.0000000e+00	   1.6860000e+03	
   1.0100000e+02	   1.1600000e+02	   2.1500000e+02	   8.0000000e+00	   3.0000000e+00	   3.8500000e+00	   4.3450000e+00	   2.7750000e+00	   1.0000000e+00	   2.0000000e+00	   3.0000000e+00	   2.0000000e+00	   1.3740000e+03	
   1.0600000e+02	   2.0900000e+02	   2.0100000e+02	   5.0000000e+00	   2.0000000e+00	   3.9600000e+00	   3.7600000e+00	   2.5850000e+00	   3.0000000e+00	   2.0000000e+00	   1.0000000e+00	   3.0000000e+00	   3.8800000e+03	
   1.1100000e+02	   1.1600000e+02	   3.0700000e+02	   1.0000000e+01	   3.0000000e+00	   4.8900000e+00	   4.3450000e+00	   3.2500000e-01	   3.0000000e+00	   1.0000000e+00	   2.0000000e+00	   3.0000000e+00	   8.8400000e+02	
   1.0700000e+02	   1.1300000e+02	   3.1100000e+02	   1.4000000e+01	   4.0000000e+00	   3.7600000e+00	   4.5800000e+00	   7.5000000e-02	   1.0000000e+00	   2.0000000e+00	   3.0000000e+00	   2.0000000e+00	   1.2330000e+03	
   1.0200000e+02	   1.0900000e+02	   3.0800000e+02	   1.1000000e+01	   4.0000000e+00	   4.4800000e+00	   3.7100000e+00	   6.1000000e-01	   2.0000000e+00	   3.0000000e+00	   1.0000000e+00	   2.0000000e+00	   1.4530000e+03	
   1.0700000e+02	   2.1400000e+02	   1.1500000e+02	   4.0000000e+00	   5.0000000e+00	   3.7600000e+00	   4.6500000e+00	   3.6150000e+00	   3.0000000e+00	   1.0000000e+00	   2.0000000e+00	   1.0000000e+00	   6.2800000e+03	
   1.0100000e+02	   1.0200000e+02	   3.1100000e+02	   1.4000000e+01	   4.0000000e+00	   3.8500000e+00	   4.4800000e+00	   7.5000000e-02	   3.0000000e+00	   1.0000000e+00	   2.0000000e+00	   1.0000000e+00	   2.3990000e+03	
   1.1100000e+02	   1.1300000e+02	   2.0500000e+02	   6.0000000e+00	   2.0000000e+00	   4.8900000e+00	   4.5800000e+00	   2.5000000e+00	   1.0000000e+00	   3.0000000e+00	   2.0000000e+00	   1.0000000e+00	   8.5700000e+02	
   1.0100000e+02	   1.0900000e+02	   2.0700000e+02	   7.0000000e+00	   1.0000000e+00	   3.8500000e+00	   3.7100000e+00	   3.0450000e+00	   1.0000000e+00	   3.0000000e+00	   2.0000000e+00	   1.0000000e+00	   1.7110000e+03	
   1.0100000e+02	   1.1300000e+02	   3.1000000e+02	   1.3000000e+01	   4.0000000e+00	   3.8500000e+00	   4.5800000e+00	   1.0650000e+00	   1.0000000e+00	   2.0000000e+00	   3.0000000e+00	   2.0000000e+00	   1.4460000e+03	
   1.0200000e+02	   1.0400000e+02	   1.1200000e+02	   3.0000000e+00	   2.0000000e+00	   4.4800000e+00	   4.7200000e+00	   1.7450000e+00	   2.0000000e+00	   1.0000000e+00	   3.0000000e+00	   2.0000000e+00	   2.7560000e+03	
   1.0400000e+02	   1.0900000e+02	   2.1500000e+02	   8.0000000e+00	   5.0000000e+00	   4.7200000e+00	   3.7100000e+00	   2.7750000e+00	   3.0000000e+00	   1.0000000e+00	   2.0000000e+00	   3.0000000e+00	   2.1490000e+03	
   1.0200000e+02	   1.0600000e+02	   1.0800000e+02	   2.0000000e+00	   3.0000000e+00	   4.4800000e+00	   3.9600000e+00	   6.0000000e-02	   1.0000000e+00	   2.0000000e+00	   3.0000000e+00	   1.0000000e+00	   1.2410000e+03	
   1.0600000e+02	   1.0700000e+02	   3.0700000e+02	   1.0000000e+01	   2.0000000e+00	   3.9600000e+00	   3.7600000e+00	   3.2500000e-01	   2.0000000e+00	   3.0000000e+00	   1.0000000e+00	   2.0000000e+00	   2.3940000e+03	
   1.0200000e+02	   1.0900000e+02	   3.0900000e+02	   1.2000000e+01	   4.0000000e+00	   4.4800000e+00	   3.7100000e+00	   2.8750000e+00	   1.0000000e+00	   2.0000000e+00	   3.0000000e+00	   1.0000000e+00	   1.2460000e+03	
   1.0100000e+02	   1.0600000e+02	   3.0900000e+02	   1.2000000e+01	   1.0000000e+00	   3.8500000e+00	   3.9600000e+00	   2.8750000e+00	   1.0000000e+00	   2.0000000e+00	   3.0000000e+00	   1.0000000e+00	   1.0550000e+03	
   1.0600000e+02	   1.0700000e+02	   1.0800000e+02	   2.0000000e+00	   2.0000000e+00	   3.9600000e+00	   3.7600000e+00	   6.0000000e-02	   2.0000000e+00	   1.0000000e+00	   3.0000000e+00	   2.0000000e+00	   1.8500000e+03	
   1.0200000e+02	   2.0600000e+02	   3.0700000e+02	   1.0000000e+01	   2.0000000e+00	   4.4800000e+00	   4.8550000e+00	   3.2500000e-01	   2.0000000e+00	   1.0000000e+00	   3.0000000e+00	   1.0000000e+00	   1.0150000e+03	
   1.0700000e+02	   2.1000000e+02	   2.1500000e+02	   8.0000000e+00	   3.0000000e+00	   3.7600000e+00	   4.2900000e+00	   2.7750000e+00	   1.0000000e+00	   3.0000000e+00	   2.0000000e+00	   3.0000000e+00	   1.0370000e+03	
   1.0700000e+02	   1.0900000e+02	   2.0500000e+02	   6.0000000e+00	   1.0000000e+00	   3.7600000e+00	   3.7100000e+00	   2.5000000e+00	   1.0000000e+00	   2.0000000e+00	   3.0000000e+00	   2.0000000e+00	   3.7560000e+03	
   1.0600000e+02	   1.1000000e+02	   3.0700000e+02	   1.0000000e+01	   1.0000000e+00	   3.9600000e+00	   3.8650000e+00	   3.2500000e-01	   2.0000000e+00	   3.0000000e+00	   1.0000000e+00	   3.0000000e+00	   1.7000000e+03	
   1.0900000e+02	   2.0800000e+02	   2.0500000e+02	   6.0000000e+00	   4.0000000e+00	   3.7100000e+00	   4.3000000e+00	   2.5000000e+00	   3.0000000e+00	   1.0000000e+00	   2.0000000e+00	   1.0000000e+00	   2.1760000e+03	
   1.1300000e+02	   2.0600000e+02	   3.1100000e+02	   1.4000000e+01	   2.0000000e+00	   4.5800000e+00	   4.8550000e+00	   7.5000000e-02	   3.0000000e+00	   1.0000000e+00	   2.0000000e+00	   1.0000000e+00	   1.3050000e+03	
   1.0100000e+02	   1.0700000e+02	   2.1500000e+02	   8.0000000e+00	   1.0000000e+00	   3.8500000e+00	   3.7600000e+00	   2.7750000e+00	   1.0000000e+00	   2.0000000e+00	   3.0000000e+00	   1.0000000e+00	   1.6360000e+03	
   1.0900000e+02	   2.0600000e+02	   3.0800000e+02	   1.1000000e+01	   5.0000000e+00	   3.7100000e+00	   4.8550000e+00	   6.1000000e-01	   2.0000000e+00	   3.0000000e+00	   1.0000000e+00	   3.0000000e+00	   2.6430000e+03	
   1.0200000e+02	   2.1000000e+02	   2.1500000e+02	   8.0000000e+00	   2.0000000e+00	   4.4800000e+00	   4.2900000e+00	   2.7750000e+00	   2.0000000e+00	   1.0000000e+00	   3.0000000e+00	   1.0000000e+00	   1.5260000e+03	
   1.0400000e+02	   1.0900000e+02	   1.1200000e+02	   3.0000000e+00	   5.0000000e+00	   4.7200000e+00	   3.7100000e+00	   1.7450000e+00	   1.0000000e+00	   3.0000000e+00	   2.0000000e+00	   1.0000000e+00	   2.4960000e+03	
   1.0400000e+02	   1.0700000e+02	   2.0500000e+02	   6.0000000e+00	   5.0000000e+00	   4.7200000e+00	   3.7600000e+00	   2.5000000e+00	   3.0000000e+00	   1.0000000e+00	   2.0000000e+00	   3.0000000e+00	   1.5230000e+03	
   1.1000000e+02	   2.0600000e+02	   1.0800000e+02	   2.0000000e+00	   5.0000000e+00	   3.8650000e+00	   4.8550000e+00	   6.0000000e-02	   3.0000000e+00	   2.0000000e+00	   1.0000000e+00	   2.0000000e+00	   1.4140000e+03	
   1.1100000e+02	   1.1300000e+02	   3.0800000e+02	   1.1000000e+01	   2.0000000e+00	   4.8900000e+00	   4.5800000e+00	   6.1000000e-01	   1.0000000e+00	   3.0000000e+00	   2.0000000e+00	   1.0000000e+00	   1.3230000e+03	
   1.1000000e+02	   2.1000000e+02	   3.1100000e+02	   1.4000000e+01	   3.0000000e+00	   3.8650000e+00	   4.2900000e+00	   7.5000000e-02	   3.0000000e+00	   1.0000000e+00	   2.0000000e+00	   1.0000000e+00	   1.1640000e+03	
   1.1300000e+02	   1.1600000e+02	   2.1500000e+02	   8.0000000e+00	   2.0000000e+00	   4.5800000e+00	   4.3450000e+00	   2.7750000e+00	   1.0000000e+00	   2.0000000e+00	   3.0000000e+00	   2.0000000e+00	   3.8470000e+03	
   1.0600000e+02	   2.0800000e+02	   3.0800000e+02	   1.1000000e+01	   2.0000000e+00	   3.9600000e+00	   4.3000000e+00	   6.1000000e-01	   3.0000000e+00	   2.0000000e+00	   1.0000000e+00	   2.0000000e+00	   2.1930000e+03	
   1.0400000e+02	   1.0600000e+02	   3.0900000e+02	   1.2000000e+01	   4.0000000e+00	   4.7200000e+00	   3.9600000e+00	   2.8750000e+00	   1.0000000e+00	   3.0000000e+00	   2.0000000e+00	   1.0000000e+00	   1.8950000e+03	
   1.0600000e+02	   1.1600000e+02	   2.0700000e+02	   7.0000000e+00	   3.0000000e+00	   3.9600000e+00	   4.3450000e+00	   3.0450000e+00	   2.0000000e+00	   3.0000000e+00	   1.0000000e+00	   3.0000000e+00	   1.2590000e+03	
   1.0700000e+02	   2.1000000e+02	   3.0900000e+02	   1.2000000e+01	   3.0000000e+00	   3.7600000e+00	   4.2900000e+00	   2.8750000e+00	   2.0000000e+00	   1.0000000e+00	   3.0000000e+00	   1.0000000e+00	   1.0840000e+03	
   1.0100000e+02	   1.1100000e+02	   3.1100000e+02	   1.4000000e+01	   5.0000000e+00	   3.8500000e+00	   4.8900000e+00	   7.5000000e-02	   2.0000000e+00	   1.0000000e+00	   3.0000000e+00	   1.0000000e+00	   9.5700000e+02	
   1.1300000e+02	   2.1000000e+02	   3.0900000e+02	   1.2000000e+01	   2.0000000e+00	   4.5800000e+00	   4.2900000e+00	   2.8750000e+00	   1.0000000e+00	   2.0000000e+00	   3.0000000e+00	   2.0000000e+00	   4.4630000e+03	
   1.0400000e+02	   1.0900000e+02	   1.0800000e+02	   2.0000000e+00	   5.0000000e+00	   4.7200000e+00	   3.7100000e+00	   6.0000000e-02	   3.0000000e+00	   1.0000000e+00	   2.0000000e+00	   3.0000000e+00	   2.5010000e+03	
   1.0100000e+02	   2.1400000e+02	   2.0700000e+02	   7.0000000e+00	   4.0000000e+00	   3.8500000e+00	   4.6500000e+00	   3.0450000e+00	   2.0000000e+00	   3.0000000e+00	   1.0000000e+00	   3.0000000e+00	   4.4350000e+03	
   1.0700000e+02	   1.1000000e+02	   1.1200000e+02	   3.0000000e+00	   1.0000000e+00	   3.7600000e+00	   3.8650000e+00	   1.7450000e+00	   2.0000000e+00	   1.0000000e+00	   3.0000000e+00	   1.0000000e+00	   1.5360000e+03	
   1.0400000e+02	   1.1600000e+02	   3.0800000e+02	   1.1000000e+01	   3.0000000e+00	   4.7200000e+00	   4.3450000e+00	   6.1000000e-01	   2.0000000e+00	   1.0000000e+00	   3.0000000e+00	   1.0000000e+00	   1.5420000e+03	
   1.1000000e+02	   1.1600000e+02	   2.0700000e+02	   7.0000000e+00	   3.0000000e+00	   3.8650000e+00	   4.3450000e+00	   3.0450000e+00	   2.0000000e+00	   1.0000000e+00	   3.0000000e+00	   1.0000000e+00	   9.9300000e+02	
   1.0700000e+02	   1.1100000e+02	   2.0500000e+02	   6.0000000e+00	   5.0000000e+00	   3.7600000e+00	   4.8900000e+00	   2.5000000e+00	   2.0000000e+00	   1.0000000e+00	   3.0000000e+00	   1.0000000e+00	   8.2900000e+02	
   1.0600000e+02	   2.1000000e+02	   1.0800000e+02	   2.0000000e+00	   2.0000000e+00	   3.9600000e+00	   4.2900000e+00	   6.0000000e-02	   3.0000000e+00	   1.0000000e+00	   2.0000000e+00	   1.0000000e+00	   2.3730000e+03	
   1.1000000e+02	   2.0800000e+02	   3.1100000e+02	   1.4000000e+01	   3.0000000e+00	   3.8650000e+00	   4.3000000e+00	   7.5000000e-02	   1.0000000e+00	   2.0000000e+00	   3.0000000e+00	   2.0000000e+00	   2.8410000e+03	
   1.0700000e+02	   1.1600000e+02	   3.0400000e+02	   9.0000000e+00	   4.0000000e+00	   3.7600000e+00	   4.3450000e+00	   9.7000000e-01	   1.0000000e+00	   2.0000000e+00	   3.0000000e+00	   2.0000000e+00	   1.3180000e+03	
   1.0700000e+02	   1.1300000e+02	   2.1500000e+02	   8.0000000e+00	   4.0000000e+00	   3.7600000e+00	   4.5800000e+00	   2.7750000e+00	   3.0000000e+00	   2.0000000e+00	   1.0000000e+00	   2.0000000e+00	   1.2210000e+03	
   1.0100000e+02	   2.0900000e+02	   2.1500000e+02	   8.0000000e+00	   1.0000000e+00	   3.8500000e+00	   3.7600000e+00	   2.7750000e+00	   2.0000000e+00	   1.0000000e+00	   3.0000000e+00	   2.0000000e+00	   2.2790000e+03	
   1.0900000e+02	   2.1400000e+02	   1.0300000e+02	   1.0000000e+00	   5.0000000e+00	   3.7100000e+00	   4.6500000e+00	   3.5200000e+00	   3.0000000e+00	   2.0000000e+00	   1.0000000e+00	   2.0000000e+00	   3.5770000e+03	
   1.1100000e+02	   2.0800000e+02	   1.1500000e+02	   4.0000000e+00	   4.0000000e+00	   4.8900000e+00	   4.3000000e+00	   3.6150000e+00	   1.0000000e+00	   3.0000000e+00	   2.0000000e+00	   1.0000000e+00	   8.7200000e+02	
   1.0700000e+02	   1.1000000e+02	   3.0400000e+02	   9.0000000e+00	   1.0000000e+00	   3.7600000e+00	   3.8650000e+00	   9.7000000e-01	   1.0000000e+00	   2.0000000e+00	   3.0000000e+00	   2.0000000e+00	   1.7030000e+03	
   1.0400000e+02	   1.0900000e+02	   2.0700000e+02	   7.0000000e+00	   5.0000000e+00	   4.7200000e+00	   3.7100000e+00	   3.0450000e+00	   2.0000000e+00	   3.0000000e+00	   1.0000000e+00	   2.0000000e+00	   1.6610000e+03	
   1.1300000e+02	   2.1000000e+02	   3.0400000e+02	   9.0000000e+00	   2.0000000e+00	   4.5800000e+00	   4.2900000e+00	   9.7000000e-01	   1.0000000e+00	   3.0000000e+00	   2.0000000e+00	   3.0000000e+00	   9.7000000e+02	
   1.0600000e+02	   2.1400000e+02	   3.1300000e+02	   1.5000000e+01	   4.0000000e+00	   3.9600000e+00	   4.6500000e+00	   3.0150000e+00	   2.0000000e+00	   1.0000000e+00	   3.0000000e+00	   1.0000000e+00	   1.2560000e+03	
   2.0900000e+02	   2.1000000e+02	   2.0100000e+02	   5.0000000e+00	   3.0000000e+00	   3.7600000e+00	   4.2900000e+00	   2.5850000e+00	   1.0000000e+00	   2.0000000e+00	   3.0000000e+00	   2.0000000e+00	   7.3600000e+02	
   1.0600000e+02	   1.1100000e+02	   1.0300000e+02	   1.0000000e+00	   5.0000000e+00	   3.9600000e+00	   4.8900000e+00	   3.5200000e+00	   1.0000000e+00	   3.0000000e+00	   2.0000000e+00	   3.0000000e+00	   7.8400000e+02	
   1.1300000e+02	   2.1400000e+02	   3.0400000e+02	   9.0000000e+00	   1.0000000e+00	   4.5800000e+00	   4.6500000e+00	   9.7000000e-01	   3.0000000e+00	   1.0000000e+00	   2.0000000e+00	   3.0000000e+00	   8.2400000e+02	
   1.0400000e+02	   2.0800000e+02	   2.0100000e+02	   5.0000000e+00	   3.0000000e+00	   4.7200000e+00	   4.3000000e+00	   2.5850000e+00	   3.0000000e+00	   1.0000000e+00	   2.0000000e+00	   1.0000000e+00	   1.3790000e+03	
   1.1100000e+02	   2.0600000e+02	   3.0800000e+02	   1.1000000e+01	   1.0000000e+00	   4.8900000e+00	   4.8550000e+00	   6.1000000e-01	   3.0000000e+00	   1.0000000e+00	   2.0000000e+00	   1.0000000e+00	   1.2860000e+03	
   1.0200000e+02	   2.0900000e+02	   2.1500000e+02	   8.0000000e+00	   4.0000000e+00	   4.4800000e+00	   3.7600000e+00	   2.7750000e+00	   2.0000000e+00	   3.0000000e+00	   1.0000000e+00	   2.0000000e+00	   1.0680000e+03	
   1.0600000e+02	   1.1300000e+02	   3.1000000e+02	   1.3000000e+01	   4.0000000e+00	   3.9600000e+00	   4.5800000e+00	   1.0650000e+00	   1.0000000e+00	   2.0000000e+00	   3.0000000e+00	   2.0000000e+00	   1.2700000e+03	
   1.1100000e+02	   1.1300000e+02	   3.1300000e+02	   1.5000000e+01	   2.0000000e+00	   4.8900000e+00	   4.5800000e+00	   3.0150000e+00	   2.0000000e+00	   1.0000000e+00	   3.0000000e+00	   2.0000000e+00	   1.3000000e+03	
   1.0400000e+02	   2.1000000e+02	   3.0400000e+02	   9.0000000e+00	   3.0000000e+00	   4.7200000e+00	   4.2900000e+00	   9.7000000e-01	   3.0000000e+00	   1.0000000e+00	   2.0000000e+00	   1.0000000e+00	   8.3800000e+02	
   1.0100000e+02	   1.1600000e+02	   3.1100000e+02	   1.4000000e+01	   3.0000000e+00	   3.8500000e+00	   4.3450000e+00	   7.5000000e-02	   1.0000000e+00	   3.0000000e+00	   2.0000000e+00	   3.0000000e+00	   1.5720000e+03	
   1.0200000e+02	   1.0700000e+02	   1.0800000e+02	   2.0000000e+00	   4.0000000e+00	   4.4800000e+00	   3.7600000e+00	   6.0000000e-02	   1.0000000e+00	   3.0000000e+00	   2.0000000e+00	   1.0000000e+00	   1.4530000e+03	
   1.0900000e+02	   1.1300000e+02	   3.1300000e+02	   1.5000000e+01	   5.0000000e+00	   3.7100000e+00	   4.5800000e+00	   3.0150000e+00	   3.0000000e+00	   2.0000000e+00	   1.0000000e+00	   2.0000000e+00	   1.1330000e+03	
   1.0200000e+02	   1.1100000e+02	   3.1300000e+02	   1.5000000e+01	   3.0000000e+00	   4.4800000e+00	   4.8900000e+00	   3.0150000e+00	   1.0000000e+00	   3.0000000e+00	   2.0000000e+00	   3.0000000e+00	   8.8300000e+02	
   1.1300000e+02	   2.0900000e+02	   2.1500000e+02	   8.0000000e+00	   4.0000000e+00	   4.5800000e+00	   3.7600000e+00	   2.7750000e+00	   1.0000000e+00	   2.0000000e+00	   3.0000000e+00	   1.0000000e+00	   9.4400000e+02	
   1.0100000e+02	   1.1600000e+02	   3.0800000e+02	   1.1000000e+01	   3.0000000e+00	   3.8500000e+00	   4.3450000e+00	   6.1000000e-01	   1.0000000e+00	   3.0000000e+00	   2.0000000e+00	   3.0000000e+00	   1.5560000e+03	
   2.0800000e+02	   2.1000000e+02	   3.0700000e+02	   1.0000000e+01	   1.0000000e+00	   4.3000000e+00	   4.2900000e+00	   3.2500000e-01	   2.0000000e+00	   3.0000000e+00	   1.0000000e+00	   3.0000000e+00	   9.2100000e+02	
   1.1000000e+02	   2.0800000e+02	   3.1000000e+02	   1.3000000e+01	   3.0000000e+00	   3.8650000e+00	   4.3000000e+00	   1.0650000e+00	   3.0000000e+00	   2.0000000e+00	   1.0000000e+00	   2.0000000e+00	   1.1820000e+03	
   1.0600000e+02	   1.1600000e+02	   1.0300000e+02	   1.0000000e+00	   3.0000000e+00	   3.9600000e+00	   4.3450000e+00	   3.5200000e+00	   3.0000000e+00	   2.0000000e+00	   1.0000000e+00	   2.0000000e+00	   1.2200000e+03	
   1.0100000e+02	   2.0800000e+02	   1.1200000e+02	   3.0000000e+00	   3.0000000e+00	   3.8500000e+00	   4.3000000e+00	   1.7450000e+00	   2.0000000e+00	   3.0000000e+00	   1.0000000e+00	   3.0000000e+00	   2.7890000e+03	
   1.0200000e+02	   2.1400000e+02	   1.0300000e+02	   1.0000000e+00	   2.0000000e+00	   4.4800000e+00	   4.6500000e+00	   3.5200000e+00	   2.0000000e+00	   3.0000000e+00	   1.0000000e+00	   2.0000000e+00	   9.5600000e+02	
   1.0100000e+02	   1.1600000e+02	   1.1200000e+02	   3.0000000e+00	   3.0000000e+00	   3.8500000e+00	   4.3450000e+00	   1.7450000e+00	   1.0000000e+00	   2.0000000e+00	   3.0000000e+00	   2.0000000e+00	   1.0900000e+03	
   1.0700000e+02	   1.1000000e+02	   3.1100000e+02	   1.4000000e+01	   1.0000000e+00	   3.7600000e+00	   3.8650000e+00	   7.5000000e-02	   2.0000000e+00	   3.0000000e+00	   1.0000000e+00	   3.0000000e+00	   2.8150000e+03	
   1.0100000e+02	   1.1100000e+02	   3.1300000e+02	   1.5000000e+01	   5.0000000e+00	   3.8500000e+00	   4.8900000e+00	   3.0150000e+00	   1.0000000e+00	   2.0000000e+00	   3.0000000e+00	   2.0000000e+00	   8.5100000e+02	
   1.0700000e+02	   2.1400000e+02	   3.0700000e+02	   1.0000000e+01	   5.0000000e+00	   3.7600000e+00	   4.6500000e+00	   3.2500000e-01	   3.0000000e+00	   2.0000000e+00	   1.0000000e+00	   2.0000000e+00	   1.3460000e+03	
   1.1300000e+02	   2.0800000e+02	   3.1300000e+02	   1.5000000e+01	   2.0000000e+00	   4.5800000e+00	   4.3000000e+00	   3.0150000e+00	   3.0000000e+00	   2.0000000e+00	   1.0000000e+00	   3.0000000e+00	   3.4020000e+03	
   1.0900000e+02	   2.1400000e+02	   3.0900000e+02	   1.2000000e+01	   5.0000000e+00	   3.7100000e+00	   4.6500000e+00	   2.8750000e+00	   3.0000000e+00	   2.0000000e+00	   1.0000000e+00	   2.0000000e+00	   1.6400000e+03	
   2.0800000e+02	   2.0900000e+02	   3.1300000e+02	   1.5000000e+01	   3.0000000e+00	   4.3000000e+00	   3.7600000e+00	   3.0150000e+00	   2.0000000e+00	   3.0000000e+00	   1.0000000e+00	   2.0000000e+00	   1.2720000e+03	
   1.1100000e+02	   2.0600000e+02	   3.0700000e+02	   1.0000000e+01	   1.0000000e+00	   4.8900000e+00	   4.8550000e+00	   3.2500000e-01	   2.0000000e+00	   3.0000000e+00	   1.0000000e+00	   3.0000000e+00	   4.9820000e+03	
   1.0700000e+02	   1.1300000e+02	   2.0500000e+02	   6.0000000e+00	   4.0000000e+00	   3.7600000e+00	   4.5800000e+00	   2.5000000e+00	   1.0000000e+00	   2.0000000e+00	   3.0000000e+00	   2.0000000e+00	   3.2560000e+03	
   2.0800000e+02	   2.1000000e+02	   3.0800000e+02	   1.1000000e+01	   1.0000000e+00	   4.3000000e+00	   4.2900000e+00	   6.1000000e-01	   2.0000000e+00	   1.0000000e+00	   3.0000000e+00	   1.0000000e+00	   1.6440000e+03	
   1.0600000e+02	   1.1000000e+02	   1.1500000e+02	   4.0000000e+00	   1.0000000e+00	   3.9600000e+00	   3.8650000e+00	   3.6150000e+00	   3.0000000e+00	   1.0000000e+00	   2.0000000e+00	   1.0000000e+00	   1.4850000e+03	
   1.1000000e+02	   2.0800000e+02	   3.0400000e+02	   9.0000000e+00	   3.0000000e+00	   3.8650000e+00	   4.3000000e+00	   9.7000000e-01	   3.0000000e+00	   2.0000000e+00	   1.0000000e+00	   2.0000000e+00	   1.5800000e+03	
   1.1100000e+02	   2.0900000e+02	   3.1000000e+02	   1.3000000e+01	   5.0000000e+00	   4.8900000e+00	   3.7600000e+00	   1.0650000e+00	   2.0000000e+00	   3.0000000e+00	   1.0000000e+00	   2.0000000e+00	   1.2470000e+03	
   1.0200000e+02	   2.0800000e+02	   3.0400000e+02	   9.0000000e+00	   2.0000000e+00	   4.4800000e+00	   4.3000000e+00	   9.7000000e-01	   3.0000000e+00	   2.0000000e+00	   1.0000000e+00	   3.0000000e+00	   2.5850000e+03	
   1.1000000e+02	   2.0600000e+02	   3.0400000e+02	   9.0000000e+00	   5.0000000e+00	   3.8650000e+00	   4.8550000e+00	   9.7000000e-01	   2.0000000e+00	   3.0000000e+00	   1.0000000e+00	   3.0000000e+00	   1.4180000e+03	
   1.0600000e+02	   2.0800000e+02	   3.1100000e+02	   1.4000000e+01	   2.0000000e+00	   3.9600000e+00	   4.3000000e+00	   7.5000000e-02	   2.0000000e+00	   1.0000000e+00	   3.0000000e+00	   1.0000000e+00	   2.5020000e+03	
   1.1100000e+02	   2.0900000e+02	   3.0900000e+02	   1.2000000e+01	   5.0000000e+00	   4.8900000e+00	   3.7600000e+00	   2.8750000e+00	   3.0000000e+00	   2.0000000e+00	   1.0000000e+00	   3.0000000e+00	   7.6100000e+02	
   2.1000000e+02	   2.1400000e+02	   3.1000000e+02	   1.3000000e+01	   2.0000000e+00	   4.2900000e+00	   4.6500000e+00	   1.0650000e+00	   1.0000000e+00	   3.0000000e+00	   2.0000000e+00	   1.0000000e+00	   7.2200000e+02	
   1.1100000e+02	   2.0600000e+02	   3.1100000e+02	   1.4000000e+01	   1.0000000e+00	   4.8900000e+00	   4.8550000e+00	   7.5000000e-02	   1.0000000e+00	   2.0000000e+00	   3.0000000e+00	   2.0000000e+00	   4.0550000e+03	
   1.0100000e+02	   1.0200000e+02	   1.1200000e+02	   3.0000000e+00	   4.0000000e+00	   3.8500000e+00	   4.4800000e+00	   1.7450000e+00	   2.0000000e+00	   1.0000000e+00	   3.0000000e+00	   1.0000000e+00	   2.1760000e+03	
   1.0200000e+02	   2.1400000e+02	   2.0100000e+02	   5.0000000e+00	   2.0000000e+00	   4.4800000e+00	   4.6500000e+00	   2.5850000e+00	   1.0000000e+00	   3.0000000e+00	   2.0000000e+00	   1.0000000e+00	   1.3120000e+03	
   1.0900000e+02	   1.1100000e+02	   3.1300000e+02	   1.5000000e+01	   5.0000000e+00	   3.7100000e+00	   4.8900000e+00	   3.0150000e+00	   2.0000000e+00	   1.0000000e+00	   3.0000000e+00	   1.0000000e+00	   1.0390000e+03	
   1.0900000e+02	   1.1600000e+02	   2.0100000e+02	   5.0000000e+00	   4.0000000e+00	   3.7100000e+00	   4.3450000e+00	   2.5850000e+00	   1.0000000e+00	   3.0000000e+00	   2.0000000e+00	   3.0000000e+00	   1.3670000e+03	
   1.0700000e+02	   1.0900000e+02	   1.1500000e+02	   4.0000000e+00	   1.0000000e+00	   3.7600000e+00	   3.7100000e+00	   3.6150000e+00	   1.0000000e+00	   3.0000000e+00	   2.0000000e+00	   1.0000000e+00	   3.1630000e+03	
   1.1100000e+02	   2.0600000e+02	   3.1300000e+02	   1.5000000e+01	   1.0000000e+00	   4.8900000e+00	   4.8550000e+00	   3.0150000e+00	   1.0000000e+00	   2.0000000e+00	   3.0000000e+00	   2.0000000e+00	   8.3120000e+03	
   1.1600000e+02	   2.1000000e+02	   3.0900000e+02	   1.2000000e+01	   1.0000000e+00	   4.3450000e+00	   4.2900000e+00	   2.8750000e+00	   1.0000000e+00	   3.0000000e+00	   2.0000000e+00	   3.0000000e+00	   6.8100000e+02	
   1.0200000e+02	   2.0800000e+02	   3.1100000e+02	   1.4000000e+01	   2.0000000e+00	   4.4800000e+00	   4.3000000e+00	   7.5000000e-02	   2.0000000e+00	   3.0000000e+00	   1.0000000e+00	   2.0000000e+00	   1.1900000e+03	
   1.0400000e+02	   2.0800000e+02	   3.0700000e+02	   1.0000000e+01	   3.0000000e+00	   4.7200000e+00	   4.3000000e+00	   3.2500000e-01	   3.0000000e+00	   2.0000000e+00	   1.0000000e+00	   2.0000000e+00	   1.7160000e+03	
   1.1000000e+02	   2.0900000e+02	   3.1000000e+02	   1.3000000e+01	   1.0000000e+00	   3.8650000e+00	   3.7600000e+00	   1.0650000e+00	   1.0000000e+00	   3.0000000e+00	   2.0000000e+00	   1.0000000e+00	   1.1410000e+03	
   1.0700000e+02	   2.1000000e+02	   1.0800000e+02	   2.0000000e+00	   3.0000000e+00	   3.7600000e+00	   4.2900000e+00	   6.0000000e-02	   2.0000000e+00	   1.0000000e+00	   3.0000000e+00	   1.0000000e+00	   6.5200000e+02	
   1.0100000e+02	   1.1300000e+02	   1.0800000e+02	   2.0000000e+00	   4.0000000e+00	   3.8500000e+00	   4.5800000e+00	   6.0000000e-02	   1.0000000e+00	   3.0000000e+00	   2.0000000e+00	   3.0000000e+00	   2.6480000e+03	
   2.0900000e+02	   2.1400000e+02	   3.0900000e+02	   1.2000000e+01	   5.0000000e+00	   3.7600000e+00	   4.6500000e+00	   2.8750000e+00	   1.0000000e+00	   3.0000000e+00	   2.0000000e+00	   3.0000000e+00	   1.4230000e+03	
   1.1000000e+02	   1.1300000e+02	   1.0800000e+02	   2.0000000e+00	   4.0000000e+00	   3.8650000e+00	   4.5800000e+00	   6.0000000e-02	   2.0000000e+00	   1.0000000e+00	   3.0000000e+00	   1.0000000e+00	   1.4290000e+03	
   2.0900000e+02	   2.1400000e+02	   3.1000000e+02	   1.3000000e+01	   5.0000000e+00	   3.7600000e+00	   4.6500000e+00	   1.0650000e+00	   3.0000000e+00	   2.0000000e+00	   1.0000000e+00	   2.0000000e+00	   1.2170000e+03	
   1.0100000e+02	   2.1400000e+02	   3.0400000e+02	   9.0000000e+00	   4.0000000e+00	   3.8500000e+00	   4.6500000e+00	   9.7000000e-01	   2.0000000e+00	   3.0000000e+00	   1.0000000e+00	   3.0000000e+00	   1.2150000e+03	
   1.0400000e+02	   1.1100000e+02	   3.1100000e+02	   1.4000000e+01	   2.0000000e+00	   4.7200000e+00	   4.8900000e+00	   7.5000000e-02	   1.0000000e+00	   2.0000000e+00	   3.0000000e+00	   2.0000000e+00	   8.2400000e+02	
   1.1600000e+02	   2.0800000e+02	   3.0400000e+02	   9.0000000e+00	   1.0000000e+00	   4.3450000e+00	   4.3000000e+00	   9.7000000e-01	   3.0000000e+00	   1.0000000e+00	   2.0000000e+00	   1.0000000e+00	   1.0960000e+03	
   1.1000000e+02	   2.1000000e+02	   3.0900000e+02	   1.2000000e+01	   3.0000000e+00	   3.8650000e+00	   4.2900000e+00	   2.8750000e+00	   2.0000000e+00	   3.0000000e+00	   1.0000000e+00	   3.0000000e+00	   6.2100000e+02	
   2.0600000e+02	   2.1000000e+02	   2.0700000e+02	   7.0000000e+00	   3.0000000e+00	   4.8550000e+00	   4.2900000e+00	   3.0450000e+00	   1.0000000e+00	   3.0000000e+00	   2.0000000e+00	   3.0000000e+00	   7.9900000e+02	
   1.0700000e+02	   2.0800000e+02	   1.1500000e+02	   4.0000000e+00	   3.0000000e+00	   3.7600000e+00	   4.3000000e+00	   3.6150000e+00	   3.0000000e+00	   2.0000000e+00	   1.0000000e+00	   2.0000000e+00	   1.8140000e+03	
   2.0600000e+02	   2.0900000e+02	   2.0500000e+02	   6.0000000e+00	   5.0000000e+00	   4.8550000e+00	   3.7600000e+00	   2.5000000e+00	   2.0000000e+00	   1.0000000e+00	   3.0000000e+00	   2.0000000e+00	   1.8530000e+03	
   1.0200000e+02	   1.1000000e+02	   1.1500000e+02	   4.0000000e+00	   4.0000000e+00	   4.4800000e+00	   3.8650000e+00	   3.6150000e+00	   1.0000000e+00	   2.0000000e+00	   3.0000000e+00	   1.0000000e+00	   1.2910000e+03	
   1.1300000e+02	   2.0800000e+02	   2.1500000e+02	   8.0000000e+00	   2.0000000e+00	   4.5800000e+00	   4.3000000e+00	   2.7750000e+00	   1.0000000e+00	   2.0000000e+00	   3.0000000e+00	   1.0000000e+00	   9.6800000e+02	
   1.0400000e+02	   1.0600000e+02	   3.1100000e+02	   1.4000000e+01	   4.0000000e+00	   4.7200000e+00	   3.9600000e+00	   7.5000000e-02	   3.0000000e+00	   2.0000000e+00	   1.0000000e+00	   3.0000000e+00	   1.3400000e+03	
   2.0600000e+02	   2.1000000e+02	   3.1300000e+02	   1.5000000e+01	   3.0000000e+00	   4.8550000e+00	   4.2900000e+00	   3.0150000e+00	   2.0000000e+00	   3.0000000e+00	   1.0000000e+00	   3.0000000e+00	   7.2200000e+02	
   1.0600000e+02	   2.0900000e+02	   3.0700000e+02	   1.0000000e+01	   2.0000000e+00	   3.9600000e+00	   3.7600000e+00	   3.2500000e-01	   2.0000000e+00	   1.0000000e+00	   3.0000000e+00	   2.0000000e+00	   1.0790000e+03	
   1.0400000e+02	   1.1300000e+02	   3.1300000e+02	   1.5000000e+01	   1.0000000e+00	   4.7200000e+00	   4.5800000e+00	   3.0150000e+00	   2.0000000e+00	   3.0000000e+00	   1.0000000e+00	   3.0000000e+00	   6.9100000e+02	
   1.0400000e+02	   1.1000000e+02	   3.0400000e+02	   9.0000000e+00	   5.0000000e+00	   4.7200000e+00	   3.8650000e+00	   9.7000000e-01	   2.0000000e+00	   1.0000000e+00	   3.0000000e+00	   2.0000000e+00	   1.2700000e+03	
   1.0900000e+02	   2.0800000e+02	   3.1300000e+02	   1.5000000e+01	   4.0000000e+00	   3.7100000e+00	   4.3000000e+00	   3.0150000e+00	   1.0000000e+00	   2.0000000e+00	   3.0000000e+00	   2.0000000e+00	   1.6250000e+03	
   1.0400000e+02	   1.1600000e+02	   3.0900000e+02	   1.2000000e+01	   3.0000000e+00	   4.7200000e+00	   4.3450000e+00	   2.8750000e+00	   3.0000000e+00	   2.0000000e+00	   1.0000000e+00	   2.0000000e+00	   1.0220000e+03	
   1.0400000e+02	   1.1000000e+02	   3.1300000e+02	   1.5000000e+01	   5.0000000e+00	   4.7200000e+00	   3.8650000e+00	   3.0150000e+00	   1.0000000e+00	   2.0000000e+00	   3.0000000e+00	   1.0000000e+00	   2.3850000e+03	
   1.0100000e+02	   2.0900000e+02	   1.0800000e+02	   2.0000000e+00	   1.0000000e+00	   3.8500000e+00	   3.7600000e+00	   6.0000000e-02	   1.0000000e+00	   3.0000000e+00	   2.0000000e+00	   1.0000000e+00	   1.2220000e+03	
   1.0200000e+02	   1.1300000e+02	   3.1300000e+02	   1.5000000e+01	   1.0000000e+00	   4.4800000e+00	   4.5800000e+00	   3.0150000e+00	   3.0000000e+00	   1.0000000e+00	   2.0000000e+00	   1.0000000e+00	   9.1400000e+02	
   1.1000000e+02	   2.0800000e+02	   1.0300000e+02	   1.0000000e+00	   3.0000000e+00	   3.8650000e+00	   4.3000000e+00	   3.5200000e+00	   3.0000000e+00	   2.0000000e+00	   1.0000000e+00	   2.0000000e+00	   2.1100000e+03	
   1.0200000e+02	   1.0400000e+02	   2.0100000e+02	   5.0000000e+00	   2.0000000e+00	   4.4800000e+00	   4.7200000e+00	   2.5850000e+00	   2.0000000e+00	   3.0000000e+00	   1.0000000e+00	   3.0000000e+00	   1.0570000e+03	
   1.0100000e+02	   2.1400000e+02	   1.1500000e+02	   4.0000000e+00	   4.0000000e+00	   3.8500000e+00	   4.6500000e+00	   3.6150000e+00	   3.0000000e+00	   2.0000000e+00	   1.0000000e+00	   3.0000000e+00	   1.3680000e+03	
   1.0100000e+02	   2.0900000e+02	   1.1200000e+02	   3.0000000e+00	   1.0000000e+00	   3.8500000e+00	   3.7600000e+00	   1.7450000e+00	   2.0000000e+00	   3.0000000e+00	   1.0000000e+00	   2.0000000e+00	   2.2180000e+03	
   1.1300000e+02	   2.0900000e+02	   3.0800000e+02	   1.1000000e+01	   4.0000000e+00	   4.5800000e+00	   3.7600000e+00	   6.1000000e-01	   2.0000000e+00	   3.0000000e+00	   1.0000000e+00	   2.0000000e+00	   9.0300000e+02	
   2.1000000e+02	   2.1400000e+02	   1.1500000e+02	   4.0000000e+00	   2.0000000e+00	   4.2900000e+00	   4.6500000e+00	   3.6150000e+00	   3.0000000e+00	   2.0000000e+00	   1.0000000e+00	   3.0000000e+00	   6.9300000e+02	
   1.0200000e+02	   1.1600000e+02	   1.1500000e+02	   4.0000000e+00	   1.0000000e+00	   4.4800000e+00	   4.3450000e+00	   3.6150000e+00	   2.0000000e+00	   3.0000000e+00	   1.0000000e+00	   3.0000000e+00	   1.2620000e+03	
   1.0600000e+02	   1.1300000e+02	   2.0500000e+02	   6.0000000e+00	   4.0000000e+00	   3.9600000e+00	   4.5800000e+00	   2.5000000e+00	   2.0000000e+00	   1.0000000e+00	   3.0000000e+00	   1.0000000e+00	   9.7100000e+02	
   1.0700000e+02	   1.1600000e+02	   1.0300000e+02	   1.0000000e+00	   4.0000000e+00	   3.7600000e+00	   4.3450000e+00	   3.5200000e+00	   3.0000000e+00	   1.0000000e+00	   2.0000000e+00	   1.0000000e+00	   1.2840000e+03	
   1.0100000e+02	   1.1100000e+02	   2.0700000e+02	   7.0000000e+00	   5.0000000e+00	   3.8500000e+00	   4.8900000e+00	   3.0450000e+00	   3.0000000e+00	   1.0000000e+00	   2.0000000e+00	   1.0000000e+00	   8.8700000e+02	
   1.1600000e+02	   2.0900000e+02	   2.0500000e+02	   6.0000000e+00	   4.0000000e+00	   4.3450000e+00	   3.7600000e+00	   2.5000000e+00	   2.0000000e+00	   3.0000000e+00	   1.0000000e+00	   2.0000000e+00	   9.6900000e+02	
   1.0600000e+02	   1.0700000e+02	   3.1000000e+02	   1.3000000e+01	   2.0000000e+00	   3.9600000e+00	   3.7600000e+00	   1.0650000e+00	   2.0000000e+00	   1.0000000e+00	   3.0000000e+00	   2.0000000e+00	   1.4840000e+03	
   1.0100000e+02	   1.1000000e+02	   2.1500000e+02	   8.0000000e+00	   1.0000000e+00	   3.8500000e+00	   3.8650000e+00	   2.7750000e+00	   1.0000000e+00	   3.0000000e+00	   2.0000000e+00	   1.0000000e+00	   1.1490000e+03	
   1.0600000e+02	   1.1600000e+02	   3.0400000e+02	   9.0000000e+00	   3.0000000e+00	   3.9600000e+00	   4.3450000e+00	   9.7000000e-01	   2.0000000e+00	   1.0000000e+00	   3.0000000e+00	   1.0000000e+00	   1.0310000e+03	
   1.0100000e+02	   1.1000000e+02	   3.1100000e+02	   1.4000000e+01	   1.0000000e+00	   3.8500000e+00	   3.8650000e+00	   7.5000000e-02	   2.0000000e+00	   1.0000000e+00	   3.0000000e+00	   1.0000000e+00	   2.0180000e+03	
   1.1300000e+02	   2.1000000e+02	   3.1300000e+02	   1.5000000e+01	   2.0000000e+00	   4.5800000e+00	   4.2900000e+00	   3.0150000e+00	   3.0000000e+00	   2.0000000e+00	   1.0000000e+00	   2.0000000e+00	   6.9200000e+02	
   1.0200000e+02	   1.0600000e+02	   3.0800000e+02	   1.1000000e+01	   3.0000000e+00	   4.4800000e+00	   3.9600000e+00	   6.1000000e-01	   2.0000000e+00	   3.0000000e+00	   1.0000000e+00	   2.0000000e+00	   8.9800000e+02	
   1.1600000e+02	   2.0800000e+02	   3.0900000e+02	   1.2000000e+01	   1.0000000e+00	   4.3450000e+00	   4.3000000e+00	   2.8750000e+00	   3.0000000e+00	   2.0000000e+00	   1.0000000e+00	   3.0000000e+00	   4.0770000e+03	
   1.0400000e+02	   1.1000000e+02	   1.1500000e+02	   4.0000000e+00	   5.0000000e+00	   4.7200000e+00	   3.8650000e+00	   3.6150000e+00	   1.0000000e+00	   2.0000000e+00	   3.0000000e+00	   1.0000000e+00	   1.9920000e+03	
   1.0200000e+02	   1.1000000e+02	   3.0800000e+02	   1.1000000e+01	   4.0000000e+00	   4.4800000e+00	   3.8650000e+00	   6.1000000e-01	   1.0000000e+00	   2.0000000e+00	   3.0000000e+00	   1.0000000e+00	   1.3420000e+03	
   2.0600000e+02	   2.0800000e+02	   2.0500000e+02	   6.0000000e+00	   3.0000000e+00	   4.8550000e+00	   4.3000000e+00	   2.5000000e+00	   1.0000000e+00	   3.0000000e+00	   2.0000000e+00	   1.0000000e+00	   1.7730000e+03	
   1.0600000e+02	   1.1300000e+02	   3.0800000e+02	   1.1000000e+01	   4.0000000e+00	   3.9600000e+00	   4.5800000e+00	   6.1000000e-01	   2.0000000e+00	   3.0000000e+00	   1.0000000e+00	   3.0000000e+00	   8.2600000e+02	
   1.0400000e+02	   1.0700000e+02	   3.0400000e+02	   9.0000000e+00	   5.0000000e+00	   4.7200000e+00	   3.7600000e+00	   9.7000000e-01	   1.0000000e+00	   2.0000000e+00	   3.0000000e+00	   1.0000000e+00	   1.3350000e+03	
   1.0400000e+02	   2.0800000e+02	   2.0500000e+02	   6.0000000e+00	   3.0000000e+00	   4.7200000e+00	   4.3000000e+00	   2.5000000e+00	   2.0000000e+00	   1.0000000e+00	   3.0000000e+00	   1.0000000e+00	   9.1800000e+02	
   1.1000000e+02	   2.0600000e+02	   1.0300000e+02	   1.0000000e+00	   5.0000000e+00	   3.8650000e+00	   4.8550000e+00	   3.5200000e+00	   3.0000000e+00	   2.0000000e+00	   1.0000000e+00	   2.0000000e+00	   1.0380000e+03	
   1.0600000e+02	   2.1400000e+02	   2.0100000e+02	   5.0000000e+00	   4.0000000e+00	   3.9600000e+00	   4.6500000e+00	   2.5850000e+00	   2.0000000e+00	   1.0000000e+00	   3.0000000e+00	   1.0000000e+00	   3.2110000e+03	
   1.0100000e+02	   2.0600000e+02	   2.1500000e+02	   8.0000000e+00	   5.0000000e+00	   3.8500000e+00	   4.8550000e+00	   2.7750000e+00	   2.0000000e+00	   3.0000000e+00	   1.0000000e+00	   3.0000000e+00	   1.2180000e+03	
   1.0700000e+02	   2.1000000e+02	   1.1200000e+02	   3.0000000e+00	   3.0000000e+00	   3.7600000e+00	   4.2900000e+00	   1.7450000e+00	   1.0000000e+00	   3.0000000e+00	   2.0000000e+00	   3.0000000e+00	   8.1600000e+02	
   1.0100000e+02	   1.1100000e+02	   3.1000000e+02	   1.3000000e+01	   5.0000000e+00	   3.8500000e+00	   4.8900000e+00	   1.0650000e+00	   1.0000000e+00	   2.0000000e+00	   3.0000000e+00	   2.0000000e+00	   1.3030000e+03	
   1.0100000e+02	   1.0600000e+02	   1.0800000e+02	   2.0000000e+00	   1.0000000e+00	   3.8500000e+00	   3.9600000e+00	   6.0000000e-02	   2.0000000e+00	   1.0000000e+00	   3.0000000e+00	   2.0000000e+00	   1.8950000e+03	
   1.0600000e+02	   1.0700000e+02	   3.1300000e+02	   1.5000000e+01	   2.0000000e+00	   3.9600000e+00	   3.7600000e+00	   3.0150000e+00	   1.0000000e+00	   3.0000000e+00	   2.0000000e+00	   1.0000000e+00	   1.2190000e+03	
   1.0200000e+02	   2.0600000e+02	   2.0700000e+02	   7.0000000e+00	   2.0000000e+00	   4.4800000e+00	   4.8550000e+00	   3.0450000e+00	   1.0000000e+00	   2.0000000e+00	   3.0000000e+00	   1.0000000e+00	   8.6500000e+02	
   1.1300000e+02	   2.1000000e+02	   3.1000000e+02	   1.3000000e+01	   2.0000000e+00	   4.5800000e+00	   4.2900000e+00	   1.0650000e+00	   3.0000000e+00	   1.0000000e+00	   2.0000000e+00	   1.0000000e+00	   6.5700000e+02	
   1.0100000e+02	   2.1000000e+02	   1.0300000e+02	   1.0000000e+00	   3.0000000e+00	   3.8500000e+00	   4.2900000e+00	   3.5200000e+00	   2.0000000e+00	   1.0000000e+00	   3.0000000e+00	   1.0000000e+00	   9.9000000e+02	
   1.0400000e+02	   1.1600000e+02	   3.1000000e+02	   1.3000000e+01	   3.0000000e+00	   4.7200000e+00	   4.3450000e+00	   1.0650000e+00	   3.0000000e+00	   1.0000000e+00	   2.0000000e+00	   1.0000000e+00	   1.1020000e+03	
   1.0900000e+02	   2.0600000e+02	   3.1100000e+02	   1.4000000e+01	   5.0000000e+00	   3.7100000e+00	   4.8550000e+00	   7.5000000e-02	   2.0000000e+00	   1.0000000e+00	   3.0000000e+00	   1.0000000e+00	   1.4720000e+03	
   1.0200000e+02	   2.1000000e+02	   2.0100000e+02	   5.0000000e+00	   2.0000000e+00	   4.4800000e+00	   4.2900000e+00	   2.5850000e+00	   2.0000000e+00	   3.0000000e+00	   1.0000000e+00	   3.0000000e+00	   7.7300000e+02	
   1.0100000e+02	   1.1300000e+02	   3.1300000e+02	   1.5000000e+01	   4.0000000e+00	   3.8500000e+00	   4.5800000e+00	   3.0150000e+00	   2.0000000e+00	   1.0000000e+00	   3.0000000e+00	   1.0000000e+00	   1.1930000e+03	
   1.0900000e+02	   2.0900000e+02	   1.0300000e+02	   1.0000000e+00	   1.0000000e+00	   3.7100000e+00	   3.7600000e+00	   3.5200000e+00	   1.0000000e+00	   3.0000000e+00	   2.0000000e+00	   1.0000000e+00	   1.7350000e+03	
   1.0400000e+02	   2.0600000e+02	   1.0300000e+02	   1.0000000e+00	   1.0000000e+00	   4.7200000e+00	   4.8550000e+00	   3.5200000e+00	   1.0000000e+00	   2.0000000e+00	   3.0000000e+00	   2.0000000e+00	   1.2990000e+03	
   2.0900000e+02	   2.1400000e+02	   2.1500000e+02	   8.0000000e+00	   5.0000000e+00	   3.7600000e+00	   4.6500000e+00	   2.7750000e+00	   3.0000000e+00	   2.0000000e+00	   1.0000000e+00	   2.0000000e+00	   1.3210000e+03	
   1.0200000e+02	   2.1000000e+02	   3.0800000e+02	   1.1000000e+01	   2.0000000e+00	   4.4800000e+00	   4.2900000e+00	   6.1000000e-01	   3.0000000e+00	   2.0000000e+00	   1.0000000e+00	   2.0000000e+00	   6.1600000e+02	
   1.1600000e+02	   2.0600000e+02	   1.1500000e+02	   4.0000000e+00	   3.0000000e+00	   4.3450000e+00	   4.8550000e+00	   3.6150000e+00	   3.0000000e+00	   1.0000000e+00	   2.0000000e+00	   1.0000000e+00	   7.2400000e+02	
   1.0600000e+02	   2.0900000e+02	   1.1200000e+02	   3.0000000e+00	   2.0000000e+00	   3.9600000e+00	   3.7600000e+00	   1.7450000e+00	   1.0000000e+00	   2.0000000e+00	   3.0000000e+00	   1.0000000e+00	   1.5670000e+03	
   1.0900000e+02	   2.1400000e+02	   2.0500000e+02	   6.0000000e+00	   5.0000000e+00	   3.7100000e+00	   4.6500000e+00	   2.5000000e+00	   1.0000000e+00	   2.0000000e+00	   3.0000000e+00	   2.0000000e+00	   1.3570000e+03	
   1.1100000e+02	   1.1300000e+02	   1.0300000e+02	   1.0000000e+00	   2.0000000e+00	   4.8900000e+00	   4.5800000e+00	   3.5200000e+00	   1.0000000e+00	   2.0000000e+00	   3.0000000e+00	   1.0000000e+00	   8.7400000e+02	
   1.0100000e+02	   2.0600000e+02	   3.1100000e+02	   1.4000000e+01	   5.0000000e+00	   3.8500000e+00	   4.8550000e+00	   7.5000000e-02	   2.0000000e+00	   3.0000000e+00	   1.0000000e+00	   3.0000000e+00	   9.1900000e+02	
   1.1100000e+02	   2.1000000e+02	   3.1000000e+02	   1.3000000e+01	   4.0000000e+00	   4.8900000e+00	   4.2900000e+00	   1.0650000e+00	   3.0000000e+00	   1.0000000e+00	   2.0000000e+00	   1.0000000e+00	   6.3100000e+02	
   1.1600000e+02	   2.0900000e+02	   3.0900000e+02	   1.2000000e+01	   4.0000000e+00	   4.3450000e+00	   3.7600000e+00	   2.8750000e+00	   2.0000000e+00	   1.0000000e+00	   3.0000000e+00	   2.0000000e+00	   8.4000000e+02	
   1.0600000e+02	   2.0600000e+02	   3.0700000e+02	   1.0000000e+01	   5.0000000e+00	   3.9600000e+00	   4.8550000e+00	   3.2500000e-01	   2.0000000e+00	   3.0000000e+00	   1.0000000e+00	   3.0000000e+00	   7.5400000e+02	
   1.0400000e+02	   2.0900000e+02	   3.0900000e+02	   1.2000000e+01	   5.0000000e+00	   4.7200000e+00	   3.7600000e+00	   2.8750000e+00	   2.0000000e+00	   3.0000000e+00	   1.0000000e+00	   2.0000000e+00	   1.5930000e+03	
   1.0400000e+02	   2.1400000e+02	   1.0300000e+02	   1.0000000e+00	   1.0000000e+00	   4.7200000e+00	   4.6500000e+00	   3.5200000e+00	   2.0000000e+00	   1.0000000e+00	   3.0000000e+00	   1.0000000e+00	   8.5700000e+02	
   1.1600000e+02	   2.1400000e+02	   3.0700000e+02	   1.0000000e+01	   2.0000000e+00	   4.3450000e+00	   4.6500000e+00	   3.2500000e-01	   1.0000000e+00	   2.0000000e+00	   3.0000000e+00	   1.0000000e+00	   8.6600000e+02	
   1.0900000e+02	   1.1100000e+02	   2.0100000e+02	   5.0000000e+00	   5.0000000e+00	   3.7100000e+00	   4.8900000e+00	   2.5850000e+00	   3.0000000e+00	   2.0000000e+00	   1.0000000e+00	   2.0000000e+00	   7.0100000e+02	
   1.0600000e+02	   2.0900000e+02	   3.0900000e+02	   1.2000000e+01	   2.0000000e+00	   3.9600000e+00	   3.7600000e+00	   2.8750000e+00	   3.0000000e+00	   2.0000000e+00	   1.0000000e+00	   3.0000000e+00	   8.4700000e+02	
   1.1100000e+02	   2.0800000e+02	   3.0400000e+02	   9.0000000e+00	   4.0000000e+00	   4.8900000e+00	   4.3000000e+00	   9.7000000e-01	   3.0000000e+00	   1.0000000e+00	   2.0000000e+00	   3.0000000e+00	   1.0500000e+03	
   1.1300000e+02	   2.0600000e+02	   2.1500000e+02	   8.0000000e+00	   2.0000000e+00	   4.5800000e+00	   4.8550000e+00	   2.7750000e+00	   1.0000000e+00	   2.0000000e+00	   3.0000000e+00	   2.0000000e+00	   1.4720000e+03	
   1.0600000e+02	   1.1000000e+02	   2.0500000e+02	   6.0000000e+00	   1.0000000e+00	   3.9600000e+00	   3.8650000e+00	   2.5000000e+00	   3.0000000e+00	   1.0000000e+00	   2.0000000e+00	   1.0000000e+00	   1.1640000e+03	
   1.0400000e+02	   2.1000000e+02	   1.0800000e+02	   2.0000000e+00	   3.0000000e+00	   4.7200000e+00	   4.2900000e+00	   6.0000000e-02	   3.0000000e+00	   2.0000000e+00	   1.0000000e+00	   2.0000000e+00	   7.0400000e+02	
   1.0100000e+02	   1.1600000e+02	   3.1000000e+02	   1.3000000e+01	   3.0000000e+00	   3.8500000e+00	   4.3450000e+00	   1.0650000e+00	   2.0000000e+00	   1.0000000e+00	   3.0000000e+00	   1.0000000e+00	   1.0910000e+03	
   1.0700000e+02	   1.1100000e+02	   2.0100000e+02	   5.0000000e+00	   5.0000000e+00	   3.7600000e+00	   4.8900000e+00	   2.5850000e+00	   3.0000000e+00	   2.0000000e+00	   1.0000000e+00	   2.0000000e+00	   1.5700000e+03	
   2.0600000e+02	   2.0800000e+02	   1.1500000e+02	   4.0000000e+00	   3.0000000e+00	   4.8550000e+00	   4.3000000e+00	   3.6150000e+00	   2.0000000e+00	   3.0000000e+00	   1.0000000e+00	   2.0000000e+00	   1.4000000e+03	
   1.0600000e+02	   1.0900000e+02	   2.0500000e+02	   6.0000000e+00	   2.0000000e+00	   3.9600000e+00	   3.7100000e+00	   2.5000000e+00	   1.0000000e+00	   3.0000000e+00	   2.0000000e+00	   1.0000000e+00	   1.3920000e+03	
   1.1300000e+02	   2.0800000e+02	   1.0800000e+02	   2.0000000e+00	   2.0000000e+00	   4.5800000e+00	   4.3000000e+00	   6.0000000e-02	   1.0000000e+00	   3.0000000e+00	   2.0000000e+00	   1.0000000e+00	   9.8900000e+02	
   1.0200000e+02	   2.0900000e+02	   3.1000000e+02	   1.3000000e+01	   4.0000000e+00	   4.4800000e+00	   3.7600000e+00	   1.0650000e+00	   1.0000000e+00	   3.0000000e+00	   2.0000000e+00	   1.0000000e+00	   1.2420000e+03	
   1.0100000e+02	   2.0800000e+02	   2.0700000e+02	   7.0000000e+00	   3.0000000e+00	   3.8500000e+00	   4.3000000e+00	   3.0450000e+00	   2.0000000e+00	   3.0000000e+00	   1.0000000e+00	   3.0000000e+00	   2.1420000e+03	
   1.1100000e+02	   2.0600000e+02	   2.0100000e+02	   5.0000000e+00	   1.0000000e+00	   4.8900000e+00	   4.8550000e+00	   2.5850000e+00	   2.0000000e+00	   3.0000000e+00	   1.0000000e+00	   2.0000000e+00	   4.1480000e+03	
   1.1300000e+02	   2.0600000e+02	   2.0500000e+02	   6.0000000e+00	   2.0000000e+00	   4.5800000e+00	   4.8550000e+00	   2.5000000e+00	   3.0000000e+00	   2.0000000e+00	   1.0000000e+00	   3.0000000e+00	   3.7440000e+03	
   1.0900000e+02	   1.1000000e+02	   3.1000000e+02	   1.3000000e+01	   1.0000000e+00	   3.7100000e+00	   3.8650000e+00	   1.0650000e+00	   3.0000000e+00	   1.0000000e+00	   2.0000000e+00	   1.0000000e+00	   1.3160000e+03	
   1.0400000e+02	   2.1400000e+02	   3.1000000e+02	   1.3000000e+01	   1.0000000e+00	   4.7200000e+00	   4.6500000e+00	   1.0650000e+00	   1.0000000e+00	   3.0000000e+00	   2.0000000e+00	   1.0000000e+00	   8.0200000e+02	
   1.1300000e+02	   2.1400000e+02	   2.1500000e+02	   8.0000000e+00	   1.0000000e+00	   4.5800000e+00	   4.6500000e+00	   2.7750000e+00	   1.0000000e+00	   2.0000000e+00	   3.0000000e+00	   1.0000000e+00	   8.4500000e+02	
   1.0200000e+02	   1.0700000e+02	   1.0300000e+02	   1.0000000e+00	   4.0000000e+00	   4.4800000e+00	   3.7600000e+00	   3.5200000e+00	   1.0000000e+00	   2.0000000e+00	   3.0000000e+00	   1.0000000e+00	   1.1930000e+03	
   1.1000000e+02	   2.1400000e+02	   3.0400000e+02	   9.0000000e+00	   4.0000000e+00	   3.8650000e+00	   4.6500000e+00	   9.7000000e-01	   3.0000000e+00	   1.0000000e+00	   2.0000000e+00	   1.0000000e+00	   1.0090000e+03	
   1.0100000e+02	   1.0400000e+02	   3.0800000e+02	   1.1000000e+01	   5.0000000e+00	   3.8500000e+00	   4.7200000e+00	   6.1000000e-01	   3.0000000e+00	   1.0000000e+00	   2.0000000e+00	   1.0000000e+00	   1.3110000e+03	
   1.0700000e+02	   1.1600000e+02	   2.0100000e+02	   5.0000000e+00	   4.0000000e+00	   3.7600000e+00	   4.3450000e+00	   2.5850000e+00	   1.0000000e+00	   2.0000000e+00	   3.0000000e+00	   2.0000000e+00	   1.0930000e+03	
   1.0100000e+02	   2.0600000e+02	   3.0400000e+02	   9.0000000e+00	   5.0000000e+00	   3.8500000e+00	   4.8550000e+00	   9.7000000e-01	   3.0000000e+00	   1.0000000e+00	   2.0000000e+00	   1.0000000e+00	   1.4360000e+03	
   1.0900000e+02	   2.1400000e+02	   3.0700000e+02	   1.0000000e+01	   5.0000000e+00	   3.7100000e+00	   4.6500000e+00	   3.2500000e-01	   1.0000000e+00	   3.0000000e+00	   2.0000000e+00	   3.0000000e+00	   1.6290000e+03	
   1.1000000e+02	   2.1000000e+02	   3.0700000e+02	   1.0000000e+01	   3.0000000e+00	   3.8650000e+00	   4.2900000e+00	   3.2500000e-01	   3.0000000e+00	   2.0000000e+00	   1.0000000e+00	   2.0000000e+00	   6.6700000e+02	
   1.0200000e+02	   1.0700000e+02	   1.1200000e+02	   3.0000000e+00	   4.0000000e+00	   4.4800000e+00	   3.7600000e+00	   1.7450000e+00	   1.0000000e+00	   3.0000000e+00	   2.0000000e+00	   1.0000000e+00	   1.2400000e+03	
   1.0400000e+02	   1.1100000e+02	   2.0500000e+02	   6.0000000e+00	   2.0000000e+00	   4.7200000e+00	   4.8900000e+00	   2.5000000e+00	   1.0000000e+00	   2.0000000e+00	   3.0000000e+00	   2.0000000e+00	   7.2700000e+02	
   1.0700000e+02	   1.1300000e+02	   3.0700000e+02	   1.0000000e+01	   4.0000000e+00	   3.7600000e+00	   4.5800000e+00	   3.2500000e-01	   1.0000000e+00	   3.0000000e+00	   2.0000000e+00	   3.0000000e+00	   9.0100000e+02	
   1.1600000e+02	   2.0900000e+02	   1.1200000e+02	   3.0000000e+00	   4.0000000e+00	   4.3450000e+00	   3.7600000e+00	   1.7450000e+00	   2.0000000e+00	   3.0000000e+00	   1.0000000e+00	   2.0000000e+00	   9.4100000e+02	
   1.0100000e+02	   1.0700000e+02	   3.1100000e+02	   1.4000000e+01	   1.0000000e+00	   3.8500000e+00	   3.7600000e+00	   7.5000000e-02	   2.0000000e+00	   1.0000000e+00	   3.0000000e+00	   2.0000000e+00	   1.2630000e+03	
   1.0700000e+02	   1.1600000e+02	   3.1300000e+02	   1.5000000e+01	   4.0000000e+00	   3.7600000e+00	   4.3450000e+00	   3.0150000e+00	   3.0000000e+00	   1.0000000e+00	   2.0000000e+00	   1.0000000e+00	   1.5850000e+03	
   1.0600000e+02	   1.1300000e+02	   1.1200000e+02	   3.0000000e+00	   4.0000000e+00	   3.9600000e+00	   4.5800000e+00	   1.7450000e+00	   2.0000000e+00	   1.0000000e+00	   3.0000000e+00	   1.0000000e+00	   7.0400000e+02	
   1.0900000e+02	   2.0600000e+02	   1.1200000e+02	   3.0000000e+00	   5.0000000e+00	   3.7100000e+00	   4.8550000e+00	   1.7450000e+00	   2.0000000e+00	   3.0000000e+00	   1.0000000e+00	   3.0000000e+00	   1.1310000e+03	
   1.0100000e+02	   2.0600000e+02	   2.0100000e+02	   5.0000000e+00	   5.0000000e+00	   3.8500000e+00	   4.8550000e+00	   2.5850000e+00	   3.0000000e+00	   2.0000000e+00	   1.0000000e+00	   2.0000000e+00	   1.2240000e+03	
   1.0600000e+02	   1.1000000e+02	   3.0900000e+02	   1.2000000e+01	   1.0000000e+00	   3.9600000e+00	   3.8650000e+00	   2.8750000e+00	   3.0000000e+00	   1.0000000e+00	   2.0000000e+00	   1.0000000e+00	   1.4720000e+03	
   1.0200000e+02	   1.0600000e+02	   3.0900000e+02	   1.2000000e+01	   3.0000000e+00	   4.4800000e+00	   3.9600000e+00	   2.8750000e+00	   1.0000000e+00	   3.0000000e+00	   2.0000000e+00	   1.0000000e+00	   1.2350000e+03	
   1.0200000e+02	   2.1000000e+02	   1.1500000e+02	   4.0000000e+00	   2.0000000e+00	   4.4800000e+00	   4.2900000e+00	   3.6150000e+00	   2.0000000e+00	   1.0000000e+00	   3.0000000e+00	   1.0000000e+00	   6.8800000e+02	
   1.1300000e+02	   2.0600000e+02	   2.0700000e+02	   7.0000000e+00	   2.0000000e+00	   4.5800000e+00	   4.8550000e+00	   3.0450000e+00	   1.0000000e+00	   2.0000000e+00	   3.0000000e+00	   1.0000000e+00	   1.4550000e+03	
   1.0700000e+02	   2.0600000e+02	   2.0100000e+02	   5.0000000e+00	   5.0000000e+00	   3.7600000e+00	   4.8550000e+00	   2.5850000e+00	   3.0000000e+00	   1.0000000e+00	   2.0000000e+00	   1.0000000e+00	   7.5100000e+02	
   1.0600000e+02	   1.1600000e+02	   2.0500000e+02	   6.0000000e+00	   3.0000000e+00	   3.9600000e+00	   4.3450000e+00	   2.5000000e+00	   1.0000000e+00	   2.0000000e+00	   3.0000000e+00	   2.0000000e+00	   1.1470000e+03	
   1.1100000e+02	   1.1300000e+02	   1.1500000e+02	   4.0000000e+00	   2.0000000e+00	   4.8900000e+00	   4.5800000e+00	   3.6150000e+00	   2.0000000e+00	   1.0000000e+00	   3.0000000e+00	   2.0000000e+00	   1.4150000e+03	
   2.0600000e+02	   2.1400000e+02	   2.0700000e+02	   7.0000000e+00	   2.0000000e+00	   4.8550000e+00	   4.6500000e+00	   3.0450000e+00	   2.0000000e+00	   1.0000000e+00	   3.0000000e+00	   2.0000000e+00	   8.5000000e+02	
   1.1300000e+02	   2.0800000e+02	   3.1000000e+02	   1.3000000e+01	   2.0000000e+00	   4.5800000e+00	   4.3000000e+00	   1.0650000e+00	   2.0000000e+00	   1.0000000e+00	   3.0000000e+00	   2.0000000e+00	   1.1080000e+03	
   1.0100000e+02	   2.1000000e+02	   3.0800000e+02	   1.1000000e+01	   3.0000000e+00	   3.8500000e+00	   4.2900000e+00	   6.1000000e-01	   3.0000000e+00	   1.0000000e+00	   2.0000000e+00	   1.0000000e+00	   6.0900000e+02	
   1.0900000e+02	   1.1100000e+02	   1.1500000e+02	   4.0000000e+00	   5.0000000e+00	   3.7100000e+00	   4.8900000e+00	   3.6150000e+00	   2.0000000e+00	   1.0000000e+00	   3.0000000e+00	   1.0000000e+00	   9.3700000e+02	
   2.0800000e+02	   2.1400000e+02	   3.0900000e+02	   1.2000000e+01	   2.0000000e+00	   4.3000000e+00	   4.6500000e+00	   2.8750000e+00	   1.0000000e+00	   3.0000000e+00	   2.0000000e+00	   1.0000000e+00	   1.3180000e+03	
   1.0100000e+02	   1.0700000e+02	   1.1200000e+02	   3.0000000e+00	   1.0000000e+00	   3.8500000e+00	   3.7600000e+00	   1.7450000e+00	   3.0000000e+00	   1.0000000e+00	   2.0000000e+00	   3.0000000e+00	   1.3730000e+03	
   1.0600000e+02	   2.0800000e+02	   1.1200000e+02	   3.0000000e+00	   2.0000000e+00	   3.9600000e+00	   4.3000000e+00	   1.7450000e+00	   1.0000000e+00	   2.0000000e+00	   3.0000000e+00	   2.0000000e+00	   1.3080000e+03	
   1.0100000e+02	   1.0600000e+02	   3.0800000e+02	   1.1000000e+01	   1.0000000e+00	   3.8500000e+00	   3.9600000e+00	   6.1000000e-01	   3.0000000e+00	   1.0000000e+00	   2.0000000e+00	   3.0000000e+00	   9.7600000e+02	
   1.0200000e+02	   1.0400000e+02	   3.0900000e+02	   1.2000000e+01	   2.0000000e+00	   4.4800000e+00	   4.7200000e+00	   2.8750000e+00	   3.0000000e+00	   2.0000000e+00	   1.0000000e+00	   3.0000000e+00	   1.7670000e+03	
   1.0200000e+02	   1.0700000e+02	   2.0100000e+02	   5.0000000e+00	   4.0000000e+00	   4.4800000e+00	   3.7600000e+00	   2.5850000e+00	   2.0000000e+00	   1.0000000e+00	   3.0000000e+00	   2.0000000e+00	   9.0900000e+02	
   1.0600000e+02	   2.0800000e+02	   1.0300000e+02	   1.0000000e+00	   2.0000000e+00	   3.9600000e+00	   4.3000000e+00	   3.5200000e+00	   1.0000000e+00	   3.0000000e+00	   2.0000000e+00	   3.0000000e+00	   1.6940000e+03	
   1.0400000e+02	   2.0600000e+02	   3.0400000e+02	   9.0000000e+00	   1.0000000e+00	   4.7200000e+00	   4.8550000e+00	   9.7000000e-01	   3.0000000e+00	   1.0000000e+00	   2.0000000e+00	   1.0000000e+00	   1.0170000e+03	
   1.0100000e+02	   1.1000000e+02	   3.1000000e+02	   1.3000000e+01	   1.0000000e+00	   3.8500000e+00	   3.8650000e+00	   1.0650000e+00	   1.0000000e+00	   2.0000000e+00	   3.0000000e+00	   2.0000000e+00	   2.2720000e+03	
   1.0700000e+02	   2.0600000e+02	   1.1500000e+02	   4.0000000e+00	   5.0000000e+00	   3.7600000e+00	   4.8550000e+00	   3.6150000e+00	   1.0000000e+00	   3.0000000e+00	   2.0000000e+00	   3.0000000e+00	   7.2200000e+02	
   1.1600000e+02	   2.1000000e+02	   2.0500000e+02	   6.0000000e+00	   1.0000000e+00	   4.3450000e+00	   4.2900000e+00	   2.5000000e+00	   2.0000000e+00	   1.0000000e+00	   3.0000000e+00	   1.0000000e+00	   6.1800000e+02	
   2.0800000e+02	   2.1400000e+02	   2.0700000e+02	   7.0000000e+00	   2.0000000e+00	   4.3000000e+00	   4.6500000e+00	   3.0450000e+00	   2.0000000e+00	   3.0000000e+00	   1.0000000e+00	   2.0000000e+00	   6.6600000e+02	
   1.1100000e+02	   2.0800000e+02	   3.1100000e+02	   1.4000000e+01	   4.0000000e+00	   4.8900000e+00	   4.3000000e+00	   7.5000000e-02	   3.0000000e+00	   2.0000000e+00	   1.0000000e+00	   3.0000000e+00	   1.0250000e+03	
   1.0400000e+02	   1.0600000e+02	   2.0700000e+02	   7.0000000e+00	   4.0000000e+00	   4.7200000e+00	   3.9600000e+00	   3.0450000e+00	   3.0000000e+00	   1.0000000e+00	   2.0000000e+00	   3.0000000e+00	   1.2590000e+03	
   1.0600000e+02	   1.0700000e+02	   1.0300000e+02	   1.0000000e+00	   2.0000000e+00	   3.9600000e+00	   3.7600000e+00	   3.5200000e+00	   2.0000000e+00	   1.0000000e+00	   3.0000000e+00	   2.0000000e+00	   1.8450000e+03	
   1.0600000e+02	   2.1400000e+02	   3.0700000e+02	   1.0000000e+01	   4.0000000e+00	   3.9600000e+00	   4.6500000e+00	   3.2500000e-01	   2.0000000e+00	   3.0000000e+00	   1.0000000e+00	   3.0000000e+00	   1.5340000e+03	
   1.0700000e+02	   1.1100000e+02	   3.0700000e+02	   1.0000000e+01	   5.0000000e+00	   3.7600000e+00	   4.8900000e+00	   3.2500000e-01	   1.0000000e+00	   3.0000000e+00	   2.0000000e+00	   3.0000000e+00	   6.5900000e+02	
   1.1600000e+02	   2.0900000e+02	   1.0300000e+02	   1.0000000e+00	   4.0000000e+00	   4.3450000e+00	   3.7600000e+00	   3.5200000e+00	   2.0000000e+00	   1.0000000e+00	   3.0000000e+00	   2.0000000e+00	   1.1100000e+03	
   1.0600000e+02	   1.0900000e+02	   3.0800000e+02	   1.1000000e+01	   2.0000000e+00	   3.9600000e+00	   3.7100000e+00	   6.1000000e-01	   3.0000000e+00	   1.0000000e+00	   2.0000000e+00	   3.0000000e+00	   1.2910000e+03	
   1.0100000e+02	   2.0600000e+02	   1.1200000e+02	   3.0000000e+00	   5.0000000e+00	   3.8500000e+00	   4.8550000e+00	   1.7450000e+00	   2.0000000e+00	   3.0000000e+00	   1.0000000e+00	   3.0000000e+00	   1.7770000e+03	
