   1.0000000e+00	   2.0700000e+02	   2.0000000e+00	   4.5200000e+00	   4.1620000e+03	   3.4100000e+00	   3.8990000e+03	
   2.0000000e+00	   1.0600000e+02	   1.0000000e+00	   4.0100000e+00	   3.9040000e+03	   2.5200000e+00	   5.3640000e+03	
   3.0000000e+00	   1.0700000e+02	   1.0000000e+00	   1.9500000e+00	   4.3340000e+03	   1.9700000e+00	   3.3990000e+03	
   4.0000000e+00	   2.0900000e+02	   2.0000000e+00	   4.5900000e+00	   8.2360000e+03	   2.0300000e+00	   5.5640000e+03	
   5.0000000e+00	   3.0600000e+02	   3.0000000e+00	   4.5500000e+00	   2.2370000e+03	   2.6900000e+00	   2.6650000e+03	
   6.0000000e+00	   3.1200000e+02	   3.0000000e+00	   4.0100000e+00	   4.0030000e+03	   2.1000000e-01	   1.7000000e+03	
   7.0000000e+00	   1.0800000e+02	   1.0000000e+00	   5.0000000e+00	   2.6220000e+03	   5.0000000e+00	   2.3670000e+03	
   8.0000000e+00	   3.0300000e+02	   3.0000000e+00	   4.8200000e+00	   2.2890000e+03	   4.8400000e+00	   5.6310000e+03	
   9.0000000e+00	   3.1300000e+02	   3.0000000e+00	   5.0000000e+00	   1.6560000e+03	   3.5600000e+00	   3.4330000e+03	
   1.0000000e+01	   1.1500000e+02	   1.0000000e+00	   1.9900000e+00	   4.8550000e+03	   7.1000000e-01	   2.8330000e+03	
   1.1000000e+01	   3.0900000e+02	   3.0000000e+00	   5.0000000e+00	   2.1380000e+03	   5.0000000e+00	   1.6320000e+03	
   1.2000000e+01	   2.0100000e+02	   2.0000000e+00	   2.5000000e+00	   2.7570000e+03	   2.5000000e+00	   1.6000000e+03	
   1.3000000e+01	   1.0100000e+02	   1.0000000e+00	   5.0000000e+00	   2.7550000e+03	   5.0000000e+00	   1.2660000e+03	
   1.4000000e+01	   2.1200000e+02	   2.0000000e+00	   4.7500000e+00	   3.1550000e+03	   2.9600000e+00	   4.4330000e+03	
   1.5000000e+01	   3.0700000e+02	   3.0000000e+00	   5.0000000e+00	   3.4220000e+03	   2.6300000e+00	   3.3660000e+03	
   1.6000000e+01	   1.0200000e+02	   1.0000000e+00	   5.0000000e+00	   1.8890000e+03	   5.0000000e+00	   1.1330000e+03	
   1.7000000e+01	   1.1200000e+02	   1.0000000e+00	   5.0000000e+00	   4.8050000e+03	   5.0000000e+00	   1.3330000e+03	
   1.8000000e+01	   2.1500000e+02	   2.0000000e+00	   5.0000000e+00	   2.8220000e+03	   2.0300000e+00	   2.0660000e+03	
   1.9000000e+01	   2.1300000e+02	   2.0000000e+00	   4.5000000e-01	   4.2550000e+03	   1.1200000e+00	   2.9340000e+03	
   2.0000000e+01	   3.1400000e+02	   3.0000000e+00	   4.8800000e+00	   2.1710000e+03	   4.7800000e+00	   1.6000000e+03	
   2.1000000e+01	   3.1100000e+02	   3.0000000e+00	   5.0000000e+00	   3.8710000e+03	   4.0300000e+00	   2.2000000e+03	
   2.2000000e+01	   2.0400000e+02	   2.0000000e+00	   9.6000000e-01	   4.6050000e+03	   1.0100000e+00	   1.9330000e+03	
   2.3000000e+01	   1.1600000e+02	   1.0000000e+00	   5.0000000e+00	   1.4050000e+03	   5.0000000e+00	   9.0000000e+02	
   2.4000000e+01	   1.1300000e+02	   1.0000000e+00	   5.0000000e+00	   4.3880000e+03	   5.0000000e+00	   8.9900000e+02	
   2.5000000e+01	   2.0500000e+02	   2.0000000e+00	   2.5000000e+00	   1.5240000e+03	   1.9900000e+00	   7.3970000e+03	
   2.6000000e+01	   1.1400000e+02	   1.0000000e+00	   2.4200000e+00	   1.9890000e+03	   2.5000000e+00	   2.4990000e+03	
   2.7000000e+01	   1.0300000e+02	   1.0000000e+00	   5.0000000e+00	   2.4240000e+03	   2.7700000e+00	   2.9320000e+03	
   2.8000000e+01	   2.0800000e+02	   2.0000000e+00	   5.0000000e+00	   1.5240000e+03	   5.0000000e+00	   8.6700000e+02	
   2.9000000e+01	   1.1000000e+02	   1.0000000e+00	   5.0000000e+00	   3.2030000e+03	   5.0000000e+00	   9.3300000e+02	
   3.0000000e+01	   3.0400000e+02	   3.0000000e+00	   2.5100000e+00	   2.9390000e+03	   1.0100000e+00	   1.3660000e+03	
   3.1000000e+01	   3.0500000e+02	   3.0000000e+00	   0.0000000e+00	   2.7560000e+03	   1.9700000e+00	   4.4980000e+03	
   3.2000000e+01	   2.0200000e+02	   2.0000000e+00	   5.0000000e+00	   1.5880000e+03	   5.0000000e+00	   1.8320000e+03	
   3.3000000e+01	   3.0800000e+02	   3.0000000e+00	   2.5400000e+00	   2.0220000e+03	   2.5000000e+00	   6.3300000e+02	
   3.4000000e+01	   3.0100000e+02	   3.0000000e+00	   5.0000000e+00	   3.8040000e+03	   1.0100000e+00	   4.2320000e+03	
   3.5000000e+01	   2.1100000e+02	   2.0000000e+00	   5.0000000e+00	   2.5220000e+03	   9.9000000e-01	   1.6670000e+03	
   3.6000000e+01	   1.0900000e+02	   1.0000000e+00	   5.0000000e+00	   1.4220000e+03	   5.0000000e+00	   8.6600000e+02	
   3.7000000e+01	   2.0300000e+02	   2.0000000e+00	   0.0000000e+00	   2.4710000e+03	   1.0100000e+00	   2.3990000e+03	
   3.8000000e+01	   2.1000000e+02	   2.0000000e+00	   5.0000000e+00	   1.1890000e+03	   5.0000000e+00	   7.6700000e+02	
   3.9000000e+01	   2.1400000e+02	   2.0000000e+00	   5.0000000e+00	   1.5390000e+03	   5.0000000e+00	   9.6700000e+02	
   4.0000000e+01	   3.0200000e+02	   3.0000000e+00	   5.0000000e+00	   1.5050000e+03	   5.0000000e+00	   1.2670000e+03	
   4.1000000e+01	   3.1000000e+02	   3.0000000e+00	   2.9900000e+00	   2.3380000e+03	   1.0400000e+00	   3.0320000e+03	
   4.2000000e+01	   2.0600000e+02	   2.0000000e+00	   5.0000000e+00	   1.2220000e+03	   5.0000000e+00	   8.3300000e+02	
   4.3000000e+01	   1.0500000e+02	   1.0000000e+00	   2.5000000e+00	   2.7900000e+03	   2.5000000e+00	   7.6700000e+02	
   4.4000000e+01	   1.1100000e+02	   1.0000000e+00	   4.9600000e+00	   1.3040000e+03	   5.0000000e+00	   8.0000000e+02	
   4.5000000e+01	   1.0400000e+02	   1.0000000e+00	   5.0000000e+00	   1.6710000e+03	   3.0100000e+00	   2.5320000e+03	
