   1.0000000e+00	   1.0000000e+00	   2.1300000e+02	   3.0200000e+00	   7.3570000e+03	
   1.0000000e+00	   2.0000000e+00	   1.0200000e+02	   2.4500000e+00	   5.5590000e+03	
   1.0000000e+00	   3.0000000e+00	   3.0400000e+02	   1.0100000e+00	   3.1600000e+03	
   1.0000000e+00	   4.0000000e+00	   1.1100000e+02	   1.4900000e+00	   9.1230000e+03	
   1.0000000e+00	   5.0000000e+00	   2.0600000e+02	   1.9700000e+00	   6.5270000e+03	
   1.0000000e+00	   6.0000000e+00	   3.0600000e+02	   0.0000000e+00	   2.6280000e+03	
   1.0000000e+00	   7.0000000e+00	   3.0100000e+02	   6.3000000e-01	   8.6590000e+03	
   1.0000000e+00	   8.0000000e+00	   1.0700000e+02	   4.0200000e+00	   3.8610000e+03	
   1.0000000e+00	   9.0000000e+00	   1.0800000e+02	   4.0100000e+00	   1.7280000e+03	
   1.0000000e+00	   1.0000000e+01	   3.0900000e+02	   0.0000000e+00	   2.2610000e+03	
   1.0000000e+00	   1.1000000e+01	   1.0400000e+02	   1.5100000e+00	   9.3430000e+03	
   1.0000000e+00	   1.2000000e+01	   2.0100000e+02	   9.9000000e-01	   5.5260000e+03	
   1.0000000e+00	   1.3000000e+01	   1.1000000e+02	   3.9900000e+00	   3.9630000e+03	
   1.0000000e+00	   1.4000000e+01	   1.1200000e+02	   3.6500000e+00	   4.0930000e+03	
   1.0000000e+00	   1.5000000e+01	   3.0500000e+02	   1.6200000e+00	   3.9930000e+03	
   1.0000000e+00	   1.6000000e+01	   1.0300000e+02	   4.0100000e+00	   3.5280000e+03	
   1.0000000e+00	   1.7000000e+01	   2.0800000e+02	   4.5200000e+00	   3.2930000e+03	
   1.0000000e+00	   1.8000000e+01	   1.1500000e+02	   3.5200000e+00	   7.1260000e+03	
   1.0000000e+00	   1.9000000e+01	   2.1400000e+02	   3.5000000e+00	   4.8950000e+03	
   1.0000000e+00	   2.0000000e+01	   3.0800000e+02	   1.0100000e+00	   8.1590000e+03	
   1.0000000e+00	   2.1000000e+01	   3.1200000e+02	   4.9000000e-01	   5.7940000e+03	
   1.0000000e+00	   2.2000000e+01	   2.0300000e+02	   2.5100000e+00	   2.9610000e+03	
   1.0000000e+00	   2.3000000e+01	   2.1500000e+02	   3.9800000e+00	   4.0270000e+03	
   1.0000000e+00	   2.4000000e+01	   2.0400000e+02	   1.0100000e+00	   4.1950000e+03	
   1.0000000e+00	   2.5000000e+01	   1.1300000e+02	   5.0000000e+00	   1.8270000e+03	
   1.0000000e+00	   2.6000000e+01	   3.0700000e+02	   3.4400000e+00	   4.2260000e+03	
   1.0000000e+00	   2.7000000e+01	   1.0600000e+02	   1.6300000e+00	   5.8590000e+03	
   1.0000000e+00	   2.8000000e+01	   1.0900000e+02	   3.3600000e+00	   4.4260000e+03	
   1.0000000e+00	   2.9000000e+01	   2.0900000e+02	   2.9700000e+00	   4.1250000e+03	
   1.0000000e+00	   3.0000000e+01	   3.0200000e+02	   0.0000000e+00	   1.5930000e+03	
   1.0000000e+00	   3.1000000e+01	   2.0200000e+02	   2.0200000e+00	   6.5580000e+03	
   1.0000000e+00	   3.2000000e+01	   3.1100000e+02	   4.0300000e+00	   5.3590000e+03	
   1.0000000e+00	   3.3000000e+01	   1.1600000e+02	   5.0000000e+00	   2.5280000e+03	
   1.0000000e+00	   3.4000000e+01	   1.0100000e+02	   2.0100000e+00	   5.1590000e+03	
   1.0000000e+00	   3.5000000e+01	   3.1400000e+02	   3.6000000e-01	   4.6920000e+03	
   1.0000000e+00	   3.6000000e+01	   2.1200000e+02	   1.4300000e+00	   3.1290000e+03	
   1.0000000e+00	   3.7000000e+01	   2.0500000e+02	   2.0200000e+00	   7.2240000e+03	
   1.0000000e+00	   3.8000000e+01	   3.1000000e+02	   3.4600000e+00	   3.5270000e+03	
   1.0000000e+00	   3.9000000e+01	   2.1100000e+02	   2.1800000e+00	   5.0590000e+03	
   1.0000000e+00	   4.0000000e+01	   2.1000000e+02	   3.5200000e+00	   2.9950000e+03	
   1.0000000e+00	   4.1000000e+01	   2.0700000e+02	   1.4800000e+00	   2.6930000e+03	
   1.0000000e+00	   4.2000000e+01	   1.0500000e+02	   3.5400000e+00	   5.6600000e+03	
   1.0000000e+00	   4.3000000e+01	   3.0300000e+02	   2.9900000e+00	   6.8250000e+03	
   1.0000000e+00	   4.4000000e+01	   3.1300000e+02	   0.0000000e+00	   4.3590000e+03	
   1.0000000e+00	   4.5000000e+01	   1.1400000e+02	   3.9900000e+00	   9.7920000e+03	
   2.0000000e+00	   1.0000000e+00	   1.0700000e+02	   3.9700000e+00	   8.7820000e+03	
   2.0000000e+00	   2.0000000e+00	   2.0500000e+02	   2.0100000e+00	   4.8260000e+03	
   2.0000000e+00	   3.0000000e+00	   3.1300000e+02	   0.0000000e+00	   1.5290000e+03	
   2.0000000e+00	   4.0000000e+00	   2.1100000e+02	   2.8100000e+00	   4.9290000e+03	
   2.0000000e+00	   5.0000000e+00	   2.0900000e+02	   3.0300000e+00	   4.0270000e+03	
   2.0000000e+00	   6.0000000e+00	   1.1400000e+02	   3.9600000e+00	   2.3610000e+03	
   2.0000000e+00	   7.0000000e+00	   2.0200000e+02	   2.0200000e+00	   2.2290000e+03	
   2.0000000e+00	   8.0000000e+00	   3.0700000e+02	   3.2700000e+00	   3.2600000e+03	
   2.0000000e+00	   9.0000000e+00	   1.1000000e+02	   4.0200000e+00	   3.2940000e+03	
   2.0000000e+00	   1.0000000e+01	   1.0400000e+02	   1.9900000e+00	   2.0950000e+03	
   2.0000000e+00	   1.1000000e+01	   1.0500000e+02	   4.0300000e+00	   5.1610000e+03	
   2.0000000e+00	   1.2000000e+01	   2.0100000e+02	   1.2800000e+00	   2.6270000e+03	
   2.0000000e+00	   1.3000000e+01	   3.0400000e+02	   9.2000000e-01	   4.8940000e+03	
   2.0000000e+00	   1.4000000e+01	   3.0100000e+02	   9.9000000e-01	   2.9600000e+03	
   2.0000000e+00	   1.5000000e+01	   3.0600000e+02	   0.0000000e+00	   1.5620000e+03	
   2.0000000e+00	   1.6000000e+01	   2.1300000e+02	   2.7800000e+00	   4.0940000e+03	
   2.0000000e+00	   1.7000000e+01	   3.1100000e+02	   3.5200000e+00	   2.0110000e+03	
   2.0000000e+00	   1.8000000e+01	   3.1200000e+02	   4.6000000e-01	   7.8940000e+03	
   2.0000000e+00	   1.9000000e+01	   3.1000000e+02	   3.3100000e+00	   2.8600000e+03	
   2.0000000e+00	   2.0000000e+01	   1.0800000e+02	   3.9800000e+00	   8.0940000e+03	
   2.0000000e+00	   2.1000000e+01	   1.1500000e+02	   3.5900000e+00	   2.3270000e+03	
   2.0000000e+00	   2.2000000e+01	   1.1200000e+02	   3.3500000e+00	   2.0950000e+03	
   2.0000000e+00	   2.3000000e+01	   3.0500000e+02	   5.8000000e-01	   6.7930000e+03	
   2.0000000e+00	   2.4000000e+01	   2.0700000e+02	   1.3700000e+00	   4.3940000e+03	
   2.0000000e+00	   2.5000000e+01	   2.1000000e+02	   3.1300000e+00	   2.9610000e+03	
   2.0000000e+00	   2.6000000e+01	   1.0600000e+02	   1.4400000e+00	   6.5930000e+03	
   2.0000000e+00	   2.7000000e+01	   2.0800000e+02	   5.0000000e+00	   2.6280000e+03	
   2.0000000e+00	   2.8000000e+01	   2.1200000e+02	   1.0600000e+00	   5.1270000e+03	
   2.0000000e+00	   2.9000000e+01	   1.1100000e+02	   1.7000000e+00	   3.7930000e+03	
   2.0000000e+00	   3.0000000e+01	   2.1400000e+02	   3.1500000e+00	   2.4620000e+03	
   2.0000000e+00	   3.1000000e+01	   2.1500000e+02	   3.9800000e+00	   2.8610000e+03	
   2.0000000e+00	   3.2000000e+01	   2.0600000e+02	   1.9700000e+00	   2.3940000e+03	
   2.0000000e+00	   3.3000000e+01	   1.0100000e+02	   2.0400000e+00	   5.2610000e+03	
   2.0000000e+00	   3.4000000e+01	   2.0400000e+02	   1.3300000e+00	   2.3950000e+03	
   2.0000000e+00	   3.5000000e+01	   2.0300000e+02	   1.5500000e+00	   4.1600000e+03	
   2.0000000e+00	   3.6000000e+01	   3.0900000e+02	   0.0000000e+00	   1.3610000e+03	
   2.0000000e+00	   3.7000000e+01	   3.0300000e+02	   3.2900000e+00	   4.4950000e+03	
   2.0000000e+00	   3.8000000e+01	   3.0200000e+02	   0.0000000e+00	   1.0280000e+03	
   2.0000000e+00	   3.9000000e+01	   1.0300000e+02	   3.9800000e+00	   6.3600000e+03	
   2.0000000e+00	   4.0000000e+01	   1.1300000e+02	   5.0000000e+00	   1.1610000e+03	
   2.0000000e+00	   4.1000000e+01	   1.1600000e+02	   5.0000000e+00	   1.4290000e+03	
   2.0000000e+00	   4.2000000e+01	   3.0800000e+02	   1.1200000e+00	   3.6270000e+03	
   2.0000000e+00	   4.3000000e+01	   3.1400000e+02	   0.0000000e+00	   3.0610000e+03	
   2.0000000e+00	   4.4000000e+01	   1.0200000e+02	   2.0200000e+00	   2.7940000e+03	
   2.0000000e+00	   4.5000000e+01	   1.0900000e+02	   3.4700000e+00	   2.0950000e+03	
