   1.0700000e+02	   1.1500000e+02	   2.1300000e+02	   8.0000000e+00	   3.0000000e+00	   3.9950000e+00	   3.5550000e+00	   2.9000000e+00	   1.0000000e+00	   3.0000000e+00	   2.0000000e+00	   1.0000000e+00	   2.2090000e+03	
   1.1300000e+02	   1.1500000e+02	   3.0900000e+02	   1.4000000e+01	   5.0000000e+00	   5.0000000e+00	   3.5550000e+00	   0.0000000e+00	   3.0000000e+00	   1.0000000e+00	   2.0000000e+00	   3.0000000e+00	   1.7140000e+03	
   1.0900000e+02	   2.0800000e+02	   1.0100000e+02	   1.0000000e+00	   5.0000000e+00	   3.4150000e+00	   4.7600000e+00	   2.0250000e+00	   1.0000000e+00	   2.0000000e+00	   3.0000000e+00	   2.0000000e+00	   1.7840000e+03	
   1.0700000e+02	   2.0800000e+02	   3.0300000e+02	   1.2000000e+01	   4.0000000e+00	   3.9950000e+00	   4.7600000e+00	   3.1400000e+00	   1.0000000e+00	   2.0000000e+00	   3.0000000e+00	   2.0000000e+00	   4.7560000e+03	
   1.0500000e+02	   1.1600000e+02	   2.1300000e+02	   8.0000000e+00	   5.0000000e+00	   3.7850000e+00	   5.0000000e+00	   2.9000000e+00	   1.0000000e+00	   2.0000000e+00	   3.0000000e+00	   2.0000000e+00	   2.9220000e+03	
   1.0300000e+02	   1.1400000e+02	   3.0200000e+02	   1.1000000e+01	   1.0000000e+00	   3.9950000e+00	   3.9750000e+00	   0.0000000e+00	   2.0000000e+00	   1.0000000e+00	   3.0000000e+00	   2.0000000e+00	   3.2820000e+03	
   1.1200000e+02	   1.1500000e+02	   2.0100000e+02	   5.0000000e+00	   1.0000000e+00	   3.5000000e+00	   3.5550000e+00	   1.1350000e+00	   2.0000000e+00	   3.0000000e+00	   1.0000000e+00	   3.0000000e+00	   3.7220000e+03	
   1.0800000e+02	   1.1300000e+02	   1.0600000e+02	   4.0000000e+00	   4.0000000e+00	   3.9950000e+00	   5.0000000e+00	   1.5350000e+00	   2.0000000e+00	   3.0000000e+00	   1.0000000e+00	   3.0000000e+00	   1.0320000e+03	
   1.0900000e+02	   1.1600000e+02	   3.0900000e+02	   1.4000000e+01	   5.0000000e+00	   3.4150000e+00	   5.0000000e+00	   0.0000000e+00	   2.0000000e+00	   1.0000000e+00	   3.0000000e+00	   1.0000000e+00	   1.4380000e+03	
   1.0800000e+02	   3.1000000e+02	   1.0100000e+02	   1.0000000e+00	   4.0000000e+00	   3.9950000e+00	   3.3850000e+00	   2.0250000e+00	   1.0000000e+00	   3.0000000e+00	   2.0000000e+00	   1.0000000e+00	   4.0130000e+03	
   1.0900000e+02	   2.0800000e+02	   1.0200000e+02	   2.0000000e+00	   5.0000000e+00	   3.4150000e+00	   4.7600000e+00	   2.2350000e+00	   3.0000000e+00	   2.0000000e+00	   1.0000000e+00	   2.0000000e+00	   1.5730000e+03	
   1.0700000e+02	   3.1000000e+02	   3.0100000e+02	   1.0000000e+01	   4.0000000e+00	   3.9950000e+00	   3.3850000e+00	   8.1000000e-01	   1.0000000e+00	   3.0000000e+00	   2.0000000e+00	   1.0000000e+00	   3.0760000e+03	
   1.1400000e+02	   1.1500000e+02	   1.0600000e+02	   4.0000000e+00	   3.0000000e+00	   3.9750000e+00	   3.5550000e+00	   1.5350000e+00	   2.0000000e+00	   1.0000000e+00	   3.0000000e+00	   1.0000000e+00	   6.6850000e+03	
   1.0300000e+02	   3.1100000e+02	   2.0100000e+02	   5.0000000e+00	   2.0000000e+00	   3.9950000e+00	   3.7750000e+00	   1.1350000e+00	   3.0000000e+00	   2.0000000e+00	   1.0000000e+00	   3.0000000e+00	   4.8810000e+03	
   1.0500000e+02	   1.1400000e+02	   3.0800000e+02	   1.3000000e+01	   1.0000000e+00	   3.7850000e+00	   3.9750000e+00	   1.0650000e+00	   3.0000000e+00	   1.0000000e+00	   2.0000000e+00	   3.0000000e+00	   1.5670000e+03	
   1.0900000e+02	   2.1500000e+02	   1.0200000e+02	   2.0000000e+00	   3.0000000e+00	   3.4150000e+00	   3.9800000e+00	   2.2350000e+00	   1.0000000e+00	   2.0000000e+00	   3.0000000e+00	   2.0000000e+00	   1.7280000e+03	
   1.1200000e+02	   3.1100000e+02	   3.0800000e+02	   1.3000000e+01	   2.0000000e+00	   3.5000000e+00	   3.7750000e+00	   1.0650000e+00	   2.0000000e+00	   1.0000000e+00	   3.0000000e+00	   2.0000000e+00	   9.5940000e+03	
   1.0300000e+02	   1.1600000e+02	   1.0100000e+02	   1.0000000e+00	   4.0000000e+00	   3.9950000e+00	   5.0000000e+00	   2.0250000e+00	   2.0000000e+00	   1.0000000e+00	   3.0000000e+00	   1.0000000e+00	   2.3010000e+03	
   1.0500000e+02	   1.0800000e+02	   3.0200000e+02	   1.1000000e+01	   2.0000000e+00	   3.7850000e+00	   3.9950000e+00	   0.0000000e+00	   2.0000000e+00	   3.0000000e+00	   1.0000000e+00	   3.0000000e+00	   2.7850000e+03	
   1.0500000e+02	   1.1000000e+02	   2.1300000e+02	   8.0000000e+00	   2.0000000e+00	   3.7850000e+00	   4.0050000e+00	   2.9000000e+00	   1.0000000e+00	   3.0000000e+00	   2.0000000e+00	   3.0000000e+00	   5.2580000e+03	
   1.0800000e+02	   1.1600000e+02	   3.0100000e+02	   1.0000000e+01	   4.0000000e+00	   3.9950000e+00	   5.0000000e+00	   8.1000000e-01	   3.0000000e+00	   2.0000000e+00	   1.0000000e+00	   2.0000000e+00	   1.2010000e+03	
   1.0700000e+02	   1.0900000e+02	   3.0900000e+02	   1.4000000e+01	   3.0000000e+00	   3.9950000e+00	   3.4150000e+00	   0.0000000e+00	   1.0000000e+00	   3.0000000e+00	   2.0000000e+00	   1.0000000e+00	   1.4550000e+03	
   1.1300000e+02	   1.1400000e+02	   3.1400000e+02	   1.5000000e+01	   5.0000000e+00	   5.0000000e+00	   3.9750000e+00	   1.8000000e-01	   3.0000000e+00	   1.0000000e+00	   2.0000000e+00	   3.0000000e+00	   8.0400000e+02	
   1.0300000e+02	   1.0900000e+02	   3.0800000e+02	   1.3000000e+01	   3.0000000e+00	   3.9950000e+00	   3.4150000e+00	   1.0650000e+00	   2.0000000e+00	   1.0000000e+00	   3.0000000e+00	   2.0000000e+00	   2.2970000e+03	
   1.0700000e+02	   1.1000000e+02	   2.0500000e+02	   6.0000000e+00	   1.0000000e+00	   3.9950000e+00	   4.0050000e+00	   2.0150000e+00	   1.0000000e+00	   3.0000000e+00	   2.0000000e+00	   1.0000000e+00	   1.0593000e+04	
   1.0300000e+02	   1.1500000e+02	   2.0100000e+02	   5.0000000e+00	   3.0000000e+00	   3.9950000e+00	   3.5550000e+00	   1.1350000e+00	   3.0000000e+00	   1.0000000e+00	   2.0000000e+00	   1.0000000e+00	   3.7700000e+03	
   1.0900000e+02	   3.1000000e+02	   2.0500000e+02	   6.0000000e+00	   1.0000000e+00	   3.4150000e+00	   3.3850000e+00	   2.0150000e+00	   1.0000000e+00	   2.0000000e+00	   3.0000000e+00	   1.0000000e+00	   1.3381000e+04	
   1.1300000e+02	   2.1500000e+02	   3.0300000e+02	   1.2000000e+01	   4.0000000e+00	   5.0000000e+00	   3.9800000e+00	   3.1400000e+00	   2.0000000e+00	   1.0000000e+00	   3.0000000e+00	   2.0000000e+00	   8.0000000e+02	
   1.0800000e+02	   2.0800000e+02	   2.0500000e+02	   6.0000000e+00	   4.0000000e+00	   3.9950000e+00	   4.7600000e+00	   2.0150000e+00	   2.0000000e+00	   3.0000000e+00	   1.0000000e+00	   3.0000000e+00	   5.0090000e+03	
   1.0900000e+02	   2.1500000e+02	   3.1400000e+02	   1.5000000e+01	   3.0000000e+00	   3.4150000e+00	   3.9800000e+00	   1.8000000e-01	   1.0000000e+00	   3.0000000e+00	   2.0000000e+00	   3.0000000e+00	   1.8410000e+03	
   1.1500000e+02	   3.1100000e+02	   2.1300000e+02	   8.0000000e+00	   2.0000000e+00	   3.5550000e+00	   3.7750000e+00	   2.9000000e+00	   2.0000000e+00	   1.0000000e+00	   3.0000000e+00	   2.0000000e+00	   1.8470000e+03	
   1.0500000e+02	   1.0700000e+02	   3.0300000e+02	   1.2000000e+01	   2.0000000e+00	   3.7850000e+00	   3.9950000e+00	   3.1400000e+00	   2.0000000e+00	   1.0000000e+00	   3.0000000e+00	   1.0000000e+00	   2.2360000e+03	
   1.0500000e+02	   1.1000000e+02	   3.0100000e+02	   1.0000000e+01	   2.0000000e+00	   3.7850000e+00	   4.0050000e+00	   8.1000000e-01	   3.0000000e+00	   2.0000000e+00	   1.0000000e+00	   2.0000000e+00	   1.3516000e+04	
   1.1400000e+02	   3.1100000e+02	   2.1400000e+02	   9.0000000e+00	   2.0000000e+00	   3.9750000e+00	   3.7750000e+00	   3.3250000e+00	   3.0000000e+00	   1.0000000e+00	   2.0000000e+00	   3.0000000e+00	   7.1770000e+03	
   1.0800000e+02	   1.1500000e+02	   2.0100000e+02	   5.0000000e+00	   3.0000000e+00	   3.9950000e+00	   3.5550000e+00	   1.1350000e+00	   1.0000000e+00	   3.0000000e+00	   2.0000000e+00	   3.0000000e+00	   5.5260000e+03	
   1.1600000e+02	   3.1000000e+02	   3.0800000e+02	   1.3000000e+01	   5.0000000e+00	   5.0000000e+00	   3.3850000e+00	   1.0650000e+00	   2.0000000e+00	   3.0000000e+00	   1.0000000e+00	   2.0000000e+00	   1.4940000e+03	
   1.0500000e+02	   2.1500000e+02	   2.1200000e+02	   7.0000000e+00	   1.0000000e+00	   3.7850000e+00	   3.9800000e+00	   1.2450000e+00	   2.0000000e+00	   1.0000000e+00	   3.0000000e+00	   1.0000000e+00	   1.8630000e+03	
   1.0300000e+02	   2.0800000e+02	   2.0500000e+02	   6.0000000e+00	   4.0000000e+00	   3.9950000e+00	   4.7600000e+00	   2.0150000e+00	   2.0000000e+00	   1.0000000e+00	   3.0000000e+00	   1.0000000e+00	   1.9720000e+03	
   1.0300000e+02	   1.1400000e+02	   1.0400000e+02	   3.0000000e+00	   1.0000000e+00	   3.9950000e+00	   3.9750000e+00	   1.7500000e+00	   3.0000000e+00	   1.0000000e+00	   2.0000000e+00	   3.0000000e+00	   9.0800000e+03	
   1.0300000e+02	   1.1400000e+02	   3.0300000e+02	   1.2000000e+01	   1.0000000e+00	   3.9950000e+00	   3.9750000e+00	   3.1400000e+00	   1.0000000e+00	   2.0000000e+00	   3.0000000e+00	   1.0000000e+00	   2.3100000e+03	
   1.0900000e+02	   2.1500000e+02	   3.0900000e+02	   1.4000000e+01	   3.0000000e+00	   3.4150000e+00	   3.9800000e+00	   0.0000000e+00	   2.0000000e+00	   3.0000000e+00	   1.0000000e+00	   3.0000000e+00	   1.2790000e+03	
   1.1400000e+02	   1.1600000e+02	   2.0100000e+02	   5.0000000e+00	   5.0000000e+00	   3.9750000e+00	   5.0000000e+00	   1.1350000e+00	   3.0000000e+00	   1.0000000e+00	   2.0000000e+00	   1.0000000e+00	   1.4470000e+03	
   1.0700000e+02	   1.1000000e+02	   1.0400000e+02	   3.0000000e+00	   1.0000000e+00	   3.9950000e+00	   4.0050000e+00	   1.7500000e+00	   3.0000000e+00	   2.0000000e+00	   1.0000000e+00	   3.0000000e+00	   1.7800000e+03	
   1.0700000e+02	   2.1500000e+02	   3.0900000e+02	   1.4000000e+01	   1.0000000e+00	   3.9950000e+00	   3.9800000e+00	   0.0000000e+00	   3.0000000e+00	   1.0000000e+00	   2.0000000e+00	   3.0000000e+00	   1.1680000e+04	
   1.0300000e+02	   1.1400000e+02	   3.0900000e+02	   1.4000000e+01	   1.0000000e+00	   3.9950000e+00	   3.9750000e+00	   0.0000000e+00	   3.0000000e+00	   2.0000000e+00	   1.0000000e+00	   3.0000000e+00	   1.4930000e+03	
   1.1300000e+02	   3.1100000e+02	   2.1400000e+02	   9.0000000e+00	   5.0000000e+00	   5.0000000e+00	   3.7750000e+00	   3.3250000e+00	   1.0000000e+00	   3.0000000e+00	   2.0000000e+00	   1.0000000e+00	   1.0300000e+03	
   1.1200000e+02	   1.1400000e+02	   3.0800000e+02	   1.3000000e+01	   3.0000000e+00	   3.5000000e+00	   3.9750000e+00	   1.0650000e+00	   1.0000000e+00	   3.0000000e+00	   2.0000000e+00	   1.0000000e+00	   2.0340000e+03	
   1.0500000e+02	   1.1400000e+02	   2.0100000e+02	   5.0000000e+00	   1.0000000e+00	   3.7850000e+00	   3.9750000e+00	   1.1350000e+00	   2.0000000e+00	   3.0000000e+00	   1.0000000e+00	   3.0000000e+00	   1.0228000e+04	
   1.1600000e+02	   2.0800000e+02	   3.0200000e+02	   1.1000000e+01	   2.0000000e+00	   5.0000000e+00	   4.7600000e+00	   0.0000000e+00	   2.0000000e+00	   3.0000000e+00	   1.0000000e+00	   3.0000000e+00	   2.5589000e+04	
   1.0800000e+02	   1.1500000e+02	   2.1300000e+02	   8.0000000e+00	   3.0000000e+00	   3.9950000e+00	   3.5550000e+00	   2.9000000e+00	   1.0000000e+00	   2.0000000e+00	   3.0000000e+00	   2.0000000e+00	   4.3780000e+03	
   1.1200000e+02	   1.1600000e+02	   3.0200000e+02	   1.1000000e+01	   5.0000000e+00	   3.5000000e+00	   5.0000000e+00	   0.0000000e+00	   2.0000000e+00	   1.0000000e+00	   3.0000000e+00	   1.0000000e+00	   1.4750000e+03	
   1.0500000e+02	   1.1000000e+02	   1.0600000e+02	   4.0000000e+00	   2.0000000e+00	   3.7850000e+00	   4.0050000e+00	   1.5350000e+00	   1.0000000e+00	   2.0000000e+00	   3.0000000e+00	   2.0000000e+00	   4.7510000e+03	
   2.1500000e+02	   3.1100000e+02	   2.0500000e+02	   6.0000000e+00	   2.0000000e+00	   3.9800000e+00	   3.7750000e+00	   2.0150000e+00	   2.0000000e+00	   1.0000000e+00	   3.0000000e+00	   2.0000000e+00	   2.2180000e+03	
   1.1400000e+02	   1.1500000e+02	   2.1200000e+02	   7.0000000e+00	   3.0000000e+00	   3.9750000e+00	   3.5550000e+00	   1.2450000e+00	   1.0000000e+00	   2.0000000e+00	   3.0000000e+00	   2.0000000e+00	   2.3810000e+03	
   1.1200000e+02	   2.0800000e+02	   2.0500000e+02	   6.0000000e+00	   5.0000000e+00	   3.5000000e+00	   4.7600000e+00	   2.0150000e+00	   1.0000000e+00	   3.0000000e+00	   2.0000000e+00	   3.0000000e+00	   1.3040000e+03	
   1.0500000e+02	   1.1600000e+02	   3.1400000e+02	   1.5000000e+01	   5.0000000e+00	   3.7850000e+00	   5.0000000e+00	   1.8000000e-01	   1.0000000e+00	   2.0000000e+00	   3.0000000e+00	   2.0000000e+00	   1.5690000e+03	
   1.0900000e+02	   1.1600000e+02	   2.1200000e+02	   7.0000000e+00	   5.0000000e+00	   3.4150000e+00	   5.0000000e+00	   1.2450000e+00	   3.0000000e+00	   2.0000000e+00	   1.0000000e+00	   2.0000000e+00	   2.5780000e+03	
   1.1300000e+02	   3.1000000e+02	   3.0100000e+02	   1.0000000e+01	   5.0000000e+00	   5.0000000e+00	   3.3850000e+00	   8.1000000e-01	   1.0000000e+00	   2.0000000e+00	   3.0000000e+00	   1.0000000e+00	   1.0160000e+03	
   1.1000000e+02	   1.1400000e+02	   3.0100000e+02	   1.0000000e+01	   1.0000000e+00	   4.0050000e+00	   3.9750000e+00	   8.1000000e-01	   2.0000000e+00	   1.0000000e+00	   3.0000000e+00	   2.0000000e+00	   2.2770000e+03	
   1.1200000e+02	   1.1400000e+02	   2.0500000e+02	   6.0000000e+00	   3.0000000e+00	   3.5000000e+00	   3.9750000e+00	   2.0150000e+00	   1.0000000e+00	   2.0000000e+00	   3.0000000e+00	   1.0000000e+00	   5.9610000e+03	
   1.1200000e+02	   2.0800000e+02	   3.0200000e+02	   1.1000000e+01	   5.0000000e+00	   3.5000000e+00	   4.7600000e+00	   0.0000000e+00	   3.0000000e+00	   1.0000000e+00	   2.0000000e+00	   1.0000000e+00	   1.3420000e+03	
   1.0500000e+02	   3.1000000e+02	   3.0200000e+02	   1.1000000e+01	   2.0000000e+00	   3.7850000e+00	   3.3850000e+00	   0.0000000e+00	   1.0000000e+00	   3.0000000e+00	   2.0000000e+00	   1.0000000e+00	   5.6140000e+03	
   1.1000000e+02	   1.1300000e+02	   2.1300000e+02	   8.0000000e+00	   4.0000000e+00	   4.0050000e+00	   5.0000000e+00	   2.9000000e+00	   1.0000000e+00	   3.0000000e+00	   2.0000000e+00	   3.0000000e+00	   7.5200000e+02	
   1.0900000e+02	   1.1200000e+02	   1.0400000e+02	   3.0000000e+00	   1.0000000e+00	   3.4150000e+00	   3.5000000e+00	   1.7500000e+00	   3.0000000e+00	   1.0000000e+00	   2.0000000e+00	   1.0000000e+00	   5.0280000e+03	
   1.1000000e+02	   3.1000000e+02	   2.1400000e+02	   9.0000000e+00	   4.0000000e+00	   4.0050000e+00	   3.3850000e+00	   3.3250000e+00	   3.0000000e+00	   2.0000000e+00	   1.0000000e+00	   3.0000000e+00	   1.4260000e+03	
   1.0300000e+02	   3.1100000e+02	   3.1400000e+02	   1.5000000e+01	   2.0000000e+00	   3.9950000e+00	   3.7750000e+00	   1.8000000e-01	   3.0000000e+00	   1.0000000e+00	   2.0000000e+00	   3.0000000e+00	   1.5330000e+03	
   2.1500000e+02	   3.1000000e+02	   2.1200000e+02	   7.0000000e+00	   3.0000000e+00	   3.9800000e+00	   3.3850000e+00	   1.2450000e+00	   3.0000000e+00	   2.0000000e+00	   1.0000000e+00	   3.0000000e+00	   4.9790000e+03	
   1.0900000e+02	   1.1200000e+02	   2.1200000e+02	   7.0000000e+00	   1.0000000e+00	   3.4150000e+00	   3.5000000e+00	   1.2450000e+00	   1.0000000e+00	   3.0000000e+00	   2.0000000e+00	   3.0000000e+00	   3.2020000e+03	
   1.0500000e+02	   1.1300000e+02	   1.0200000e+02	   2.0000000e+00	   5.0000000e+00	   3.7850000e+00	   5.0000000e+00	   2.2350000e+00	   2.0000000e+00	   1.0000000e+00	   3.0000000e+00	   1.0000000e+00	   7.1800000e+02	
   1.0300000e+02	   3.1000000e+02	   1.0100000e+02	   1.0000000e+00	   4.0000000e+00	   3.9950000e+00	   3.3850000e+00	   2.0250000e+00	   2.0000000e+00	   3.0000000e+00	   1.0000000e+00	   2.0000000e+00	   1.4570000e+03	
   1.1200000e+02	   2.1500000e+02	   3.0300000e+02	   1.2000000e+01	   3.0000000e+00	   3.5000000e+00	   3.9800000e+00	   3.1400000e+00	   2.0000000e+00	   1.0000000e+00	   3.0000000e+00	   1.0000000e+00	   1.7690000e+03	
   1.0800000e+02	   1.0900000e+02	   1.0600000e+02	   4.0000000e+00	   3.0000000e+00	   3.9950000e+00	   3.4150000e+00	   1.5350000e+00	   1.0000000e+00	   2.0000000e+00	   3.0000000e+00	   1.0000000e+00	   1.6630000e+03	
   1.0300000e+02	   3.1100000e+02	   1.0200000e+02	   2.0000000e+00	   2.0000000e+00	   3.9950000e+00	   3.7750000e+00	   2.2350000e+00	   2.0000000e+00	   1.0000000e+00	   3.0000000e+00	   2.0000000e+00	   1.2520000e+03	
   1.1400000e+02	   1.1500000e+02	   2.1400000e+02	   9.0000000e+00	   3.0000000e+00	   3.9750000e+00	   3.5550000e+00	   3.3250000e+00	   2.0000000e+00	   1.0000000e+00	   3.0000000e+00	   1.0000000e+00	   2.7040000e+03	
   1.0300000e+02	   1.0900000e+02	   3.0300000e+02	   1.2000000e+01	   3.0000000e+00	   3.9950000e+00	   3.4150000e+00	   3.1400000e+00	   3.0000000e+00	   1.0000000e+00	   2.0000000e+00	   3.0000000e+00	   1.2960000e+03	
   1.0300000e+02	   1.1300000e+02	   1.0600000e+02	   4.0000000e+00	   4.0000000e+00	   3.9950000e+00	   5.0000000e+00	   1.5350000e+00	   3.0000000e+00	   1.0000000e+00	   2.0000000e+00	   1.0000000e+00	   7.1100000e+02	
   1.0900000e+02	   1.1000000e+02	   2.1200000e+02	   7.0000000e+00	   3.0000000e+00	   3.4150000e+00	   4.0050000e+00	   1.2450000e+00	   3.0000000e+00	   2.0000000e+00	   1.0000000e+00	   2.0000000e+00	   1.9990000e+03	
   1.0500000e+02	   1.1500000e+02	   2.1400000e+02	   9.0000000e+00	   2.0000000e+00	   3.7850000e+00	   3.5550000e+00	   3.3250000e+00	   1.0000000e+00	   3.0000000e+00	   2.0000000e+00	   3.0000000e+00	   1.2200000e+03	
   1.0500000e+02	   1.0900000e+02	   2.0100000e+02	   5.0000000e+00	   2.0000000e+00	   3.7850000e+00	   3.4150000e+00	   1.1350000e+00	   3.0000000e+00	   2.0000000e+00	   1.0000000e+00	   3.0000000e+00	   1.9340000e+03	
   1.1200000e+02	   2.1500000e+02	   2.1300000e+02	   8.0000000e+00	   3.0000000e+00	   3.5000000e+00	   3.9800000e+00	   2.9000000e+00	   3.0000000e+00	   2.0000000e+00	   1.0000000e+00	   2.0000000e+00	   3.7170000e+03	
   2.0800000e+02	   3.1100000e+02	   1.0400000e+02	   3.0000000e+00	   4.0000000e+00	   4.7600000e+00	   3.7750000e+00	   1.7500000e+00	   1.0000000e+00	   3.0000000e+00	   2.0000000e+00	   1.0000000e+00	   1.2010000e+03	
   1.1500000e+02	   3.1000000e+02	   3.0200000e+02	   1.1000000e+01	   1.0000000e+00	   3.5550000e+00	   3.3850000e+00	   0.0000000e+00	   2.0000000e+00	   1.0000000e+00	   3.0000000e+00	   2.0000000e+00	   1.3690000e+03	
   1.0900000e+02	   1.1500000e+02	   3.1400000e+02	   1.5000000e+01	   1.0000000e+00	   3.4150000e+00	   3.5550000e+00	   1.8000000e-01	   3.0000000e+00	   1.0000000e+00	   2.0000000e+00	   1.0000000e+00	   1.5960000e+03	
   1.1000000e+02	   3.1100000e+02	   1.0400000e+02	   3.0000000e+00	   2.0000000e+00	   4.0050000e+00	   3.7750000e+00	   1.7500000e+00	   3.0000000e+00	   2.0000000e+00	   1.0000000e+00	   3.0000000e+00	   1.3760000e+03	
   1.0700000e+02	   1.1500000e+02	   3.0200000e+02	   1.1000000e+01	   3.0000000e+00	   3.9950000e+00	   3.5550000e+00	   0.0000000e+00	   2.0000000e+00	   3.0000000e+00	   1.0000000e+00	   3.0000000e+00	   9.4040000e+03	
   1.0900000e+02	   1.1600000e+02	   1.0200000e+02	   2.0000000e+00	   5.0000000e+00	   3.4150000e+00	   5.0000000e+00	   2.2350000e+00	   1.0000000e+00	   3.0000000e+00	   2.0000000e+00	   3.0000000e+00	   1.1730000e+03	
   1.0300000e+02	   2.1500000e+02	   1.0100000e+02	   1.0000000e+00	   1.0000000e+00	   3.9950000e+00	   3.9800000e+00	   2.0250000e+00	   3.0000000e+00	   1.0000000e+00	   2.0000000e+00	   3.0000000e+00	   6.2260000e+03	
   1.1400000e+02	   2.0800000e+02	   3.0100000e+02	   1.0000000e+01	   4.0000000e+00	   3.9750000e+00	   4.7600000e+00	   8.1000000e-01	   3.0000000e+00	   1.0000000e+00	   2.0000000e+00	   1.0000000e+00	   1.2980000e+03	
   1.0800000e+02	   2.0800000e+02	   2.1300000e+02	   8.0000000e+00	   4.0000000e+00	   3.9950000e+00	   4.7600000e+00	   2.9000000e+00	   3.0000000e+00	   1.0000000e+00	   2.0000000e+00	   1.0000000e+00	   1.4780000e+03	
   1.0500000e+02	   1.1500000e+02	   3.0300000e+02	   1.2000000e+01	   2.0000000e+00	   3.7850000e+00	   3.5550000e+00	   3.1400000e+00	   1.0000000e+00	   2.0000000e+00	   3.0000000e+00	   2.0000000e+00	   1.6650000e+03	
   1.1000000e+02	   2.0800000e+02	   3.0900000e+02	   1.4000000e+01	   4.0000000e+00	   4.0050000e+00	   4.7600000e+00	   0.0000000e+00	   1.0000000e+00	   2.0000000e+00	   3.0000000e+00	   2.0000000e+00	   1.3970000e+03	
   1.1400000e+02	   2.0800000e+02	   3.1400000e+02	   1.5000000e+01	   4.0000000e+00	   3.9750000e+00	   4.7600000e+00	   1.8000000e-01	   1.0000000e+00	   3.0000000e+00	   2.0000000e+00	   3.0000000e+00	   1.5290000e+03	
   1.1200000e+02	   2.1500000e+02	   1.0400000e+02	   3.0000000e+00	   3.0000000e+00	   3.5000000e+00	   3.9800000e+00	   1.7500000e+00	   1.0000000e+00	   2.0000000e+00	   3.0000000e+00	   2.0000000e+00	   9.5470000e+03	
   1.1600000e+02	   2.1500000e+02	   2.0500000e+02	   6.0000000e+00	   5.0000000e+00	   5.0000000e+00	   3.9800000e+00	   2.0150000e+00	   3.0000000e+00	   1.0000000e+00	   2.0000000e+00	   3.0000000e+00	   2.5250000e+03	
   1.1200000e+02	   2.0800000e+02	   3.0800000e+02	   1.3000000e+01	   5.0000000e+00	   3.5000000e+00	   4.7600000e+00	   1.0650000e+00	   1.0000000e+00	   3.0000000e+00	   2.0000000e+00	   3.0000000e+00	   1.4360000e+03	
   1.0700000e+02	   2.1500000e+02	   1.0200000e+02	   2.0000000e+00	   1.0000000e+00	   3.9950000e+00	   3.9800000e+00	   2.2350000e+00	   1.0000000e+00	   2.0000000e+00	   3.0000000e+00	   1.0000000e+00	   2.2720000e+03	
   1.1000000e+02	   1.1600000e+02	   2.0100000e+02	   5.0000000e+00	   4.0000000e+00	   4.0050000e+00	   5.0000000e+00	   1.1350000e+00	   1.0000000e+00	   2.0000000e+00	   3.0000000e+00	   2.0000000e+00	   1.2830000e+03	
   1.1200000e+02	   2.1500000e+02	   1.0100000e+02	   1.0000000e+00	   3.0000000e+00	   3.5000000e+00	   3.9800000e+00	   2.0250000e+00	   3.0000000e+00	   1.0000000e+00	   2.0000000e+00	   1.0000000e+00	   1.8490000e+03	
   1.0900000e+02	   1.1300000e+02	   3.0300000e+02	   1.2000000e+01	   5.0000000e+00	   3.4150000e+00	   5.0000000e+00	   3.1400000e+00	   3.0000000e+00	   1.0000000e+00	   2.0000000e+00	   1.0000000e+00	   7.3500000e+02	
   1.1200000e+02	   3.1000000e+02	   2.1200000e+02	   7.0000000e+00	   1.0000000e+00	   3.5000000e+00	   3.3850000e+00	   1.2450000e+00	   2.0000000e+00	   1.0000000e+00	   3.0000000e+00	   2.0000000e+00	   1.9230000e+03	
   1.0800000e+02	   1.1000000e+02	   1.0100000e+02	   1.0000000e+00	   1.0000000e+00	   3.9950000e+00	   4.0050000e+00	   2.0250000e+00	   2.0000000e+00	   1.0000000e+00	   3.0000000e+00	   2.0000000e+00	   1.8120000e+03	
   1.1200000e+02	   1.1600000e+02	   3.1400000e+02	   1.5000000e+01	   5.0000000e+00	   3.5000000e+00	   5.0000000e+00	   1.8000000e-01	   1.0000000e+00	   3.0000000e+00	   2.0000000e+00	   3.0000000e+00	   1.0440000e+03	
   1.0900000e+02	   1.1300000e+02	   2.1200000e+02	   7.0000000e+00	   5.0000000e+00	   3.4150000e+00	   5.0000000e+00	   1.2450000e+00	   3.0000000e+00	   2.0000000e+00	   1.0000000e+00	   2.0000000e+00	   7.0200000e+02	
   1.0300000e+02	   2.1500000e+02	   3.0900000e+02	   1.4000000e+01	   1.0000000e+00	   3.9950000e+00	   3.9800000e+00	   0.0000000e+00	   2.0000000e+00	   1.0000000e+00	   3.0000000e+00	   2.0000000e+00	   2.9500000e+03	
   1.1000000e+02	   3.1100000e+02	   3.1400000e+02	   1.5000000e+01	   2.0000000e+00	   4.0050000e+00	   3.7750000e+00	   1.8000000e-01	   2.0000000e+00	   3.0000000e+00	   1.0000000e+00	   2.0000000e+00	   1.2830000e+03	
   1.1400000e+02	   1.1500000e+02	   3.0100000e+02	   1.0000000e+01	   3.0000000e+00	   3.9750000e+00	   3.5550000e+00	   8.1000000e-01	   1.0000000e+00	   2.0000000e+00	   3.0000000e+00	   2.0000000e+00	   1.1890000e+03	
   1.1200000e+02	   2.0800000e+02	   1.0400000e+02	   3.0000000e+00	   5.0000000e+00	   3.5000000e+00	   4.7600000e+00	   1.7500000e+00	   1.0000000e+00	   2.0000000e+00	   3.0000000e+00	   2.0000000e+00	   1.6330000e+03	
   1.1200000e+02	   3.1100000e+02	   2.0500000e+02	   6.0000000e+00	   2.0000000e+00	   3.5000000e+00	   3.7750000e+00	   2.0150000e+00	   1.0000000e+00	   2.0000000e+00	   3.0000000e+00	   1.0000000e+00	   1.6760000e+03	
   1.0700000e+02	   1.1300000e+02	   3.0200000e+02	   1.1000000e+01	   4.0000000e+00	   3.9950000e+00	   5.0000000e+00	   0.0000000e+00	   3.0000000e+00	   2.0000000e+00	   1.0000000e+00	   2.0000000e+00	   7.2800000e+02	
   1.0900000e+02	   2.0800000e+02	   3.0300000e+02	   1.2000000e+01	   5.0000000e+00	   3.4150000e+00	   4.7600000e+00	   3.1400000e+00	   3.0000000e+00	   2.0000000e+00	   1.0000000e+00	   2.0000000e+00	   1.3630000e+03	
   1.0900000e+02	   1.1300000e+02	   2.1300000e+02	   8.0000000e+00	   5.0000000e+00	   3.4150000e+00	   5.0000000e+00	   2.9000000e+00	   2.0000000e+00	   1.0000000e+00	   3.0000000e+00	   1.0000000e+00	   7.5400000e+02	
   1.0300000e+02	   1.0500000e+02	   1.0600000e+02	   4.0000000e+00	   2.0000000e+00	   3.9950000e+00	   3.7850000e+00	   1.5350000e+00	   2.0000000e+00	   3.0000000e+00	   1.0000000e+00	   2.0000000e+00	   1.5200000e+03	
   1.1000000e+02	   2.1500000e+02	   1.0100000e+02	   1.0000000e+00	   1.0000000e+00	   4.0050000e+00	   3.9800000e+00	   2.0250000e+00	   1.0000000e+00	   3.0000000e+00	   2.0000000e+00	   1.0000000e+00	   1.4678000e+04	
   1.0800000e+02	   1.1500000e+02	   2.0500000e+02	   6.0000000e+00	   3.0000000e+00	   3.9950000e+00	   3.5550000e+00	   2.0150000e+00	   1.0000000e+00	   2.0000000e+00	   3.0000000e+00	   2.0000000e+00	   1.1330000e+03	
   1.0300000e+02	   1.1200000e+02	   3.0900000e+02	   1.4000000e+01	   3.0000000e+00	   3.9950000e+00	   3.5000000e+00	   0.0000000e+00	   2.0000000e+00	   3.0000000e+00	   1.0000000e+00	   2.0000000e+00	   1.4300000e+03	
   1.1000000e+02	   2.0800000e+02	   2.1400000e+02	   9.0000000e+00	   4.0000000e+00	   4.0050000e+00	   4.7600000e+00	   3.3250000e+00	   3.0000000e+00	   1.0000000e+00	   2.0000000e+00	   1.0000000e+00	   1.7670000e+03	
   1.1400000e+02	   1.1500000e+02	   3.0800000e+02	   1.3000000e+01	   3.0000000e+00	   3.9750000e+00	   3.5550000e+00	   1.0650000e+00	   2.0000000e+00	   3.0000000e+00	   1.0000000e+00	   3.0000000e+00	   1.4540000e+03	
   1.0800000e+02	   2.0800000e+02	   3.0200000e+02	   1.1000000e+01	   4.0000000e+00	   3.9950000e+00	   4.7600000e+00	   0.0000000e+00	   1.0000000e+00	   2.0000000e+00	   3.0000000e+00	   2.0000000e+00	   1.1690000e+03	
   1.0500000e+02	   1.1400000e+02	   1.0600000e+02	   4.0000000e+00	   1.0000000e+00	   3.7850000e+00	   3.9750000e+00	   1.5350000e+00	   3.0000000e+00	   1.0000000e+00	   2.0000000e+00	   3.0000000e+00	   1.9390000e+03	
   1.0700000e+02	   1.0900000e+02	   2.1400000e+02	   9.0000000e+00	   3.0000000e+00	   3.9950000e+00	   3.4150000e+00	   3.3250000e+00	   1.0000000e+00	   3.0000000e+00	   2.0000000e+00	   1.0000000e+00	   1.3310000e+03	
   1.0300000e+02	   1.1300000e+02	   3.0300000e+02	   1.2000000e+01	   4.0000000e+00	   3.9950000e+00	   5.0000000e+00	   3.1400000e+00	   1.0000000e+00	   2.0000000e+00	   3.0000000e+00	   2.0000000e+00	   7.1300000e+02	
   1.0700000e+02	   1.1600000e+02	   1.0200000e+02	   2.0000000e+00	   4.0000000e+00	   3.9950000e+00	   5.0000000e+00	   2.2350000e+00	   1.0000000e+00	   3.0000000e+00	   2.0000000e+00	   3.0000000e+00	   1.0360000e+03	
   1.0500000e+02	   3.1000000e+02	   2.1200000e+02	   7.0000000e+00	   2.0000000e+00	   3.7850000e+00	   3.3850000e+00	   1.2450000e+00	   2.0000000e+00	   1.0000000e+00	   3.0000000e+00	   2.0000000e+00	   1.6250000e+03	
   1.0800000e+02	   1.0900000e+02	   1.0200000e+02	   2.0000000e+00	   3.0000000e+00	   3.9950000e+00	   3.4150000e+00	   2.2350000e+00	   3.0000000e+00	   1.0000000e+00	   2.0000000e+00	   3.0000000e+00	   1.5150000e+03	
   1.0500000e+02	   3.1100000e+02	   1.0600000e+02	   4.0000000e+00	   1.0000000e+00	   3.7850000e+00	   3.7750000e+00	   1.5350000e+00	   3.0000000e+00	   1.0000000e+00	   2.0000000e+00	   3.0000000e+00	   1.3970000e+03	
   1.1600000e+02	   2.1500000e+02	   2.1400000e+02	   9.0000000e+00	   5.0000000e+00	   5.0000000e+00	   3.9800000e+00	   3.3250000e+00	   2.0000000e+00	   1.0000000e+00	   3.0000000e+00	   2.0000000e+00	   2.4720000e+03	
   1.0500000e+02	   1.0900000e+02	   1.0100000e+02	   1.0000000e+00	   2.0000000e+00	   3.7850000e+00	   3.4150000e+00	   2.0250000e+00	   1.0000000e+00	   2.0000000e+00	   3.0000000e+00	   1.0000000e+00	   2.6260000e+03	
   1.0500000e+02	   1.1500000e+02	   3.0900000e+02	   1.4000000e+01	   2.0000000e+00	   3.7850000e+00	   3.5550000e+00	   0.0000000e+00	   1.0000000e+00	   3.0000000e+00	   2.0000000e+00	   3.0000000e+00	   1.2540000e+03	
   1.0300000e+02	   1.1400000e+02	   2.0500000e+02	   6.0000000e+00	   1.0000000e+00	   3.9950000e+00	   3.9750000e+00	   2.0150000e+00	   1.0000000e+00	   3.0000000e+00	   2.0000000e+00	   1.0000000e+00	   1.3480000e+03	
   2.1500000e+02	   3.1100000e+02	   2.1400000e+02	   9.0000000e+00	   2.0000000e+00	   3.9800000e+00	   3.7750000e+00	   3.3250000e+00	   1.0000000e+00	   2.0000000e+00	   3.0000000e+00	   1.0000000e+00	   1.3860000e+03	
   1.1300000e+02	   3.1100000e+02	   1.0600000e+02	   4.0000000e+00	   5.0000000e+00	   5.0000000e+00	   3.7750000e+00	   1.5350000e+00	   1.0000000e+00	   3.0000000e+00	   2.0000000e+00	   1.0000000e+00	   7.2300000e+02	
   1.0500000e+02	   1.0900000e+02	   2.0500000e+02	   6.0000000e+00	   2.0000000e+00	   3.7850000e+00	   3.4150000e+00	   2.0150000e+00	   3.0000000e+00	   1.0000000e+00	   2.0000000e+00	   3.0000000e+00	   1.5700000e+03	
   1.1400000e+02	   3.1100000e+02	   3.0900000e+02	   1.4000000e+01	   2.0000000e+00	   3.9750000e+00	   3.7750000e+00	   0.0000000e+00	   2.0000000e+00	   3.0000000e+00	   1.0000000e+00	   3.0000000e+00	   4.3130000e+03	
   1.1600000e+02	   2.0800000e+02	   1.0200000e+02	   2.0000000e+00	   2.0000000e+00	   5.0000000e+00	   4.7600000e+00	   2.2350000e+00	   2.0000000e+00	   3.0000000e+00	   1.0000000e+00	   3.0000000e+00	   4.5260000e+03	
   1.1000000e+02	   1.1300000e+02	   1.0400000e+02	   3.0000000e+00	   4.0000000e+00	   4.0050000e+00	   5.0000000e+00	   1.7500000e+00	   2.0000000e+00	   1.0000000e+00	   3.0000000e+00	   1.0000000e+00	   7.6200000e+02	
   1.0800000e+02	   1.1600000e+02	   2.1400000e+02	   9.0000000e+00	   4.0000000e+00	   3.9950000e+00	   5.0000000e+00	   3.3250000e+00	   3.0000000e+00	   2.0000000e+00	   1.0000000e+00	   2.0000000e+00	   1.0600000e+03	
   1.0900000e+02	   1.1600000e+02	   3.0800000e+02	   1.3000000e+01	   5.0000000e+00	   3.4150000e+00	   5.0000000e+00	   1.0650000e+00	   2.0000000e+00	   1.0000000e+00	   3.0000000e+00	   1.0000000e+00	   9.9900000e+02	
   1.0300000e+02	   1.1200000e+02	   2.0100000e+02	   5.0000000e+00	   3.0000000e+00	   3.9950000e+00	   3.5000000e+00	   1.1350000e+00	   3.0000000e+00	   1.0000000e+00	   2.0000000e+00	   3.0000000e+00	   1.3700000e+03	
   1.1400000e+02	   2.1500000e+02	   2.1400000e+02	   9.0000000e+00	   1.0000000e+00	   3.9750000e+00	   3.9800000e+00	   3.3250000e+00	   3.0000000e+00	   2.0000000e+00	   1.0000000e+00	   2.0000000e+00	   1.3870000e+03	
   1.0500000e+02	   1.1600000e+02	   1.0400000e+02	   3.0000000e+00	   5.0000000e+00	   3.7850000e+00	   5.0000000e+00	   1.7500000e+00	   2.0000000e+00	   1.0000000e+00	   3.0000000e+00	   1.0000000e+00	   8.9700000e+02	
   1.0500000e+02	   2.0800000e+02	   3.0900000e+02	   1.4000000e+01	   4.0000000e+00	   3.7850000e+00	   4.7600000e+00	   0.0000000e+00	   3.0000000e+00	   1.0000000e+00	   2.0000000e+00	   1.0000000e+00	   1.5970000e+03	
   1.0800000e+02	   2.1500000e+02	   3.0800000e+02	   1.3000000e+01	   1.0000000e+00	   3.9950000e+00	   3.9800000e+00	   1.0650000e+00	   2.0000000e+00	   3.0000000e+00	   1.0000000e+00	   3.0000000e+00	   2.0539000e+04	
   1.0800000e+02	   3.1100000e+02	   1.0200000e+02	   2.0000000e+00	   2.0000000e+00	   3.9950000e+00	   3.7750000e+00	   2.2350000e+00	   2.0000000e+00	   1.0000000e+00	   3.0000000e+00	   2.0000000e+00	   1.2440000e+03	
   1.1300000e+02	   2.0800000e+02	   1.0400000e+02	   3.0000000e+00	   2.0000000e+00	   5.0000000e+00	   4.7600000e+00	   1.7500000e+00	   2.0000000e+00	   3.0000000e+00	   1.0000000e+00	   2.0000000e+00	   7.5900000e+02	
   1.0300000e+02	   1.1400000e+02	   1.0200000e+02	   2.0000000e+00	   1.0000000e+00	   3.9950000e+00	   3.9750000e+00	   2.2350000e+00	   1.0000000e+00	   3.0000000e+00	   2.0000000e+00	   1.0000000e+00	   1.0640000e+03	
   1.0500000e+02	   1.1200000e+02	   3.0200000e+02	   1.1000000e+01	   2.0000000e+00	   3.7850000e+00	   3.5000000e+00	   0.0000000e+00	   3.0000000e+00	   1.0000000e+00	   2.0000000e+00	   3.0000000e+00	   2.0200000e+03	
   1.0900000e+02	   1.1300000e+02	   1.0400000e+02	   3.0000000e+00	   5.0000000e+00	   3.4150000e+00	   5.0000000e+00	   1.7500000e+00	   3.0000000e+00	   2.0000000e+00	   1.0000000e+00	   2.0000000e+00	   9.4000000e+02	
   1.1500000e+02	   1.1600000e+02	   3.0900000e+02	   1.4000000e+01	   5.0000000e+00	   3.5550000e+00	   5.0000000e+00	   0.0000000e+00	   2.0000000e+00	   1.0000000e+00	   3.0000000e+00	   2.0000000e+00	   1.0174000e+04	
   1.0900000e+02	   1.1300000e+02	   1.0100000e+02	   1.0000000e+00	   5.0000000e+00	   3.4150000e+00	   5.0000000e+00	   2.0250000e+00	   3.0000000e+00	   1.0000000e+00	   2.0000000e+00	   1.0000000e+00	   8.1800000e+02	
   1.1000000e+02	   1.1200000e+02	   3.0300000e+02	   1.2000000e+01	   3.0000000e+00	   4.0050000e+00	   3.5000000e+00	   3.1400000e+00	   2.0000000e+00	   1.0000000e+00	   3.0000000e+00	   2.0000000e+00	   1.8920000e+03	
   1.1400000e+02	   2.1500000e+02	   1.0400000e+02	   3.0000000e+00	   1.0000000e+00	   3.9750000e+00	   3.9800000e+00	   1.7500000e+00	   3.0000000e+00	   1.0000000e+00	   2.0000000e+00	   1.0000000e+00	   1.4370000e+03	
   1.0900000e+02	   1.1500000e+02	   1.0600000e+02	   4.0000000e+00	   1.0000000e+00	   3.4150000e+00	   3.5550000e+00	   1.5350000e+00	   3.0000000e+00	   2.0000000e+00	   1.0000000e+00	   2.0000000e+00	   1.2680000e+03	
   1.1200000e+02	   3.1000000e+02	   3.0300000e+02	   1.2000000e+01	   1.0000000e+00	   3.5000000e+00	   3.3850000e+00	   3.1400000e+00	   3.0000000e+00	   2.0000000e+00	   1.0000000e+00	   3.0000000e+00	   2.5590000e+03	
   1.0500000e+02	   1.1000000e+02	   1.0100000e+02	   1.0000000e+00	   2.0000000e+00	   3.7850000e+00	   4.0050000e+00	   2.0250000e+00	   3.0000000e+00	   2.0000000e+00	   1.0000000e+00	   2.0000000e+00	   1.2390000e+03	
   1.1300000e+02	   1.1500000e+02	   2.0500000e+02	   6.0000000e+00	   5.0000000e+00	   5.0000000e+00	   3.5550000e+00	   2.0150000e+00	   2.0000000e+00	   1.0000000e+00	   3.0000000e+00	   2.0000000e+00	   6.3400000e+02	
   1.0900000e+02	   3.1100000e+02	   3.0300000e+02	   1.2000000e+01	   2.0000000e+00	   3.4150000e+00	   3.7750000e+00	   3.1400000e+00	   2.0000000e+00	   3.0000000e+00	   1.0000000e+00	   3.0000000e+00	   2.9810000e+03	
   1.1400000e+02	   3.1000000e+02	   3.0100000e+02	   1.0000000e+01	   3.0000000e+00	   3.9750000e+00	   3.3850000e+00	   8.1000000e-01	   3.0000000e+00	   2.0000000e+00	   1.0000000e+00	   2.0000000e+00	   2.3900000e+03	
   1.1200000e+02	   3.1100000e+02	   3.0300000e+02	   1.2000000e+01	   2.0000000e+00	   3.5000000e+00	   3.7750000e+00	   3.1400000e+00	   1.0000000e+00	   3.0000000e+00	   2.0000000e+00	   3.0000000e+00	   2.6500000e+03	
   1.0300000e+02	   1.1000000e+02	   2.1400000e+02	   9.0000000e+00	   1.0000000e+00	   3.9950000e+00	   4.0050000e+00	   3.3250000e+00	   2.0000000e+00	   1.0000000e+00	   3.0000000e+00	   1.0000000e+00	   1.8960000e+03	
   1.1200000e+02	   1.1500000e+02	   3.0200000e+02	   1.1000000e+01	   1.0000000e+00	   3.5000000e+00	   3.5550000e+00	   0.0000000e+00	   1.0000000e+00	   3.0000000e+00	   2.0000000e+00	   3.0000000e+00	   1.1450000e+03	
   1.0300000e+02	   1.1000000e+02	   3.0900000e+02	   1.4000000e+01	   1.0000000e+00	   3.9950000e+00	   4.0050000e+00	   0.0000000e+00	   3.0000000e+00	   1.0000000e+00	   2.0000000e+00	   3.0000000e+00	   8.6260000e+03	
   1.0900000e+02	   1.1600000e+02	   2.1400000e+02	   9.0000000e+00	   5.0000000e+00	   3.4150000e+00	   5.0000000e+00	   3.3250000e+00	   3.0000000e+00	   1.0000000e+00	   2.0000000e+00	   1.0000000e+00	   1.0700000e+03	
   1.0500000e+02	   1.0700000e+02	   2.1300000e+02	   8.0000000e+00	   2.0000000e+00	   3.7850000e+00	   3.9950000e+00	   2.9000000e+00	   2.0000000e+00	   1.0000000e+00	   3.0000000e+00	   1.0000000e+00	   1.4380000e+03	
   1.0300000e+02	   1.1600000e+02	   3.0200000e+02	   1.1000000e+01	   4.0000000e+00	   3.9950000e+00	   5.0000000e+00	   0.0000000e+00	   3.0000000e+00	   1.0000000e+00	   2.0000000e+00	   1.0000000e+00	   1.4850000e+03	
   1.0500000e+02	   1.1400000e+02	   2.1300000e+02	   8.0000000e+00	   1.0000000e+00	   3.7850000e+00	   3.9750000e+00	   2.9000000e+00	   3.0000000e+00	   2.0000000e+00	   1.0000000e+00	   3.0000000e+00	   2.6360000e+03	
   1.1200000e+02	   1.1400000e+02	   1.0600000e+02	   4.0000000e+00	   3.0000000e+00	   3.5000000e+00	   3.9750000e+00	   1.5350000e+00	   2.0000000e+00	   3.0000000e+00	   1.0000000e+00	   2.0000000e+00	   2.8630000e+03	
   1.0700000e+02	   3.1100000e+02	   1.0600000e+02	   4.0000000e+00	   2.0000000e+00	   3.9950000e+00	   3.7750000e+00	   1.5350000e+00	   2.0000000e+00	   1.0000000e+00	   3.0000000e+00	   2.0000000e+00	   1.4390000e+03	
   2.1500000e+02	   3.1000000e+02	   1.0100000e+02	   1.0000000e+00	   3.0000000e+00	   3.9800000e+00	   3.3850000e+00	   2.0250000e+00	   2.0000000e+00	   1.0000000e+00	   3.0000000e+00	   2.0000000e+00	   2.1680000e+03	
   1.0800000e+02	   2.0800000e+02	   2.1200000e+02	   7.0000000e+00	   4.0000000e+00	   3.9950000e+00	   4.7600000e+00	   1.2450000e+00	   1.0000000e+00	   2.0000000e+00	   3.0000000e+00	   2.0000000e+00	   1.4780000e+03	
   1.0500000e+02	   1.1400000e+02	   2.1200000e+02	   7.0000000e+00	   1.0000000e+00	   3.7850000e+00	   3.9750000e+00	   1.2450000e+00	   1.0000000e+00	   3.0000000e+00	   2.0000000e+00	   1.0000000e+00	   3.2240000e+03	
   1.0800000e+02	   2.1500000e+02	   3.0100000e+02	   1.0000000e+01	   1.0000000e+00	   3.9950000e+00	   3.9800000e+00	   8.1000000e-01	   2.0000000e+00	   3.0000000e+00	   1.0000000e+00	   3.0000000e+00	   4.6110000e+03	
   1.1400000e+02	   3.1100000e+02	   2.0500000e+02	   6.0000000e+00	   2.0000000e+00	   3.9750000e+00	   3.7750000e+00	   2.0150000e+00	   1.0000000e+00	   2.0000000e+00	   3.0000000e+00	   2.0000000e+00	   2.7410000e+03	
   1.1000000e+02	   1.1300000e+02	   3.0300000e+02	   1.2000000e+01	   4.0000000e+00	   4.0050000e+00	   5.0000000e+00	   3.1400000e+00	   3.0000000e+00	   2.0000000e+00	   1.0000000e+00	   2.0000000e+00	   7.4200000e+02	
   1.0300000e+02	   1.1300000e+02	   2.1200000e+02	   7.0000000e+00	   4.0000000e+00	   3.9950000e+00	   5.0000000e+00	   1.2450000e+00	   2.0000000e+00	   3.0000000e+00	   1.0000000e+00	   3.0000000e+00	   7.3800000e+02	
   2.1500000e+02	   3.1100000e+02	   2.1300000e+02	   8.0000000e+00	   2.0000000e+00	   3.9800000e+00	   3.7750000e+00	   2.9000000e+00	   2.0000000e+00	   1.0000000e+00	   3.0000000e+00	   2.0000000e+00	   1.1960000e+03	
   1.1500000e+02	   2.1500000e+02	   3.0900000e+02	   1.4000000e+01	   3.0000000e+00	   3.5550000e+00	   3.9800000e+00	   0.0000000e+00	   3.0000000e+00	   1.0000000e+00	   2.0000000e+00	   3.0000000e+00	   1.9360000e+03	
   1.0500000e+02	   1.1600000e+02	   1.0600000e+02	   4.0000000e+00	   5.0000000e+00	   3.7850000e+00	   5.0000000e+00	   1.5350000e+00	   1.0000000e+00	   3.0000000e+00	   2.0000000e+00	   3.0000000e+00	   9.8300000e+02	
   1.0700000e+02	   1.1400000e+02	   1.0200000e+02	   2.0000000e+00	   1.0000000e+00	   3.9950000e+00	   3.9750000e+00	   2.2350000e+00	   1.0000000e+00	   3.0000000e+00	   2.0000000e+00	   1.0000000e+00	   1.6290000e+03	
   1.1300000e+02	   1.1400000e+02	   1.0600000e+02	   4.0000000e+00	   5.0000000e+00	   5.0000000e+00	   3.9750000e+00	   1.5350000e+00	   3.0000000e+00	   1.0000000e+00	   2.0000000e+00	   3.0000000e+00	   6.9100000e+02	
   1.1200000e+02	   3.1000000e+02	   2.1300000e+02	   8.0000000e+00	   1.0000000e+00	   3.5000000e+00	   3.3850000e+00	   2.9000000e+00	   1.0000000e+00	   3.0000000e+00	   2.0000000e+00	   1.0000000e+00	   1.5390000e+03	
   1.1300000e+02	   3.1000000e+02	   3.0200000e+02	   1.1000000e+01	   5.0000000e+00	   5.0000000e+00	   3.3850000e+00	   0.0000000e+00	   2.0000000e+00	   3.0000000e+00	   1.0000000e+00	   2.0000000e+00	   8.3400000e+02	
   1.0700000e+02	   1.1600000e+02	   3.1400000e+02	   1.5000000e+01	   4.0000000e+00	   3.9950000e+00	   5.0000000e+00	   1.8000000e-01	   2.0000000e+00	   3.0000000e+00	   1.0000000e+00	   3.0000000e+00	   3.3170000e+03	
   1.0300000e+02	   1.1500000e+02	   3.0200000e+02	   1.1000000e+01	   3.0000000e+00	   3.9950000e+00	   3.5550000e+00	   0.0000000e+00	   1.0000000e+00	   3.0000000e+00	   2.0000000e+00	   3.0000000e+00	   1.3290000e+03	
   1.0900000e+02	   1.1200000e+02	   2.0100000e+02	   5.0000000e+00	   1.0000000e+00	   3.4150000e+00	   3.5000000e+00	   1.1350000e+00	   2.0000000e+00	   3.0000000e+00	   1.0000000e+00	   3.0000000e+00	   1.7410000e+03	
   1.0300000e+02	   1.0500000e+02	   3.0100000e+02	   1.0000000e+01	   2.0000000e+00	   3.9950000e+00	   3.7850000e+00	   8.1000000e-01	   1.0000000e+00	   2.0000000e+00	   3.0000000e+00	   1.0000000e+00	   1.7260000e+03	
   1.0900000e+02	   3.1100000e+02	   3.0800000e+02	   1.3000000e+01	   2.0000000e+00	   3.4150000e+00	   3.7750000e+00	   1.0650000e+00	   2.0000000e+00	   1.0000000e+00	   3.0000000e+00	   1.0000000e+00	   2.3680000e+03	
   1.0700000e+02	   1.1200000e+02	   2.0100000e+02	   5.0000000e+00	   3.0000000e+00	   3.9950000e+00	   3.5000000e+00	   1.1350000e+00	   2.0000000e+00	   3.0000000e+00	   1.0000000e+00	   2.0000000e+00	   1.6710000e+03	
   1.1200000e+02	   1.1400000e+02	   3.1400000e+02	   1.5000000e+01	   3.0000000e+00	   3.5000000e+00	   3.9750000e+00	   1.8000000e-01	   1.0000000e+00	   3.0000000e+00	   2.0000000e+00	   1.0000000e+00	   2.0940000e+03	
   1.0300000e+02	   1.1600000e+02	   3.0100000e+02	   1.0000000e+01	   4.0000000e+00	   3.9950000e+00	   5.0000000e+00	   8.1000000e-01	   1.0000000e+00	   2.0000000e+00	   3.0000000e+00	   2.0000000e+00	   1.5060000e+03	
   1.1500000e+02	   2.1500000e+02	   1.0600000e+02	   4.0000000e+00	   3.0000000e+00	   3.5550000e+00	   3.9800000e+00	   1.5350000e+00	   3.0000000e+00	   1.0000000e+00	   2.0000000e+00	   3.0000000e+00	   1.2610000e+03	
   1.1300000e+02	   3.1100000e+02	   3.0800000e+02	   1.3000000e+01	   5.0000000e+00	   5.0000000e+00	   3.7750000e+00	   1.0650000e+00	   2.0000000e+00	   3.0000000e+00	   1.0000000e+00	   2.0000000e+00	   6.4900000e+02	
   1.0800000e+02	   1.1600000e+02	   2.1200000e+02	   7.0000000e+00	   4.0000000e+00	   3.9950000e+00	   5.0000000e+00	   1.2450000e+00	   2.0000000e+00	   3.0000000e+00	   1.0000000e+00	   3.0000000e+00	   1.1240000e+03	
   1.0300000e+02	   1.1300000e+02	   3.0900000e+02	   1.4000000e+01	   4.0000000e+00	   3.9950000e+00	   5.0000000e+00	   0.0000000e+00	   1.0000000e+00	   3.0000000e+00	   2.0000000e+00	   3.0000000e+00	   4.9800000e+02	
   1.0700000e+02	   1.1500000e+02	   3.1400000e+02	   1.5000000e+01	   3.0000000e+00	   3.9950000e+00	   3.5550000e+00	   1.8000000e-01	   2.0000000e+00	   3.0000000e+00	   1.0000000e+00	   3.0000000e+00	   1.2020000e+03	
   1.0900000e+02	   1.1500000e+02	   1.0200000e+02	   2.0000000e+00	   1.0000000e+00	   3.4150000e+00	   3.5550000e+00	   2.2350000e+00	   2.0000000e+00	   1.0000000e+00	   3.0000000e+00	   1.0000000e+00	   1.1610000e+03	
   1.0800000e+02	   1.1000000e+02	   3.0800000e+02	   1.3000000e+01	   1.0000000e+00	   3.9950000e+00	   4.0050000e+00	   1.0650000e+00	   2.0000000e+00	   1.0000000e+00	   3.0000000e+00	   2.0000000e+00	   1.8340000e+03	
   1.1000000e+02	   3.1100000e+02	   1.0100000e+02	   1.0000000e+00	   2.0000000e+00	   4.0050000e+00	   3.7750000e+00	   2.0250000e+00	   1.0000000e+00	   3.0000000e+00	   2.0000000e+00	   1.0000000e+00	   9.9100000e+02	
   1.1000000e+02	   1.1500000e+02	   3.0200000e+02	   1.1000000e+01	   3.0000000e+00	   4.0050000e+00	   3.5550000e+00	   0.0000000e+00	   3.0000000e+00	   2.0000000e+00	   1.0000000e+00	   2.0000000e+00	   1.3080000e+03	
   1.1200000e+02	   2.0800000e+02	   3.0100000e+02	   1.0000000e+01	   5.0000000e+00	   3.5000000e+00	   4.7600000e+00	   8.1000000e-01	   3.0000000e+00	   2.0000000e+00	   1.0000000e+00	   2.0000000e+00	   1.2010000e+03	
   1.1500000e+02	   3.1100000e+02	   3.0900000e+02	   1.4000000e+01	   2.0000000e+00	   3.5550000e+00	   3.7750000e+00	   0.0000000e+00	   3.0000000e+00	   1.0000000e+00	   2.0000000e+00	   3.0000000e+00	   1.1700000e+03	
   1.1600000e+02	   3.1000000e+02	   2.0100000e+02	   5.0000000e+00	   5.0000000e+00	   5.0000000e+00	   3.3850000e+00	   1.1350000e+00	   2.0000000e+00	   1.0000000e+00	   3.0000000e+00	   2.0000000e+00	   1.2490000e+03	
   1.0800000e+02	   3.1100000e+02	   1.0400000e+02	   3.0000000e+00	   2.0000000e+00	   3.9950000e+00	   3.7750000e+00	   1.7500000e+00	   1.0000000e+00	   3.0000000e+00	   2.0000000e+00	   1.0000000e+00	   1.3890000e+03	
   1.1200000e+02	   1.1300000e+02	   1.0400000e+02	   3.0000000e+00	   5.0000000e+00	   3.5000000e+00	   5.0000000e+00	   1.7500000e+00	   2.0000000e+00	   1.0000000e+00	   3.0000000e+00	   1.0000000e+00	   9.3200000e+02	
   1.0300000e+02	   1.1500000e+02	   3.0100000e+02	   1.0000000e+01	   3.0000000e+00	   3.9950000e+00	   3.5550000e+00	   8.1000000e-01	   3.0000000e+00	   1.0000000e+00	   2.0000000e+00	   1.0000000e+00	   8.8600000e+02	
   2.1500000e+02	   3.1100000e+02	   2.1200000e+02	   7.0000000e+00	   2.0000000e+00	   3.9800000e+00	   3.7750000e+00	   1.2450000e+00	   1.0000000e+00	   3.0000000e+00	   2.0000000e+00	   1.0000000e+00	   3.7740000e+03	
   1.1600000e+02	   3.1100000e+02	   2.1300000e+02	   8.0000000e+00	   5.0000000e+00	   5.0000000e+00	   3.7750000e+00	   2.9000000e+00	   2.0000000e+00	   1.0000000e+00	   3.0000000e+00	   2.0000000e+00	   1.2910000e+03	
   1.0700000e+02	   1.1400000e+02	   1.0600000e+02	   4.0000000e+00	   1.0000000e+00	   3.9950000e+00	   3.9750000e+00	   1.5350000e+00	   2.0000000e+00	   1.0000000e+00	   3.0000000e+00	   2.0000000e+00	   1.9930000e+03	
   1.1500000e+02	   1.1600000e+02	   2.1400000e+02	   9.0000000e+00	   5.0000000e+00	   3.5550000e+00	   5.0000000e+00	   3.3250000e+00	   1.0000000e+00	   2.0000000e+00	   3.0000000e+00	   1.0000000e+00	   2.5770000e+03	
   1.0900000e+02	   1.1300000e+02	   3.0100000e+02	   1.0000000e+01	   5.0000000e+00	   3.4150000e+00	   5.0000000e+00	   8.1000000e-01	   2.0000000e+00	   1.0000000e+00	   3.0000000e+00	   1.0000000e+00	   2.0980000e+03	
   1.0900000e+02	   2.1500000e+02	   3.0800000e+02	   1.3000000e+01	   3.0000000e+00	   3.4150000e+00	   3.9800000e+00	   1.0650000e+00	   3.0000000e+00	   1.0000000e+00	   2.0000000e+00	   1.0000000e+00	   1.4790000e+03	
   1.1300000e+02	   2.1500000e+02	   2.1300000e+02	   8.0000000e+00	   4.0000000e+00	   5.0000000e+00	   3.9800000e+00	   2.9000000e+00	   2.0000000e+00	   3.0000000e+00	   1.0000000e+00	   2.0000000e+00	   6.8400000e+02	
   1.0500000e+02	   3.1000000e+02	   2.0100000e+02	   5.0000000e+00	   2.0000000e+00	   3.7850000e+00	   3.3850000e+00	   1.1350000e+00	   1.0000000e+00	   3.0000000e+00	   2.0000000e+00	   1.0000000e+00	   2.0820000e+03	
   1.1400000e+02	   2.0800000e+02	   2.0100000e+02	   5.0000000e+00	   4.0000000e+00	   3.9750000e+00	   4.7600000e+00	   1.1350000e+00	   2.0000000e+00	   1.0000000e+00	   3.0000000e+00	   1.0000000e+00	   1.2080000e+03	
   1.0900000e+02	   1.1000000e+02	   3.0300000e+02	   1.2000000e+01	   3.0000000e+00	   3.4150000e+00	   4.0050000e+00	   3.1400000e+00	   3.0000000e+00	   1.0000000e+00	   2.0000000e+00	   1.0000000e+00	   1.5500000e+03	
   1.1000000e+02	   1.1500000e+02	   1.0400000e+02	   3.0000000e+00	   3.0000000e+00	   4.0050000e+00	   3.5550000e+00	   1.7500000e+00	   2.0000000e+00	   3.0000000e+00	   1.0000000e+00	   3.0000000e+00	   1.0050000e+03	
   1.1200000e+02	   3.1000000e+02	   3.0100000e+02	   1.0000000e+01	   1.0000000e+00	   3.5000000e+00	   3.3850000e+00	   8.1000000e-01	   3.0000000e+00	   1.0000000e+00	   2.0000000e+00	   3.0000000e+00	   1.3100000e+03	
   1.1000000e+02	   1.1600000e+02	   3.0200000e+02	   1.1000000e+01	   4.0000000e+00	   4.0050000e+00	   5.0000000e+00	   0.0000000e+00	   2.0000000e+00	   3.0000000e+00	   1.0000000e+00	   3.0000000e+00	   3.7100000e+03	
   1.0500000e+02	   2.0800000e+02	   3.0800000e+02	   1.3000000e+01	   4.0000000e+00	   3.7850000e+00	   4.7600000e+00	   1.0650000e+00	   2.0000000e+00	   3.0000000e+00	   1.0000000e+00	   3.0000000e+00	   9.2100000e+02	
   1.0900000e+02	   1.1000000e+02	   2.0500000e+02	   6.0000000e+00	   3.0000000e+00	   3.4150000e+00	   4.0050000e+00	   2.0150000e+00	   2.0000000e+00	   3.0000000e+00	   1.0000000e+00	   3.0000000e+00	   1.1740000e+03	
   1.0700000e+02	   3.1100000e+02	   1.0400000e+02	   3.0000000e+00	   2.0000000e+00	   3.9950000e+00	   3.7750000e+00	   1.7500000e+00	   3.0000000e+00	   1.0000000e+00	   2.0000000e+00	   3.0000000e+00	   1.2540000e+03	
   1.1300000e+02	   3.1000000e+02	   1.0600000e+02	   4.0000000e+00	   5.0000000e+00	   5.0000000e+00	   3.3850000e+00	   1.5350000e+00	   1.0000000e+00	   2.0000000e+00	   3.0000000e+00	   1.0000000e+00	   6.5800000e+02	
   1.1000000e+02	   3.1000000e+02	   2.1200000e+02	   7.0000000e+00	   4.0000000e+00	   4.0050000e+00	   3.3850000e+00	   1.2450000e+00	   3.0000000e+00	   1.0000000e+00	   2.0000000e+00	   3.0000000e+00	   1.2260000e+03	
   1.0900000e+02	   3.1000000e+02	   3.0100000e+02	   1.0000000e+01	   1.0000000e+00	   3.4150000e+00	   3.3850000e+00	   8.1000000e-01	   1.0000000e+00	   2.0000000e+00	   3.0000000e+00	   2.0000000e+00	   3.6560000e+03	
   1.1600000e+02	   3.1100000e+02	   2.0100000e+02	   5.0000000e+00	   5.0000000e+00	   5.0000000e+00	   3.7750000e+00	   1.1350000e+00	   1.0000000e+00	   3.0000000e+00	   2.0000000e+00	   1.0000000e+00	   1.0850000e+03	
   1.0500000e+02	   1.1500000e+02	   1.0600000e+02	   4.0000000e+00	   2.0000000e+00	   3.7850000e+00	   3.5550000e+00	   1.5350000e+00	   2.0000000e+00	   1.0000000e+00	   3.0000000e+00	   1.0000000e+00	   1.0970000e+03	
   1.1400000e+02	   1.1500000e+02	   3.1400000e+02	   1.5000000e+01	   3.0000000e+00	   3.9750000e+00	   3.5550000e+00	   1.8000000e-01	   2.0000000e+00	   1.0000000e+00	   3.0000000e+00	   1.0000000e+00	   9.6100000e+02	
   1.1600000e+02	   3.1000000e+02	   3.1400000e+02	   1.5000000e+01	   5.0000000e+00	   5.0000000e+00	   3.3850000e+00	   1.8000000e-01	   3.0000000e+00	   2.0000000e+00	   1.0000000e+00	   3.0000000e+00	   1.0050000e+03	
   1.1300000e+02	   2.1500000e+02	   1.0600000e+02	   4.0000000e+00	   4.0000000e+00	   5.0000000e+00	   3.9800000e+00	   1.5350000e+00	   3.0000000e+00	   1.0000000e+00	   2.0000000e+00	   3.0000000e+00	   5.5500000e+02	
   1.1600000e+02	   2.0800000e+02	   1.0100000e+02	   1.0000000e+00	   2.0000000e+00	   5.0000000e+00	   4.7600000e+00	   2.0250000e+00	   3.0000000e+00	   1.0000000e+00	   2.0000000e+00	   1.0000000e+00	   1.8500000e+03	
   1.0700000e+02	   1.1600000e+02	   3.0800000e+02	   1.3000000e+01	   4.0000000e+00	   3.9950000e+00	   5.0000000e+00	   1.0650000e+00	   2.0000000e+00	   1.0000000e+00	   3.0000000e+00	   1.0000000e+00	   1.0030000e+03	
   1.0700000e+02	   2.0800000e+02	   3.1400000e+02	   1.5000000e+01	   4.0000000e+00	   3.9950000e+00	   4.7600000e+00	   1.8000000e-01	   3.0000000e+00	   2.0000000e+00	   1.0000000e+00	   2.0000000e+00	   9.0800000e+02	
   1.1400000e+02	   2.0800000e+02	   1.0200000e+02	   2.0000000e+00	   4.0000000e+00	   3.9750000e+00	   4.7600000e+00	   2.2350000e+00	   2.0000000e+00	   3.0000000e+00	   1.0000000e+00	   3.0000000e+00	   1.2180000e+03	
   1.1000000e+02	   3.1000000e+02	   3.0900000e+02	   1.4000000e+01	   4.0000000e+00	   4.0050000e+00	   3.3850000e+00	   0.0000000e+00	   2.0000000e+00	   1.0000000e+00	   3.0000000e+00	   3.0000000e+00	   6.7050000e+03	
   1.0800000e+02	   1.1600000e+02	   3.1400000e+02	   1.5000000e+01	   4.0000000e+00	   3.9950000e+00	   5.0000000e+00	   1.8000000e-01	   2.0000000e+00	   3.0000000e+00	   1.0000000e+00	   3.0000000e+00	   1.1870000e+03	
   1.1500000e+02	   1.1600000e+02	   3.0200000e+02	   1.1000000e+01	   5.0000000e+00	   3.5550000e+00	   5.0000000e+00	   0.0000000e+00	   1.0000000e+00	   3.0000000e+00	   2.0000000e+00	   1.0000000e+00	   9.8700000e+02	
   1.0900000e+02	   2.0800000e+02	   2.1200000e+02	   7.0000000e+00	   5.0000000e+00	   3.4150000e+00	   4.7600000e+00	   1.2450000e+00	   2.0000000e+00	   1.0000000e+00	   3.0000000e+00	   1.0000000e+00	   1.2390000e+03	
   1.0800000e+02	   2.1500000e+02	   3.0300000e+02	   1.2000000e+01	   1.0000000e+00	   3.9950000e+00	   3.9800000e+00	   3.1400000e+00	   3.0000000e+00	   2.0000000e+00	   1.0000000e+00	   2.0000000e+00	   1.0930000e+03	
   1.0700000e+02	   1.0900000e+02	   1.0100000e+02	   1.0000000e+00	   3.0000000e+00	   3.9950000e+00	   3.4150000e+00	   2.0250000e+00	   2.0000000e+00	   3.0000000e+00	   1.0000000e+00	   2.0000000e+00	   8.7100000e+02	
   1.0500000e+02	   1.0800000e+02	   3.0100000e+02	   1.0000000e+01	   2.0000000e+00	   3.7850000e+00	   3.9950000e+00	   8.1000000e-01	   1.0000000e+00	   2.0000000e+00	   3.0000000e+00	   2.0000000e+00	   1.3010000e+03	
   1.0300000e+02	   1.1400000e+02	   1.0100000e+02	   1.0000000e+00	   1.0000000e+00	   3.9950000e+00	   3.9750000e+00	   2.0250000e+00	   2.0000000e+00	   3.0000000e+00	   1.0000000e+00	   2.0000000e+00	   1.6890000e+03	
   1.0300000e+02	   1.1300000e+02	   2.0500000e+02	   6.0000000e+00	   4.0000000e+00	   3.9950000e+00	   5.0000000e+00	   2.0150000e+00	   1.0000000e+00	   3.0000000e+00	   2.0000000e+00	   3.0000000e+00	   6.8600000e+02	
   1.0500000e+02	   1.1600000e+02	   2.0500000e+02	   6.0000000e+00	   5.0000000e+00	   3.7850000e+00	   5.0000000e+00	   2.0150000e+00	   2.0000000e+00	   3.0000000e+00	   1.0000000e+00	   3.0000000e+00	   1.2490000e+03	
   2.0800000e+02	   3.1100000e+02	   1.0200000e+02	   2.0000000e+00	   4.0000000e+00	   4.7600000e+00	   3.7750000e+00	   2.2350000e+00	   2.0000000e+00	   3.0000000e+00	   1.0000000e+00	   2.0000000e+00	   7.7300000e+02	
   1.0500000e+02	   1.0800000e+02	   3.0800000e+02	   1.3000000e+01	   2.0000000e+00	   3.7850000e+00	   3.9950000e+00	   1.0650000e+00	   2.0000000e+00	   1.0000000e+00	   3.0000000e+00	   1.0000000e+00	   1.0240000e+03	
   1.0700000e+02	   2.0800000e+02	   1.0100000e+02	   1.0000000e+00	   4.0000000e+00	   3.9950000e+00	   4.7600000e+00	   2.0250000e+00	   3.0000000e+00	   2.0000000e+00	   1.0000000e+00	   2.0000000e+00	   8.2600000e+02	
   1.1000000e+02	   2.1500000e+02	   2.1400000e+02	   9.0000000e+00	   1.0000000e+00	   4.0050000e+00	   3.9800000e+00	   3.3250000e+00	   2.0000000e+00	   1.0000000e+00	   3.0000000e+00	   1.0000000e+00	   3.6230000e+03	
   1.0300000e+02	   2.0800000e+02	   2.1300000e+02	   8.0000000e+00	   4.0000000e+00	   3.9950000e+00	   4.7600000e+00	   2.9000000e+00	   3.0000000e+00	   1.0000000e+00	   2.0000000e+00	   1.0000000e+00	   9.4000000e+02	
   1.0700000e+02	   1.1400000e+02	   2.1300000e+02	   8.0000000e+00	   1.0000000e+00	   3.9950000e+00	   3.9750000e+00	   2.9000000e+00	   2.0000000e+00	   1.0000000e+00	   3.0000000e+00	   2.0000000e+00	   1.9000000e+03	
   1.0700000e+02	   3.1100000e+02	   3.1400000e+02	   1.5000000e+01	   2.0000000e+00	   3.9950000e+00	   3.7750000e+00	   1.8000000e-01	   1.0000000e+00	   3.0000000e+00	   2.0000000e+00	   1.0000000e+00	   1.0800000e+03	
   1.1500000e+02	   1.1600000e+02	   2.0100000e+02	   5.0000000e+00	   5.0000000e+00	   3.5550000e+00	   5.0000000e+00	   1.1350000e+00	   1.0000000e+00	   3.0000000e+00	   2.0000000e+00	   1.0000000e+00	   9.9100000e+02	
   2.1500000e+02	   3.1100000e+02	   3.0800000e+02	   1.3000000e+01	   2.0000000e+00	   3.9800000e+00	   3.7750000e+00	   1.0650000e+00	   3.0000000e+00	   1.0000000e+00	   2.0000000e+00	   3.0000000e+00	   1.2470000e+03	
   1.1200000e+02	   1.1600000e+02	   2.1300000e+02	   8.0000000e+00	   5.0000000e+00	   3.5000000e+00	   5.0000000e+00	   2.9000000e+00	   3.0000000e+00	   1.0000000e+00	   2.0000000e+00	   1.0000000e+00	   9.4700000e+02	
   1.1200000e+02	   2.0800000e+02	   3.0300000e+02	   1.2000000e+01	   5.0000000e+00	   3.5000000e+00	   4.7600000e+00	   3.1400000e+00	   2.0000000e+00	   3.0000000e+00	   1.0000000e+00	   3.0000000e+00	   1.2120000e+03	
   1.1300000e+02	   1.1500000e+02	   2.1200000e+02	   7.0000000e+00	   5.0000000e+00	   5.0000000e+00	   3.5550000e+00	   1.2450000e+00	   1.0000000e+00	   3.0000000e+00	   2.0000000e+00	   1.0000000e+00	   6.1800000e+02	
   1.0300000e+02	   3.1100000e+02	   2.1400000e+02	   9.0000000e+00	   2.0000000e+00	   3.9950000e+00	   3.7750000e+00	   3.3250000e+00	   3.0000000e+00	   2.0000000e+00	   1.0000000e+00	   3.0000000e+00	   1.0990000e+03	
   1.0300000e+02	   1.1400000e+02	   2.0100000e+02	   5.0000000e+00	   1.0000000e+00	   3.9950000e+00	   3.9750000e+00	   1.1350000e+00	   1.0000000e+00	   2.0000000e+00	   3.0000000e+00	   1.0000000e+00	   1.2990000e+03	
   1.1000000e+02	   1.1200000e+02	   3.0200000e+02	   1.1000000e+01	   3.0000000e+00	   4.0050000e+00	   3.5000000e+00	   0.0000000e+00	   1.0000000e+00	   2.0000000e+00	   3.0000000e+00	   1.0000000e+00	   1.3830000e+03	
   2.1500000e+02	   3.1000000e+02	   2.0500000e+02	   6.0000000e+00	   3.0000000e+00	   3.9800000e+00	   3.3850000e+00	   2.0150000e+00	   1.0000000e+00	   3.0000000e+00	   2.0000000e+00	   1.0000000e+00	   1.0000000e+03	
   1.0700000e+02	   1.1000000e+02	   3.1400000e+02	   1.5000000e+01	   1.0000000e+00	   3.9950000e+00	   4.0050000e+00	   1.8000000e-01	   2.0000000e+00	   3.0000000e+00	   1.0000000e+00	   2.0000000e+00	   1.4190000e+03	
   1.0700000e+02	   1.1300000e+02	   1.0400000e+02	   3.0000000e+00	   4.0000000e+00	   3.9950000e+00	   5.0000000e+00	   1.7500000e+00	   1.0000000e+00	   2.0000000e+00	   3.0000000e+00	   2.0000000e+00	   6.2000000e+02	
   1.1000000e+02	   1.1500000e+02	   1.0200000e+02	   2.0000000e+00	   3.0000000e+00	   4.0050000e+00	   3.5550000e+00	   2.2350000e+00	   3.0000000e+00	   1.0000000e+00	   2.0000000e+00	   1.0000000e+00	   1.0850000e+03	
   1.1400000e+02	   1.1600000e+02	   3.0100000e+02	   1.0000000e+01	   5.0000000e+00	   3.9750000e+00	   5.0000000e+00	   8.1000000e-01	   3.0000000e+00	   2.0000000e+00	   1.0000000e+00	   2.0000000e+00	   1.3890000e+03	
   2.0800000e+02	   2.1500000e+02	   2.1400000e+02	   9.0000000e+00	   4.0000000e+00	   4.7600000e+00	   3.9800000e+00	   3.3250000e+00	   1.0000000e+00	   3.0000000e+00	   2.0000000e+00	   1.0000000e+00	   1.5710000e+03	
   1.0300000e+02	   2.1500000e+02	   2.1400000e+02	   9.0000000e+00	   1.0000000e+00	   3.9950000e+00	   3.9800000e+00	   3.3250000e+00	   3.0000000e+00	   2.0000000e+00	   1.0000000e+00	   2.0000000e+00	   2.6120000e+03	
   1.1600000e+02	   3.1000000e+02	   1.0100000e+02	   1.0000000e+00	   5.0000000e+00	   5.0000000e+00	   3.3850000e+00	   2.0250000e+00	   2.0000000e+00	   3.0000000e+00	   1.0000000e+00	   2.0000000e+00	   1.1580000e+03	
   1.0300000e+02	   1.1600000e+02	   1.0200000e+02	   2.0000000e+00	   4.0000000e+00	   3.9950000e+00	   5.0000000e+00	   2.2350000e+00	   3.0000000e+00	   1.0000000e+00	   2.0000000e+00	   1.0000000e+00	   9.2900000e+02	
   1.1000000e+02	   3.1100000e+02	   2.0100000e+02	   5.0000000e+00	   2.0000000e+00	   4.0050000e+00	   3.7750000e+00	   1.1350000e+00	   3.0000000e+00	   1.0000000e+00	   2.0000000e+00	   3.0000000e+00	   1.9780000e+03	
   1.0700000e+02	   3.1000000e+02	   2.0500000e+02	   6.0000000e+00	   4.0000000e+00	   3.9950000e+00	   3.3850000e+00	   2.0150000e+00	   1.0000000e+00	   3.0000000e+00	   2.0000000e+00	   1.0000000e+00	   7.6700000e+02	
   1.0300000e+02	   2.0800000e+02	   2.0100000e+02	   5.0000000e+00	   4.0000000e+00	   3.9950000e+00	   4.7600000e+00	   1.1350000e+00	   1.0000000e+00	   3.0000000e+00	   2.0000000e+00	   3.0000000e+00	   1.3500000e+03	
   1.0800000e+02	   1.1200000e+02	   3.0100000e+02	   1.0000000e+01	   3.0000000e+00	   3.9950000e+00	   3.5000000e+00	   8.1000000e-01	   2.0000000e+00	   3.0000000e+00	   1.0000000e+00	   2.0000000e+00	   2.4630000e+03	
   1.0300000e+02	   1.0500000e+02	   2.1200000e+02	   7.0000000e+00	   2.0000000e+00	   3.9950000e+00	   3.7850000e+00	   1.2450000e+00	   1.0000000e+00	   2.0000000e+00	   3.0000000e+00	   1.0000000e+00	   1.4490000e+03	
   1.0500000e+02	   1.1600000e+02	   1.0100000e+02	   1.0000000e+00	   5.0000000e+00	   3.7850000e+00	   5.0000000e+00	   2.0250000e+00	   1.0000000e+00	   2.0000000e+00	   3.0000000e+00	   2.0000000e+00	   1.0710000e+03	
   1.1000000e+02	   2.0800000e+02	   1.0600000e+02	   4.0000000e+00	   4.0000000e+00	   4.0050000e+00	   4.7600000e+00	   1.5350000e+00	   1.0000000e+00	   3.0000000e+00	   2.0000000e+00	   3.0000000e+00	   1.2790000e+03	
   1.0900000e+02	   1.1400000e+02	   2.1400000e+02	   9.0000000e+00	   3.0000000e+00	   3.4150000e+00	   3.9750000e+00	   3.3250000e+00	   2.0000000e+00	   3.0000000e+00	   1.0000000e+00	   2.0000000e+00	   1.3443000e+04	
   1.0700000e+02	   1.1600000e+02	   1.0400000e+02	   3.0000000e+00	   4.0000000e+00	   3.9950000e+00	   5.0000000e+00	   1.7500000e+00	   3.0000000e+00	   1.0000000e+00	   2.0000000e+00	   3.0000000e+00	   7.1170000e+03	
   1.0500000e+02	   1.1600000e+02	   3.0300000e+02	   1.2000000e+01	   5.0000000e+00	   3.7850000e+00	   5.0000000e+00	   3.1400000e+00	   1.0000000e+00	   2.0000000e+00	   3.0000000e+00	   2.0000000e+00	   1.3370000e+03	
   1.0500000e+02	   1.0900000e+02	   3.0900000e+02	   1.4000000e+01	   2.0000000e+00	   3.7850000e+00	   3.4150000e+00	   0.0000000e+00	   2.0000000e+00	   1.0000000e+00	   3.0000000e+00	   3.0000000e+00	   1.9600000e+03	
   1.0800000e+02	   1.0900000e+02	   1.0400000e+02	   3.0000000e+00	   3.0000000e+00	   3.9950000e+00	   3.4150000e+00	   1.7500000e+00	   1.0000000e+00	   2.0000000e+00	   3.0000000e+00	   1.0000000e+00	   1.9590000e+03	
   1.0800000e+02	   1.0900000e+02	   2.1200000e+02	   7.0000000e+00	   3.0000000e+00	   3.9950000e+00	   3.4150000e+00	   1.2450000e+00	   3.0000000e+00	   1.0000000e+00	   2.0000000e+00	   3.0000000e+00	   9.9200000e+02	
   1.0500000e+02	   2.1500000e+02	   2.0500000e+02	   6.0000000e+00	   1.0000000e+00	   3.7850000e+00	   3.9800000e+00	   2.0150000e+00	   2.0000000e+00	   1.0000000e+00	   3.0000000e+00	   1.0000000e+00	   1.2050000e+03	
   1.1400000e+02	   1.1500000e+02	   2.1300000e+02	   8.0000000e+00	   3.0000000e+00	   3.9750000e+00	   3.5550000e+00	   2.9000000e+00	   1.0000000e+00	   2.0000000e+00	   3.0000000e+00	   2.0000000e+00	   9.3500000e+02	
   1.1300000e+02	   1.1500000e+02	   1.0200000e+02	   2.0000000e+00	   5.0000000e+00	   5.0000000e+00	   3.5550000e+00	   2.2350000e+00	   3.0000000e+00	   2.0000000e+00	   1.0000000e+00	   3.0000000e+00	   7.1200000e+02	
   1.0700000e+02	   2.1500000e+02	   3.1400000e+02	   1.5000000e+01	   1.0000000e+00	   3.9950000e+00	   3.9800000e+00	   1.8000000e-01	   2.0000000e+00	   3.0000000e+00	   1.0000000e+00	   2.0000000e+00	   1.5560000e+03	
   1.0500000e+02	   1.0700000e+02	   3.0100000e+02	   1.0000000e+01	   2.0000000e+00	   3.7850000e+00	   3.9950000e+00	   8.1000000e-01	   1.0000000e+00	   3.0000000e+00	   2.0000000e+00	   3.0000000e+00	   1.1430000e+03	
   1.1300000e+02	   2.0800000e+02	   3.1400000e+02	   1.5000000e+01	   2.0000000e+00	   5.0000000e+00	   4.7600000e+00	   1.8000000e-01	   1.0000000e+00	   2.0000000e+00	   3.0000000e+00	   1.0000000e+00	   7.4200000e+02	
   1.0800000e+02	   3.1000000e+02	   3.0800000e+02	   1.3000000e+01	   4.0000000e+00	   3.9950000e+00	   3.3850000e+00	   1.0650000e+00	   3.0000000e+00	   1.0000000e+00	   2.0000000e+00	   3.0000000e+00	   8.4800000e+02	
   3.1000000e+02	   3.1100000e+02	   1.0200000e+02	   2.0000000e+00	   2.0000000e+00	   3.3850000e+00	   3.7750000e+00	   2.2350000e+00	   3.0000000e+00	   1.0000000e+00	   2.0000000e+00	   1.0000000e+00	   3.9670000e+03	
   1.0800000e+02	   1.0900000e+02	   1.0100000e+02	   1.0000000e+00	   3.0000000e+00	   3.9950000e+00	   3.4150000e+00	   2.0250000e+00	   2.0000000e+00	   1.0000000e+00	   3.0000000e+00	   2.0000000e+00	   1.2050000e+03	
   1.1200000e+02	   1.1400000e+02	   1.0200000e+02	   2.0000000e+00	   3.0000000e+00	   3.5000000e+00	   3.9750000e+00	   2.2350000e+00	   1.0000000e+00	   2.0000000e+00	   3.0000000e+00	   1.0000000e+00	   4.0410000e+03	
   1.1300000e+02	   2.1500000e+02	   2.0100000e+02	   5.0000000e+00	   4.0000000e+00	   5.0000000e+00	   3.9800000e+00	   1.1350000e+00	   1.0000000e+00	   2.0000000e+00	   3.0000000e+00	   1.0000000e+00	   7.5300000e+02	
   1.0900000e+02	   1.1200000e+02	   2.1300000e+02	   8.0000000e+00	   1.0000000e+00	   3.4150000e+00	   3.5000000e+00	   2.9000000e+00	   2.0000000e+00	   3.0000000e+00	   1.0000000e+00	   3.0000000e+00	   1.9460000e+03	
   2.1500000e+02	   3.1000000e+02	   2.1400000e+02	   9.0000000e+00	   3.0000000e+00	   3.9800000e+00	   3.3850000e+00	   3.3250000e+00	   1.0000000e+00	   2.0000000e+00	   3.0000000e+00	   1.0000000e+00	   1.7710000e+03	
   1.0500000e+02	   1.1600000e+02	   3.0900000e+02	   1.4000000e+01	   5.0000000e+00	   3.7850000e+00	   5.0000000e+00	   0.0000000e+00	   1.0000000e+00	   3.0000000e+00	   2.0000000e+00	   3.0000000e+00	   2.2640000e+03	
   1.0500000e+02	   1.1200000e+02	   2.1200000e+02	   7.0000000e+00	   2.0000000e+00	   3.7850000e+00	   3.5000000e+00	   1.2450000e+00	   2.0000000e+00	   1.0000000e+00	   3.0000000e+00	   1.0000000e+00	   3.1050000e+03	
   1.0800000e+02	   2.1500000e+02	   3.0200000e+02	   1.1000000e+01	   1.0000000e+00	   3.9950000e+00	   3.9800000e+00	   0.0000000e+00	   1.0000000e+00	   2.0000000e+00	   3.0000000e+00	   1.0000000e+00	   1.1090000e+03	
   1.0700000e+02	   1.1500000e+02	   1.0400000e+02	   3.0000000e+00	   3.0000000e+00	   3.9950000e+00	   3.5550000e+00	   1.7500000e+00	   3.0000000e+00	   1.0000000e+00	   2.0000000e+00	   1.0000000e+00	   1.1040000e+03	
   1.0300000e+02	   3.1000000e+02	   3.0800000e+02	   1.3000000e+01	   4.0000000e+00	   3.9950000e+00	   3.3850000e+00	   1.0650000e+00	   3.0000000e+00	   2.0000000e+00	   1.0000000e+00	   3.0000000e+00	   1.3400000e+03	
   1.0500000e+02	   2.1500000e+02	   3.0800000e+02	   1.3000000e+01	   1.0000000e+00	   3.7850000e+00	   3.9800000e+00	   1.0650000e+00	   3.0000000e+00	   1.0000000e+00	   2.0000000e+00	   1.0000000e+00	   1.2610000e+03	
   1.1000000e+02	   2.1500000e+02	   3.1400000e+02	   1.5000000e+01	   1.0000000e+00	   4.0050000e+00	   3.9800000e+00	   1.8000000e-01	   1.0000000e+00	   3.0000000e+00	   2.0000000e+00	   3.0000000e+00	   2.7640000e+03	
   1.1400000e+02	   2.1500000e+02	   3.0300000e+02	   1.2000000e+01	   1.0000000e+00	   3.9750000e+00	   3.9800000e+00	   3.1400000e+00	   3.0000000e+00	   2.0000000e+00	   1.0000000e+00	   2.0000000e+00	   1.5560000e+03	
