   1.0000000e+00	   1.1500000e+02	   1.0000000e+00	   1.0100000e+00	   7.5900000e+03	   3.9900000e+00	   4.1000000e+03	
   2.0000000e+00	   1.0300000e+02	   1.0000000e+00	   4.0100000e+00	   3.6030000e+03	   9.9000000e-01	   4.2310000e+03	
   3.0000000e+00	   2.0200000e+02	   2.0000000e+00	   1.9900000e+00	   6.5550000e+03	   4.0100000e+00	   3.0660000e+03	
   4.0000000e+00	   2.1000000e+02	   2.0000000e+00	   4.4400000e+00	   4.8550000e+03	   4.5900000e+00	   2.5660000e+03	
   5.0000000e+00	   2.1100000e+02	   2.0000000e+00	   4.7200000e+00	   8.8540000e+03	   3.4000000e-01	   2.9320000e+03	
   6.0000000e+00	   3.1100000e+02	   3.0000000e+00	   3.0200000e+00	   5.9220000e+03	   3.5400000e+00	   3.0320000e+03	
   7.0000000e+00	   2.1400000e+02	   2.0000000e+00	   1.4300000e+00	   5.9880000e+03	   4.4000000e-01	   5.5640000e+03	
   8.0000000e+00	   2.0300000e+02	   2.0000000e+00	   0.0000000e+00	   1.9900000e+03	   3.8000000e-01	   2.9320000e+03	
   9.0000000e+00	   2.0600000e+02	   2.0000000e+00	   5.0000000e+00	   3.1560000e+03	   1.4600000e+00	   2.4330000e+03	
   1.0000000e+01	   2.1500000e+02	   2.0000000e+00	   2.0200000e+00	   5.1550000e+03	   4.2200000e+00	   2.1990000e+03	
   1.1000000e+01	   3.0700000e+02	   3.0000000e+00	   5.0000000e+00	   2.5890000e+03	   3.7000000e+00	   3.8650000e+03	
   1.2000000e+01	   1.0600000e+02	   1.0000000e+00	   3.6500000e+00	   3.4900000e+03	   4.8000000e-01	   1.4660000e+03	
   1.3000000e+01	   1.0500000e+02	   1.0000000e+00	   1.9800000e+00	   2.9560000e+03	   1.4900000e+00	   2.7330000e+03	
   1.4000000e+01	   1.0900000e+02	   1.0000000e+00	   1.4100000e+00	   5.0040000e+03	   3.4900000e+00	   1.9680000e+03	
   1.5000000e+01	   1.0800000e+02	   1.0000000e+00	   5.0000000e+00	   2.0880000e+03	   3.5200000e+00	   1.6862000e+04	
   1.6000000e+01	   1.1400000e+02	   1.0000000e+00	   0.0000000e+00	   2.8040000e+03	   3.2800000e+00	   3.9310000e+03	
   1.7000000e+01	   1.0700000e+02	   1.0000000e+00	   3.4600000e+00	   2.2570000e+03	   3.9000000e+00	   2.1000000e+03	
   1.8000000e+01	   3.0600000e+02	   3.0000000e+00	   5.0000000e+00	   2.6890000e+03	   3.5700000e+00	   2.2000000e+03	
   1.9000000e+01	   1.0400000e+02	   1.0000000e+00	   1.4400000e+00	   3.6050000e+03	   0.0000000e+00	   1.6990000e+03	
   2.0000000e+01	   2.0900000e+02	   2.0000000e+00	   5.0000000e+00	   2.3560000e+03	   0.0000000e+00	   2.5670000e+03	
   2.1000000e+01	   1.1100000e+02	   1.0000000e+00	   0.0000000e+00	   1.7560000e+03	   3.0800000e+00	   3.7320000e+03	
   2.2000000e+01	   2.0800000e+02	   2.0000000e+00	   5.0000000e+00	   1.3890000e+03	   5.0000000e+00	   8.6700000e+02	
   2.3000000e+01	   1.0100000e+02	   1.0000000e+00	   3.5000000e+00	   2.0220000e+03	   1.3600000e+00	   2.3670000e+03	
   2.4000000e+01	   3.0400000e+02	   3.0000000e+00	   5.0000000e+00	   1.5560000e+03	   1.7400000e+00	   4.6990000e+03	
   2.5000000e+01	   2.1300000e+02	   2.0000000e+00	   3.6900000e+00	   4.0220000e+03	   6.3000000e-01	   3.3670000e+03	
   2.6000000e+01	   2.0500000e+02	   2.0000000e+00	   4.0300000e+00	   3.5880000e+03	   0.0000000e+00	   6.9900000e+02	
   2.7000000e+01	   3.1400000e+02	   3.0000000e+00	   3.4900000e+00	   2.3900000e+03	   2.7000000e+00	   2.7320000e+03	
   2.8000000e+01	   1.1200000e+02	   1.0000000e+00	   5.0000000e+00	   1.6560000e+03	   2.1900000e+00	   6.2320000e+03	
   2.9000000e+01	   3.0100000e+02	   3.0000000e+00	   1.1600000e+00	   4.5550000e+03	   3.4200000e+00	   3.2660000e+03	
   3.0000000e+01	   2.0700000e+02	   2.0000000e+00	   3.3500000e+00	   3.6560000e+03	   6.0000000e-02	   1.7330000e+03	
   3.1000000e+01	   1.1300000e+02	   1.0000000e+00	   5.0000000e+00	   1.0560000e+03	   5.0000000e+00	   1.0000000e+03	
   3.2000000e+01	   3.0800000e+02	   3.0000000e+00	   1.0600000e+00	   4.1540000e+03	   0.0000000e+00	   1.2670000e+03	
   3.3000000e+01	   3.1000000e+02	   3.0000000e+00	   1.6300000e+00	   2.4050000e+03	   3.8400000e+00	   1.8000000e+03	
   3.4000000e+01	   3.1200000e+02	   3.0000000e+00	   1.0000000e-02	   3.8710000e+03	   1.0400000e+00	   3.3650000e+03	
   3.5000000e+01	   3.0900000e+02	   3.0000000e+00	   5.0000000e+00	   1.5890000e+03	   2.8200000e+00	   4.9330000e+03	
   3.6000000e+01	   3.1300000e+02	   3.0000000e+00	   5.0000000e+00	   1.5230000e+03	   4.4600000e+00	   2.1660000e+03	
   3.7000000e+01	   3.0300000e+02	   3.0000000e+00	   5.0000000e+00	   1.1890000e+03	   3.4900000e+00	   1.0000000e+03	
   3.8000000e+01	   2.0400000e+02	   2.0000000e+00	   3.2500000e+00	   3.7220000e+03	   6.8000000e-01	   2.4670000e+03	
   3.9000000e+01	   2.1200000e+02	   2.0000000e+00	   5.0000000e+00	   2.3560000e+03	   0.0000000e+00	   1.5330000e+03	
   4.0000000e+01	   1.1000000e+02	   1.0000000e+00	   3.6400000e+00	   2.0890000e+03	   3.1500000e+00	   2.5320000e+03	
   4.1000000e+01	   3.0500000e+02	   3.0000000e+00	   0.0000000e+00	   1.6560000e+03	   1.2900000e+00	   1.6670000e+03	
   4.2000000e+01	   3.0200000e+02	   3.0000000e+00	   5.0000000e+00	   1.6050000e+03	   4.0400000e+00	   3.4990000e+03	
   4.3000000e+01	   2.0100000e+02	   2.0000000e+00	   1.5700000e+00	   1.1536000e+04	   1.4800000e+00	   2.2000000e+03	
   4.4000000e+01	   1.1600000e+02	   1.0000000e+00	   5.0000000e+00	   1.5380000e+03	   3.5000000e+00	   2.4980000e+03	
   4.5000000e+01	   1.0200000e+02	   1.0000000e+00	   3.6800000e+00	   2.1560000e+03	   1.7600000e+00	   2.9660000e+03	
