   1.0000000e+00	   1.0000000e+00	   1.0700000e+02	   4.5000000e-01	   2.9520000e+03	
   1.0000000e+00	   2.0000000e+00	   2.1500000e+02	   0.0000000e+00	   1.5250000e+03	
   1.0000000e+00	   3.0000000e+00	   1.1600000e+02	   0.0000000e+00	   1.6570000e+03	
   1.0000000e+00	   4.0000000e+00	   2.0400000e+02	   0.0000000e+00	   2.4560000e+03	
   1.0000000e+00	   5.0000000e+00	   2.0800000e+02	   0.0000000e+00	   1.6620000e+03	
   1.0000000e+00	   6.0000000e+00	   1.0200000e+02	   1.2000000e-01	   2.0950000e+03	
   1.0000000e+00	   7.0000000e+00	   1.1000000e+02	   0.0000000e+00	   1.7620000e+03	
   1.0000000e+00	   8.0000000e+00	   1.0900000e+02	   5.0000000e+00	   1.4600000e+03	
   1.0000000e+00	   9.0000000e+00	   1.1200000e+02	   0.0000000e+00	   2.8930000e+03	
   1.0000000e+00	   1.0000000e+01	   2.0600000e+02	   0.0000000e+00	   1.5590000e+03	
   1.0000000e+00	   1.1000000e+01	   2.0200000e+02	   3.8700000e+00	   2.0940000e+03	
   1.0000000e+00	   1.2000000e+01	   2.1400000e+02	   1.3000000e-01	   2.5620000e+03	
   1.0000000e+00	   1.3000000e+01	   2.0500000e+02	   1.7000000e-01	   2.2260000e+03	
   1.0000000e+00	   1.4000000e+01	   3.0100000e+02	   3.5200000e+00	   2.9930000e+03	
   1.0000000e+00	   1.5000000e+01	   3.1100000e+02	   3.4400000e+00	   3.2260000e+03	
   1.0000000e+00	   1.6000000e+01	   2.1200000e+02	   0.0000000e+00	   1.8290000e+03	
   1.0000000e+00	   1.7000000e+01	   1.0800000e+02	   2.6900000e+00	   1.7930000e+03	
   1.0000000e+00	   1.8000000e+01	   1.0400000e+02	   0.0000000e+00	   2.5600000e+03	
   1.0000000e+00	   1.9000000e+01	   2.0300000e+02	   3.8500000e+00	   2.0280000e+03	
   1.0000000e+00	   2.0000000e+01	   3.0300000e+02	   2.9100000e+00	   2.6940000e+03	
   1.0000000e+00	   2.1000000e+01	   2.0900000e+02	   4.5600000e+00	   3.6930000e+03	
   1.0000000e+00	   2.2000000e+01	   3.1000000e+02	   4.2200000e+00	   4.0590000e+03	
   1.0000000e+00	   2.3000000e+01	   3.0800000e+02	   0.0000000e+00	   2.3270000e+03	
   1.0000000e+00	   2.4000000e+01	   2.0100000e+02	   0.0000000e+00	   2.1620000e+03	
   1.0000000e+00	   2.5000000e+01	   3.0400000e+02	   4.3000000e+00	   2.6940000e+03	
   1.0000000e+00	   2.6000000e+01	   2.1000000e+02	   5.0000000e+00	   7.9580000e+03	
   1.0000000e+00	   2.7000000e+01	   2.0700000e+02	   0.0000000e+00	   1.1280000e+03	
   1.0000000e+00	   2.8000000e+01	   3.0200000e+02	   0.0000000e+00	   1.1620000e+03	
   1.0000000e+00	   2.9000000e+01	   1.1500000e+02	   0.0000000e+00	   1.2930000e+03	
   1.0000000e+00	   3.0000000e+01	   1.0500000e+02	   0.0000000e+00	   2.1940000e+03	
   1.0000000e+00	   3.1000000e+01	   3.0500000e+02	   1.1000000e-01	   2.5610000e+03	
   1.0000000e+00	   3.2000000e+01	   3.0600000e+02	   1.9800000e+00	   5.1280000e+03	
   1.0000000e+00	   3.3000000e+01	   3.1300000e+02	   2.4900000e+00	   1.7930000e+03	
   1.0000000e+00	   3.4000000e+01	   1.0300000e+02	   5.0000000e+00	   1.9260000e+03	
   1.0000000e+00	   3.5000000e+01	   1.0100000e+02	   0.0000000e+00	   1.3940000e+03	
   1.0000000e+00	   3.6000000e+01	   2.1300000e+02	   0.0000000e+00	   1.9600000e+03	
   1.0000000e+00	   3.7000000e+01	   1.1100000e+02	   0.0000000e+00	   1.3280000e+03	
   1.0000000e+00	   3.8000000e+01	   3.0900000e+02	   1.7000000e-01	   1.3940000e+03	
   1.0000000e+00	   3.9000000e+01	   3.0700000e+02	   5.0000000e+00	   1.8260000e+03	
   1.0000000e+00	   4.0000000e+01	   1.0600000e+02	   0.0000000e+00	   1.3950000e+03	
   1.0000000e+00	   4.1000000e+01	   3.1200000e+02	   3.1100000e+00	   3.5240000e+03	
   1.0000000e+00	   4.2000000e+01	   1.1400000e+02	   0.0000000e+00	   1.1610000e+03	
   1.0000000e+00	   4.3000000e+01	   2.1100000e+02	   3.4500000e+00	   1.9950000e+03	
   1.0000000e+00	   4.4000000e+01	   1.1300000e+02	   4.0300000e+00	   6.1760000e+03	
   1.0000000e+00	   4.5000000e+01	   3.1400000e+02	   0.0000000e+00	   1.7280000e+03	
   2.0000000e+00	   1.0000000e+00	   3.1200000e+02	   3.9900000e+00	   4.8240000e+03	
   2.0000000e+00	   2.0000000e+00	   2.0600000e+02	   0.0000000e+00	   1.2610000e+03	
   2.0000000e+00	   3.0000000e+00	   1.0600000e+02	   0.0000000e+00	   1.3960000e+03	
   2.0000000e+00	   4.0000000e+00	   1.1200000e+02	   4.1000000e-01	   4.3940000e+03	
   2.0000000e+00	   5.0000000e+00	   2.0200000e+02	   3.5500000e+00	   6.8600000e+03	
   2.0000000e+00	   6.0000000e+00	   3.1000000e+02	   4.0300000e+00	   8.1270000e+03	
   2.0000000e+00	   7.0000000e+00	   3.1400000e+02	   0.0000000e+00	   1.2280000e+03	
   2.0000000e+00	   8.0000000e+00	   1.0200000e+02	   0.0000000e+00	   1.3610000e+03	
   2.0000000e+00	   9.0000000e+00	   2.1300000e+02	   0.0000000e+00	   3.3270000e+03	
   2.0000000e+00	   1.0000000e+01	   1.1400000e+02	   0.0000000e+00	   1.1290000e+03	
   2.0000000e+00	   1.1000000e+01	   3.0100000e+02	   4.0100000e+00	   5.2600000e+03	
   2.0000000e+00	   1.2000000e+01	   1.1600000e+02	   0.0000000e+00	   1.0950000e+03	
   2.0000000e+00	   1.3000000e+01	   3.0900000e+02	   0.0000000e+00	   1.0950000e+03	
   2.0000000e+00	   1.4000000e+01	   2.0400000e+02	   2.0000000e-02	   1.1610000e+03	
   2.0000000e+00	   1.5000000e+01	   3.0300000e+02	   3.0100000e+00	   7.5940000e+03	
   2.0000000e+00	   1.6000000e+01	   2.1000000e+02	   4.5900000e+00	   3.6610000e+03	
   2.0000000e+00	   1.7000000e+01	   1.0700000e+02	   0.0000000e+00	   1.0950000e+03	
   2.0000000e+00	   1.8000000e+01	   1.0100000e+02	   0.0000000e+00	   1.0620000e+03	
   2.0000000e+00	   1.9000000e+01	   2.1100000e+02	   3.9900000e+00	   4.8600000e+03	
   2.0000000e+00	   2.0000000e+01	   3.0600000e+02	   0.0000000e+00	   2.1610000e+03	
   2.0000000e+00	   2.1000000e+01	   2.0900000e+02	   3.9900000e+00	   2.2280000e+03	
   2.0000000e+00	   2.2000000e+01	   2.0300000e+02	   3.5900000e+00	   2.3280000e+03	
   2.0000000e+00	   2.3000000e+01	   3.1100000e+02	   2.9800000e+00	   6.7930000e+03	
   2.0000000e+00	   2.4000000e+01	   2.0100000e+02	   0.0000000e+00	   1.1610000e+03	
   2.0000000e+00	   2.5000000e+01	   3.0700000e+02	   5.0000000e+00	   1.2620000e+03	
   2.0000000e+00	   2.6000000e+01	   3.0400000e+02	   3.6200000e+00	   4.5110000e+03	
   2.0000000e+00	   2.7000000e+01	   1.1500000e+02	   0.0000000e+00	   1.0280000e+03	
   2.0000000e+00	   2.8000000e+01	   1.0900000e+02	   5.0000000e+00	   9.9500000e+02	
   2.0000000e+00	   2.9000000e+01	   3.0800000e+02	   0.0000000e+00	   1.2610000e+03	
   2.0000000e+00	   3.0000000e+01	   1.1000000e+02	   0.0000000e+00	   1.3950000e+03	
   2.0000000e+00	   3.1000000e+01	   2.1200000e+02	   0.0000000e+00	   1.2610000e+03	
   2.0000000e+00	   3.2000000e+01	   1.0500000e+02	   0.0000000e+00	   1.0630000e+03	
   2.0000000e+00	   3.3000000e+01	   2.0800000e+02	   0.0000000e+00	   1.7270000e+03	
   2.0000000e+00	   3.4000000e+01	   1.0800000e+02	   3.5500000e+00	   6.2930000e+03	
   2.0000000e+00	   3.5000000e+01	   2.0500000e+02	   2.0000000e-02	   1.1280000e+03	
   2.0000000e+00	   3.6000000e+01	   3.0200000e+02	   0.0000000e+00	   2.3960000e+03	
   2.0000000e+00	   3.7000000e+01	   3.1300000e+02	   2.4900000e+00	   2.1280000e+03	
   2.0000000e+00	   3.8000000e+01	   1.1100000e+02	   0.0000000e+00	   1.2270000e+03	
   2.0000000e+00	   3.9000000e+01	   3.0500000e+02	   2.8000000e-01	   2.8950000e+03	
   2.0000000e+00	   4.0000000e+01	   2.1400000e+02	   0.0000000e+00	   5.0270000e+03	
   2.0000000e+00	   4.1000000e+01	   2.0700000e+02	   0.0000000e+00	   2.4280000e+03	
   2.0000000e+00	   4.2000000e+01	   2.1500000e+02	   0.0000000e+00	   1.2280000e+03	
   2.0000000e+00	   4.3000000e+01	   1.0300000e+02	   5.0000000e+00	   1.6610000e+03	
   2.0000000e+00	   4.4000000e+01	   1.0400000e+02	   0.0000000e+00	   1.2950000e+03	
   2.0000000e+00	   4.5000000e+01	   1.1300000e+02	   3.5600000e+00	   2.1620000e+03	
