   1.0800000e+02	   2.0200000e+02	   1.1600000e+02	   7.0000000e+00	   3.0000000e+00	   3.1200000e+00	   3.7100000e+00	   0.0000000e+00	   2.0000000e+00	   1.0000000e+00	   3.0000000e+00	   2.0000000e+00	   2.7970000e+03	
   1.0900000e+02	   2.0900000e+02	   3.1400000e+02	   1.5000000e+01	   3.0000000e+00	   5.0000000e+00	   4.2750000e+00	   0.0000000e+00	   1.0000000e+00	   2.0000000e+00	   3.0000000e+00	   1.0000000e+00	   2.0390000e+03	
   1.0900000e+02	   3.1000000e+02	   3.0900000e+02	   1.3000000e+01	   3.0000000e+00	   5.0000000e+00	   4.1250000e+00	   8.5000000e-02	   1.0000000e+00	   2.0000000e+00	   3.0000000e+00	   1.0000000e+00	   2.9820000e+03	
   2.0200000e+02	   3.0700000e+02	   3.0500000e+02	   1.2000000e+01	   5.0000000e+00	   3.7100000e+00	   5.0000000e+00	   1.9500000e-01	   1.0000000e+00	   3.0000000e+00	   2.0000000e+00	   3.0000000e+00	   1.6020000e+03	
   2.0200000e+02	   3.0100000e+02	   2.1300000e+02	   1.0000000e+01	   1.0000000e+00	   3.7100000e+00	   3.7650000e+00	   0.0000000e+00	   1.0000000e+00	   2.0000000e+00	   3.0000000e+00	   1.0000000e+00	   3.8180000e+03	
   1.0800000e+02	   2.0200000e+02	   1.1400000e+02	   6.0000000e+00	   3.0000000e+00	   3.1200000e+00	   3.7100000e+00	   0.0000000e+00	   1.0000000e+00	   2.0000000e+00	   3.0000000e+00	   1.0000000e+00	   2.1680000e+03	
   2.0200000e+02	   2.1000000e+02	   3.1400000e+02	   1.5000000e+01	   4.0000000e+00	   3.7100000e+00	   4.7950000e+00	   0.0000000e+00	   3.0000000e+00	   2.0000000e+00	   1.0000000e+00	   2.0000000e+00	   2.5030000e+03	
   3.0700000e+02	   3.1200000e+02	   1.0500000e+02	   3.0000000e+00	   5.0000000e+00	   5.0000000e+00	   3.5500000e+00	   0.0000000e+00	   3.0000000e+00	   2.0000000e+00	   1.0000000e+00	   3.0000000e+00	   1.9450000e+03	
   3.0400000e+02	   3.0700000e+02	   3.1300000e+02	   1.4000000e+01	   4.0000000e+00	   3.9600000e+00	   5.0000000e+00	   2.4900000e+00	   3.0000000e+00	   1.0000000e+00	   2.0000000e+00	   1.0000000e+00	   2.6340000e+03	
   2.0900000e+02	   2.1000000e+02	   1.0500000e+02	   3.0000000e+00	   2.0000000e+00	   4.2750000e+00	   4.7950000e+00	   0.0000000e+00	   1.0000000e+00	   3.0000000e+00	   2.0000000e+00	   3.0000000e+00	   1.8660000e+03	
   1.0900000e+02	   2.1000000e+02	   1.0100000e+02	   1.0000000e+00	   1.0000000e+00	   5.0000000e+00	   4.7950000e+00	   0.0000000e+00	   3.0000000e+00	   1.0000000e+00	   2.0000000e+00	   3.0000000e+00	   1.1410000e+03	
   2.0200000e+02	   3.1200000e+02	   1.0700000e+02	   4.0000000e+00	   1.0000000e+00	   3.7100000e+00	   3.5500000e+00	   2.2500000e-01	   3.0000000e+00	   1.0000000e+00	   2.0000000e+00	   3.0000000e+00	   1.9360000e+03	
   3.0400000e+02	   3.1200000e+02	   1.0500000e+02	   3.0000000e+00	   2.0000000e+00	   3.9600000e+00	   3.5500000e+00	   0.0000000e+00	   3.0000000e+00	   1.0000000e+00	   2.0000000e+00	   1.0000000e+00	   2.2210000e+03	
   2.0300000e+02	   2.1000000e+02	   2.0600000e+02	   8.0000000e+00	   4.0000000e+00	   3.7200000e+00	   4.7950000e+00	   0.0000000e+00	   3.0000000e+00	   2.0000000e+00	   1.0000000e+00	   2.0000000e+00	   2.6450000e+03	
   3.0400000e+02	   3.1100000e+02	   2.1300000e+02	   1.0000000e+01	   3.0000000e+00	   3.9600000e+00	   3.2100000e+00	   0.0000000e+00	   2.0000000e+00	   1.0000000e+00	   3.0000000e+00	   2.0000000e+00	   2.1980000e+03	
   1.1300000e+02	   3.1200000e+02	   2.0600000e+02	   8.0000000e+00	   2.0000000e+00	   3.7950000e+00	   3.5500000e+00	   0.0000000e+00	   1.0000000e+00	   3.0000000e+00	   2.0000000e+00	   1.0000000e+00	   2.2490000e+03	
   1.0800000e+02	   3.1200000e+02	   3.0200000e+02	   1.1000000e+01	   2.0000000e+00	   3.1200000e+00	   3.5500000e+00	   0.0000000e+00	   1.0000000e+00	   3.0000000e+00	   2.0000000e+00	   1.0000000e+00	   1.8080000e+03	
   2.0200000e+02	   2.0300000e+02	   3.0500000e+02	   1.2000000e+01	   1.0000000e+00	   3.7100000e+00	   3.7200000e+00	   1.9500000e-01	   3.0000000e+00	   1.0000000e+00	   2.0000000e+00	   3.0000000e+00	   4.1500000e+03	
   1.0900000e+02	   3.0100000e+02	   3.0900000e+02	   1.3000000e+01	   4.0000000e+00	   5.0000000e+00	   3.7650000e+00	   8.5000000e-02	   2.0000000e+00	   1.0000000e+00	   3.0000000e+00	   2.0000000e+00	   1.9600000e+03	
   1.0300000e+02	   2.1000000e+02	   3.0500000e+02	   1.2000000e+01	   1.0000000e+00	   5.0000000e+00	   4.7950000e+00	   1.9500000e-01	   2.0000000e+00	   1.0000000e+00	   3.0000000e+00	   2.0000000e+00	   1.2720000e+03	
   1.1300000e+02	   2.0900000e+02	   3.1300000e+02	   1.4000000e+01	   2.0000000e+00	   3.7950000e+00	   4.2750000e+00	   2.4900000e+00	   3.0000000e+00	   1.0000000e+00	   2.0000000e+00	   3.0000000e+00	   3.6010000e+03	
   2.1100000e+02	   3.0700000e+02	   2.0600000e+02	   8.0000000e+00	   5.0000000e+00	   3.7200000e+00	   5.0000000e+00	   0.0000000e+00	   3.0000000e+00	   1.0000000e+00	   2.0000000e+00	   1.0000000e+00	   9.5500000e+02	
   1.1300000e+02	   2.1000000e+02	   1.1400000e+02	   6.0000000e+00	   4.0000000e+00	   3.7950000e+00	   4.7950000e+00	   0.0000000e+00	   3.0000000e+00	   2.0000000e+00	   1.0000000e+00	   2.0000000e+00	   1.8490000e+03	
   2.0200000e+02	   2.1100000e+02	   3.0200000e+02	   1.1000000e+01	   1.0000000e+00	   3.7100000e+00	   3.7200000e+00	   0.0000000e+00	   3.0000000e+00	   2.0000000e+00	   1.0000000e+00	   2.0000000e+00	   1.2910000e+03	
   1.0300000e+02	   2.0200000e+02	   3.0900000e+02	   1.3000000e+01	   5.0000000e+00	   5.0000000e+00	   3.7100000e+00	   8.5000000e-02	   1.0000000e+00	   3.0000000e+00	   2.0000000e+00	   1.0000000e+00	   8.9200000e+02	
   2.1000000e+02	   3.0100000e+02	   2.1300000e+02	   1.0000000e+01	   4.0000000e+00	   4.7950000e+00	   3.7650000e+00	   0.0000000e+00	   2.0000000e+00	   3.0000000e+00	   1.0000000e+00	   2.0000000e+00	   1.1440000e+03	
   2.0200000e+02	   3.0400000e+02	   1.1000000e+02	   5.0000000e+00	   2.0000000e+00	   3.7100000e+00	   3.9600000e+00	   0.0000000e+00	   2.0000000e+00	   1.0000000e+00	   3.0000000e+00	   1.0000000e+00	   1.6400000e+03	
   1.1300000e+02	   3.1100000e+02	   1.0200000e+02	   2.0000000e+00	   3.0000000e+00	   3.7950000e+00	   3.2100000e+00	   6.0000000e-02	   1.0000000e+00	   2.0000000e+00	   3.0000000e+00	   1.0000000e+00	   1.4220000e+03	
   1.0800000e+02	   1.1300000e+02	   1.0500000e+02	   3.0000000e+00	   3.0000000e+00	   3.1200000e+00	   3.7950000e+00	   0.0000000e+00	   2.0000000e+00	   1.0000000e+00	   3.0000000e+00	   2.0000000e+00	   2.0630000e+03	
   1.1300000e+02	   3.0100000e+02	   3.1300000e+02	   1.4000000e+01	   1.0000000e+00	   3.7950000e+00	   3.7650000e+00	   2.4900000e+00	   3.0000000e+00	   2.0000000e+00	   1.0000000e+00	   3.0000000e+00	   1.3170000e+03	
   1.1300000e+02	   2.0200000e+02	   1.0700000e+02	   4.0000000e+00	   1.0000000e+00	   3.7950000e+00	   3.7100000e+00	   2.2500000e-01	   1.0000000e+00	   3.0000000e+00	   2.0000000e+00	   3.0000000e+00	   2.9170000e+03	
   1.0800000e+02	   3.0400000e+02	   3.0200000e+02	   1.1000000e+01	   3.0000000e+00	   3.1200000e+00	   3.9600000e+00	   0.0000000e+00	   2.0000000e+00	   3.0000000e+00	   1.0000000e+00	   2.0000000e+00	   1.4550000e+03	
   2.0900000e+02	   2.1100000e+02	   3.1300000e+02	   1.4000000e+01	   3.0000000e+00	   4.2750000e+00	   3.7200000e+00	   2.4900000e+00	   2.0000000e+00	   3.0000000e+00	   1.0000000e+00	   3.0000000e+00	   1.0680000e+03	
   2.0300000e+02	   2.0900000e+02	   1.1600000e+02	   7.0000000e+00	   3.0000000e+00	   3.7200000e+00	   4.2750000e+00	   0.0000000e+00	   3.0000000e+00	   1.0000000e+00	   2.0000000e+00	   3.0000000e+00	   1.3820000e+03	
   1.1300000e+02	   3.1200000e+02	   1.0100000e+02	   1.0000000e+00	   2.0000000e+00	   3.7950000e+00	   3.5500000e+00	   0.0000000e+00	   1.0000000e+00	   2.0000000e+00	   3.0000000e+00	   1.0000000e+00	   1.1870000e+03	
   2.0200000e+02	   2.0300000e+02	   1.1000000e+02	   5.0000000e+00	   1.0000000e+00	   3.7100000e+00	   3.7200000e+00	   0.0000000e+00	   1.0000000e+00	   2.0000000e+00	   3.0000000e+00	   2.0000000e+00	   2.0130000e+03	
   1.0800000e+02	   2.1000000e+02	   1.1000000e+02	   5.0000000e+00	   5.0000000e+00	   3.1200000e+00	   4.7950000e+00	   0.0000000e+00	   1.0000000e+00	   3.0000000e+00	   2.0000000e+00	   1.0000000e+00	   1.0510000e+03	
   1.0900000e+02	   2.0300000e+02	   3.1400000e+02	   1.5000000e+01	   5.0000000e+00	   5.0000000e+00	   3.7200000e+00	   0.0000000e+00	   2.0000000e+00	   1.0000000e+00	   3.0000000e+00	   2.0000000e+00	   1.4540000e+03	
   2.0900000e+02	   3.0700000e+02	   2.0800000e+02	   9.0000000e+00	   3.0000000e+00	   4.2750000e+00	   5.0000000e+00	   0.0000000e+00	   3.0000000e+00	   2.0000000e+00	   1.0000000e+00	   2.0000000e+00	   1.5520000e+03	
   1.0900000e+02	   2.0300000e+02	   3.0200000e+02	   1.1000000e+01	   5.0000000e+00	   5.0000000e+00	   3.7200000e+00	   0.0000000e+00	   3.0000000e+00	   2.0000000e+00	   1.0000000e+00	   3.0000000e+00	   1.1570000e+03	
   2.0300000e+02	   2.1000000e+02	   2.0800000e+02	   9.0000000e+00	   4.0000000e+00	   3.7200000e+00	   4.7950000e+00	   0.0000000e+00	   2.0000000e+00	   1.0000000e+00	   3.0000000e+00	   1.0000000e+00	   1.6220000e+03	
   1.1300000e+02	   3.1000000e+02	   1.0200000e+02	   2.0000000e+00	   2.0000000e+00	   3.7950000e+00	   4.1250000e+00	   6.0000000e-02	   2.0000000e+00	   1.0000000e+00	   3.0000000e+00	   1.0000000e+00	   2.7640000e+03	
   2.1000000e+02	   3.1000000e+02	   1.0200000e+02	   2.0000000e+00	   3.0000000e+00	   4.7950000e+00	   4.1250000e+00	   6.0000000e-02	   1.0000000e+00	   3.0000000e+00	   2.0000000e+00	   1.0000000e+00	   1.6010000e+03	
   2.1000000e+02	   3.1200000e+02	   2.0800000e+02	   9.0000000e+00	   4.0000000e+00	   4.7950000e+00	   3.5500000e+00	   0.0000000e+00	   2.0000000e+00	   3.0000000e+00	   1.0000000e+00	   2.0000000e+00	   2.1260000e+03	
   1.0800000e+02	   1.0900000e+02	   3.1400000e+02	   1.5000000e+01	   5.0000000e+00	   3.1200000e+00	   5.0000000e+00	   0.0000000e+00	   2.0000000e+00	   1.0000000e+00	   3.0000000e+00	   1.0000000e+00	   1.3460000e+03	
   3.0400000e+02	   3.1100000e+02	   3.1400000e+02	   1.5000000e+01	   3.0000000e+00	   3.9600000e+00	   3.2100000e+00	   0.0000000e+00	   2.0000000e+00	   3.0000000e+00	   1.0000000e+00	   2.0000000e+00	   6.3840000e+03	
   2.0900000e+02	   3.0100000e+02	   2.1300000e+02	   1.0000000e+01	   2.0000000e+00	   4.2750000e+00	   3.7650000e+00	   0.0000000e+00	   2.0000000e+00	   1.0000000e+00	   3.0000000e+00	   1.0000000e+00	   2.3450000e+03	
   2.1000000e+02	   3.1200000e+02	   3.0500000e+02	   1.2000000e+01	   4.0000000e+00	   4.7950000e+00	   3.5500000e+00	   1.9500000e-01	   2.0000000e+00	   3.0000000e+00	   1.0000000e+00	   2.0000000e+00	   1.9240000e+03	
   2.0300000e+02	   3.0700000e+02	   1.1000000e+02	   5.0000000e+00	   5.0000000e+00	   3.7200000e+00	   5.0000000e+00	   0.0000000e+00	   2.0000000e+00	   3.0000000e+00	   1.0000000e+00	   3.0000000e+00	   1.0200000e+03	
   1.1300000e+02	   3.1200000e+02	   2.1300000e+02	   1.0000000e+01	   2.0000000e+00	   3.7950000e+00	   3.5500000e+00	   0.0000000e+00	   3.0000000e+00	   2.0000000e+00	   1.0000000e+00	   2.0000000e+00	   2.1840000e+03	
   2.0900000e+02	   3.0100000e+02	   1.0500000e+02	   3.0000000e+00	   2.0000000e+00	   4.2750000e+00	   3.7650000e+00	   0.0000000e+00	   2.0000000e+00	   1.0000000e+00	   3.0000000e+00	   2.0000000e+00	   1.9960000e+03	
   3.0100000e+02	   3.0700000e+02	   1.1000000e+02	   5.0000000e+00	   4.0000000e+00	   3.7650000e+00	   5.0000000e+00	   0.0000000e+00	   2.0000000e+00	   1.0000000e+00	   3.0000000e+00	   1.0000000e+00	   1.0650000e+03	
   1.1300000e+02	   2.0200000e+02	   1.0200000e+02	   2.0000000e+00	   1.0000000e+00	   3.7950000e+00	   3.7100000e+00	   6.0000000e-02	   3.0000000e+00	   1.0000000e+00	   2.0000000e+00	   1.0000000e+00	   1.5800000e+03	
   2.0900000e+02	   3.1000000e+02	   3.0200000e+02	   1.1000000e+01	   1.0000000e+00	   4.2750000e+00	   4.1250000e+00	   0.0000000e+00	   2.0000000e+00	   3.0000000e+00	   1.0000000e+00	   2.0000000e+00	   1.6180000e+03	
   3.0100000e+02	   3.0400000e+02	   3.0500000e+02	   1.2000000e+01	   1.0000000e+00	   3.7650000e+00	   3.9600000e+00	   1.9500000e-01	   1.0000000e+00	   3.0000000e+00	   2.0000000e+00	   3.0000000e+00	   1.2220000e+03	
   2.0900000e+02	   2.1000000e+02	   3.1400000e+02	   1.5000000e+01	   2.0000000e+00	   4.2750000e+00	   4.7950000e+00	   0.0000000e+00	   2.0000000e+00	   1.0000000e+00	   3.0000000e+00	   1.0000000e+00	   1.1360000e+03	
   1.0800000e+02	   3.1100000e+02	   2.1300000e+02	   1.0000000e+01	   1.0000000e+00	   3.1200000e+00	   3.2100000e+00	   0.0000000e+00	   1.0000000e+00	   2.0000000e+00	   3.0000000e+00	   1.0000000e+00	   1.2960000e+03	
   1.0800000e+02	   2.1000000e+02	   1.0700000e+02	   4.0000000e+00	   5.0000000e+00	   3.1200000e+00	   4.7950000e+00	   2.2500000e-01	   2.0000000e+00	   1.0000000e+00	   3.0000000e+00	   1.0000000e+00	   1.1550000e+03	
   3.1000000e+02	   3.1200000e+02	   1.1000000e+02	   5.0000000e+00	   3.0000000e+00	   4.1250000e+00	   3.5500000e+00	   0.0000000e+00	   2.0000000e+00	   3.0000000e+00	   1.0000000e+00	   2.0000000e+00	   1.8260000e+03	
   2.0200000e+02	   3.1100000e+02	   3.0900000e+02	   1.3000000e+01	   2.0000000e+00	   3.7100000e+00	   3.2100000e+00	   8.5000000e-02	   3.0000000e+00	   2.0000000e+00	   1.0000000e+00	   3.0000000e+00	   1.6320000e+03	
   2.0900000e+02	   2.1100000e+02	   2.0600000e+02	   8.0000000e+00	   3.0000000e+00	   4.2750000e+00	   3.7200000e+00	   0.0000000e+00	   3.0000000e+00	   1.0000000e+00	   2.0000000e+00	   1.0000000e+00	   1.9080000e+03	
   1.0800000e+02	   2.0300000e+02	   1.0200000e+02	   2.0000000e+00	   3.0000000e+00	   3.1200000e+00	   3.7200000e+00	   6.0000000e-02	   2.0000000e+00	   1.0000000e+00	   3.0000000e+00	   1.0000000e+00	   1.0560000e+03	
   2.0900000e+02	   3.0700000e+02	   3.1300000e+02	   1.4000000e+01	   3.0000000e+00	   4.2750000e+00	   5.0000000e+00	   2.4900000e+00	   1.0000000e+00	   2.0000000e+00	   3.0000000e+00	   2.0000000e+00	   7.2200000e+02	
   2.0200000e+02	   3.1000000e+02	   3.0200000e+02	   1.1000000e+01	   2.0000000e+00	   3.7100000e+00	   4.1250000e+00	   0.0000000e+00	   1.0000000e+00	   3.0000000e+00	   2.0000000e+00	   1.0000000e+00	   1.4450000e+03	
   2.1000000e+02	   3.0700000e+02	   1.0100000e+02	   1.0000000e+00	   1.0000000e+00	   4.7950000e+00	   5.0000000e+00	   0.0000000e+00	   1.0000000e+00	   3.0000000e+00	   2.0000000e+00	   1.0000000e+00	   1.1330000e+03	
   1.1300000e+02	   3.0100000e+02	   1.0200000e+02	   2.0000000e+00	   1.0000000e+00	   3.7950000e+00	   3.7650000e+00	   6.0000000e-02	   2.0000000e+00	   1.0000000e+00	   3.0000000e+00	   2.0000000e+00	   1.6670000e+03	
   2.0200000e+02	   2.1000000e+02	   1.0700000e+02	   4.0000000e+00	   4.0000000e+00	   3.7100000e+00	   4.7950000e+00	   2.2500000e-01	   3.0000000e+00	   2.0000000e+00	   1.0000000e+00	   3.0000000e+00	   1.9700000e+03	
   1.0800000e+02	   2.1100000e+02	   3.1300000e+02	   1.4000000e+01	   3.0000000e+00	   3.1200000e+00	   3.7200000e+00	   2.4900000e+00	   3.0000000e+00	   2.0000000e+00	   1.0000000e+00	   2.0000000e+00	   1.8090000e+03	
   2.0200000e+02	   2.1000000e+02	   1.0500000e+02	   3.0000000e+00	   4.0000000e+00	   3.7100000e+00	   4.7950000e+00	   0.0000000e+00	   3.0000000e+00	   2.0000000e+00	   1.0000000e+00	   2.0000000e+00	   1.8470000e+03	
   1.0900000e+02	   1.1300000e+02	   2.0600000e+02	   8.0000000e+00	   4.0000000e+00	   5.0000000e+00	   3.7950000e+00	   0.0000000e+00	   2.0000000e+00	   3.0000000e+00	   1.0000000e+00	   2.0000000e+00	   8.7700000e+02	
   1.1300000e+02	   2.1100000e+02	   1.1000000e+02	   5.0000000e+00	   1.0000000e+00	   3.7950000e+00	   3.7200000e+00	   0.0000000e+00	   2.0000000e+00	   3.0000000e+00	   1.0000000e+00	   2.0000000e+00	   2.3160000e+03	
   2.1100000e+02	   3.1100000e+02	   3.0500000e+02	   1.2000000e+01	   2.0000000e+00	   3.7200000e+00	   3.2100000e+00	   1.9500000e-01	   2.0000000e+00	   1.0000000e+00	   3.0000000e+00	   2.0000000e+00	   1.1900000e+03	
   2.0200000e+02	   2.0900000e+02	   2.1300000e+02	   1.0000000e+01	   3.0000000e+00	   3.7100000e+00	   4.2750000e+00	   0.0000000e+00	   3.0000000e+00	   1.0000000e+00	   2.0000000e+00	   3.0000000e+00	   2.8520000e+03	
   2.0900000e+02	   2.1000000e+02	   3.0900000e+02	   1.3000000e+01	   2.0000000e+00	   4.2750000e+00	   4.7950000e+00	   8.5000000e-02	   3.0000000e+00	   1.0000000e+00	   2.0000000e+00	   1.0000000e+00	   1.2180000e+03	
   1.0900000e+02	   3.0100000e+02	   1.0700000e+02	   4.0000000e+00	   4.0000000e+00	   5.0000000e+00	   3.7650000e+00	   2.2500000e-01	   2.0000000e+00	   1.0000000e+00	   3.0000000e+00	   2.0000000e+00	   8.4500000e+02	
   2.0200000e+02	   3.0100000e+02	   3.0200000e+02	   1.1000000e+01	   1.0000000e+00	   3.7100000e+00	   3.7650000e+00	   0.0000000e+00	   2.0000000e+00	   3.0000000e+00	   1.0000000e+00	   2.0000000e+00	   1.0960000e+03	
   1.0900000e+02	   3.1200000e+02	   1.0100000e+02	   1.0000000e+00	   5.0000000e+00	   5.0000000e+00	   3.5500000e+00	   0.0000000e+00	   2.0000000e+00	   1.0000000e+00	   3.0000000e+00	   2.0000000e+00	   7.4200000e+02	
   1.0300000e+02	   1.0800000e+02	   2.1300000e+02	   1.0000000e+01	   5.0000000e+00	   5.0000000e+00	   3.1200000e+00	   0.0000000e+00	   2.0000000e+00	   3.0000000e+00	   1.0000000e+00	   2.0000000e+00	   8.6200000e+02	
   2.0300000e+02	   2.0900000e+02	   3.0200000e+02	   1.1000000e+01	   3.0000000e+00	   3.7200000e+00	   4.2750000e+00	   0.0000000e+00	   2.0000000e+00	   1.0000000e+00	   3.0000000e+00	   1.0000000e+00	   1.0110000e+03	
   2.1000000e+02	   3.0700000e+02	   2.0600000e+02	   8.0000000e+00	   1.0000000e+00	   4.7950000e+00	   5.0000000e+00	   0.0000000e+00	   2.0000000e+00	   3.0000000e+00	   1.0000000e+00	   3.0000000e+00	   1.0420000e+03	
   1.1300000e+02	   3.1100000e+02	   3.1400000e+02	   1.5000000e+01	   3.0000000e+00	   3.7950000e+00	   3.2100000e+00	   0.0000000e+00	   1.0000000e+00	   2.0000000e+00	   3.0000000e+00	   1.0000000e+00	   1.1980000e+03	
   2.1000000e+02	   2.1100000e+02	   3.1300000e+02	   1.4000000e+01	   4.0000000e+00	   4.7950000e+00	   3.7200000e+00	   2.4900000e+00	   3.0000000e+00	   2.0000000e+00	   1.0000000e+00	   3.0000000e+00	   1.7220000e+03	
   1.0300000e+02	   3.0100000e+02	   2.0800000e+02	   9.0000000e+00	   4.0000000e+00	   5.0000000e+00	   3.7650000e+00	   0.0000000e+00	   1.0000000e+00	   3.0000000e+00	   2.0000000e+00	   1.0000000e+00	   1.0020000e+03	
   1.1300000e+02	   2.1000000e+02	   1.0500000e+02	   3.0000000e+00	   4.0000000e+00	   3.7950000e+00	   4.7950000e+00	   0.0000000e+00	   1.0000000e+00	   3.0000000e+00	   2.0000000e+00	   3.0000000e+00	   1.0240000e+03	
   2.1000000e+02	   2.1100000e+02	   2.1300000e+02	   1.0000000e+01	   4.0000000e+00	   4.7950000e+00	   3.7200000e+00	   0.0000000e+00	   1.0000000e+00	   3.0000000e+00	   2.0000000e+00	   1.0000000e+00	   1.5770000e+03	
   2.1100000e+02	   3.1200000e+02	   2.0800000e+02	   9.0000000e+00	   1.0000000e+00	   3.7200000e+00	   3.5500000e+00	   0.0000000e+00	   1.0000000e+00	   3.0000000e+00	   2.0000000e+00	   3.0000000e+00	   2.1420000e+03	
   3.0100000e+02	   3.1100000e+02	   3.0200000e+02	   1.1000000e+01	   2.0000000e+00	   3.7650000e+00	   3.2100000e+00	   0.0000000e+00	   1.0000000e+00	   3.0000000e+00	   2.0000000e+00	   3.0000000e+00	   2.5810000e+03	
   1.0900000e+02	   2.0300000e+02	   1.1400000e+02	   6.0000000e+00	   5.0000000e+00	   5.0000000e+00	   3.7200000e+00	   0.0000000e+00	   1.0000000e+00	   3.0000000e+00	   2.0000000e+00	   1.0000000e+00	   1.8890000e+03	
   1.0800000e+02	   2.1100000e+02	   1.0200000e+02	   2.0000000e+00	   3.0000000e+00	   3.1200000e+00	   3.7200000e+00	   6.0000000e-02	   1.0000000e+00	   2.0000000e+00	   3.0000000e+00	   2.0000000e+00	   1.3210000e+03	
   2.0200000e+02	   3.0700000e+02	   1.0500000e+02	   3.0000000e+00	   5.0000000e+00	   3.7100000e+00	   5.0000000e+00	   0.0000000e+00	   2.0000000e+00	   3.0000000e+00	   1.0000000e+00	   3.0000000e+00	   7.6100000e+02	
   1.1300000e+02	   2.1000000e+02	   3.0500000e+02	   1.2000000e+01	   4.0000000e+00	   3.7950000e+00	   4.7950000e+00	   1.9500000e-01	   1.0000000e+00	   2.0000000e+00	   3.0000000e+00	   2.0000000e+00	   9.9900000e+02	
   1.1300000e+02	   2.0200000e+02	   1.1000000e+02	   5.0000000e+00	   1.0000000e+00	   3.7950000e+00	   3.7100000e+00	   0.0000000e+00	   1.0000000e+00	   3.0000000e+00	   2.0000000e+00	   2.0000000e+00	   7.4400000e+02	
   1.0300000e+02	   2.1000000e+02	   2.0800000e+02	   9.0000000e+00	   1.0000000e+00	   5.0000000e+00	   4.7950000e+00	   0.0000000e+00	   2.0000000e+00	   3.0000000e+00	   1.0000000e+00	   2.0000000e+00	   3.1210000e+03	
   1.0900000e+02	   3.1200000e+02	   2.0600000e+02	   8.0000000e+00	   5.0000000e+00	   5.0000000e+00	   3.5500000e+00	   0.0000000e+00	   2.0000000e+00	   3.0000000e+00	   1.0000000e+00	   2.0000000e+00	   1.2950000e+03	
   2.1000000e+02	   3.1000000e+02	   3.0900000e+02	   1.3000000e+01	   3.0000000e+00	   4.7950000e+00	   4.1250000e+00	   8.5000000e-02	   1.0000000e+00	   3.0000000e+00	   2.0000000e+00	   1.0000000e+00	   1.2080000e+03	
   1.0800000e+02	   3.0400000e+02	   2.0800000e+02	   9.0000000e+00	   3.0000000e+00	   3.1200000e+00	   3.9600000e+00	   0.0000000e+00	   1.0000000e+00	   3.0000000e+00	   2.0000000e+00	   1.0000000e+00	   2.7830000e+03	
   1.0800000e+02	   2.1000000e+02	   2.1300000e+02	   1.0000000e+01	   5.0000000e+00	   3.1200000e+00	   4.7950000e+00	   0.0000000e+00	   1.0000000e+00	   3.0000000e+00	   2.0000000e+00	   3.0000000e+00	   7.9500000e+02	
   1.1300000e+02	   2.0900000e+02	   1.1400000e+02	   6.0000000e+00	   2.0000000e+00	   3.7950000e+00	   4.2750000e+00	   0.0000000e+00	   3.0000000e+00	   1.0000000e+00	   2.0000000e+00	   3.0000000e+00	   1.2370000e+03	
   1.0300000e+02	   3.1200000e+02	   3.1400000e+02	   1.5000000e+01	   5.0000000e+00	   5.0000000e+00	   3.5500000e+00	   0.0000000e+00	   1.0000000e+00	   3.0000000e+00	   2.0000000e+00	   1.0000000e+00	   1.2440000e+03	
   1.0900000e+02	   2.0200000e+02	   1.1600000e+02	   7.0000000e+00	   5.0000000e+00	   5.0000000e+00	   3.7100000e+00	   0.0000000e+00	   2.0000000e+00	   3.0000000e+00	   1.0000000e+00	   2.0000000e+00	   1.4910000e+03	
   2.1000000e+02	   3.0700000e+02	   1.0500000e+02	   3.0000000e+00	   1.0000000e+00	   4.7950000e+00	   5.0000000e+00	   0.0000000e+00	   1.0000000e+00	   2.0000000e+00	   3.0000000e+00	   2.0000000e+00	   7.4600000e+02	
   2.1100000e+02	   3.1000000e+02	   1.0200000e+02	   2.0000000e+00	   2.0000000e+00	   3.7200000e+00	   4.1250000e+00	   6.0000000e-02	   2.0000000e+00	   1.0000000e+00	   3.0000000e+00	   2.0000000e+00	   1.3080000e+03	
   2.0300000e+02	   3.0700000e+02	   2.0800000e+02	   9.0000000e+00	   5.0000000e+00	   3.7200000e+00	   5.0000000e+00	   0.0000000e+00	   1.0000000e+00	   3.0000000e+00	   2.0000000e+00	   3.0000000e+00	   8.0000000e+02	
   2.0200000e+02	   3.0100000e+02	   2.0600000e+02	   8.0000000e+00	   1.0000000e+00	   3.7100000e+00	   3.7650000e+00	   0.0000000e+00	   2.0000000e+00	   3.0000000e+00	   1.0000000e+00	   2.0000000e+00	   1.6580000e+03	
   3.1000000e+02	   3.1100000e+02	   3.0200000e+02	   1.1000000e+01	   4.0000000e+00	   4.1250000e+00	   3.2100000e+00	   0.0000000e+00	   2.0000000e+00	   3.0000000e+00	   1.0000000e+00	   2.0000000e+00	   1.5110000e+03	
   2.1000000e+02	   3.1000000e+02	   1.1600000e+02	   7.0000000e+00	   3.0000000e+00	   4.7950000e+00	   4.1250000e+00	   0.0000000e+00	   2.0000000e+00	   1.0000000e+00	   3.0000000e+00	   2.0000000e+00	   1.0090000e+03	
   2.0900000e+02	   2.1100000e+02	   3.0900000e+02	   1.3000000e+01	   3.0000000e+00	   4.2750000e+00	   3.7200000e+00	   8.5000000e-02	   1.0000000e+00	   2.0000000e+00	   3.0000000e+00	   2.0000000e+00	   1.7850000e+03	
   2.0300000e+02	   3.1200000e+02	   1.0700000e+02	   4.0000000e+00	   1.0000000e+00	   3.7200000e+00	   3.5500000e+00	   2.2500000e-01	   3.0000000e+00	   2.0000000e+00	   1.0000000e+00	   3.0000000e+00	   1.8620000e+03	
   1.1300000e+02	   2.1000000e+02	   3.1400000e+02	   1.5000000e+01	   4.0000000e+00	   3.7950000e+00	   4.7950000e+00	   0.0000000e+00	   2.0000000e+00	   1.0000000e+00	   3.0000000e+00	   1.0000000e+00	   9.7500000e+02	
   1.0900000e+02	   2.0200000e+02	   3.0500000e+02	   1.2000000e+01	   5.0000000e+00	   5.0000000e+00	   3.7100000e+00	   1.9500000e-01	   1.0000000e+00	   3.0000000e+00	   2.0000000e+00	   1.0000000e+00	   6.4600000e+02	
   3.0100000e+02	   3.1100000e+02	   1.1600000e+02	   7.0000000e+00	   2.0000000e+00	   3.7650000e+00	   3.2100000e+00	   0.0000000e+00	   1.0000000e+00	   3.0000000e+00	   2.0000000e+00	   1.0000000e+00	   1.8650000e+03	
   2.1000000e+02	   2.1100000e+02	   3.1400000e+02	   1.5000000e+01	   4.0000000e+00	   4.7950000e+00	   3.7200000e+00	   0.0000000e+00	   3.0000000e+00	   2.0000000e+00	   1.0000000e+00	   3.0000000e+00	   9.7800000e+02	
   1.0800000e+02	   3.0100000e+02	   3.0500000e+02	   1.2000000e+01	   3.0000000e+00	   3.1200000e+00	   3.7650000e+00	   1.9500000e-01	   1.0000000e+00	   3.0000000e+00	   2.0000000e+00	   1.0000000e+00	   1.1960000e+03	
   1.0900000e+02	   2.1100000e+02	   2.0800000e+02	   9.0000000e+00	   5.0000000e+00	   5.0000000e+00	   3.7200000e+00	   0.0000000e+00	   2.0000000e+00	   3.0000000e+00	   1.0000000e+00	   2.0000000e+00	   9.5100000e+02	
   3.0400000e+02	   3.1000000e+02	   3.0200000e+02	   1.1000000e+01	   1.0000000e+00	   3.9600000e+00	   4.1250000e+00	   0.0000000e+00	   2.0000000e+00	   1.0000000e+00	   3.0000000e+00	   2.0000000e+00	   1.2080000e+03	
   2.0300000e+02	   3.0100000e+02	   3.1400000e+02	   1.5000000e+01	   1.0000000e+00	   3.7200000e+00	   3.7650000e+00	   0.0000000e+00	   1.0000000e+00	   3.0000000e+00	   2.0000000e+00	   1.0000000e+00	   1.2360000e+03	
   2.1000000e+02	   3.1200000e+02	   2.0600000e+02	   8.0000000e+00	   4.0000000e+00	   4.7950000e+00	   3.5500000e+00	   0.0000000e+00	   1.0000000e+00	   2.0000000e+00	   3.0000000e+00	   1.0000000e+00	   7.6200000e+02	
   2.0900000e+02	   2.1100000e+02	   3.0200000e+02	   1.1000000e+01	   3.0000000e+00	   4.2750000e+00	   3.7200000e+00	   0.0000000e+00	   3.0000000e+00	   1.0000000e+00	   2.0000000e+00	   1.0000000e+00	   1.4160000e+03	
   2.0300000e+02	   3.1100000e+02	   1.1400000e+02	   6.0000000e+00	   2.0000000e+00	   3.7200000e+00	   3.2100000e+00	   0.0000000e+00	   1.0000000e+00	   3.0000000e+00	   2.0000000e+00	   1.0000000e+00	   1.8740000e+03	
   1.1300000e+02	   2.0900000e+02	   3.0500000e+02	   1.2000000e+01	   2.0000000e+00	   3.7950000e+00	   4.2750000e+00	   1.9500000e-01	   1.0000000e+00	   2.0000000e+00	   3.0000000e+00	   1.0000000e+00	   1.3730000e+03	
   2.0300000e+02	   3.0100000e+02	   3.0500000e+02	   1.2000000e+01	   1.0000000e+00	   3.7200000e+00	   3.7650000e+00	   1.9500000e-01	   2.0000000e+00	   3.0000000e+00	   1.0000000e+00	   2.0000000e+00	   1.1910000e+03	
   2.0200000e+02	   3.1200000e+02	   2.0600000e+02	   8.0000000e+00	   1.0000000e+00	   3.7100000e+00	   3.5500000e+00	   0.0000000e+00	   3.0000000e+00	   1.0000000e+00	   2.0000000e+00	   1.0000000e+00	   1.1350000e+03	
   2.0200000e+02	   2.1000000e+02	   1.0100000e+02	   1.0000000e+00	   4.0000000e+00	   3.7100000e+00	   4.7950000e+00	   0.0000000e+00	   1.0000000e+00	   2.0000000e+00	   3.0000000e+00	   2.0000000e+00	   7.5800000e+02	
   2.0900000e+02	   3.0700000e+02	   3.0500000e+02	   1.2000000e+01	   3.0000000e+00	   4.2750000e+00	   5.0000000e+00	   1.9500000e-01	   3.0000000e+00	   1.0000000e+00	   2.0000000e+00	   1.0000000e+00	   6.6200000e+02	
   1.0900000e+02	   2.0200000e+02	   1.0200000e+02	   2.0000000e+00	   5.0000000e+00	   5.0000000e+00	   3.7100000e+00	   6.0000000e-02	   2.0000000e+00	   1.0000000e+00	   3.0000000e+00	   2.0000000e+00	   6.3700000e+02	
   2.0300000e+02	   2.0900000e+02	   1.1000000e+02	   5.0000000e+00	   3.0000000e+00	   3.7200000e+00	   4.2750000e+00	   0.0000000e+00	   2.0000000e+00	   1.0000000e+00	   3.0000000e+00	   3.0000000e+00	   7.5200000e+02	
   2.0200000e+02	   2.1100000e+02	   1.1600000e+02	   7.0000000e+00	   1.0000000e+00	   3.7100000e+00	   3.7200000e+00	   0.0000000e+00	   2.0000000e+00	   1.0000000e+00	   3.0000000e+00	   1.0000000e+00	   1.3300000e+03	
   3.0700000e+02	   3.1000000e+02	   1.0500000e+02	   3.0000000e+00	   4.0000000e+00	   5.0000000e+00	   4.1250000e+00	   0.0000000e+00	   3.0000000e+00	   2.0000000e+00	   1.0000000e+00	   3.0000000e+00	   9.8900000e+02	
   1.0800000e+02	   3.1200000e+02	   1.1400000e+02	   6.0000000e+00	   2.0000000e+00	   3.1200000e+00	   3.5500000e+00	   0.0000000e+00	   3.0000000e+00	   1.0000000e+00	   2.0000000e+00	   1.0000000e+00	   1.1430000e+03	
   1.0900000e+02	   2.0200000e+02	   3.0900000e+02	   1.3000000e+01	   5.0000000e+00	   5.0000000e+00	   3.7100000e+00	   8.5000000e-02	   3.0000000e+00	   2.0000000e+00	   1.0000000e+00	   3.0000000e+00	   7.2400000e+02	
   1.0300000e+02	   3.0100000e+02	   3.0900000e+02	   1.3000000e+01	   4.0000000e+00	   5.0000000e+00	   3.7650000e+00	   8.5000000e-02	   2.0000000e+00	   1.0000000e+00	   3.0000000e+00	   2.0000000e+00	   1.1950000e+03	
   2.1000000e+02	   2.1100000e+02	   2.0600000e+02	   8.0000000e+00	   4.0000000e+00	   4.7950000e+00	   3.7200000e+00	   0.0000000e+00	   3.0000000e+00	   2.0000000e+00	   1.0000000e+00	   3.0000000e+00	   1.1870000e+03	
   1.0800000e+02	   2.0300000e+02	   1.0100000e+02	   1.0000000e+00	   3.0000000e+00	   3.1200000e+00	   3.7200000e+00	   0.0000000e+00	   2.0000000e+00	   3.0000000e+00	   1.0000000e+00	   2.0000000e+00	   1.4030000e+03	
   3.0700000e+02	   3.1200000e+02	   2.1300000e+02	   1.0000000e+01	   5.0000000e+00	   5.0000000e+00	   3.5500000e+00	   0.0000000e+00	   3.0000000e+00	   2.0000000e+00	   1.0000000e+00	   3.0000000e+00	   1.1350000e+03	
   1.1300000e+02	   2.1000000e+02	   3.1300000e+02	   1.4000000e+01	   4.0000000e+00	   3.7950000e+00	   4.7950000e+00	   2.4900000e+00	   3.0000000e+00	   2.0000000e+00	   1.0000000e+00	   2.0000000e+00	   8.9700000e+02	
   2.0300000e+02	   2.0900000e+02	   2.1300000e+02	   1.0000000e+01	   3.0000000e+00	   3.7200000e+00	   4.2750000e+00	   0.0000000e+00	   3.0000000e+00	   2.0000000e+00	   1.0000000e+00	   3.0000000e+00	   2.4500000e+03	
   1.0300000e+02	   3.1100000e+02	   1.0700000e+02	   4.0000000e+00	   5.0000000e+00	   5.0000000e+00	   3.2100000e+00	   2.2500000e-01	   2.0000000e+00	   1.0000000e+00	   3.0000000e+00	   2.0000000e+00	   8.6000000e+02	
   2.0200000e+02	   3.0400000e+02	   1.0700000e+02	   4.0000000e+00	   2.0000000e+00	   3.7100000e+00	   3.9600000e+00	   2.2500000e-01	   3.0000000e+00	   2.0000000e+00	   1.0000000e+00	   3.0000000e+00	   2.1870000e+03	
   1.0300000e+02	   2.1000000e+02	   1.0100000e+02	   1.0000000e+00	   1.0000000e+00	   5.0000000e+00	   4.7950000e+00	   0.0000000e+00	   3.0000000e+00	   2.0000000e+00	   1.0000000e+00	   3.0000000e+00	   8.3300000e+02	
   1.0300000e+02	   2.0300000e+02	   3.1400000e+02	   1.5000000e+01	   5.0000000e+00	   5.0000000e+00	   3.7200000e+00	   0.0000000e+00	   1.0000000e+00	   3.0000000e+00	   2.0000000e+00	   1.0000000e+00	   1.0690000e+03	
   1.0800000e+02	   3.0700000e+02	   3.1300000e+02	   1.4000000e+01	   5.0000000e+00	   3.1200000e+00	   5.0000000e+00	   2.4900000e+00	   3.0000000e+00	   2.0000000e+00	   1.0000000e+00	   2.0000000e+00	   8.1600000e+02	
   1.0300000e+02	   1.0800000e+02	   1.0100000e+02	   1.0000000e+00	   5.0000000e+00	   5.0000000e+00	   3.1200000e+00	   0.0000000e+00	   2.0000000e+00	   3.0000000e+00	   1.0000000e+00	   2.0000000e+00	   9.4900000e+02	
   2.1100000e+02	   3.0100000e+02	   1.1400000e+02	   6.0000000e+00	   1.0000000e+00	   3.7200000e+00	   3.7650000e+00	   0.0000000e+00	   2.0000000e+00	   3.0000000e+00	   1.0000000e+00	   2.0000000e+00	   1.3470000e+03	
   1.0300000e+02	   1.0800000e+02	   3.0500000e+02	   1.2000000e+01	   5.0000000e+00	   5.0000000e+00	   3.1200000e+00	   1.9500000e-01	   2.0000000e+00	   1.0000000e+00	   3.0000000e+00	   2.0000000e+00	   8.4900000e+02	
   2.1100000e+02	   3.1200000e+02	   3.1400000e+02	   1.5000000e+01	   1.0000000e+00	   3.7200000e+00	   3.5500000e+00	   0.0000000e+00	   1.0000000e+00	   2.0000000e+00	   3.0000000e+00	   1.0000000e+00	   1.8880000e+03	
   2.0900000e+02	   3.1100000e+02	   1.1600000e+02	   7.0000000e+00	   4.0000000e+00	   4.2750000e+00	   3.2100000e+00	   0.0000000e+00	   2.0000000e+00	   3.0000000e+00	   1.0000000e+00	   2.0000000e+00	   1.9860000e+03	
   1.1300000e+02	   2.0900000e+02	   1.0100000e+02	   1.0000000e+00	   2.0000000e+00	   3.7950000e+00	   4.2750000e+00	   0.0000000e+00	   1.0000000e+00	   3.0000000e+00	   2.0000000e+00	   1.0000000e+00	   2.2700000e+03	
   3.0400000e+02	   3.1200000e+02	   2.0800000e+02	   9.0000000e+00	   2.0000000e+00	   3.9600000e+00	   3.5500000e+00	   0.0000000e+00	   1.0000000e+00	   3.0000000e+00	   2.0000000e+00	   1.0000000e+00	   2.0170000e+03	
   2.0200000e+02	   2.1100000e+02	   1.0200000e+02	   2.0000000e+00	   1.0000000e+00	   3.7100000e+00	   3.7200000e+00	   6.0000000e-02	   3.0000000e+00	   1.0000000e+00	   2.0000000e+00	   1.0000000e+00	   2.3830000e+03	
   3.0100000e+02	   3.1000000e+02	   1.0700000e+02	   4.0000000e+00	   2.0000000e+00	   3.7650000e+00	   4.1250000e+00	   2.2500000e-01	   2.0000000e+00	   1.0000000e+00	   3.0000000e+00	   1.0000000e+00	   1.3200000e+03	
   1.1300000e+02	   2.0200000e+02	   1.0500000e+02	   3.0000000e+00	   1.0000000e+00	   3.7950000e+00	   3.7100000e+00	   0.0000000e+00	   2.0000000e+00	   3.0000000e+00	   1.0000000e+00	   3.0000000e+00	   1.3130000e+03	
   3.1100000e+02	   3.1200000e+02	   1.1600000e+02	   7.0000000e+00	   2.0000000e+00	   3.2100000e+00	   3.5500000e+00	   0.0000000e+00	   1.0000000e+00	   2.0000000e+00	   3.0000000e+00	   2.0000000e+00	   1.4230000e+03	
   1.1300000e+02	   3.1200000e+02	   3.1400000e+02	   1.5000000e+01	   2.0000000e+00	   3.7950000e+00	   3.5500000e+00	   0.0000000e+00	   1.0000000e+00	   3.0000000e+00	   2.0000000e+00	   3.0000000e+00	   1.3060000e+03	
   1.0800000e+02	   3.1000000e+02	   3.0200000e+02	   1.1000000e+01	   4.0000000e+00	   3.1200000e+00	   4.1250000e+00	   0.0000000e+00	   2.0000000e+00	   1.0000000e+00	   3.0000000e+00	   1.0000000e+00	   1.4420000e+03	
   1.0900000e+02	   1.1300000e+02	   3.0200000e+02	   1.1000000e+01	   4.0000000e+00	   5.0000000e+00	   3.7950000e+00	   0.0000000e+00	   3.0000000e+00	   2.0000000e+00	   1.0000000e+00	   3.0000000e+00	   8.0700000e+02	
   2.1100000e+02	   3.1000000e+02	   1.0100000e+02	   1.0000000e+00	   2.0000000e+00	   3.7200000e+00	   4.1250000e+00	   0.0000000e+00	   1.0000000e+00	   3.0000000e+00	   2.0000000e+00	   3.0000000e+00	   1.0470000e+03	
   3.0100000e+02	   3.0700000e+02	   3.0500000e+02	   1.2000000e+01	   4.0000000e+00	   3.7650000e+00	   5.0000000e+00	   1.9500000e-01	   3.0000000e+00	   2.0000000e+00	   1.0000000e+00	   2.0000000e+00	   8.2800000e+02	
   1.0800000e+02	   3.0100000e+02	   2.0800000e+02	   9.0000000e+00	   3.0000000e+00	   3.1200000e+00	   3.7650000e+00	   0.0000000e+00	   1.0000000e+00	   3.0000000e+00	   2.0000000e+00	   1.0000000e+00	   1.3960000e+03	
   1.1300000e+02	   3.1100000e+02	   1.0500000e+02	   3.0000000e+00	   3.0000000e+00	   3.7950000e+00	   3.2100000e+00	   0.0000000e+00	   3.0000000e+00	   2.0000000e+00	   1.0000000e+00	   3.0000000e+00	   9.5100000e+02	
   2.0300000e+02	   2.1000000e+02	   3.0900000e+02	   1.3000000e+01	   4.0000000e+00	   3.7200000e+00	   4.7950000e+00	   8.5000000e-02	   1.0000000e+00	   3.0000000e+00	   2.0000000e+00	   3.0000000e+00	   1.0030000e+03	
   1.0900000e+02	   3.1100000e+02	   1.0700000e+02	   4.0000000e+00	   5.0000000e+00	   5.0000000e+00	   3.2100000e+00	   2.2500000e-01	   3.0000000e+00	   1.0000000e+00	   2.0000000e+00	   3.0000000e+00	   8.6900000e+02	
   2.0300000e+02	   3.0100000e+02	   1.1600000e+02	   7.0000000e+00	   1.0000000e+00	   3.7200000e+00	   3.7650000e+00	   0.0000000e+00	   1.0000000e+00	   3.0000000e+00	   2.0000000e+00	   1.0000000e+00	   2.3230000e+03	
   2.1100000e+02	   3.1200000e+02	   1.1600000e+02	   7.0000000e+00	   1.0000000e+00	   3.7200000e+00	   3.5500000e+00	   0.0000000e+00	   2.0000000e+00	   3.0000000e+00	   1.0000000e+00	   2.0000000e+00	   1.4130000e+03	
   2.1100000e+02	   3.0100000e+02	   2.0600000e+02	   8.0000000e+00	   1.0000000e+00	   3.7200000e+00	   3.7650000e+00	   0.0000000e+00	   1.0000000e+00	   2.0000000e+00	   3.0000000e+00	   1.0000000e+00	   1.8700000e+03	
   2.0900000e+02	   3.0400000e+02	   3.1400000e+02	   1.5000000e+01	   2.0000000e+00	   4.2750000e+00	   3.9600000e+00	   0.0000000e+00	   2.0000000e+00	   1.0000000e+00	   3.0000000e+00	   1.0000000e+00	   1.1000000e+03	
   1.1300000e+02	   3.1200000e+02	   1.1600000e+02	   7.0000000e+00	   2.0000000e+00	   3.7950000e+00	   3.5500000e+00	   0.0000000e+00	   1.0000000e+00	   2.0000000e+00	   3.0000000e+00	   1.0000000e+00	   1.0660000e+03	
   2.0900000e+02	   2.1100000e+02	   1.0500000e+02	   3.0000000e+00	   3.0000000e+00	   4.2750000e+00	   3.7200000e+00	   0.0000000e+00	   3.0000000e+00	   1.0000000e+00	   2.0000000e+00	   1.0000000e+00	   1.1980000e+03	
   2.0300000e+02	   3.1100000e+02	   1.1000000e+02	   5.0000000e+00	   2.0000000e+00	   3.7200000e+00	   3.2100000e+00	   0.0000000e+00	   1.0000000e+00	   3.0000000e+00	   2.0000000e+00	   1.0000000e+00	   2.3580000e+03	
   2.1000000e+02	   3.0400000e+02	   1.0500000e+02	   3.0000000e+00	   3.0000000e+00	   4.7950000e+00	   3.9600000e+00	   0.0000000e+00	   2.0000000e+00	   1.0000000e+00	   3.0000000e+00	   2.0000000e+00	   1.4730000e+03	
   2.0200000e+02	   3.0700000e+02	   1.0100000e+02	   1.0000000e+00	   5.0000000e+00	   3.7100000e+00	   5.0000000e+00	   0.0000000e+00	   1.0000000e+00	   3.0000000e+00	   2.0000000e+00	   3.0000000e+00	   9.5800000e+02	
   1.0900000e+02	   3.1000000e+02	   3.1300000e+02	   1.4000000e+01	   3.0000000e+00	   5.0000000e+00	   4.1250000e+00	   2.4900000e+00	   2.0000000e+00	   1.0000000e+00	   3.0000000e+00	   2.0000000e+00	   7.2900000e+02	
   1.0800000e+02	   3.1100000e+02	   1.1400000e+02	   6.0000000e+00	   1.0000000e+00	   3.1200000e+00	   3.2100000e+00	   0.0000000e+00	   3.0000000e+00	   1.0000000e+00	   2.0000000e+00	   3.0000000e+00	   1.6190000e+03	
   2.0900000e+02	   3.0700000e+02	   2.0600000e+02	   8.0000000e+00	   3.0000000e+00	   4.2750000e+00	   5.0000000e+00	   0.0000000e+00	   1.0000000e+00	   3.0000000e+00	   2.0000000e+00	   3.0000000e+00	   7.1900000e+02	
   2.1100000e+02	   3.0400000e+02	   1.0500000e+02	   3.0000000e+00	   2.0000000e+00	   3.7200000e+00	   3.9600000e+00	   0.0000000e+00	   2.0000000e+00	   1.0000000e+00	   3.0000000e+00	   2.0000000e+00	   1.0810000e+03	
   2.0900000e+02	   3.0400000e+02	   3.1300000e+02	   1.4000000e+01	   2.0000000e+00	   4.2750000e+00	   3.9600000e+00	   2.4900000e+00	   3.0000000e+00	   1.0000000e+00	   2.0000000e+00	   3.0000000e+00	   2.0120000e+03	
   1.0800000e+02	   3.0700000e+02	   2.1300000e+02	   1.0000000e+01	   5.0000000e+00	   3.1200000e+00	   5.0000000e+00	   0.0000000e+00	   3.0000000e+00	   2.0000000e+00	   1.0000000e+00	   2.0000000e+00	   7.1900000e+02	
   2.0300000e+02	   2.1100000e+02	   2.1300000e+02	   1.0000000e+01	   1.0000000e+00	   3.7200000e+00	   3.7200000e+00	   0.0000000e+00	   1.0000000e+00	   2.0000000e+00	   3.0000000e+00	   2.0000000e+00	   9.4400000e+02	
   3.1000000e+02	   3.1100000e+02	   1.0200000e+02	   2.0000000e+00	   4.0000000e+00	   4.1250000e+00	   3.2100000e+00	   6.0000000e-02	   1.0000000e+00	   2.0000000e+00	   3.0000000e+00	   1.0000000e+00	   1.0180000e+03	
   1.0300000e+02	   1.0800000e+02	   3.1300000e+02	   1.4000000e+01	   5.0000000e+00	   5.0000000e+00	   3.1200000e+00	   2.4900000e+00	   3.0000000e+00	   2.0000000e+00	   1.0000000e+00	   3.0000000e+00	   7.7300000e+02	
   2.0200000e+02	   2.0300000e+02	   2.1300000e+02	   1.0000000e+01	   1.0000000e+00	   3.7100000e+00	   3.7200000e+00	   0.0000000e+00	   3.0000000e+00	   1.0000000e+00	   2.0000000e+00	   3.0000000e+00	   9.7000000e+02	
   3.0700000e+02	   3.1200000e+02	   1.0200000e+02	   2.0000000e+00	   5.0000000e+00	   5.0000000e+00	   3.5500000e+00	   6.0000000e-02	   2.0000000e+00	   3.0000000e+00	   1.0000000e+00	   2.0000000e+00	   7.8100000e+02	
   1.0900000e+02	   3.1000000e+02	   3.0200000e+02	   1.1000000e+01	   3.0000000e+00	   5.0000000e+00	   4.1250000e+00	   0.0000000e+00	   2.0000000e+00	   1.0000000e+00	   3.0000000e+00	   2.0000000e+00	   7.5800000e+02	
   1.1300000e+02	   3.0400000e+02	   1.1400000e+02	   6.0000000e+00	   1.0000000e+00	   3.7950000e+00	   3.9600000e+00	   0.0000000e+00	   2.0000000e+00	   1.0000000e+00	   3.0000000e+00	   1.0000000e+00	   1.5830000e+03	
   2.1000000e+02	   3.0100000e+02	   2.0800000e+02	   9.0000000e+00	   4.0000000e+00	   4.7950000e+00	   3.7650000e+00	   0.0000000e+00	   3.0000000e+00	   2.0000000e+00	   1.0000000e+00	   3.0000000e+00	   1.2980000e+03	
   1.1300000e+02	   3.1200000e+02	   1.1000000e+02	   5.0000000e+00	   2.0000000e+00	   3.7950000e+00	   3.5500000e+00	   0.0000000e+00	   2.0000000e+00	   1.0000000e+00	   3.0000000e+00	   2.0000000e+00	   2.0050000e+03	
   2.1000000e+02	   3.1000000e+02	   3.1400000e+02	   1.5000000e+01	   3.0000000e+00	   4.7950000e+00	   4.1250000e+00	   0.0000000e+00	   2.0000000e+00	   1.0000000e+00	   3.0000000e+00	   2.0000000e+00	   6.6900000e+02	
   1.1300000e+02	   3.0400000e+02	   1.0700000e+02	   4.0000000e+00	   1.0000000e+00	   3.7950000e+00	   3.9600000e+00	   2.2500000e-01	   1.0000000e+00	   2.0000000e+00	   3.0000000e+00	   1.0000000e+00	   1.0570000e+03	
   2.1000000e+02	   3.1200000e+02	   1.0700000e+02	   4.0000000e+00	   4.0000000e+00	   4.7950000e+00	   3.5500000e+00	   2.2500000e-01	   1.0000000e+00	   2.0000000e+00	   3.0000000e+00	   1.0000000e+00	   7.7600000e+02	
   2.0300000e+02	   3.0400000e+02	   1.1400000e+02	   6.0000000e+00	   2.0000000e+00	   3.7200000e+00	   3.9600000e+00	   0.0000000e+00	   1.0000000e+00	   3.0000000e+00	   2.0000000e+00	   3.0000000e+00	   1.9180000e+03	
   1.0800000e+02	   3.1000000e+02	   3.0500000e+02	   1.2000000e+01	   4.0000000e+00	   3.1200000e+00	   4.1250000e+00	   1.9500000e-01	   1.0000000e+00	   3.0000000e+00	   2.0000000e+00	   1.0000000e+00	   1.0360000e+03	
   3.0700000e+02	   3.1200000e+02	   1.1600000e+02	   7.0000000e+00	   5.0000000e+00	   5.0000000e+00	   3.5500000e+00	   0.0000000e+00	   3.0000000e+00	   1.0000000e+00	   2.0000000e+00	   3.0000000e+00	   1.3870000e+03	
   3.0400000e+02	   3.1100000e+02	   1.1400000e+02	   6.0000000e+00	   3.0000000e+00	   3.9600000e+00	   3.2100000e+00	   0.0000000e+00	   2.0000000e+00	   3.0000000e+00	   1.0000000e+00	   2.0000000e+00	   1.2070000e+03	
   2.0300000e+02	   3.1000000e+02	   2.0600000e+02	   8.0000000e+00	   2.0000000e+00	   3.7200000e+00	   4.1250000e+00	   0.0000000e+00	   3.0000000e+00	   2.0000000e+00	   1.0000000e+00	   1.0000000e+00	   1.3200000e+03	
   1.0900000e+02	   1.1300000e+02	   1.1000000e+02	   5.0000000e+00	   4.0000000e+00	   5.0000000e+00	   3.7950000e+00	   0.0000000e+00	   2.0000000e+00	   1.0000000e+00	   3.0000000e+00	   2.0000000e+00	   1.4930000e+03	
   3.0700000e+02	   3.1000000e+02	   1.1600000e+02	   7.0000000e+00	   4.0000000e+00	   5.0000000e+00	   4.1250000e+00	   0.0000000e+00	   2.0000000e+00	   1.0000000e+00	   3.0000000e+00	   2.0000000e+00	   8.7700000e+02	
   1.0800000e+02	   3.0100000e+02	   1.0700000e+02	   4.0000000e+00	   3.0000000e+00	   3.1200000e+00	   3.7650000e+00	   2.2500000e-01	   1.0000000e+00	   3.0000000e+00	   2.0000000e+00	   1.0000000e+00	   1.0220000e+03	
   2.0900000e+02	   3.0100000e+02	   2.0600000e+02	   8.0000000e+00	   2.0000000e+00	   4.2750000e+00	   3.7650000e+00	   0.0000000e+00	   2.0000000e+00	   1.0000000e+00	   3.0000000e+00	   2.0000000e+00	   1.3490000e+03	
   1.0300000e+02	   3.0400000e+02	   1.1600000e+02	   7.0000000e+00	   4.0000000e+00	   5.0000000e+00	   3.9600000e+00	   0.0000000e+00	   1.0000000e+00	   2.0000000e+00	   3.0000000e+00	   1.0000000e+00	   1.1460000e+03	
   2.0200000e+02	   3.1200000e+02	   1.1600000e+02	   7.0000000e+00	   1.0000000e+00	   3.7100000e+00	   3.5500000e+00	   0.0000000e+00	   1.0000000e+00	   2.0000000e+00	   3.0000000e+00	   2.0000000e+00	   1.2560000e+03	
   3.0700000e+02	   3.1100000e+02	   1.0200000e+02	   2.0000000e+00	   5.0000000e+00	   5.0000000e+00	   3.2100000e+00	   6.0000000e-02	   1.0000000e+00	   3.0000000e+00	   2.0000000e+00	   1.0000000e+00	   1.5790000e+03	
   2.0900000e+02	   3.0100000e+02	   3.0900000e+02	   1.3000000e+01	   2.0000000e+00	   4.2750000e+00	   3.7650000e+00	   8.5000000e-02	   2.0000000e+00	   3.0000000e+00	   1.0000000e+00	   2.0000000e+00	   1.4650000e+03	
   2.1100000e+02	   3.1100000e+02	   3.1300000e+02	   1.4000000e+01	   2.0000000e+00	   3.7200000e+00	   3.2100000e+00	   2.4900000e+00	   3.0000000e+00	   2.0000000e+00	   1.0000000e+00	   3.0000000e+00	   8.9500000e+02	
   2.1100000e+02	   3.0400000e+02	   2.1300000e+02	   1.0000000e+01	   2.0000000e+00	   3.7200000e+00	   3.9600000e+00	   0.0000000e+00	   3.0000000e+00	   2.0000000e+00	   1.0000000e+00	   3.0000000e+00	   9.5900000e+02	
   2.0900000e+02	   3.1200000e+02	   3.0500000e+02	   1.2000000e+01	   3.0000000e+00	   4.2750000e+00	   3.5500000e+00	   1.9500000e-01	   2.0000000e+00	   1.0000000e+00	   3.0000000e+00	   1.0000000e+00	   1.0820000e+03	
   1.1300000e+02	   3.0400000e+02	   3.1400000e+02	   1.5000000e+01	   1.0000000e+00	   3.7950000e+00	   3.9600000e+00	   0.0000000e+00	   3.0000000e+00	   2.0000000e+00	   1.0000000e+00	   3.0000000e+00	   1.1890000e+03	
   3.0100000e+02	   3.1000000e+02	   2.1300000e+02	   1.0000000e+01	   2.0000000e+00	   3.7650000e+00	   4.1250000e+00	   0.0000000e+00	   2.0000000e+00	   3.0000000e+00	   1.0000000e+00	   3.0000000e+00	   1.2760000e+03	
   1.0800000e+02	   2.1100000e+02	   2.0800000e+02	   9.0000000e+00	   3.0000000e+00	   3.1200000e+00	   3.7200000e+00	   0.0000000e+00	   3.0000000e+00	   1.0000000e+00	   2.0000000e+00	   1.0000000e+00	   1.1400000e+03	
   2.1000000e+02	   3.1100000e+02	   3.0900000e+02	   1.3000000e+01	   5.0000000e+00	   4.7950000e+00	   3.2100000e+00	   8.5000000e-02	   3.0000000e+00	   1.0000000e+00	   2.0000000e+00	   3.0000000e+00	   7.7200000e+02	
   2.0200000e+02	   3.1200000e+02	   1.1000000e+02	   5.0000000e+00	   1.0000000e+00	   3.7100000e+00	   3.5500000e+00	   0.0000000e+00	   1.0000000e+00	   3.0000000e+00	   2.0000000e+00	   1.0000000e+00	   2.6930000e+03	
   1.0800000e+02	   2.0200000e+02	   2.0600000e+02	   8.0000000e+00	   3.0000000e+00	   3.1200000e+00	   3.7100000e+00	   0.0000000e+00	   1.0000000e+00	   3.0000000e+00	   2.0000000e+00	   3.0000000e+00	   1.6230000e+03	
   2.0200000e+02	   3.0700000e+02	   3.1300000e+02	   1.4000000e+01	   5.0000000e+00	   3.7100000e+00	   5.0000000e+00	   2.4900000e+00	   1.0000000e+00	   2.0000000e+00	   3.0000000e+00	   2.0000000e+00	   7.9600000e+02	
   2.0300000e+02	   2.0900000e+02	   1.1400000e+02	   6.0000000e+00	   3.0000000e+00	   3.7200000e+00	   4.2750000e+00	   0.0000000e+00	   3.0000000e+00	   2.0000000e+00	   1.0000000e+00	   2.0000000e+00	   1.0680000e+03	
   1.0900000e+02	   3.0100000e+02	   1.0100000e+02	   1.0000000e+00	   4.0000000e+00	   5.0000000e+00	   3.7650000e+00	   0.0000000e+00	   1.0000000e+00	   2.0000000e+00	   3.0000000e+00	   1.0000000e+00	   7.5100000e+02	
   2.0300000e+02	   3.1000000e+02	   1.0200000e+02	   2.0000000e+00	   2.0000000e+00	   3.7200000e+00	   4.1250000e+00	   6.0000000e-02	   3.0000000e+00	   1.0000000e+00	   2.0000000e+00	   1.0000000e+00	   9.5800000e+02	
   2.0900000e+02	   3.1000000e+02	   3.0900000e+02	   1.3000000e+01	   1.0000000e+00	   4.2750000e+00	   4.1250000e+00	   8.5000000e-02	   3.0000000e+00	   2.0000000e+00	   1.0000000e+00	   3.0000000e+00	   1.1280000e+03	
   1.0900000e+02	   2.1000000e+02	   3.0900000e+02	   1.3000000e+01	   1.0000000e+00	   5.0000000e+00	   4.7950000e+00	   8.5000000e-02	   2.0000000e+00	   1.0000000e+00	   3.0000000e+00	   2.0000000e+00	   8.3900000e+02	
   2.1000000e+02	   3.0100000e+02	   1.0700000e+02	   4.0000000e+00	   4.0000000e+00	   4.7950000e+00	   3.7650000e+00	   2.2500000e-01	   3.0000000e+00	   1.0000000e+00	   2.0000000e+00	   3.0000000e+00	   9.2900000e+02	
   1.0800000e+02	   1.0900000e+02	   1.0700000e+02	   4.0000000e+00	   5.0000000e+00	   3.1200000e+00	   5.0000000e+00	   2.2500000e-01	   3.0000000e+00	   1.0000000e+00	   2.0000000e+00	   1.0000000e+00	   7.1000000e+02	
   2.1000000e+02	   2.1100000e+02	   1.1000000e+02	   5.0000000e+00	   4.0000000e+00	   4.7950000e+00	   3.7200000e+00	   0.0000000e+00	   3.0000000e+00	   1.0000000e+00	   2.0000000e+00	   3.0000000e+00	   1.9890000e+03	
   1.0900000e+02	   3.0100000e+02	   1.0200000e+02	   2.0000000e+00	   4.0000000e+00	   5.0000000e+00	   3.7650000e+00	   6.0000000e-02	   2.0000000e+00	   3.0000000e+00	   1.0000000e+00	   2.0000000e+00	   8.7500000e+02	
   2.1000000e+02	   3.0400000e+02	   1.1000000e+02	   5.0000000e+00	   3.0000000e+00	   4.7950000e+00	   3.9600000e+00	   0.0000000e+00	   3.0000000e+00	   1.0000000e+00	   2.0000000e+00	   3.0000000e+00	   1.7730000e+03	
   1.0900000e+02	   2.0200000e+02	   2.0600000e+02	   8.0000000e+00	   5.0000000e+00	   5.0000000e+00	   3.7100000e+00	   0.0000000e+00	   2.0000000e+00	   1.0000000e+00	   3.0000000e+00	   2.0000000e+00	   1.1600000e+03	
   2.1000000e+02	   3.1200000e+02	   1.1600000e+02	   7.0000000e+00	   4.0000000e+00	   4.7950000e+00	   3.5500000e+00	   0.0000000e+00	   3.0000000e+00	   2.0000000e+00	   1.0000000e+00	   3.0000000e+00	   8.8800000e+02	
   2.0300000e+02	   3.0100000e+02	   3.0900000e+02	   1.3000000e+01	   1.0000000e+00	   3.7200000e+00	   3.7650000e+00	   8.5000000e-02	   3.0000000e+00	   1.0000000e+00	   2.0000000e+00	   3.0000000e+00	   1.8540000e+03	
   1.0900000e+02	   3.1000000e+02	   1.1400000e+02	   6.0000000e+00	   3.0000000e+00	   5.0000000e+00	   4.1250000e+00	   0.0000000e+00	   3.0000000e+00	   2.0000000e+00	   1.0000000e+00	   3.0000000e+00	   7.8300000e+02	
   3.0100000e+02	   3.1100000e+02	   3.0500000e+02	   1.2000000e+01	   2.0000000e+00	   3.7650000e+00	   3.2100000e+00	   1.9500000e-01	   3.0000000e+00	   2.0000000e+00	   1.0000000e+00	   3.0000000e+00	   2.7150000e+03	
   2.0200000e+02	   2.0900000e+02	   3.0900000e+02	   1.3000000e+01	   3.0000000e+00	   3.7100000e+00	   4.2750000e+00	   8.5000000e-02	   2.0000000e+00	   1.0000000e+00	   3.0000000e+00	   2.0000000e+00	   4.1850000e+03	
   2.0300000e+02	   3.1100000e+02	   3.0500000e+02	   1.2000000e+01	   2.0000000e+00	   3.7200000e+00	   3.2100000e+00	   1.9500000e-01	   1.0000000e+00	   2.0000000e+00	   3.0000000e+00	   1.0000000e+00	   1.1870000e+03	
   2.0200000e+02	   2.1100000e+02	   3.1300000e+02	   1.4000000e+01	   1.0000000e+00	   3.7100000e+00	   3.7200000e+00	   2.4900000e+00	   1.0000000e+00	   2.0000000e+00	   3.0000000e+00	   1.0000000e+00	   8.9900000e+02	
   2.0300000e+02	   2.1000000e+02	   1.1400000e+02	   6.0000000e+00	   4.0000000e+00	   3.7200000e+00	   4.7950000e+00	   0.0000000e+00	   2.0000000e+00	   1.0000000e+00	   3.0000000e+00	   1.0000000e+00	   1.1890000e+03	
   2.1100000e+02	   3.1200000e+02	   1.0100000e+02	   1.0000000e+00	   1.0000000e+00	   3.7200000e+00	   3.5500000e+00	   0.0000000e+00	   3.0000000e+00	   2.0000000e+00	   1.0000000e+00	   3.0000000e+00	   2.6910000e+03	
   1.0800000e+02	   2.0200000e+02	   1.0100000e+02	   1.0000000e+00	   3.0000000e+00	   3.1200000e+00	   3.7100000e+00	   0.0000000e+00	   1.0000000e+00	   2.0000000e+00	   3.0000000e+00	   2.0000000e+00	   1.0180000e+03	
   3.0700000e+02	   3.1100000e+02	   1.1400000e+02	   6.0000000e+00	   5.0000000e+00	   5.0000000e+00	   3.2100000e+00	   0.0000000e+00	   2.0000000e+00	   1.0000000e+00	   3.0000000e+00	   2.0000000e+00	   9.0800000e+02	
   3.0400000e+02	   3.1200000e+02	   3.0200000e+02	   1.1000000e+01	   2.0000000e+00	   3.9600000e+00	   3.5500000e+00	   0.0000000e+00	   2.0000000e+00	   1.0000000e+00	   3.0000000e+00	   1.0000000e+00	   1.0690000e+03	
   1.0900000e+02	   1.1300000e+02	   3.0900000e+02	   1.3000000e+01	   4.0000000e+00	   5.0000000e+00	   3.7950000e+00	   8.5000000e-02	   3.0000000e+00	   1.0000000e+00	   2.0000000e+00	   3.0000000e+00	   6.9900000e+02	
   3.1100000e+02	   3.1200000e+02	   1.0700000e+02	   4.0000000e+00	   2.0000000e+00	   3.2100000e+00	   3.5500000e+00	   2.2500000e-01	   1.0000000e+00	   3.0000000e+00	   2.0000000e+00	   3.0000000e+00	   6.1200000e+02	
   1.0800000e+02	   2.1000000e+02	   1.1600000e+02	   7.0000000e+00	   5.0000000e+00	   3.1200000e+00	   4.7950000e+00	   0.0000000e+00	   2.0000000e+00	   1.0000000e+00	   3.0000000e+00	   1.0000000e+00	   6.3500000e+02	
   1.0900000e+02	   1.1300000e+02	   1.1400000e+02	   6.0000000e+00	   4.0000000e+00	   5.0000000e+00	   3.7950000e+00	   0.0000000e+00	   3.0000000e+00	   2.0000000e+00	   1.0000000e+00	   3.0000000e+00	   6.1700000e+02	
   1.0300000e+02	   1.0800000e+02	   3.0200000e+02	   1.1000000e+01	   5.0000000e+00	   5.0000000e+00	   3.1200000e+00	   0.0000000e+00	   1.0000000e+00	   3.0000000e+00	   2.0000000e+00	   1.0000000e+00	   7.9100000e+02	
   1.0800000e+02	   3.1000000e+02	   1.0100000e+02	   1.0000000e+00	   4.0000000e+00	   3.1200000e+00	   4.1250000e+00	   0.0000000e+00	   1.0000000e+00	   2.0000000e+00	   3.0000000e+00	   1.0000000e+00	   9.7500000e+02	
   1.0300000e+02	   2.0300000e+02	   1.1600000e+02	   7.0000000e+00	   5.0000000e+00	   5.0000000e+00	   3.7200000e+00	   0.0000000e+00	   2.0000000e+00	   3.0000000e+00	   1.0000000e+00	   2.0000000e+00	   7.8800000e+02	
   1.0300000e+02	   2.0300000e+02	   3.0500000e+02	   1.2000000e+01	   5.0000000e+00	   5.0000000e+00	   3.7200000e+00	   1.9500000e-01	   2.0000000e+00	   3.0000000e+00	   1.0000000e+00	   2.0000000e+00	   6.5600000e+02	
   2.0200000e+02	   3.1200000e+02	   3.1300000e+02	   1.4000000e+01	   1.0000000e+00	   3.7100000e+00	   3.5500000e+00	   2.4900000e+00	   2.0000000e+00	   3.0000000e+00	   1.0000000e+00	   2.0000000e+00	   2.8370000e+03	
   3.0100000e+02	   3.1100000e+02	   2.0800000e+02	   9.0000000e+00	   2.0000000e+00	   3.7650000e+00	   3.2100000e+00	   0.0000000e+00	   1.0000000e+00	   3.0000000e+00	   2.0000000e+00	   1.0000000e+00	   1.3360000e+03	
   1.0300000e+02	   2.0200000e+02	   1.1000000e+02	   5.0000000e+00	   5.0000000e+00	   5.0000000e+00	   3.7100000e+00	   0.0000000e+00	   2.0000000e+00	   1.0000000e+00	   3.0000000e+00	   2.0000000e+00	   1.0520000e+03	
   3.0100000e+02	   3.1000000e+02	   1.1600000e+02	   7.0000000e+00	   2.0000000e+00	   3.7650000e+00	   4.1250000e+00	   0.0000000e+00	   2.0000000e+00	   1.0000000e+00	   3.0000000e+00	   1.0000000e+00	   8.5700000e+02	
   1.1300000e+02	   2.0300000e+02	   2.0800000e+02	   9.0000000e+00	   1.0000000e+00	   3.7950000e+00	   3.7200000e+00	   0.0000000e+00	   1.0000000e+00	   2.0000000e+00	   3.0000000e+00	   1.0000000e+00	   1.4320000e+03	
   2.0200000e+02	   3.1200000e+02	   2.0800000e+02	   9.0000000e+00	   1.0000000e+00	   3.7100000e+00	   3.5500000e+00	   0.0000000e+00	   3.0000000e+00	   1.0000000e+00	   2.0000000e+00	   1.0000000e+00	   1.6190000e+03	
   1.0300000e+02	   2.0300000e+02	   1.0200000e+02	   2.0000000e+00	   5.0000000e+00	   5.0000000e+00	   3.7200000e+00	   6.0000000e-02	   3.0000000e+00	   2.0000000e+00	   1.0000000e+00	   3.0000000e+00	   7.9300000e+02	
   1.1300000e+02	   3.0400000e+02	   1.0200000e+02	   2.0000000e+00	   1.0000000e+00	   3.7950000e+00	   3.9600000e+00	   6.0000000e-02	   3.0000000e+00	   2.0000000e+00	   1.0000000e+00	   3.0000000e+00	   9.8900000e+02	
   2.0200000e+02	   3.0100000e+02	   3.0900000e+02	   1.3000000e+01	   1.0000000e+00	   3.7100000e+00	   3.7650000e+00	   8.5000000e-02	   2.0000000e+00	   3.0000000e+00	   1.0000000e+00	   2.0000000e+00	   9.9800000e+02	
   2.0300000e+02	   3.0100000e+02	   1.0500000e+02	   3.0000000e+00	   1.0000000e+00	   3.7200000e+00	   3.7650000e+00	   0.0000000e+00	   3.0000000e+00	   2.0000000e+00	   1.0000000e+00	   3.0000000e+00	   1.2980000e+03	
   1.1300000e+02	   3.1200000e+02	   2.0800000e+02	   9.0000000e+00	   2.0000000e+00	   3.7950000e+00	   3.5500000e+00	   0.0000000e+00	   2.0000000e+00	   1.0000000e+00	   3.0000000e+00	   2.0000000e+00	   1.3440000e+03	
   2.0300000e+02	   3.0400000e+02	   3.1400000e+02	   1.5000000e+01	   2.0000000e+00	   3.7200000e+00	   3.9600000e+00	   0.0000000e+00	   3.0000000e+00	   2.0000000e+00	   1.0000000e+00	   2.0000000e+00	   1.3500000e+03	
   2.0200000e+02	   3.0700000e+02	   3.0200000e+02	   1.1000000e+01	   5.0000000e+00	   3.7100000e+00	   5.0000000e+00	   0.0000000e+00	   1.0000000e+00	   3.0000000e+00	   2.0000000e+00	   3.0000000e+00	   6.2800000e+02	
   1.0800000e+02	   3.1200000e+02	   1.0100000e+02	   1.0000000e+00	   2.0000000e+00	   3.1200000e+00	   3.5500000e+00	   0.0000000e+00	   2.0000000e+00	   3.0000000e+00	   1.0000000e+00	   2.0000000e+00	   8.4800000e+02	
   1.0300000e+02	   3.1100000e+02	   1.1000000e+02	   5.0000000e+00	   5.0000000e+00	   5.0000000e+00	   3.2100000e+00	   0.0000000e+00	   2.0000000e+00	   3.0000000e+00	   1.0000000e+00	   2.0000000e+00	   1.3350000e+03	
   1.0800000e+02	   3.0700000e+02	   1.1400000e+02	   6.0000000e+00	   5.0000000e+00	   3.1200000e+00	   5.0000000e+00	   0.0000000e+00	   3.0000000e+00	   2.0000000e+00	   1.0000000e+00	   2.0000000e+00	   7.1200000e+02	
   1.0900000e+02	   3.0100000e+02	   3.1300000e+02	   1.4000000e+01	   4.0000000e+00	   5.0000000e+00	   3.7650000e+00	   2.4900000e+00	   2.0000000e+00	   3.0000000e+00	   1.0000000e+00	   2.0000000e+00	   6.3800000e+02	
   1.0900000e+02	   3.1000000e+02	   1.0700000e+02	   4.0000000e+00	   3.0000000e+00	   5.0000000e+00	   4.1250000e+00	   2.2500000e-01	   1.0000000e+00	   2.0000000e+00	   3.0000000e+00	   1.0000000e+00	   7.2800000e+02	
   2.0900000e+02	   2.1000000e+02	   1.0700000e+02	   4.0000000e+00	   2.0000000e+00	   4.2750000e+00	   4.7950000e+00	   2.2500000e-01	   1.0000000e+00	   3.0000000e+00	   2.0000000e+00	   3.0000000e+00	   6.0200000e+02	
   1.0300000e+02	   3.1200000e+02	   2.0800000e+02	   9.0000000e+00	   5.0000000e+00	   5.0000000e+00	   3.5500000e+00	   0.0000000e+00	   3.0000000e+00	   2.0000000e+00	   1.0000000e+00	   3.0000000e+00	   6.8700000e+02	
   1.0300000e+02	   3.1100000e+02	   3.0200000e+02	   1.1000000e+01	   5.0000000e+00	   5.0000000e+00	   3.2100000e+00	   0.0000000e+00	   3.0000000e+00	   1.0000000e+00	   2.0000000e+00	   3.0000000e+00	   6.1300000e+02	
   2.1000000e+02	   3.0400000e+02	   1.0100000e+02	   1.0000000e+00	   3.0000000e+00	   4.7950000e+00	   3.9600000e+00	   0.0000000e+00	   1.0000000e+00	   2.0000000e+00	   3.0000000e+00	   1.0000000e+00	   6.5100000e+02	
   1.0900000e+02	   2.0200000e+02	   2.0800000e+02	   9.0000000e+00	   5.0000000e+00	   5.0000000e+00	   3.7100000e+00	   0.0000000e+00	   1.0000000e+00	   2.0000000e+00	   3.0000000e+00	   1.0000000e+00	   6.9700000e+02	
   1.0900000e+02	   3.0100000e+02	   1.1400000e+02	   6.0000000e+00	   4.0000000e+00	   5.0000000e+00	   3.7650000e+00	   0.0000000e+00	   1.0000000e+00	   3.0000000e+00	   2.0000000e+00	   1.0000000e+00	   5.6800000e+02	
   2.0300000e+02	   3.1000000e+02	   3.1300000e+02	   1.4000000e+01	   2.0000000e+00	   3.7200000e+00	   4.1250000e+00	   2.4900000e+00	   2.0000000e+00	   3.0000000e+00	   1.0000000e+00	   3.0000000e+00	   9.0300000e+02	
   2.1100000e+02	   3.0400000e+02	   1.0200000e+02	   2.0000000e+00	   2.0000000e+00	   3.7200000e+00	   3.9600000e+00	   6.0000000e-02	   1.0000000e+00	   3.0000000e+00	   2.0000000e+00	   1.0000000e+00	   1.4190000e+03	
   3.0100000e+02	   3.1100000e+02	   2.0600000e+02	   8.0000000e+00	   2.0000000e+00	   3.7650000e+00	   3.2100000e+00	   0.0000000e+00	   2.0000000e+00	   3.0000000e+00	   1.0000000e+00	   1.0000000e+00	   4.7970000e+03	
   2.0900000e+02	   2.1100000e+02	   1.1000000e+02	   5.0000000e+00	   3.0000000e+00	   4.2750000e+00	   3.7200000e+00	   0.0000000e+00	   1.0000000e+00	   2.0000000e+00	   3.0000000e+00	   2.0000000e+00	   1.5040000e+03	
   2.1100000e+02	   3.1100000e+02	   1.1000000e+02	   5.0000000e+00	   2.0000000e+00	   3.7200000e+00	   3.2100000e+00	   0.0000000e+00	   3.0000000e+00	   1.0000000e+00	   2.0000000e+00	   3.0000000e+00	   1.8960000e+03	
   1.1300000e+02	   2.0300000e+02	   1.1400000e+02	   6.0000000e+00	   1.0000000e+00	   3.7950000e+00	   3.7200000e+00	   0.0000000e+00	   2.0000000e+00	   1.0000000e+00	   3.0000000e+00	   2.0000000e+00	   1.2460000e+03	
   2.0900000e+02	   3.1200000e+02	   2.0600000e+02	   8.0000000e+00	   3.0000000e+00	   4.2750000e+00	   3.5500000e+00	   0.0000000e+00	   3.0000000e+00	   2.0000000e+00	   1.0000000e+00	   2.0000000e+00	   1.4930000e+03	
   1.0800000e+02	   3.0700000e+02	   2.0600000e+02	   8.0000000e+00	   5.0000000e+00	   3.1200000e+00	   5.0000000e+00	   0.0000000e+00	   2.0000000e+00	   1.0000000e+00	   3.0000000e+00	   1.0000000e+00	   6.7400000e+02	
   1.0800000e+02	   2.1100000e+02	   3.0500000e+02	   1.2000000e+01	   3.0000000e+00	   3.1200000e+00	   3.7200000e+00	   1.9500000e-01	   1.0000000e+00	   3.0000000e+00	   2.0000000e+00	   1.0000000e+00	   7.4700000e+02	
   2.0300000e+02	   3.0700000e+02	   1.1400000e+02	   6.0000000e+00	   5.0000000e+00	   3.7200000e+00	   5.0000000e+00	   0.0000000e+00	   3.0000000e+00	   1.0000000e+00	   2.0000000e+00	   1.0000000e+00	   5.9500000e+02	
   1.0300000e+02	   3.1200000e+02	   1.0100000e+02	   1.0000000e+00	   5.0000000e+00	   5.0000000e+00	   3.5500000e+00	   0.0000000e+00	   1.0000000e+00	   2.0000000e+00	   3.0000000e+00	   1.0000000e+00	   7.0500000e+02	
   2.0200000e+02	   2.1000000e+02	   2.1300000e+02	   1.0000000e+01	   4.0000000e+00	   3.7100000e+00	   4.7950000e+00	   0.0000000e+00	   3.0000000e+00	   2.0000000e+00	   1.0000000e+00	   2.0000000e+00	   1.0680000e+03	
   1.0800000e+02	   3.1000000e+02	   1.0200000e+02	   2.0000000e+00	   4.0000000e+00	   3.1200000e+00	   4.1250000e+00	   6.0000000e-02	   1.0000000e+00	   3.0000000e+00	   2.0000000e+00	   1.0000000e+00	   8.6100000e+02	
   1.0300000e+02	   2.0900000e+02	   1.0700000e+02	   4.0000000e+00	   3.0000000e+00	   5.0000000e+00	   4.2750000e+00	   2.2500000e-01	   3.0000000e+00	   2.0000000e+00	   1.0000000e+00	   3.0000000e+00	   6.6800000e+02	
   2.0300000e+02	   2.1000000e+02	   1.0100000e+02	   1.0000000e+00	   4.0000000e+00	   3.7200000e+00	   4.7950000e+00	   0.0000000e+00	   3.0000000e+00	   1.0000000e+00	   2.0000000e+00	   1.0000000e+00	   1.4440000e+03	
   2.1000000e+02	   3.0100000e+02	   1.0500000e+02	   3.0000000e+00	   4.0000000e+00	   4.7950000e+00	   3.7650000e+00	   0.0000000e+00	   1.0000000e+00	   3.0000000e+00	   2.0000000e+00	   1.0000000e+00	   8.0600000e+02	
   1.0800000e+02	   3.1000000e+02	   3.1400000e+02	   1.5000000e+01	   4.0000000e+00	   3.1200000e+00	   4.1250000e+00	   0.0000000e+00	   1.0000000e+00	   2.0000000e+00	   3.0000000e+00	   1.0000000e+00	   7.9800000e+02	
   1.0900000e+02	   2.0900000e+02	   1.1600000e+02	   7.0000000e+00	   3.0000000e+00	   5.0000000e+00	   4.2750000e+00	   0.0000000e+00	   1.0000000e+00	   3.0000000e+00	   2.0000000e+00	   1.0000000e+00	   5.5900000e+02	
   2.0900000e+02	   3.1000000e+02	   1.0500000e+02	   3.0000000e+00	   1.0000000e+00	   4.2750000e+00	   4.1250000e+00	   0.0000000e+00	   3.0000000e+00	   2.0000000e+00	   1.0000000e+00	   1.0000000e+00	   6.7200000e+02	
   1.0800000e+02	   3.0100000e+02	   2.1300000e+02	   1.0000000e+01	   3.0000000e+00	   3.1200000e+00	   3.7650000e+00	   0.0000000e+00	   3.0000000e+00	   1.0000000e+00	   2.0000000e+00	   2.0000000e+00	   1.0960000e+03	
   1.0900000e+02	   2.1100000e+02	   3.1300000e+02	   1.4000000e+01	   5.0000000e+00	   5.0000000e+00	   3.7200000e+00	   2.4900000e+00	   3.0000000e+00	   2.0000000e+00	   1.0000000e+00	   3.0000000e+00	   6.4100000e+02	
   1.0300000e+02	   1.1300000e+02	   1.1000000e+02	   5.0000000e+00	   4.0000000e+00	   5.0000000e+00	   3.7950000e+00	   0.0000000e+00	   1.0000000e+00	   2.0000000e+00	   3.0000000e+00	   1.0000000e+00	   9.9600000e+02	
