   1.0000000e+00	   1.0000000e+00	   1.0900000e+02	   7.0000000e-02	   2.4190000e+03	
   1.0000000e+00	   2.0000000e+00	   1.1600000e+02	   1.8500000e+00	   2.6590000e+03	
   1.0000000e+00	   3.0000000e+00	   3.1200000e+02	   3.7000000e+00	   2.5230000e+03	
   1.0000000e+00	   4.0000000e+00	   2.1300000e+02	   3.7400000e+00	   2.4930000e+03	
   1.0000000e+00	   5.0000000e+00	   1.0700000e+02	   2.5000000e+00	   1.8270000e+03	
   1.0000000e+00	   6.0000000e+00	   1.1300000e+02	   2.9200000e+00	   3.5280000e+03	
   1.0000000e+00	   7.0000000e+00	   2.0700000e+02	   3.8000000e-01	   2.8280000e+03	
   1.0000000e+00	   8.0000000e+00	   2.1200000e+02	   0.0000000e+00	   2.1280000e+03	
   1.0000000e+00	   9.0000000e+00	   3.0700000e+02	   4.0000000e+00	   4.1260000e+03	
   1.0000000e+00	   1.0000000e+01	   2.0400000e+02	   0.0000000e+00	   1.4600000e+03	
   1.0000000e+00	   1.1000000e+01	   1.1400000e+02	   1.3800000e+00	   2.3940000e+03	
   1.0000000e+00	   1.2000000e+01	   2.1100000e+02	   3.3800000e+00	   2.3280000e+03	
   1.0000000e+00	   1.3000000e+01	   3.1100000e+02	   5.0000000e+00	   1.2950000e+03	
   1.0000000e+00	   1.4000000e+01	   2.0800000e+02	   1.8100000e+00	   2.3610000e+03	
   1.0000000e+00	   1.5000000e+01	   1.0800000e+02	   1.7100000e+00	   1.7930000e+03	
   1.0000000e+00	   1.6000000e+01	   2.1400000e+02	   3.6500000e+00	   3.6620000e+03	
   1.0000000e+00	   1.7000000e+01	   3.0800000e+02	   2.3100000e+00	   6.1920000e+03	
   1.0000000e+00	   1.8000000e+01	   3.0600000e+02	   5.0000000e+00	   1.8280000e+03	
   1.0000000e+00	   1.9000000e+01	   3.1300000e+02	   5.0000000e+00	   1.3620000e+03	
   1.0000000e+00	   2.0000000e+01	   1.0400000e+02	   0.0000000e+00	   1.7610000e+03	
   1.0000000e+00	   2.1000000e+01	   1.1200000e+02	   3.1800000e+00	   1.9600000e+03	
   1.0000000e+00	   2.2000000e+01	   2.1500000e+02	   0.0000000e+00	   1.8270000e+03	
   1.0000000e+00	   2.3000000e+01	   1.0300000e+02	   1.6900000e+00	   1.8280000e+03	
   1.0000000e+00	   2.4000000e+01	   1.1100000e+02	   3.6800000e+00	   2.1940000e+03	
   1.0000000e+00	   2.5000000e+01	   2.0900000e+02	   1.2600000e+00	   3.1600000e+03	
   1.0000000e+00	   2.6000000e+01	   1.0100000e+02	   0.0000000e+00	   1.4600000e+03	
   1.0000000e+00	   2.7000000e+01	   2.0300000e+02	   2.5000000e+00	   3.5260000e+03	
   1.0000000e+00	   2.8000000e+01	   3.1400000e+02	   3.6700000e+00	   2.0590000e+03	
   1.0000000e+00	   2.9000000e+01	   3.0500000e+02	   0.0000000e+00	   1.7950000e+03	
   1.0000000e+00	   3.0000000e+01	   1.0600000e+02	   3.0200000e+00	   3.4590000e+03	
   1.0000000e+00	   3.1000000e+01	   1.1500000e+02	   1.3000000e+00	   1.4610000e+03	
   1.0000000e+00	   3.2000000e+01	   2.1000000e+02	   3.3800000e+00	   1.7600000e+03	
   1.0000000e+00	   3.3000000e+01	   2.0200000e+02	   3.3700000e+00	   2.1270000e+03	
   1.0000000e+00	   3.4000000e+01	   2.0500000e+02	   0.0000000e+00	   1.2930000e+03	
   1.0000000e+00	   3.5000000e+01	   1.0500000e+02	   1.6800000e+00	   2.5930000e+03	
   1.0000000e+00	   3.6000000e+01	   3.0200000e+02	   1.2200000e+00	   2.2440000e+03	
   1.0000000e+00	   3.7000000e+01	   3.0100000e+02	   5.0000000e+00	   1.7940000e+03	
   1.0000000e+00	   3.8000000e+01	   3.0400000e+02	   5.0000000e+00	   9.9400000e+02	
   1.0000000e+00	   3.9000000e+01	   2.0100000e+02	   6.9000000e-01	   1.3940000e+03	
   1.0000000e+00	   4.0000000e+01	   1.1000000e+02	   1.5300000e+00	   1.2280000e+03	
   1.0000000e+00	   4.1000000e+01	   3.0300000e+02	   5.0000000e+00	   9.9300000e+02	
   1.0000000e+00	   4.2000000e+01	   1.0200000e+02	   1.0700000e+00	   1.2610000e+03	
   1.0000000e+00	   4.3000000e+01	   3.1000000e+02	   5.0000000e+00	   2.1250000e+03	
   1.0000000e+00	   4.4000000e+01	   3.0900000e+02	   4.3600000e+00	   3.1260000e+03	
   1.0000000e+00	   4.5000000e+01	   2.0600000e+02	   3.2600000e+00	   1.6280000e+03	
   2.0000000e+00	   1.0000000e+00	   1.1000000e+02	   1.3900000e+00	   1.4600000e+03	
   2.0000000e+00	   2.0000000e+00	   3.0700000e+02	   5.0000000e+00	   1.0280000e+03	
   2.0000000e+00	   3.0000000e+00	   1.0100000e+02	   0.0000000e+00	   1.0610000e+03	
   2.0000000e+00	   4.0000000e+00	   3.0200000e+02	   1.0000000e-02	   1.1290000e+03	
   2.0000000e+00	   5.0000000e+00	   3.1100000e+02	   5.0000000e+00	   9.9500000e+02	
   2.0000000e+00	   6.0000000e+00	   3.0300000e+02	   4.3800000e+00	   1.7950000e+03	
   2.0000000e+00	   7.0000000e+00	   3.0900000e+02	   3.9700000e+00	   1.8270000e+03	
   2.0000000e+00	   8.0000000e+00	   1.0900000e+02	   0.0000000e+00	   1.0620000e+03	
   2.0000000e+00	   9.0000000e+00	   2.0700000e+02	   0.0000000e+00	   1.0280000e+03	
   2.0000000e+00	   1.0000000e+01	   3.1300000e+02	   3.8400000e+00	   2.0620000e+03	
   2.0000000e+00	   1.1000000e+01	   3.0500000e+02	   0.0000000e+00	   1.1610000e+03	
   2.0000000e+00	   1.2000000e+01	   3.1000000e+02	   3.9800000e+00	   2.0280000e+03	
   2.0000000e+00	   1.3000000e+01	   1.0500000e+02	   1.2100000e+00	   1.1280000e+03	
   2.0000000e+00	   1.4000000e+01	   1.1600000e+02	   3.0600000e+00	   1.9610000e+03	
   2.0000000e+00	   1.5000000e+01	   1.0300000e+02	   1.1100000e+00	   1.3280000e+03	
   2.0000000e+00	   1.6000000e+01	   3.0800000e+02	   1.3300000e+00	   2.2960000e+03	
   2.0000000e+00	   1.7000000e+01	   1.1400000e+02	   1.3700000e+00	   1.3280000e+03	
   2.0000000e+00	   1.8000000e+01	   2.0300000e+02	   1.5400000e+00	   3.0600000e+03	
   2.0000000e+00	   1.9000000e+01	   2.0500000e+02	   1.0800000e+00	   2.3950000e+03	
   2.0000000e+00	   2.0000000e+01	   3.0400000e+02	   4.4900000e+00	   1.7950000e+03	
   2.0000000e+00	   2.1000000e+01	   1.0400000e+02	   4.2000000e-01	   1.6280000e+03	
   2.0000000e+00	   2.2000000e+01	   2.1400000e+02	   3.1100000e+00	   2.8940000e+03	
   2.0000000e+00	   2.3000000e+01	   3.1200000e+02	   4.9600000e+00	   2.0950000e+03	
   2.0000000e+00	   2.4000000e+01	   2.1300000e+02	   3.3100000e+00	   1.4610000e+03	
   2.0000000e+00	   2.5000000e+01	   2.1500000e+02	   1.0000000e-02	   1.4620000e+03	
   2.0000000e+00	   2.6000000e+01	   1.0800000e+02	   2.0600000e+00	   2.0280000e+03	
   2.0000000e+00	   2.7000000e+01	   1.0700000e+02	   1.2700000e+00	   1.2940000e+03	
   2.0000000e+00	   2.8000000e+01	   1.0600000e+02	   3.0800000e+00	   2.1610000e+03	
   2.0000000e+00	   2.9000000e+01	   3.0600000e+02	   4.9800000e+00	   2.0620000e+03	
   2.0000000e+00	   3.0000000e+01	   1.1300000e+02	   2.9800000e+00	   1.2940000e+03	
   2.0000000e+00	   3.1000000e+01	   2.1100000e+02	   2.5000000e+00	   8.9600000e+02	
   2.0000000e+00	   3.2000000e+01	   1.1100000e+02	   3.2900000e+00	   1.4610000e+03	
   2.0000000e+00	   3.3000000e+01	   2.0600000e+02	   3.0800000e+00	   2.2280000e+03	
   2.0000000e+00	   3.4000000e+01	   2.0400000e+02	   0.0000000e+00	   1.1950000e+03	
   2.0000000e+00	   3.5000000e+01	   3.0100000e+02	   5.0000000e+00	   1.2610000e+03	
   2.0000000e+00	   3.6000000e+01	   1.1200000e+02	   2.9000000e+00	   1.3280000e+03	
   2.0000000e+00	   3.7000000e+01	   2.1200000e+02	   0.0000000e+00	   2.4620000e+03	
   2.0000000e+00	   3.8000000e+01	   2.0200000e+02	   2.5000000e+00	   1.1280000e+03	
   2.0000000e+00	   3.9000000e+01	   2.1000000e+02	   3.4100000e+00	   1.3610000e+03	
   2.0000000e+00	   4.0000000e+01	   2.0900000e+02	   2.9800000e+00	   1.5280000e+03	
   2.0000000e+00	   4.1000000e+01	   1.0200000e+02	   1.4500000e+00	   1.2950000e+03	
   2.0000000e+00	   4.2000000e+01	   1.1500000e+02	   1.4200000e+00	   1.5290000e+03	
   2.0000000e+00	   4.3000000e+01	   2.0100000e+02	   6.1000000e-01	   1.5610000e+03	
   2.0000000e+00	   4.4000000e+01	   2.0800000e+02	   2.9200000e+00	   1.8280000e+03	
   2.0000000e+00	   4.5000000e+01	   3.1400000e+02	   4.7900000e+00	   1.4610000e+03	
