   3.0900000e+02	   3.1000000e+02	   1.1500000e+02	   7.0000000e+00	   2.0000000e+00	   4.1650000e+00	   4.4900000e+00	   1.3600000e+00	   1.0000000e+00	   2.0000000e+00	   3.0000000e+00	   2.0000000e+00	   1.3920000e+03	
   3.0100000e+02	   3.0300000e+02	   1.0700000e+02	   4.0000000e+00	   2.0000000e+00	   5.0000000e+00	   4.6900000e+00	   1.8850000e+00	   3.0000000e+00	   1.0000000e+00	   2.0000000e+00	   3.0000000e+00	   1.4730000e+03	
   3.0400000e+02	   3.0700000e+02	   1.1000000e+02	   5.0000000e+00	   2.0000000e+00	   4.7450000e+00	   4.5000000e+00	   1.4600000e+00	   1.0000000e+00	   3.0000000e+00	   2.0000000e+00	   3.0000000e+00	   2.2580000e+03	
   1.1100000e+02	   2.1400000e+02	   2.0200000e+02	   9.0000000e+00	   1.0000000e+00	   3.4850000e+00	   3.3800000e+00	   2.9350000e+00	   1.0000000e+00	   3.0000000e+00	   2.0000000e+00	   1.0000000e+00	   1.6880000e+03	
   3.0900000e+02	   3.1200000e+02	   2.0100000e+02	   8.0000000e+00	   1.0000000e+00	   4.1650000e+00	   4.3300000e+00	   6.5000000e-01	   1.0000000e+00	   2.0000000e+00	   3.0000000e+00	   1.0000000e+00	   2.1100000e+03	
   1.1100000e+02	   3.1400000e+02	   2.0700000e+02	   1.2000000e+01	   3.0000000e+00	   3.4850000e+00	   4.2300000e+00	   1.9000000e-01	   1.0000000e+00	   2.0000000e+00	   3.0000000e+00	   2.0000000e+00	   1.2540000e+03	
   3.0900000e+02	   3.1000000e+02	   2.0300000e+02	   1.0000000e+01	   2.0000000e+00	   4.1650000e+00	   4.4900000e+00	   2.0200000e+00	   1.0000000e+00	   3.0000000e+00	   2.0000000e+00	   1.0000000e+00	   1.7940000e+03	
   2.1400000e+02	   3.0700000e+02	   1.0300000e+02	   2.0000000e+00	   5.0000000e+00	   3.3800000e+00	   4.5000000e+00	   1.4000000e+00	   2.0000000e+00	   1.0000000e+00	   3.0000000e+00	   1.0000000e+00	   1.5940000e+03	
   3.0300000e+02	   3.0700000e+02	   2.1200000e+02	   1.4000000e+01	   1.0000000e+00	   4.6900000e+00	   4.5000000e+00	   0.0000000e+00	   3.0000000e+00	   1.0000000e+00	   2.0000000e+00	   3.0000000e+00	   9.1700000e+02	
   2.1400000e+02	   3.0600000e+02	   1.0600000e+02	   3.0000000e+00	   5.0000000e+00	   3.3800000e+00	   4.9900000e+00	   3.0500000e+00	   2.0000000e+00	   3.0000000e+00	   1.0000000e+00	   3.0000000e+00	   1.3230000e+03	
   3.0600000e+02	   3.1300000e+02	   2.0500000e+02	   1.1000000e+01	   3.0000000e+00	   4.9900000e+00	   4.4200000e+00	   5.4000000e-01	   1.0000000e+00	   2.0000000e+00	   3.0000000e+00	   1.0000000e+00	   1.2710000e+03	
   2.1300000e+02	   3.1200000e+02	   2.0300000e+02	   1.0000000e+01	   4.0000000e+00	   3.5250000e+00	   4.3300000e+00	   2.0200000e+00	   2.0000000e+00	   1.0000000e+00	   3.0000000e+00	   1.0000000e+00	   1.9460000e+03	
   2.1400000e+02	   3.0700000e+02	   1.1000000e+02	   5.0000000e+00	   5.0000000e+00	   3.3800000e+00	   4.5000000e+00	   1.4600000e+00	   2.0000000e+00	   1.0000000e+00	   3.0000000e+00	   1.0000000e+00	   1.9260000e+03	
   3.0400000e+02	   3.1200000e+02	   2.0300000e+02	   1.0000000e+01	   2.0000000e+00	   4.7450000e+00	   4.3300000e+00	   2.0200000e+00	   1.0000000e+00	   3.0000000e+00	   2.0000000e+00	   3.0000000e+00	   1.1570000e+03	
   2.1300000e+02	   3.0300000e+02	   1.0300000e+02	   2.0000000e+00	   5.0000000e+00	   3.5250000e+00	   4.6900000e+00	   1.4000000e+00	   3.0000000e+00	   2.0000000e+00	   1.0000000e+00	   2.0000000e+00	   1.2620000e+03	
   3.1200000e+02	   3.1300000e+02	   1.1500000e+02	   7.0000000e+00	   1.0000000e+00	   4.3300000e+00	   4.4200000e+00	   1.3600000e+00	   3.0000000e+00	   2.0000000e+00	   1.0000000e+00	   3.0000000e+00	   2.2100000e+03	
   1.1100000e+02	   3.0400000e+02	   1.1000000e+02	   5.0000000e+00	   5.0000000e+00	   3.4850000e+00	   4.7450000e+00	   1.4600000e+00	   3.0000000e+00	   2.0000000e+00	   1.0000000e+00	   2.0000000e+00	   1.6680000e+03	
   2.1400000e+02	   3.1300000e+02	   2.1200000e+02	   1.4000000e+01	   4.0000000e+00	   3.3800000e+00	   4.4200000e+00	   0.0000000e+00	   1.0000000e+00	   3.0000000e+00	   2.0000000e+00	   3.0000000e+00	   1.2310000e+03	
   3.0600000e+02	   3.0700000e+02	   1.1300000e+02	   6.0000000e+00	   2.0000000e+00	   4.9900000e+00	   4.5000000e+00	   2.9500000e+00	   2.0000000e+00	   3.0000000e+00	   1.0000000e+00	   3.0000000e+00	   3.4280000e+03	
   3.0600000e+02	   3.1100000e+02	   1.0300000e+02	   2.0000000e+00	   1.0000000e+00	   4.9900000e+00	   5.0000000e+00	   1.4000000e+00	   2.0000000e+00	   1.0000000e+00	   3.0000000e+00	   1.0000000e+00	   1.0100000e+03	
   3.0100000e+02	   3.1000000e+02	   1.0700000e+02	   4.0000000e+00	   3.0000000e+00	   5.0000000e+00	   4.4900000e+00	   1.8850000e+00	   3.0000000e+00	   2.0000000e+00	   1.0000000e+00	   3.0000000e+00	   1.1100000e+03	
   2.1400000e+02	   3.0700000e+02	   2.0100000e+02	   8.0000000e+00	   5.0000000e+00	   3.3800000e+00	   4.5000000e+00	   6.5000000e-01	   2.0000000e+00	   3.0000000e+00	   1.0000000e+00	   3.0000000e+00	   1.4420000e+03	
   2.1300000e+02	   3.1100000e+02	   2.0700000e+02	   1.2000000e+01	   5.0000000e+00	   3.5250000e+00	   5.0000000e+00	   1.9000000e-01	   3.0000000e+00	   1.0000000e+00	   2.0000000e+00	   1.0000000e+00	   8.2200000e+02	
   1.1100000e+02	   3.0900000e+02	   1.1300000e+02	   6.0000000e+00	   3.0000000e+00	   3.4850000e+00	   4.1650000e+00	   2.9500000e+00	   3.0000000e+00	   2.0000000e+00	   1.0000000e+00	   2.0000000e+00	   2.6560000e+03	
   2.1000000e+02	   3.1100000e+02	   2.0200000e+02	   9.0000000e+00	   5.0000000e+00	   3.3950000e+00	   5.0000000e+00	   2.9350000e+00	   1.0000000e+00	   3.0000000e+00	   2.0000000e+00	   3.0000000e+00	   8.4900000e+02	
   3.0600000e+02	   3.0700000e+02	   2.0200000e+02	   9.0000000e+00	   2.0000000e+00	   4.9900000e+00	   4.5000000e+00	   2.9350000e+00	   3.0000000e+00	   1.0000000e+00	   2.0000000e+00	   1.0000000e+00	   2.8940000e+03	
   2.1400000e+02	   3.0600000e+02	   1.0700000e+02	   4.0000000e+00	   5.0000000e+00	   3.3800000e+00	   4.9900000e+00	   1.8850000e+00	   3.0000000e+00	   1.0000000e+00	   2.0000000e+00	   1.0000000e+00	   8.6600000e+02	
   3.1100000e+02	   3.1200000e+02	   1.1000000e+02	   5.0000000e+00	   3.0000000e+00	   5.0000000e+00	   4.3300000e+00	   1.4600000e+00	   1.0000000e+00	   2.0000000e+00	   3.0000000e+00	   1.0000000e+00	   8.1300000e+02	
   1.1100000e+02	   3.1300000e+02	   2.0700000e+02	   1.2000000e+01	   4.0000000e+00	   3.4850000e+00	   4.4200000e+00	   1.9000000e-01	   3.0000000e+00	   2.0000000e+00	   1.0000000e+00	   2.0000000e+00	   1.4870000e+03	
   2.1400000e+02	   3.0700000e+02	   1.0100000e+02	   1.0000000e+00	   5.0000000e+00	   3.3800000e+00	   4.5000000e+00	   0.0000000e+00	   1.0000000e+00	   3.0000000e+00	   2.0000000e+00	   3.0000000e+00	   1.3750000e+03	
   3.1000000e+02	   3.1100000e+02	   1.1000000e+02	   5.0000000e+00	   3.0000000e+00	   4.4900000e+00	   5.0000000e+00	   1.4600000e+00	   1.0000000e+00	   3.0000000e+00	   2.0000000e+00	   3.0000000e+00	   8.6300000e+02	
   3.0600000e+02	   3.1300000e+02	   1.1500000e+02	   7.0000000e+00	   3.0000000e+00	   4.9900000e+00	   4.4200000e+00	   1.3600000e+00	   2.0000000e+00	   3.0000000e+00	   1.0000000e+00	   2.0000000e+00	   1.1270000e+03	
   2.1300000e+02	   3.0300000e+02	   2.1200000e+02	   1.4000000e+01	   5.0000000e+00	   3.5250000e+00	   4.6900000e+00	   0.0000000e+00	   1.0000000e+00	   2.0000000e+00	   3.0000000e+00	   2.0000000e+00	   1.1750000e+03	
   3.0400000e+02	   3.0900000e+02	   2.0100000e+02	   8.0000000e+00	   3.0000000e+00	   4.7450000e+00	   4.1650000e+00	   6.5000000e-01	   3.0000000e+00	   2.0000000e+00	   1.0000000e+00	   2.0000000e+00	   2.0720000e+03	
   3.0600000e+02	   3.1400000e+02	   1.1300000e+02	   6.0000000e+00	   3.0000000e+00	   4.9900000e+00	   4.2300000e+00	   2.9500000e+00	   2.0000000e+00	   3.0000000e+00	   1.0000000e+00	   2.0000000e+00	   1.7910000e+03	
   1.1100000e+02	   3.1100000e+02	   2.0500000e+02	   1.1000000e+01	   5.0000000e+00	   3.4850000e+00	   5.0000000e+00	   5.4000000e-01	   2.0000000e+00	   1.0000000e+00	   3.0000000e+00	   1.0000000e+00	   7.6500000e+02	
   3.0300000e+02	   3.0600000e+02	   1.1500000e+02	   7.0000000e+00	   2.0000000e+00	   4.6900000e+00	   4.9900000e+00	   1.3600000e+00	   1.0000000e+00	   2.0000000e+00	   3.0000000e+00	   1.0000000e+00	   2.3890000e+03	
   1.1100000e+02	   3.0400000e+02	   2.0800000e+02	   1.3000000e+01	   5.0000000e+00	   3.4850000e+00	   4.7450000e+00	   2.3650000e+00	   2.0000000e+00	   1.0000000e+00	   3.0000000e+00	   1.0000000e+00	   1.6520000e+03	
   3.0600000e+02	   3.1200000e+02	   2.0800000e+02	   1.3000000e+01	   3.0000000e+00	   4.9900000e+00	   4.3300000e+00	   2.3650000e+00	   1.0000000e+00	   2.0000000e+00	   3.0000000e+00	   2.0000000e+00	   1.6320000e+03	
   3.0300000e+02	   3.1300000e+02	   2.1500000e+02	   1.5000000e+01	   2.0000000e+00	   4.6900000e+00	   4.4200000e+00	   5.0000000e-03	   1.0000000e+00	   3.0000000e+00	   2.0000000e+00	   1.0000000e+00	   4.1120000e+03	
   2.1300000e+02	   3.0600000e+02	   2.0100000e+02	   8.0000000e+00	   5.0000000e+00	   3.5250000e+00	   4.9900000e+00	   6.5000000e-01	   1.0000000e+00	   2.0000000e+00	   3.0000000e+00	   2.0000000e+00	   1.0550000e+03	
   2.1400000e+02	   3.1200000e+02	   2.1500000e+02	   1.5000000e+01	   4.0000000e+00	   3.3800000e+00	   4.3300000e+00	   5.0000000e-03	   3.0000000e+00	   1.0000000e+00	   2.0000000e+00	   1.0000000e+00	   1.2410000e+03	
   3.0400000e+02	   3.1100000e+02	   2.1200000e+02	   1.4000000e+01	   2.0000000e+00	   4.7450000e+00	   5.0000000e+00	   0.0000000e+00	   1.0000000e+00	   2.0000000e+00	   3.0000000e+00	   2.0000000e+00	   8.8800000e+02	
   2.1400000e+02	   3.0400000e+02	   1.0100000e+02	   1.0000000e+00	   5.0000000e+00	   3.3800000e+00	   4.7450000e+00	   0.0000000e+00	   3.0000000e+00	   1.0000000e+00	   2.0000000e+00	   1.0000000e+00	   1.4840000e+03	
   3.0100000e+02	   3.1400000e+02	   1.0600000e+02	   3.0000000e+00	   3.0000000e+00	   5.0000000e+00	   4.2300000e+00	   3.0500000e+00	   3.0000000e+00	   2.0000000e+00	   1.0000000e+00	   3.0000000e+00	   1.1340000e+03	
   3.1000000e+02	   3.1400000e+02	   1.0100000e+02	   1.0000000e+00	   2.0000000e+00	   4.4900000e+00	   4.2300000e+00	   0.0000000e+00	   3.0000000e+00	   2.0000000e+00	   1.0000000e+00	   2.0000000e+00	   2.0080000e+03	
   1.1100000e+02	   3.1100000e+02	   2.0300000e+02	   1.0000000e+01	   5.0000000e+00	   3.4850000e+00	   5.0000000e+00	   2.0200000e+00	   2.0000000e+00	   3.0000000e+00	   1.0000000e+00	   3.0000000e+00	   7.4300000e+02	
   2.1000000e+02	   2.1400000e+02	   2.1500000e+02	   1.5000000e+01	   1.0000000e+00	   3.3950000e+00	   3.3800000e+00	   5.0000000e-03	   3.0000000e+00	   1.0000000e+00	   2.0000000e+00	   3.0000000e+00	   1.8090000e+03	
   3.0300000e+02	   3.1300000e+02	   2.0500000e+02	   1.1000000e+01	   2.0000000e+00	   4.6900000e+00	   4.4200000e+00	   5.4000000e-01	   3.0000000e+00	   1.0000000e+00	   2.0000000e+00	   3.0000000e+00	   1.3660000e+03	
   3.1300000e+02	   3.1400000e+02	   1.1000000e+02	   5.0000000e+00	   1.0000000e+00	   4.4200000e+00	   4.2300000e+00	   1.4600000e+00	   3.0000000e+00	   2.0000000e+00	   1.0000000e+00	   3.0000000e+00	   1.1790000e+03	
   2.1000000e+02	   3.0300000e+02	   1.1300000e+02	   6.0000000e+00	   5.0000000e+00	   3.3950000e+00	   4.6900000e+00	   2.9500000e+00	   1.0000000e+00	   2.0000000e+00	   3.0000000e+00	   2.0000000e+00	   1.4780000e+03	
   3.1000000e+02	   3.1100000e+02	   2.0200000e+02	   9.0000000e+00	   3.0000000e+00	   4.4900000e+00	   5.0000000e+00	   2.9350000e+00	   2.0000000e+00	   1.0000000e+00	   3.0000000e+00	   1.0000000e+00	   9.1000000e+02	
   3.0900000e+02	   3.1200000e+02	   1.0700000e+02	   4.0000000e+00	   1.0000000e+00	   4.1650000e+00	   4.3300000e+00	   1.8850000e+00	   2.0000000e+00	   1.0000000e+00	   3.0000000e+00	   2.0000000e+00	   2.8990000e+03	
   3.0600000e+02	   3.1400000e+02	   2.1500000e+02	   1.5000000e+01	   3.0000000e+00	   4.9900000e+00	   4.2300000e+00	   5.0000000e-03	   1.0000000e+00	   3.0000000e+00	   2.0000000e+00	   1.0000000e+00	   1.4050000e+03	
   3.0300000e+02	   3.0400000e+02	   1.1300000e+02	   6.0000000e+00	   1.0000000e+00	   4.6900000e+00	   4.7450000e+00	   2.9500000e+00	   3.0000000e+00	   1.0000000e+00	   2.0000000e+00	   1.0000000e+00	   1.4900000e+03	
   3.0100000e+02	   3.0700000e+02	   1.0600000e+02	   3.0000000e+00	   2.0000000e+00	   5.0000000e+00	   4.5000000e+00	   3.0500000e+00	   3.0000000e+00	   1.0000000e+00	   2.0000000e+00	   3.0000000e+00	   1.2010000e+03	
   2.1000000e+02	   3.1200000e+02	   1.1500000e+02	   7.0000000e+00	   4.0000000e+00	   3.3950000e+00	   4.3300000e+00	   1.3600000e+00	   3.0000000e+00	   1.0000000e+00	   2.0000000e+00	   1.0000000e+00	   3.0480000e+03	
   3.0100000e+02	   3.0400000e+02	   2.0700000e+02	   1.2000000e+01	   2.0000000e+00	   5.0000000e+00	   4.7450000e+00	   1.9000000e-01	   2.0000000e+00	   3.0000000e+00	   1.0000000e+00	   2.0000000e+00	   1.4830000e+03	
   2.1400000e+02	   3.1300000e+02	   1.0700000e+02	   4.0000000e+00	   4.0000000e+00	   3.3800000e+00	   4.4200000e+00	   1.8850000e+00	   2.0000000e+00	   1.0000000e+00	   3.0000000e+00	   1.0000000e+00	   1.4350000e+03	
   3.0300000e+02	   3.0600000e+02	   2.0100000e+02	   8.0000000e+00	   2.0000000e+00	   4.6900000e+00	   4.9900000e+00	   6.5000000e-01	   1.0000000e+00	   2.0000000e+00	   3.0000000e+00	   1.0000000e+00	   3.4320000e+03	
   1.1100000e+02	   3.0900000e+02	   2.0300000e+02	   1.0000000e+01	   3.0000000e+00	   3.4850000e+00	   4.1650000e+00	   2.0200000e+00	   3.0000000e+00	   1.0000000e+00	   2.0000000e+00	   1.0000000e+00	   1.5510000e+03	
   2.1000000e+02	   3.1100000e+02	   2.0700000e+02	   1.2000000e+01	   5.0000000e+00	   3.3950000e+00	   5.0000000e+00	   1.9000000e-01	   3.0000000e+00	   1.0000000e+00	   2.0000000e+00	   1.0000000e+00	   8.0400000e+02	
   3.1200000e+02	   3.1400000e+02	   2.0300000e+02	   1.0000000e+01	   1.0000000e+00	   4.3300000e+00	   4.2300000e+00	   2.0200000e+00	   1.0000000e+00	   3.0000000e+00	   2.0000000e+00	   1.0000000e+00	   1.5240000e+03	
   3.0100000e+02	   3.1400000e+02	   1.0100000e+02	   1.0000000e+00	   3.0000000e+00	   5.0000000e+00	   4.2300000e+00	   0.0000000e+00	   2.0000000e+00	   3.0000000e+00	   1.0000000e+00	   2.0000000e+00	   1.5360000e+03	
   3.0300000e+02	   3.0600000e+02	   1.0600000e+02	   3.0000000e+00	   2.0000000e+00	   4.6900000e+00	   4.9900000e+00	   3.0500000e+00	   3.0000000e+00	   1.0000000e+00	   2.0000000e+00	   3.0000000e+00	   2.5780000e+03	
   2.1300000e+02	   3.1400000e+02	   2.0100000e+02	   8.0000000e+00	   3.0000000e+00	   3.5250000e+00	   4.2300000e+00	   6.5000000e-01	   2.0000000e+00	   1.0000000e+00	   3.0000000e+00	   1.0000000e+00	   3.9040000e+03	
   2.1300000e+02	   3.0600000e+02	   2.1500000e+02	   1.5000000e+01	   5.0000000e+00	   3.5250000e+00	   4.9900000e+00	   5.0000000e-03	   2.0000000e+00	   3.0000000e+00	   1.0000000e+00	   3.0000000e+00	   1.2660000e+03	
   3.1000000e+02	   3.1400000e+02	   1.0700000e+02	   4.0000000e+00	   2.0000000e+00	   4.4900000e+00	   4.2300000e+00	   1.8850000e+00	   3.0000000e+00	   1.0000000e+00	   2.0000000e+00	   1.0000000e+00	   2.2880000e+03	
   2.1300000e+02	   3.0300000e+02	   2.0800000e+02	   1.3000000e+01	   5.0000000e+00	   3.5250000e+00	   4.6900000e+00	   2.3650000e+00	   2.0000000e+00	   3.0000000e+00	   1.0000000e+00	   3.0000000e+00	   1.3450000e+03	
   3.0400000e+02	   3.1300000e+02	   1.1300000e+02	   6.0000000e+00	   2.0000000e+00	   4.7450000e+00	   4.4200000e+00	   2.9500000e+00	   3.0000000e+00	   1.0000000e+00	   2.0000000e+00	   3.0000000e+00	   2.4830000e+03	
   2.1400000e+02	   3.0600000e+02	   2.0100000e+02	   8.0000000e+00	   5.0000000e+00	   3.3800000e+00	   4.9900000e+00	   6.5000000e-01	   1.0000000e+00	   3.0000000e+00	   2.0000000e+00	   3.0000000e+00	   1.4570000e+03	
   1.1100000e+02	   3.1300000e+02	   1.1000000e+02	   5.0000000e+00	   4.0000000e+00	   3.4850000e+00	   4.4200000e+00	   1.4600000e+00	   3.0000000e+00	   1.0000000e+00	   2.0000000e+00	   1.0000000e+00	   1.7330000e+03	
   3.1000000e+02	   3.1300000e+02	   2.0500000e+02	   1.1000000e+01	   1.0000000e+00	   4.4900000e+00	   4.4200000e+00	   5.4000000e-01	   2.0000000e+00	   1.0000000e+00	   3.0000000e+00	   1.0000000e+00	   1.1230000e+03	
   3.0100000e+02	   3.1000000e+02	   2.0700000e+02	   1.2000000e+01	   3.0000000e+00	   5.0000000e+00	   4.4900000e+00	   1.9000000e-01	   1.0000000e+00	   3.0000000e+00	   2.0000000e+00	   1.0000000e+00	   9.3800000e+02	
   3.0100000e+02	   3.0900000e+02	   1.1300000e+02	   6.0000000e+00	   4.0000000e+00	   5.0000000e+00	   4.1650000e+00	   2.9500000e+00	   3.0000000e+00	   2.0000000e+00	   1.0000000e+00	   3.0000000e+00	   2.3830000e+03	
   2.1400000e+02	   3.0400000e+02	   2.0300000e+02	   1.0000000e+01	   5.0000000e+00	   3.3800000e+00	   4.7450000e+00	   2.0200000e+00	   1.0000000e+00	   3.0000000e+00	   2.0000000e+00	   3.0000000e+00	   9.9900000e+02	
   3.0900000e+02	   3.1100000e+02	   1.0300000e+02	   2.0000000e+00	   4.0000000e+00	   4.1650000e+00	   5.0000000e+00	   1.4000000e+00	   3.0000000e+00	   1.0000000e+00	   2.0000000e+00	   1.0000000e+00	   7.6700000e+02	
   1.1100000e+02	   3.1200000e+02	   2.0800000e+02	   1.3000000e+01	   4.0000000e+00	   3.4850000e+00	   4.3300000e+00	   2.3650000e+00	   2.0000000e+00	   1.0000000e+00	   3.0000000e+00	   1.0000000e+00	   4.6000000e+03	
   3.0100000e+02	   3.1400000e+02	   2.0200000e+02	   9.0000000e+00	   3.0000000e+00	   5.0000000e+00	   4.2300000e+00	   2.9350000e+00	   3.0000000e+00	   2.0000000e+00	   1.0000000e+00	   3.0000000e+00	   1.0250000e+03	
   3.1000000e+02	   3.1100000e+02	   2.0100000e+02	   8.0000000e+00	   3.0000000e+00	   4.4900000e+00	   5.0000000e+00	   6.5000000e-01	   1.0000000e+00	   3.0000000e+00	   2.0000000e+00	   3.0000000e+00	   6.5600000e+02	
   2.1000000e+02	   3.1000000e+02	   1.0700000e+02	   4.0000000e+00	   4.0000000e+00	   3.3950000e+00	   4.4900000e+00	   1.8850000e+00	   3.0000000e+00	   2.0000000e+00	   1.0000000e+00	   3.0000000e+00	   2.2510000e+03	
   3.1000000e+02	   3.1200000e+02	   1.1500000e+02	   7.0000000e+00	   1.0000000e+00	   4.4900000e+00	   4.3300000e+00	   1.3600000e+00	   1.0000000e+00	   2.0000000e+00	   3.0000000e+00	   2.0000000e+00	   1.4040000e+03	
   3.0300000e+02	   3.1400000e+02	   2.0100000e+02	   8.0000000e+00	   2.0000000e+00	   4.6900000e+00	   4.2300000e+00	   6.5000000e-01	   2.0000000e+00	   1.0000000e+00	   3.0000000e+00	   2.0000000e+00	   1.0370000e+03	
   1.1100000e+02	   2.1300000e+02	   1.1300000e+02	   6.0000000e+00	   1.0000000e+00	   3.4850000e+00	   3.5250000e+00	   2.9500000e+00	   1.0000000e+00	   2.0000000e+00	   3.0000000e+00	   3.0000000e+00	   3.6230000e+03	
   3.0600000e+02	   3.1100000e+02	   1.1300000e+02	   6.0000000e+00	   1.0000000e+00	   4.9900000e+00	   5.0000000e+00	   2.9500000e+00	   1.0000000e+00	   3.0000000e+00	   2.0000000e+00	   3.0000000e+00	   8.5700000e+02	
   3.0400000e+02	   3.1100000e+02	   1.0700000e+02	   4.0000000e+00	   2.0000000e+00	   4.7450000e+00	   5.0000000e+00	   1.8850000e+00	   1.0000000e+00	   2.0000000e+00	   3.0000000e+00	   2.0000000e+00	   8.5600000e+02	
   3.1100000e+02	   3.1400000e+02	   2.0500000e+02	   1.1000000e+01	   3.0000000e+00	   5.0000000e+00	   4.2300000e+00	   5.4000000e-01	   1.0000000e+00	   3.0000000e+00	   2.0000000e+00	   1.0000000e+00	   1.0490000e+03	
   2.1300000e+02	   3.1200000e+02	   1.0600000e+02	   3.0000000e+00	   4.0000000e+00	   3.5250000e+00	   4.3300000e+00	   3.0500000e+00	   1.0000000e+00	   2.0000000e+00	   3.0000000e+00	   2.0000000e+00	   1.8150000e+03	
   2.1000000e+02	   3.0100000e+02	   1.0100000e+02	   1.0000000e+00	   5.0000000e+00	   3.3950000e+00	   5.0000000e+00	   0.0000000e+00	   2.0000000e+00	   3.0000000e+00	   1.0000000e+00	   3.0000000e+00	   7.4100000e+02	
   2.1400000e+02	   3.1100000e+02	   2.1500000e+02	   1.5000000e+01	   5.0000000e+00	   3.3800000e+00	   5.0000000e+00	   5.0000000e-03	   2.0000000e+00	   1.0000000e+00	   3.0000000e+00	   1.0000000e+00	   7.3400000e+02	
   2.1300000e+02	   2.1400000e+02	   1.0300000e+02	   2.0000000e+00	   1.0000000e+00	   3.5250000e+00	   3.3800000e+00	   1.4000000e+00	   3.0000000e+00	   2.0000000e+00	   1.0000000e+00	   2.0000000e+00	   2.6810000e+03	
   1.1100000e+02	   2.1300000e+02	   2.1500000e+02	   1.5000000e+01	   1.0000000e+00	   3.4850000e+00	   3.5250000e+00	   5.0000000e-03	   2.0000000e+00	   3.0000000e+00	   1.0000000e+00	   2.0000000e+00	   2.7970000e+03	
   1.1100000e+02	   2.1000000e+02	   2.0200000e+02	   9.0000000e+00	   1.0000000e+00	   3.4850000e+00	   3.3950000e+00	   2.9350000e+00	   1.0000000e+00	   2.0000000e+00	   3.0000000e+00	   2.0000000e+00	   2.2290000e+03	
   2.1400000e+02	   3.1000000e+02	   1.1500000e+02	   7.0000000e+00	   4.0000000e+00	   3.3800000e+00	   4.4900000e+00	   1.3600000e+00	   2.0000000e+00	   1.0000000e+00	   3.0000000e+00	   2.0000000e+00	   2.7300000e+03	
   3.1100000e+02	   3.1300000e+02	   2.0300000e+02	   1.0000000e+01	   3.0000000e+00	   5.0000000e+00	   4.4200000e+00	   2.0200000e+00	   3.0000000e+00	   1.0000000e+00	   2.0000000e+00	   3.0000000e+00	   8.0200000e+02	
   2.1300000e+02	   2.1400000e+02	   2.0800000e+02	   1.3000000e+01	   1.0000000e+00	   3.5250000e+00	   3.3800000e+00	   2.3650000e+00	   2.0000000e+00	   1.0000000e+00	   3.0000000e+00	   1.0000000e+00	   1.4270000e+03	
   2.1400000e+02	   3.0100000e+02	   1.0300000e+02	   2.0000000e+00	   5.0000000e+00	   3.3800000e+00	   5.0000000e+00	   1.4000000e+00	   3.0000000e+00	   2.0000000e+00	   1.0000000e+00	   2.0000000e+00	   9.5300000e+02	
   3.1000000e+02	   3.1300000e+02	   2.0200000e+02	   9.0000000e+00	   1.0000000e+00	   4.4900000e+00	   4.4200000e+00	   2.9350000e+00	   1.0000000e+00	   2.0000000e+00	   3.0000000e+00	   2.0000000e+00	   1.0740000e+03	
   2.1300000e+02	   3.1200000e+02	   1.1500000e+02	   7.0000000e+00	   4.0000000e+00	   3.5250000e+00	   4.3300000e+00	   1.3600000e+00	   2.0000000e+00	   1.0000000e+00	   3.0000000e+00	   1.0000000e+00	   7.9600000e+02	
   3.0100000e+02	   3.0900000e+02	   1.0100000e+02	   1.0000000e+00	   4.0000000e+00	   5.0000000e+00	   4.1650000e+00	   0.0000000e+00	   3.0000000e+00	   2.0000000e+00	   1.0000000e+00	   3.0000000e+00	   1.1560000e+03	
   3.0400000e+02	   3.1400000e+02	   1.0600000e+02	   3.0000000e+00	   3.0000000e+00	   4.7450000e+00	   4.2300000e+00	   3.0500000e+00	   2.0000000e+00	   1.0000000e+00	   3.0000000e+00	   2.0000000e+00	   1.1040000e+03	
   3.0700000e+02	   3.1300000e+02	   2.0100000e+02	   8.0000000e+00	   1.0000000e+00	   4.5000000e+00	   4.4200000e+00	   6.5000000e-01	   1.0000000e+00	   3.0000000e+00	   2.0000000e+00	   1.0000000e+00	   1.0110000e+03	
   2.1400000e+02	   3.0300000e+02	   1.1500000e+02	   7.0000000e+00	   5.0000000e+00	   3.3800000e+00	   4.6900000e+00	   1.3600000e+00	   1.0000000e+00	   3.0000000e+00	   2.0000000e+00	   3.0000000e+00	   1.0610000e+03	
   2.1300000e+02	   3.1000000e+02	   1.0600000e+02	   3.0000000e+00	   4.0000000e+00	   3.5250000e+00	   4.4900000e+00	   3.0500000e+00	   1.0000000e+00	   3.0000000e+00	   2.0000000e+00	   1.0000000e+00	   4.5680000e+03	
   2.1400000e+02	   3.0900000e+02	   2.0100000e+02	   8.0000000e+00	   4.0000000e+00	   3.3800000e+00	   4.1650000e+00	   6.5000000e-01	   1.0000000e+00	   3.0000000e+00	   2.0000000e+00	   3.0000000e+00	   1.3750000e+03	
   3.0100000e+02	   3.0900000e+02	   2.0500000e+02	   1.1000000e+01	   4.0000000e+00	   5.0000000e+00	   4.1650000e+00	   5.4000000e-01	   3.0000000e+00	   2.0000000e+00	   1.0000000e+00	   3.0000000e+00	   1.2690000e+03	
   1.1100000e+02	   2.1000000e+02	   2.0700000e+02	   1.2000000e+01	   1.0000000e+00	   3.4850000e+00	   3.3950000e+00	   1.9000000e-01	   1.0000000e+00	   2.0000000e+00	   3.0000000e+00	   2.0000000e+00	   3.0460000e+03	
   3.0100000e+02	   3.1000000e+02	   1.1500000e+02	   7.0000000e+00	   3.0000000e+00	   5.0000000e+00	   4.4900000e+00	   1.3600000e+00	   2.0000000e+00	   3.0000000e+00	   1.0000000e+00	   2.0000000e+00	   8.7800000e+02	
   2.1400000e+02	   3.0400000e+02	   1.1000000e+02	   5.0000000e+00	   5.0000000e+00	   3.3800000e+00	   4.7450000e+00	   1.4600000e+00	   1.0000000e+00	   2.0000000e+00	   3.0000000e+00	   2.0000000e+00	   9.5000000e+02	
   3.0100000e+02	   3.1200000e+02	   1.1500000e+02	   7.0000000e+00	   3.0000000e+00	   5.0000000e+00	   4.3300000e+00	   1.3600000e+00	   1.0000000e+00	   3.0000000e+00	   2.0000000e+00	   1.0000000e+00	   1.2580000e+03	
   1.1100000e+02	   3.1300000e+02	   2.1200000e+02	   1.4000000e+01	   4.0000000e+00	   3.4850000e+00	   4.4200000e+00	   0.0000000e+00	   2.0000000e+00	   3.0000000e+00	   1.0000000e+00	   2.0000000e+00	   1.7070000e+03	
   3.0300000e+02	   3.0700000e+02	   1.0600000e+02	   3.0000000e+00	   1.0000000e+00	   4.6900000e+00	   4.5000000e+00	   3.0500000e+00	   2.0000000e+00	   3.0000000e+00	   1.0000000e+00	   3.0000000e+00	   1.3180000e+03	
   2.1400000e+02	   3.0700000e+02	   1.1300000e+02	   6.0000000e+00	   5.0000000e+00	   3.3800000e+00	   4.5000000e+00	   2.9500000e+00	   1.0000000e+00	   2.0000000e+00	   3.0000000e+00	   2.0000000e+00	   1.6610000e+03	
   3.0100000e+02	   3.1200000e+02	   2.0800000e+02	   1.3000000e+01	   3.0000000e+00	   5.0000000e+00	   4.3300000e+00	   2.3650000e+00	   2.0000000e+00	   3.0000000e+00	   1.0000000e+00	   2.0000000e+00	   1.1370000e+03	
   2.1400000e+02	   3.1000000e+02	   2.0300000e+02	   1.0000000e+01	   4.0000000e+00	   3.3800000e+00	   4.4900000e+00	   2.0200000e+00	   2.0000000e+00	   1.0000000e+00	   3.0000000e+00	   2.0000000e+00	   1.7040000e+03	
   3.0400000e+02	   3.1400000e+02	   2.1200000e+02	   1.4000000e+01	   3.0000000e+00	   4.7450000e+00	   4.2300000e+00	   0.0000000e+00	   2.0000000e+00	   1.0000000e+00	   3.0000000e+00	   2.0000000e+00	   1.7890000e+03	
   1.1100000e+02	   2.1300000e+02	   1.1500000e+02	   7.0000000e+00	   1.0000000e+00	   3.4850000e+00	   3.5250000e+00	   1.3600000e+00	   2.0000000e+00	   1.0000000e+00	   3.0000000e+00	   2.0000000e+00	   2.1850000e+03	
   3.0600000e+02	   3.0700000e+02	   1.0300000e+02	   2.0000000e+00	   2.0000000e+00	   4.9900000e+00	   4.5000000e+00	   1.4000000e+00	   2.0000000e+00	   1.0000000e+00	   3.0000000e+00	   1.0000000e+00	   1.4100000e+03	
   1.1100000e+02	   3.0700000e+02	   2.1200000e+02	   1.4000000e+01	   4.0000000e+00	   3.4850000e+00	   4.5000000e+00	   0.0000000e+00	   3.0000000e+00	   1.0000000e+00	   2.0000000e+00	   1.0000000e+00	   1.7750000e+03	
   2.1300000e+02	   3.0400000e+02	   1.0100000e+02	   1.0000000e+00	   5.0000000e+00	   3.5250000e+00	   4.7450000e+00	   0.0000000e+00	   3.0000000e+00	   1.0000000e+00	   2.0000000e+00	   1.0000000e+00	   1.6350000e+03	
   2.1300000e+02	   3.0400000e+02	   2.0200000e+02	   9.0000000e+00	   5.0000000e+00	   3.5250000e+00	   4.7450000e+00	   2.9350000e+00	   3.0000000e+00	   1.0000000e+00	   2.0000000e+00	   1.0000000e+00	   1.1430000e+03	
   2.1300000e+02	   3.1200000e+02	   2.1200000e+02	   1.4000000e+01	   4.0000000e+00	   3.5250000e+00	   4.3300000e+00	   0.0000000e+00	   2.0000000e+00	   1.0000000e+00	   3.0000000e+00	   1.0000000e+00	   1.6130000e+03	
   3.0900000e+02	   3.1400000e+02	   1.1000000e+02	   5.0000000e+00	   1.0000000e+00	   4.1650000e+00	   4.2300000e+00	   1.4600000e+00	   3.0000000e+00	   1.0000000e+00	   2.0000000e+00	   3.0000000e+00	   1.0410000e+03	
   3.0600000e+02	   3.0700000e+02	   1.0100000e+02	   1.0000000e+00	   2.0000000e+00	   4.9900000e+00	   4.5000000e+00	   0.0000000e+00	   2.0000000e+00	   3.0000000e+00	   1.0000000e+00	   3.0000000e+00	   1.3560000e+03	
   3.0400000e+02	   3.1400000e+02	   1.0700000e+02	   4.0000000e+00	   3.0000000e+00	   4.7450000e+00	   4.2300000e+00	   1.8850000e+00	   2.0000000e+00	   1.0000000e+00	   3.0000000e+00	   2.0000000e+00	   1.7700000e+03	
   2.1000000e+02	   2.1400000e+02	   2.0100000e+02	   8.0000000e+00	   1.0000000e+00	   3.3950000e+00	   3.3800000e+00	   6.5000000e-01	   3.0000000e+00	   2.0000000e+00	   1.0000000e+00	   3.0000000e+00	   1.4200000e+03	
   3.0700000e+02	   3.1100000e+02	   2.1500000e+02	   1.5000000e+01	   3.0000000e+00	   4.5000000e+00	   5.0000000e+00	   5.0000000e-03	   1.0000000e+00	   3.0000000e+00	   2.0000000e+00	   3.0000000e+00	   8.3800000e+02	
   3.0100000e+02	   3.0600000e+02	   1.1500000e+02	   7.0000000e+00	   1.0000000e+00	   5.0000000e+00	   4.9900000e+00	   1.3600000e+00	   2.0000000e+00	   3.0000000e+00	   1.0000000e+00	   2.0000000e+00	   1.0280000e+03	
   3.1000000e+02	   3.1100000e+02	   1.0300000e+02	   2.0000000e+00	   3.0000000e+00	   4.4900000e+00	   5.0000000e+00	   1.4000000e+00	   3.0000000e+00	   1.0000000e+00	   2.0000000e+00	   1.0000000e+00	   8.0300000e+02	
   2.1300000e+02	   3.1400000e+02	   2.0700000e+02	   1.2000000e+01	   3.0000000e+00	   3.5250000e+00	   4.2300000e+00	   1.9000000e-01	   2.0000000e+00	   3.0000000e+00	   1.0000000e+00	   3.0000000e+00	   3.7440000e+03	
   3.0300000e+02	   3.0700000e+02	   2.0200000e+02	   9.0000000e+00	   1.0000000e+00	   4.6900000e+00	   4.5000000e+00	   2.9350000e+00	   3.0000000e+00	   1.0000000e+00	   2.0000000e+00	   1.0000000e+00	   1.4530000e+03	
   1.1100000e+02	   3.1000000e+02	   1.0700000e+02	   4.0000000e+00	   4.0000000e+00	   3.4850000e+00	   4.4900000e+00	   1.8850000e+00	   2.0000000e+00	   3.0000000e+00	   1.0000000e+00	   2.0000000e+00	   1.7450000e+03	
   2.1300000e+02	   2.1400000e+02	   2.0500000e+02	   1.1000000e+01	   1.0000000e+00	   3.5250000e+00	   3.3800000e+00	   5.4000000e-01	   1.0000000e+00	   2.0000000e+00	   3.0000000e+00	   2.0000000e+00	   1.3550000e+03	
   2.1400000e+02	   3.1300000e+02	   1.0300000e+02	   2.0000000e+00	   4.0000000e+00	   3.3800000e+00	   4.4200000e+00	   1.4000000e+00	   3.0000000e+00	   2.0000000e+00	   1.0000000e+00	   2.0000000e+00	   2.4150000e+03	
   2.1000000e+02	   3.1300000e+02	   2.0100000e+02	   8.0000000e+00	   4.0000000e+00	   3.3950000e+00	   4.4200000e+00	   6.5000000e-01	   3.0000000e+00	   2.0000000e+00	   1.0000000e+00	   2.0000000e+00	   3.1580000e+03	
   3.0100000e+02	   3.0300000e+02	   2.1200000e+02	   1.4000000e+01	   2.0000000e+00	   5.0000000e+00	   4.6900000e+00	   0.0000000e+00	   1.0000000e+00	   2.0000000e+00	   3.0000000e+00	   1.0000000e+00	   1.9960000e+03	
   3.0600000e+02	   3.0700000e+02	   2.0800000e+02	   1.3000000e+01	   2.0000000e+00	   4.9900000e+00	   4.5000000e+00	   2.3650000e+00	   1.0000000e+00	   3.0000000e+00	   2.0000000e+00	   3.0000000e+00	   1.0210000e+03	
   3.0100000e+02	   3.0400000e+02	   2.0500000e+02	   1.1000000e+01	   2.0000000e+00	   5.0000000e+00	   4.7450000e+00	   5.4000000e-01	   3.0000000e+00	   1.0000000e+00	   2.0000000e+00	   3.0000000e+00	   9.9500000e+02	
   3.0900000e+02	   3.1100000e+02	   1.1300000e+02	   6.0000000e+00	   4.0000000e+00	   4.1650000e+00	   5.0000000e+00	   2.9500000e+00	   2.0000000e+00	   3.0000000e+00	   1.0000000e+00	   3.0000000e+00	   5.9300000e+02	
   3.0100000e+02	   3.0400000e+02	   2.0800000e+02	   1.3000000e+01	   2.0000000e+00	   5.0000000e+00	   4.7450000e+00	   2.3650000e+00	   1.0000000e+00	   3.0000000e+00	   2.0000000e+00	   1.0000000e+00	   7.9000000e+02	
   2.1300000e+02	   3.1000000e+02	   1.1000000e+02	   5.0000000e+00	   4.0000000e+00	   3.5250000e+00	   4.4900000e+00	   1.4600000e+00	   2.0000000e+00	   1.0000000e+00	   3.0000000e+00	   2.0000000e+00	   4.0230000e+03	
   3.0700000e+02	   3.1100000e+02	   2.0200000e+02	   9.0000000e+00	   3.0000000e+00	   4.5000000e+00	   5.0000000e+00	   2.9350000e+00	   1.0000000e+00	   3.0000000e+00	   2.0000000e+00	   3.0000000e+00	   1.2490000e+03	
   3.0400000e+02	   3.0600000e+02	   2.0800000e+02	   1.3000000e+01	   2.0000000e+00	   4.7450000e+00	   4.9900000e+00	   2.3650000e+00	   2.0000000e+00	   3.0000000e+00	   1.0000000e+00	   2.0000000e+00	   1.4040000e+03	
   3.0400000e+02	   3.1300000e+02	   1.0700000e+02	   4.0000000e+00	   2.0000000e+00	   4.7450000e+00	   4.4200000e+00	   1.8850000e+00	   3.0000000e+00	   1.0000000e+00	   2.0000000e+00	   1.0000000e+00	   8.0600000e+02	
   2.1000000e+02	   3.1400000e+02	   1.0100000e+02	   1.0000000e+00	   4.0000000e+00	   3.3950000e+00	   4.2300000e+00	   0.0000000e+00	   1.0000000e+00	   2.0000000e+00	   3.0000000e+00	   1.0000000e+00	   1.2580000e+03	
   2.1300000e+02	   3.1300000e+02	   1.0100000e+02	   1.0000000e+00	   4.0000000e+00	   3.5250000e+00	   4.4200000e+00	   0.0000000e+00	   1.0000000e+00	   2.0000000e+00	   3.0000000e+00	   2.0000000e+00	   9.8600000e+02	
   3.0100000e+02	   3.0300000e+02	   1.1300000e+02	   6.0000000e+00	   2.0000000e+00	   5.0000000e+00	   4.6900000e+00	   2.9500000e+00	   3.0000000e+00	   2.0000000e+00	   1.0000000e+00	   3.0000000e+00	   1.1830000e+03	
   3.1000000e+02	   3.1300000e+02	   2.1200000e+02	   1.4000000e+01	   1.0000000e+00	   4.4900000e+00	   4.4200000e+00	   0.0000000e+00	   3.0000000e+00	   2.0000000e+00	   1.0000000e+00	   2.0000000e+00	   8.4700000e+02	
   2.1400000e+02	   3.1400000e+02	   2.1500000e+02	   1.5000000e+01	   4.0000000e+00	   3.3800000e+00	   4.2300000e+00	   5.0000000e-03	   2.0000000e+00	   1.0000000e+00	   3.0000000e+00	   2.0000000e+00	   5.1430000e+03	
   3.0300000e+02	   3.0400000e+02	   2.1200000e+02	   1.4000000e+01	   1.0000000e+00	   4.6900000e+00	   4.7450000e+00	   0.0000000e+00	   2.0000000e+00	   3.0000000e+00	   1.0000000e+00	   3.0000000e+00	   1.1800000e+03	
   3.1200000e+02	   3.1400000e+02	   1.0100000e+02	   1.0000000e+00	   1.0000000e+00	   4.3300000e+00	   4.2300000e+00	   0.0000000e+00	   3.0000000e+00	   2.0000000e+00	   1.0000000e+00	   3.0000000e+00	   1.0970000e+03	
   1.1100000e+02	   3.0700000e+02	   1.1300000e+02	   6.0000000e+00	   4.0000000e+00	   3.4850000e+00	   4.5000000e+00	   2.9500000e+00	   2.0000000e+00	   3.0000000e+00	   1.0000000e+00	   3.0000000e+00	   7.4200000e+02	
   2.1000000e+02	   3.1200000e+02	   1.1000000e+02	   5.0000000e+00	   4.0000000e+00	   3.3950000e+00	   4.3300000e+00	   1.4600000e+00	   1.0000000e+00	   2.0000000e+00	   3.0000000e+00	   2.0000000e+00	   2.2970000e+03	
   2.1000000e+02	   3.1300000e+02	   2.0500000e+02	   1.1000000e+01	   4.0000000e+00	   3.3950000e+00	   4.4200000e+00	   5.4000000e-01	   3.0000000e+00	   1.0000000e+00	   2.0000000e+00	   3.0000000e+00	   9.6700000e+02	
   3.0400000e+02	   3.0600000e+02	   1.0300000e+02	   2.0000000e+00	   2.0000000e+00	   4.7450000e+00	   4.9900000e+00	   1.4000000e+00	   2.0000000e+00	   1.0000000e+00	   3.0000000e+00	   1.0000000e+00	   5.7160000e+03	
   2.1300000e+02	   3.1400000e+02	   1.0100000e+02	   1.0000000e+00	   3.0000000e+00	   3.5250000e+00	   4.2300000e+00	   0.0000000e+00	   1.0000000e+00	   2.0000000e+00	   3.0000000e+00	   2.0000000e+00	   1.4310000e+03	
   3.0400000e+02	   3.1100000e+02	   2.0300000e+02	   1.0000000e+01	   2.0000000e+00	   4.7450000e+00	   5.0000000e+00	   2.0200000e+00	   1.0000000e+00	   3.0000000e+00	   2.0000000e+00	   3.0000000e+00	   8.4100000e+02	
   2.1000000e+02	   3.1000000e+02	   2.0200000e+02	   9.0000000e+00	   4.0000000e+00	   3.3950000e+00	   4.4900000e+00	   2.9350000e+00	   3.0000000e+00	   1.0000000e+00	   2.0000000e+00	   3.0000000e+00	   1.6130000e+03	
   2.1000000e+02	   3.1300000e+02	   1.0300000e+02	   2.0000000e+00	   4.0000000e+00	   3.3950000e+00	   4.4200000e+00	   1.4000000e+00	   2.0000000e+00	   1.0000000e+00	   3.0000000e+00	   1.0000000e+00	   1.2880000e+03	
   2.1400000e+02	   3.0700000e+02	   1.0700000e+02	   4.0000000e+00	   5.0000000e+00	   3.3800000e+00	   4.5000000e+00	   1.8850000e+00	   3.0000000e+00	   1.0000000e+00	   2.0000000e+00	   1.0000000e+00	   1.2250000e+03	
   1.1100000e+02	   3.0600000e+02	   2.1500000e+02	   1.5000000e+01	   5.0000000e+00	   3.4850000e+00	   4.9900000e+00	   5.0000000e-03	   2.0000000e+00	   3.0000000e+00	   1.0000000e+00	   3.0000000e+00	   1.3950000e+03	
   1.1100000e+02	   3.1100000e+02	   2.0200000e+02	   9.0000000e+00	   5.0000000e+00	   3.4850000e+00	   5.0000000e+00	   2.9350000e+00	   2.0000000e+00	   1.0000000e+00	   3.0000000e+00	   1.0000000e+00	   7.8000000e+02	
   3.0300000e+02	   3.1000000e+02	   1.0700000e+02	   4.0000000e+00	   1.0000000e+00	   4.6900000e+00	   4.4900000e+00	   1.8850000e+00	   1.0000000e+00	   2.0000000e+00	   3.0000000e+00	   1.0000000e+00	   1.2510000e+03	
   3.0100000e+02	   3.1300000e+02	   1.1500000e+02	   7.0000000e+00	   3.0000000e+00	   5.0000000e+00	   4.4200000e+00	   1.3600000e+00	   2.0000000e+00	   1.0000000e+00	   3.0000000e+00	   2.0000000e+00	   8.5400000e+02	
   3.0100000e+02	   3.0400000e+02	   2.0200000e+02	   9.0000000e+00	   2.0000000e+00	   5.0000000e+00	   4.7450000e+00	   2.9350000e+00	   3.0000000e+00	   1.0000000e+00	   2.0000000e+00	   3.0000000e+00	   1.0680000e+03	
   3.0400000e+02	   3.1000000e+02	   1.1500000e+02	   7.0000000e+00	   2.0000000e+00	   4.7450000e+00	   4.4900000e+00	   1.3600000e+00	   2.0000000e+00	   3.0000000e+00	   1.0000000e+00	   2.0000000e+00	   8.1100000e+02	
   3.0600000e+02	   3.1000000e+02	   1.1300000e+02	   6.0000000e+00	   3.0000000e+00	   4.9900000e+00	   4.4900000e+00	   2.9500000e+00	   3.0000000e+00	   1.0000000e+00	   2.0000000e+00	   3.0000000e+00	   1.0440000e+03	
   2.1400000e+02	   3.0900000e+02	   1.0600000e+02	   3.0000000e+00	   4.0000000e+00	   3.3800000e+00	   4.1650000e+00	   3.0500000e+00	   1.0000000e+00	   2.0000000e+00	   3.0000000e+00	   2.0000000e+00	   7.8000000e+02	
   3.0300000e+02	   3.1300000e+02	   2.1200000e+02	   1.4000000e+01	   2.0000000e+00	   4.6900000e+00	   4.4200000e+00	   0.0000000e+00	   2.0000000e+00	   3.0000000e+00	   1.0000000e+00	   2.0000000e+00	   2.9260000e+03	
   1.1100000e+02	   2.1000000e+02	   1.1000000e+02	   5.0000000e+00	   1.0000000e+00	   3.4850000e+00	   3.3950000e+00	   1.4600000e+00	   3.0000000e+00	   1.0000000e+00	   2.0000000e+00	   1.0000000e+00	   4.2570000e+03	
   3.0900000e+02	   3.1400000e+02	   1.0700000e+02	   4.0000000e+00	   1.0000000e+00	   4.1650000e+00	   4.2300000e+00	   1.8850000e+00	   2.0000000e+00	   3.0000000e+00	   1.0000000e+00	   2.0000000e+00	   1.4910000e+03	
   3.0400000e+02	   3.1000000e+02	   2.0100000e+02	   8.0000000e+00	   2.0000000e+00	   4.7450000e+00	   4.4900000e+00	   6.5000000e-01	   1.0000000e+00	   2.0000000e+00	   3.0000000e+00	   1.0000000e+00	   8.3100000e+02	
   2.1400000e+02	   3.0300000e+02	   1.0600000e+02	   3.0000000e+00	   5.0000000e+00	   3.3800000e+00	   4.6900000e+00	   3.0500000e+00	   1.0000000e+00	   3.0000000e+00	   2.0000000e+00	   3.0000000e+00	   1.1270000e+03	
   3.0300000e+02	   3.1400000e+02	   2.1500000e+02	   1.5000000e+01	   2.0000000e+00	   4.6900000e+00	   4.2300000e+00	   5.0000000e-03	   2.0000000e+00	   3.0000000e+00	   1.0000000e+00	   2.0000000e+00	   7.4000000e+02	
   3.0900000e+02	   3.1000000e+02	   1.0300000e+02	   2.0000000e+00	   2.0000000e+00	   4.1650000e+00	   4.4900000e+00	   1.4000000e+00	   3.0000000e+00	   2.0000000e+00	   1.0000000e+00	   3.0000000e+00	   1.1990000e+03	
   2.1300000e+02	   3.1100000e+02	   2.0200000e+02	   9.0000000e+00	   5.0000000e+00	   3.5250000e+00	   5.0000000e+00	   2.9350000e+00	   3.0000000e+00	   2.0000000e+00	   1.0000000e+00	   2.0000000e+00	   1.1610000e+03	
   2.1400000e+02	   3.1300000e+02	   1.1500000e+02	   7.0000000e+00	   4.0000000e+00	   3.3800000e+00	   4.4200000e+00	   1.3600000e+00	   3.0000000e+00	   2.0000000e+00	   1.0000000e+00	   2.0000000e+00	   1.0040000e+03	
   3.0300000e+02	   3.1200000e+02	   1.0300000e+02	   2.0000000e+00	   2.0000000e+00	   4.6900000e+00	   4.3300000e+00	   1.4000000e+00	   2.0000000e+00	   1.0000000e+00	   3.0000000e+00	   1.0000000e+00	   2.1630000e+03	
   2.1000000e+02	   3.0300000e+02	   1.1500000e+02	   7.0000000e+00	   5.0000000e+00	   3.3950000e+00	   4.6900000e+00	   1.3600000e+00	   2.0000000e+00	   3.0000000e+00	   1.0000000e+00	   3.0000000e+00	   8.6900000e+02	
   3.1200000e+02	   3.1300000e+02	   2.0300000e+02	   1.0000000e+01	   1.0000000e+00	   4.3300000e+00	   4.4200000e+00	   2.0200000e+00	   1.0000000e+00	   3.0000000e+00	   2.0000000e+00	   3.0000000e+00	   1.5150000e+03	
   2.1300000e+02	   3.0700000e+02	   2.0200000e+02	   9.0000000e+00	   4.0000000e+00	   3.5250000e+00	   4.5000000e+00	   2.9350000e+00	   3.0000000e+00	   2.0000000e+00	   1.0000000e+00	   2.0000000e+00	   1.5080000e+03	
   3.0300000e+02	   3.0400000e+02	   1.0600000e+02	   3.0000000e+00	   1.0000000e+00	   4.6900000e+00	   4.7450000e+00	   3.0500000e+00	   2.0000000e+00	   3.0000000e+00	   1.0000000e+00	   3.0000000e+00	   1.6670000e+03	
   2.1000000e+02	   3.1300000e+02	   2.1500000e+02	   1.5000000e+01	   4.0000000e+00	   3.3950000e+00	   4.4200000e+00	   5.0000000e-03	   2.0000000e+00	   1.0000000e+00	   3.0000000e+00	   1.0000000e+00	   2.8140000e+03	
   3.0400000e+02	   3.0700000e+02	   2.1500000e+02	   1.5000000e+01	   2.0000000e+00	   4.7450000e+00	   4.5000000e+00	   5.0000000e-03	   2.0000000e+00	   1.0000000e+00	   3.0000000e+00	   1.0000000e+00	   8.5100000e+02	
   2.1400000e+02	   3.0600000e+02	   2.1200000e+02	   1.4000000e+01	   5.0000000e+00	   3.3800000e+00	   4.9900000e+00	   0.0000000e+00	   3.0000000e+00	   1.0000000e+00	   2.0000000e+00	   1.0000000e+00	   1.7080000e+03	
   2.1000000e+02	   3.0600000e+02	   2.0700000e+02	   1.2000000e+01	   5.0000000e+00	   3.3950000e+00	   4.9900000e+00	   1.9000000e-01	   1.0000000e+00	   2.0000000e+00	   3.0000000e+00	   2.0000000e+00	   1.4970000e+03	
   2.1400000e+02	   3.1200000e+02	   1.0300000e+02	   2.0000000e+00	   4.0000000e+00	   3.3800000e+00	   4.3300000e+00	   1.4000000e+00	   3.0000000e+00	   2.0000000e+00	   1.0000000e+00	   2.0000000e+00	   1.4540000e+03	
   2.1400000e+02	   3.1300000e+02	   2.0300000e+02	   1.0000000e+01	   4.0000000e+00	   3.3800000e+00	   4.4200000e+00	   2.0200000e+00	   3.0000000e+00	   1.0000000e+00	   2.0000000e+00	   1.0000000e+00	   1.2450000e+03	
   2.1300000e+02	   3.1300000e+02	   2.0200000e+02	   9.0000000e+00	   4.0000000e+00	   3.5250000e+00	   4.4200000e+00	   2.9350000e+00	   2.0000000e+00	   1.0000000e+00	   3.0000000e+00	   1.0000000e+00	   1.0460000e+03	
   2.1000000e+02	   3.1100000e+02	   2.0800000e+02	   1.3000000e+01	   5.0000000e+00	   3.3950000e+00	   5.0000000e+00	   2.3650000e+00	   1.0000000e+00	   2.0000000e+00	   3.0000000e+00	   2.0000000e+00	   1.2620000e+03	
   1.1100000e+02	   3.1400000e+02	   2.1500000e+02	   1.5000000e+01	   3.0000000e+00	   3.4850000e+00	   4.2300000e+00	   5.0000000e-03	   3.0000000e+00	   1.0000000e+00	   2.0000000e+00	   3.0000000e+00	   1.0770000e+03	
   2.1300000e+02	   3.0100000e+02	   2.0100000e+02	   8.0000000e+00	   5.0000000e+00	   3.5250000e+00	   5.0000000e+00	   6.5000000e-01	   3.0000000e+00	   1.0000000e+00	   2.0000000e+00	   1.0000000e+00	   8.6200000e+02	
   3.0900000e+02	   3.1400000e+02	   2.1200000e+02	   1.4000000e+01	   1.0000000e+00	   4.1650000e+00	   4.2300000e+00	   0.0000000e+00	   1.0000000e+00	   3.0000000e+00	   2.0000000e+00	   1.0000000e+00	   1.4900000e+03	
   1.1100000e+02	   3.0300000e+02	   2.0500000e+02	   1.1000000e+01	   5.0000000e+00	   3.4850000e+00	   4.6900000e+00	   5.4000000e-01	   3.0000000e+00	   1.0000000e+00	   2.0000000e+00	   1.0000000e+00	   6.4400000e+02	
   3.0100000e+02	   3.1200000e+02	   1.1300000e+02	   6.0000000e+00	   3.0000000e+00	   5.0000000e+00	   4.3300000e+00	   2.9500000e+00	   1.0000000e+00	   2.0000000e+00	   3.0000000e+00	   1.0000000e+00	   6.5200000e+02	
   3.0100000e+02	   3.1000000e+02	   2.0800000e+02	   1.3000000e+01	   3.0000000e+00	   5.0000000e+00	   4.4900000e+00	   2.3650000e+00	   1.0000000e+00	   2.0000000e+00	   3.0000000e+00	   1.0000000e+00	   6.7400000e+02	
   1.1100000e+02	   3.1400000e+02	   2.0800000e+02	   1.3000000e+01	   3.0000000e+00	   3.4850000e+00	   4.2300000e+00	   2.3650000e+00	   3.0000000e+00	   2.0000000e+00	   1.0000000e+00	   3.0000000e+00	   3.5480000e+03	
   3.0100000e+02	   3.0700000e+02	   1.1500000e+02	   7.0000000e+00	   2.0000000e+00	   5.0000000e+00	   4.5000000e+00	   1.3600000e+00	   1.0000000e+00	   2.0000000e+00	   3.0000000e+00	   1.0000000e+00	   8.5600000e+02	
   3.1000000e+02	   3.1200000e+02	   1.0100000e+02	   1.0000000e+00	   1.0000000e+00	   4.4900000e+00	   4.3300000e+00	   0.0000000e+00	   3.0000000e+00	   2.0000000e+00	   1.0000000e+00	   2.0000000e+00	   7.6200000e+02	
   1.1100000e+02	   3.0700000e+02	   2.0200000e+02	   9.0000000e+00	   4.0000000e+00	   3.4850000e+00	   4.5000000e+00	   2.9350000e+00	   3.0000000e+00	   1.0000000e+00	   2.0000000e+00	   1.0000000e+00	   1.0100000e+03	
   3.0600000e+02	   3.0700000e+02	   2.0700000e+02	   1.2000000e+01	   2.0000000e+00	   4.9900000e+00	   4.5000000e+00	   1.9000000e-01	   3.0000000e+00	   1.0000000e+00	   2.0000000e+00	   1.0000000e+00	   7.7300000e+02	
   2.1000000e+02	   3.0300000e+02	   2.1200000e+02	   1.4000000e+01	   5.0000000e+00	   3.3950000e+00	   4.6900000e+00	   0.0000000e+00	   2.0000000e+00	   3.0000000e+00	   1.0000000e+00	   3.0000000e+00	   1.1690000e+03	
   3.0100000e+02	   3.0300000e+02	   2.0700000e+02	   1.2000000e+01	   2.0000000e+00	   5.0000000e+00	   4.6900000e+00	   1.9000000e-01	   1.0000000e+00	   3.0000000e+00	   2.0000000e+00	   1.0000000e+00	   8.7800000e+02	
   3.0700000e+02	   3.1000000e+02	   1.0100000e+02	   1.0000000e+00	   1.0000000e+00	   4.5000000e+00	   4.4900000e+00	   0.0000000e+00	   3.0000000e+00	   2.0000000e+00	   1.0000000e+00	   3.0000000e+00	   7.3300000e+02	
   2.1300000e+02	   3.0900000e+02	   2.1200000e+02	   1.4000000e+01	   3.0000000e+00	   3.5250000e+00	   4.1650000e+00	   0.0000000e+00	   1.0000000e+00	   3.0000000e+00	   2.0000000e+00	   3.0000000e+00	   1.6350000e+03	
   3.1100000e+02	   3.1300000e+02	   2.0700000e+02	   1.2000000e+01	   3.0000000e+00	   5.0000000e+00	   4.4200000e+00	   1.9000000e-01	   3.0000000e+00	   1.0000000e+00	   2.0000000e+00	   3.0000000e+00	   7.1000000e+02	
   2.1000000e+02	   2.1400000e+02	   1.1300000e+02	   6.0000000e+00	   1.0000000e+00	   3.3950000e+00	   3.3800000e+00	   2.9500000e+00	   1.0000000e+00	   3.0000000e+00	   2.0000000e+00	   3.0000000e+00	   1.8880000e+03	
   1.1100000e+02	   3.0600000e+02	   2.0500000e+02	   1.1000000e+01	   5.0000000e+00	   3.4850000e+00	   4.9900000e+00	   5.4000000e-01	   1.0000000e+00	   2.0000000e+00	   3.0000000e+00	   2.0000000e+00	   8.2500000e+02	
   3.0100000e+02	   3.0400000e+02	   2.0100000e+02	   8.0000000e+00	   2.0000000e+00	   5.0000000e+00	   4.7450000e+00	   6.5000000e-01	   3.0000000e+00	   2.0000000e+00	   1.0000000e+00	   3.0000000e+00	   8.6300000e+02	
   3.0400000e+02	   3.1300000e+02	   2.1200000e+02	   1.4000000e+01	   2.0000000e+00	   4.7450000e+00	   4.4200000e+00	   0.0000000e+00	   1.0000000e+00	   3.0000000e+00	   2.0000000e+00	   1.0000000e+00	   1.3200000e+03	
   3.0300000e+02	   3.1000000e+02	   1.0300000e+02	   2.0000000e+00	   1.0000000e+00	   4.6900000e+00	   4.4900000e+00	   1.4000000e+00	   2.0000000e+00	   1.0000000e+00	   3.0000000e+00	   2.0000000e+00	   8.8300000e+02	
   2.1400000e+02	   3.1200000e+02	   1.0700000e+02	   4.0000000e+00	   4.0000000e+00	   3.3800000e+00	   4.3300000e+00	   1.8850000e+00	   1.0000000e+00	   2.0000000e+00	   3.0000000e+00	   2.0000000e+00	   8.4000000e+02	
   3.1000000e+02	   3.1100000e+02	   1.0600000e+02	   3.0000000e+00	   3.0000000e+00	   4.4900000e+00	   5.0000000e+00	   3.0500000e+00	   3.0000000e+00	   1.0000000e+00	   2.0000000e+00	   1.0000000e+00	   7.5000000e+02	
   2.1000000e+02	   2.1400000e+02	   2.0300000e+02	   1.0000000e+01	   1.0000000e+00	   3.3950000e+00	   3.3800000e+00	   2.0200000e+00	   3.0000000e+00	   1.0000000e+00	   2.0000000e+00	   1.0000000e+00	   1.9340000e+03	
   1.1100000e+02	   3.0900000e+02	   1.0600000e+02	   3.0000000e+00	   3.0000000e+00	   3.4850000e+00	   4.1650000e+00	   3.0500000e+00	   1.0000000e+00	   2.0000000e+00	   3.0000000e+00	   2.0000000e+00	   7.2500000e+02	
   1.1100000e+02	   3.0700000e+02	   2.0700000e+02	   1.2000000e+01	   4.0000000e+00	   3.4850000e+00	   4.5000000e+00	   1.9000000e-01	   3.0000000e+00	   1.0000000e+00	   2.0000000e+00	   1.0000000e+00	   7.3700000e+02	
   2.1000000e+02	   3.0900000e+02	   1.0100000e+02	   1.0000000e+00	   3.0000000e+00	   3.3950000e+00	   4.1650000e+00	   0.0000000e+00	   1.0000000e+00	   3.0000000e+00	   2.0000000e+00	   3.0000000e+00	   8.2500000e+02	
   3.0100000e+02	   3.1400000e+02	   2.0100000e+02	   8.0000000e+00	   3.0000000e+00	   5.0000000e+00	   4.2300000e+00	   6.5000000e-01	   2.0000000e+00	   1.0000000e+00	   3.0000000e+00	   2.0000000e+00	   8.4200000e+02	
   3.0600000e+02	   3.1200000e+02	   1.0300000e+02	   2.0000000e+00	   3.0000000e+00	   4.9900000e+00	   4.3300000e+00	   1.4000000e+00	   2.0000000e+00	   3.0000000e+00	   1.0000000e+00	   3.0000000e+00	   8.9100000e+02	
   3.1100000e+02	   3.1400000e+02	   2.1500000e+02	   1.5000000e+01	   3.0000000e+00	   5.0000000e+00	   4.2300000e+00	   5.0000000e-03	   2.0000000e+00	   1.0000000e+00	   3.0000000e+00	   2.0000000e+00	   6.3600000e+02	
   1.1100000e+02	   3.0100000e+02	   2.0800000e+02	   1.3000000e+01	   5.0000000e+00	   3.4850000e+00	   5.0000000e+00	   2.3650000e+00	   1.0000000e+00	   3.0000000e+00	   2.0000000e+00	   3.0000000e+00	   7.0800000e+02	
   2.1300000e+02	   3.0600000e+02	   1.0300000e+02	   2.0000000e+00	   5.0000000e+00	   3.5250000e+00	   4.9900000e+00	   1.4000000e+00	   1.0000000e+00	   2.0000000e+00	   3.0000000e+00	   2.0000000e+00	   1.4260000e+03	
   1.1100000e+02	   3.0700000e+02	   2.0800000e+02	   1.3000000e+01	   4.0000000e+00	   3.4850000e+00	   4.5000000e+00	   2.3650000e+00	   1.0000000e+00	   3.0000000e+00	   2.0000000e+00	   3.0000000e+00	   5.8800000e+02	
   2.1300000e+02	   3.1300000e+02	   2.0800000e+02	   1.3000000e+01	   4.0000000e+00	   3.5250000e+00	   4.4200000e+00	   2.3650000e+00	   1.0000000e+00	   3.0000000e+00	   2.0000000e+00	   3.0000000e+00	   1.7180000e+03	
   3.0400000e+02	   3.1200000e+02	   2.0700000e+02	   1.2000000e+01	   2.0000000e+00	   4.7450000e+00	   4.3300000e+00	   1.9000000e-01	   3.0000000e+00	   1.0000000e+00	   2.0000000e+00	   3.0000000e+00	   1.1630000e+03	
   3.0300000e+02	   3.1400000e+02	   1.1000000e+02	   5.0000000e+00	   2.0000000e+00	   4.6900000e+00	   4.2300000e+00	   1.4600000e+00	   2.0000000e+00	   1.0000000e+00	   3.0000000e+00	   2.0000000e+00	   1.2100000e+03	
   1.1100000e+02	   2.1000000e+02	   2.0500000e+02	   1.1000000e+01	   1.0000000e+00	   3.4850000e+00	   3.3950000e+00	   5.4000000e-01	   1.0000000e+00	   2.0000000e+00	   3.0000000e+00	   1.0000000e+00	   3.1350000e+03	
   2.1300000e+02	   3.0600000e+02	   1.0600000e+02	   3.0000000e+00	   5.0000000e+00	   3.5250000e+00	   4.9900000e+00	   3.0500000e+00	   2.0000000e+00	   1.0000000e+00	   3.0000000e+00	   1.0000000e+00	   1.2040000e+03	
   3.0300000e+02	   3.1300000e+02	   1.0100000e+02	   1.0000000e+00	   2.0000000e+00	   4.6900000e+00	   4.4200000e+00	   0.0000000e+00	   2.0000000e+00	   3.0000000e+00	   1.0000000e+00	   3.0000000e+00	   1.7110000e+03	
   2.1300000e+02	   3.1200000e+02	   2.0800000e+02	   1.3000000e+01	   4.0000000e+00	   3.5250000e+00	   4.3300000e+00	   2.3650000e+00	   3.0000000e+00	   1.0000000e+00	   2.0000000e+00	   1.0000000e+00	   1.1390000e+03	
   3.1000000e+02	   3.1100000e+02	   2.0500000e+02	   1.1000000e+01	   3.0000000e+00	   4.4900000e+00	   5.0000000e+00	   5.4000000e-01	   3.0000000e+00	   1.0000000e+00	   2.0000000e+00	   1.0000000e+00	   8.8800000e+02	
   3.0400000e+02	   3.0600000e+02	   1.1000000e+02	   5.0000000e+00	   2.0000000e+00	   4.7450000e+00	   4.9900000e+00	   1.4600000e+00	   2.0000000e+00	   1.0000000e+00	   3.0000000e+00	   1.0000000e+00	   8.3100000e+02	
   3.0100000e+02	   3.0700000e+02	   2.0800000e+02	   1.3000000e+01	   2.0000000e+00	   5.0000000e+00	   4.5000000e+00	   2.3650000e+00	   1.0000000e+00	   3.0000000e+00	   2.0000000e+00	   3.0000000e+00	   1.6480000e+03	
   3.0400000e+02	   3.0900000e+02	   2.1200000e+02	   1.4000000e+01	   3.0000000e+00	   4.7450000e+00	   4.1650000e+00	   0.0000000e+00	   3.0000000e+00	   2.0000000e+00	   1.0000000e+00	   3.0000000e+00	   2.4100000e+03	
   2.1300000e+02	   3.0300000e+02	   2.0500000e+02	   1.1000000e+01	   5.0000000e+00	   3.5250000e+00	   4.6900000e+00	   5.4000000e-01	   3.0000000e+00	   2.0000000e+00	   1.0000000e+00	   2.0000000e+00	   1.2270000e+03	
   2.1300000e+02	   3.0100000e+02	   1.0700000e+02	   4.0000000e+00	   5.0000000e+00	   3.5250000e+00	   5.0000000e+00	   1.8850000e+00	   1.0000000e+00	   2.0000000e+00	   3.0000000e+00	   2.0000000e+00	   1.0550000e+03	
   3.0400000e+02	   3.1200000e+02	   1.1300000e+02	   6.0000000e+00	   2.0000000e+00	   4.7450000e+00	   4.3300000e+00	   2.9500000e+00	   1.0000000e+00	   3.0000000e+00	   2.0000000e+00	   3.0000000e+00	   2.8270000e+03	
   3.0900000e+02	   3.1100000e+02	   2.0300000e+02	   1.0000000e+01	   4.0000000e+00	   4.1650000e+00	   5.0000000e+00	   2.0200000e+00	   2.0000000e+00	   1.0000000e+00	   3.0000000e+00	   1.0000000e+00	   7.6200000e+02	
   3.0700000e+02	   3.1400000e+02	   2.0300000e+02	   1.0000000e+01	   2.0000000e+00	   4.5000000e+00	   4.2300000e+00	   2.0200000e+00	   3.0000000e+00	   2.0000000e+00	   1.0000000e+00	   3.0000000e+00	   1.0440000e+03	
   2.1300000e+02	   3.1300000e+02	   2.0100000e+02	   8.0000000e+00	   4.0000000e+00	   3.5250000e+00	   4.4200000e+00	   6.5000000e-01	   3.0000000e+00	   2.0000000e+00	   1.0000000e+00	   2.0000000e+00	   1.6870000e+03	
   3.1000000e+02	   3.1300000e+02	   1.1000000e+02	   5.0000000e+00	   1.0000000e+00	   4.4900000e+00	   4.4200000e+00	   1.4600000e+00	   3.0000000e+00	   1.0000000e+00	   2.0000000e+00	   1.0000000e+00	   1.3700000e+03	
   2.1300000e+02	   3.1100000e+02	   2.0300000e+02	   1.0000000e+01	   5.0000000e+00	   3.5250000e+00	   5.0000000e+00	   2.0200000e+00	   2.0000000e+00	   3.0000000e+00	   1.0000000e+00	   3.0000000e+00	   6.3100000e+02	
   1.1100000e+02	   3.0400000e+02	   2.0300000e+02	   1.0000000e+01	   5.0000000e+00	   3.4850000e+00	   4.7450000e+00	   2.0200000e+00	   2.0000000e+00	   3.0000000e+00	   1.0000000e+00	   3.0000000e+00	   9.9700000e+02	
   3.0600000e+02	   3.1300000e+02	   1.1000000e+02	   5.0000000e+00	   3.0000000e+00	   4.9900000e+00	   4.4200000e+00	   1.4600000e+00	   2.0000000e+00	   3.0000000e+00	   1.0000000e+00	   2.0000000e+00	   3.0180000e+03	
   1.1100000e+02	   3.1100000e+02	   1.0600000e+02	   3.0000000e+00	   5.0000000e+00	   3.4850000e+00	   5.0000000e+00	   3.0500000e+00	   1.0000000e+00	   3.0000000e+00	   2.0000000e+00	   3.0000000e+00	   5.8700000e+02	
   2.1000000e+02	   3.0400000e+02	   2.0700000e+02	   1.2000000e+01	   5.0000000e+00	   3.3950000e+00	   4.7450000e+00	   1.9000000e-01	   1.0000000e+00	   2.0000000e+00	   3.0000000e+00	   2.0000000e+00	   1.0930000e+03	
   3.1200000e+02	   3.1300000e+02	   2.0700000e+02	   1.2000000e+01	   1.0000000e+00	   4.3300000e+00	   4.4200000e+00	   1.9000000e-01	   2.0000000e+00	   3.0000000e+00	   1.0000000e+00	   2.0000000e+00	   9.4300000e+02	
   3.0100000e+02	   3.0900000e+02	   1.0600000e+02	   3.0000000e+00	   4.0000000e+00	   5.0000000e+00	   4.1650000e+00	   3.0500000e+00	   3.0000000e+00	   1.0000000e+00	   2.0000000e+00	   3.0000000e+00	   8.8100000e+02	
   3.0100000e+02	   3.1400000e+02	   1.1000000e+02	   5.0000000e+00	   3.0000000e+00	   5.0000000e+00	   4.2300000e+00	   1.4600000e+00	   3.0000000e+00	   2.0000000e+00	   1.0000000e+00	   3.0000000e+00	   7.1800000e+02	
   3.0600000e+02	   3.1100000e+02	   1.0600000e+02	   3.0000000e+00	   1.0000000e+00	   4.9900000e+00	   5.0000000e+00	   3.0500000e+00	   3.0000000e+00	   2.0000000e+00	   1.0000000e+00	   2.0000000e+00	   6.9300000e+02	
   2.1300000e+02	   3.1000000e+02	   2.0700000e+02	   1.2000000e+01	   4.0000000e+00	   3.5250000e+00	   4.4900000e+00	   1.9000000e-01	   2.0000000e+00	   1.0000000e+00	   3.0000000e+00	   1.0000000e+00	   7.1100000e+02	
   3.1100000e+02	   3.1300000e+02	   1.0300000e+02	   2.0000000e+00	   3.0000000e+00	   5.0000000e+00	   4.4200000e+00	   1.4000000e+00	   1.0000000e+00	   3.0000000e+00	   2.0000000e+00	   1.0000000e+00	   7.4900000e+02	
   3.0600000e+02	   3.1400000e+02	   2.0200000e+02	   9.0000000e+00	   3.0000000e+00	   4.9900000e+00	   4.2300000e+00	   2.9350000e+00	   2.0000000e+00	   1.0000000e+00	   3.0000000e+00	   2.0000000e+00	   2.0640000e+03	
   3.0300000e+02	   3.0400000e+02	   2.1500000e+02	   1.5000000e+01	   1.0000000e+00	   4.6900000e+00	   4.7450000e+00	   5.0000000e-03	   1.0000000e+00	   2.0000000e+00	   3.0000000e+00	   2.0000000e+00	   1.4580000e+03	
   3.0900000e+02	   3.1400000e+02	   2.0800000e+02	   1.3000000e+01	   1.0000000e+00	   4.1650000e+00	   4.2300000e+00	   2.3650000e+00	   2.0000000e+00	   3.0000000e+00	   1.0000000e+00	   2.0000000e+00	   2.4510000e+03	
   3.1200000e+02	   3.1300000e+02	   2.0800000e+02	   1.3000000e+01	   1.0000000e+00	   4.3300000e+00	   4.4200000e+00	   2.3650000e+00	   2.0000000e+00	   3.0000000e+00	   1.0000000e+00	   2.0000000e+00	   1.3470000e+03	
   3.0400000e+02	   3.1100000e+02	   2.0500000e+02	   1.1000000e+01	   2.0000000e+00	   4.7450000e+00	   5.0000000e+00	   5.4000000e-01	   2.0000000e+00	   1.0000000e+00	   3.0000000e+00	   1.0000000e+00	   7.0700000e+02	
   1.1100000e+02	   3.1100000e+02	   1.1500000e+02	   7.0000000e+00	   5.0000000e+00	   3.4850000e+00	   5.0000000e+00	   1.3600000e+00	   1.0000000e+00	   2.0000000e+00	   3.0000000e+00	   2.0000000e+00	   6.0700000e+02	
   3.0600000e+02	   3.1400000e+02	   1.0700000e+02	   4.0000000e+00	   3.0000000e+00	   4.9900000e+00	   4.2300000e+00	   1.8850000e+00	   1.0000000e+00	   3.0000000e+00	   2.0000000e+00	   1.0000000e+00	   8.6000000e+02	
   2.1000000e+02	   2.1400000e+02	   1.0300000e+02	   2.0000000e+00	   1.0000000e+00	   3.3950000e+00	   3.3800000e+00	   1.4000000e+00	   1.0000000e+00	   2.0000000e+00	   3.0000000e+00	   2.0000000e+00	   2.4960000e+03	
   1.1100000e+02	   2.1000000e+02	   2.1500000e+02	   1.5000000e+01	   1.0000000e+00	   3.4850000e+00	   3.3950000e+00	   5.0000000e-03	   1.0000000e+00	   2.0000000e+00	   3.0000000e+00	   1.0000000e+00	   2.8690000e+03	
   3.0900000e+02	   3.1000000e+02	   2.0200000e+02	   9.0000000e+00	   2.0000000e+00	   4.1650000e+00	   4.4900000e+00	   2.9350000e+00	   2.0000000e+00	   3.0000000e+00	   1.0000000e+00	   2.0000000e+00	   9.5700000e+02	
   3.1100000e+02	   3.1400000e+02	   2.1200000e+02	   1.4000000e+01	   3.0000000e+00	   5.0000000e+00	   4.2300000e+00	   0.0000000e+00	   3.0000000e+00	   1.0000000e+00	   2.0000000e+00	   3.0000000e+00	   6.7000000e+02	
   2.1400000e+02	   3.0900000e+02	   1.0100000e+02	   1.0000000e+00	   4.0000000e+00	   3.3800000e+00	   4.1650000e+00	   0.0000000e+00	   3.0000000e+00	   1.0000000e+00	   2.0000000e+00	   1.0000000e+00	   1.1360000e+03	
   2.1300000e+02	   3.1100000e+02	   1.1500000e+02	   7.0000000e+00	   5.0000000e+00	   3.5250000e+00	   5.0000000e+00	   1.3600000e+00	   3.0000000e+00	   1.0000000e+00	   2.0000000e+00	   1.0000000e+00	   7.2300000e+02	
   3.0400000e+02	   3.1100000e+02	   1.0600000e+02	   3.0000000e+00	   2.0000000e+00	   4.7450000e+00	   5.0000000e+00	   3.0500000e+00	   3.0000000e+00	   1.0000000e+00	   2.0000000e+00	   1.0000000e+00	   1.1300000e+03	
   3.1000000e+02	   3.1300000e+02	   2.0800000e+02	   1.3000000e+01	   1.0000000e+00	   4.4900000e+00	   4.4200000e+00	   2.3650000e+00	   2.0000000e+00	   1.0000000e+00	   3.0000000e+00	   1.0000000e+00	   1.8960000e+03	
   2.1400000e+02	   3.1400000e+02	   1.1000000e+02	   5.0000000e+00	   4.0000000e+00	   3.3800000e+00	   4.2300000e+00	   1.4600000e+00	   2.0000000e+00	   3.0000000e+00	   1.0000000e+00	   2.0000000e+00	   1.7910000e+03	
   2.1300000e+02	   3.0400000e+02	   1.1300000e+02	   6.0000000e+00	   5.0000000e+00	   3.5250000e+00	   4.7450000e+00	   2.9500000e+00	   3.0000000e+00	   2.0000000e+00	   1.0000000e+00	   2.0000000e+00	   1.2920000e+03	
   3.0100000e+02	   3.0300000e+02	   1.0600000e+02	   3.0000000e+00	   2.0000000e+00	   5.0000000e+00	   4.6900000e+00	   3.0500000e+00	   2.0000000e+00	   1.0000000e+00	   3.0000000e+00	   1.0000000e+00	   8.9400000e+02	
   3.0900000e+02	   3.1100000e+02	   2.1500000e+02	   1.5000000e+01	   4.0000000e+00	   4.1650000e+00	   5.0000000e+00	   5.0000000e-03	   3.0000000e+00	   1.0000000e+00	   2.0000000e+00	   1.0000000e+00	   8.3800000e+02	
   3.0100000e+02	   3.1300000e+02	   1.0300000e+02	   2.0000000e+00	   3.0000000e+00	   5.0000000e+00	   4.4200000e+00	   1.4000000e+00	   2.0000000e+00	   3.0000000e+00	   1.0000000e+00	   2.0000000e+00	   1.6050000e+03	
   3.0400000e+02	   3.0600000e+02	   2.0500000e+02	   1.1000000e+01	   2.0000000e+00	   4.7450000e+00	   4.9900000e+00	   5.4000000e-01	   2.0000000e+00	   3.0000000e+00	   1.0000000e+00	   2.0000000e+00	   9.1800000e+02	
   3.0900000e+02	   3.1000000e+02	   1.1000000e+02	   5.0000000e+00	   2.0000000e+00	   4.1650000e+00	   4.4900000e+00	   1.4600000e+00	   1.0000000e+00	   2.0000000e+00	   3.0000000e+00	   1.0000000e+00	   1.0630000e+03	
   2.1000000e+02	   2.1400000e+02	   1.0600000e+02	   3.0000000e+00	   1.0000000e+00	   3.3950000e+00	   3.3800000e+00	   3.0500000e+00	   2.0000000e+00	   1.0000000e+00	   3.0000000e+00	   1.0000000e+00	   1.9570000e+03	
   3.0100000e+02	   3.1200000e+02	   2.0500000e+02	   1.1000000e+01	   3.0000000e+00	   5.0000000e+00	   4.3300000e+00	   5.4000000e-01	   2.0000000e+00	   1.0000000e+00	   3.0000000e+00	   2.0000000e+00	   9.2400000e+02	
   3.1000000e+02	   3.1100000e+02	   1.0100000e+02	   1.0000000e+00	   3.0000000e+00	   4.4900000e+00	   5.0000000e+00	   0.0000000e+00	   1.0000000e+00	   3.0000000e+00	   2.0000000e+00	   3.0000000e+00	   7.9500000e+02	
   3.0300000e+02	   3.0400000e+02	   1.0100000e+02	   1.0000000e+00	   1.0000000e+00	   4.6900000e+00	   4.7450000e+00	   0.0000000e+00	   2.0000000e+00	   3.0000000e+00	   1.0000000e+00	   3.0000000e+00	   1.2800000e+03	
   3.1000000e+02	   3.1200000e+02	   2.0700000e+02	   1.2000000e+01	   1.0000000e+00	   4.4900000e+00	   4.3300000e+00	   1.9000000e-01	   3.0000000e+00	   2.0000000e+00	   1.0000000e+00	   2.0000000e+00	   1.3170000e+03	
   1.1100000e+02	   2.1300000e+02	   2.0300000e+02	   1.0000000e+01	   1.0000000e+00	   3.4850000e+00	   3.5250000e+00	   2.0200000e+00	   3.0000000e+00	   1.0000000e+00	   2.0000000e+00	   3.0000000e+00	   1.4090000e+03	
   1.1100000e+02	   3.1000000e+02	   2.0500000e+02	   1.1000000e+01	   4.0000000e+00	   3.4850000e+00	   4.4900000e+00	   5.4000000e-01	   3.0000000e+00	   1.0000000e+00	   2.0000000e+00	   3.0000000e+00	   1.4110000e+03	
   2.1400000e+02	   3.1300000e+02	   2.0700000e+02	   1.2000000e+01	   4.0000000e+00	   3.3800000e+00	   4.4200000e+00	   1.9000000e-01	   1.0000000e+00	   2.0000000e+00	   3.0000000e+00	   2.0000000e+00	   2.3290000e+03	
   2.1000000e+02	   3.0100000e+02	   1.0700000e+02	   4.0000000e+00	   5.0000000e+00	   3.3950000e+00	   5.0000000e+00	   1.8850000e+00	   2.0000000e+00	   3.0000000e+00	   1.0000000e+00	   3.0000000e+00	   9.5200000e+02	
   3.0700000e+02	   3.1200000e+02	   2.0100000e+02	   8.0000000e+00	   1.0000000e+00	   4.5000000e+00	   4.3300000e+00	   6.5000000e-01	   2.0000000e+00	   3.0000000e+00	   1.0000000e+00	   2.0000000e+00	   1.4270000e+03	
   1.1100000e+02	   3.0300000e+02	   2.1200000e+02	   1.4000000e+01	   5.0000000e+00	   3.4850000e+00	   4.6900000e+00	   0.0000000e+00	   2.0000000e+00	   3.0000000e+00	   1.0000000e+00	   3.0000000e+00	   8.4900000e+02	
   3.0600000e+02	   3.1200000e+02	   1.0700000e+02	   4.0000000e+00	   3.0000000e+00	   4.9900000e+00	   4.3300000e+00	   1.8850000e+00	   2.0000000e+00	   3.0000000e+00	   1.0000000e+00	   3.0000000e+00	   1.2080000e+03	
   3.0300000e+02	   3.0400000e+02	   2.0700000e+02	   1.2000000e+01	   1.0000000e+00	   4.6900000e+00	   4.7450000e+00	   1.9000000e-01	   3.0000000e+00	   1.0000000e+00	   2.0000000e+00	   1.0000000e+00	   1.7370000e+03	
   3.0300000e+02	   3.1400000e+02	   1.0100000e+02	   1.0000000e+00	   2.0000000e+00	   4.6900000e+00	   4.2300000e+00	   0.0000000e+00	   2.0000000e+00	   3.0000000e+00	   1.0000000e+00	   2.0000000e+00	   2.3960000e+03	
   2.1300000e+02	   3.1100000e+02	   1.1000000e+02	   5.0000000e+00	   5.0000000e+00	   3.5250000e+00	   5.0000000e+00	   1.4600000e+00	   3.0000000e+00	   2.0000000e+00	   1.0000000e+00	   2.0000000e+00	   6.8200000e+02	
   3.0700000e+02	   3.1200000e+02	   2.0500000e+02	   1.1000000e+01	   1.0000000e+00	   4.5000000e+00	   4.3300000e+00	   5.4000000e-01	   1.0000000e+00	   2.0000000e+00	   3.0000000e+00	   1.0000000e+00	   8.1500000e+02	
   2.1300000e+02	   3.1400000e+02	   2.0300000e+02	   1.0000000e+01	   3.0000000e+00	   3.5250000e+00	   4.2300000e+00	   2.0200000e+00	   2.0000000e+00	   3.0000000e+00	   1.0000000e+00	   3.0000000e+00	   2.3980000e+03	
   3.1300000e+02	   3.1400000e+02	   1.0700000e+02	   4.0000000e+00	   1.0000000e+00	   4.4200000e+00	   4.2300000e+00	   1.8850000e+00	   2.0000000e+00	   3.0000000e+00	   1.0000000e+00	   2.0000000e+00	   1.6900000e+03	
   2.1400000e+02	   3.1000000e+02	   2.0100000e+02	   8.0000000e+00	   4.0000000e+00	   3.3800000e+00	   4.4900000e+00	   6.5000000e-01	   3.0000000e+00	   2.0000000e+00	   1.0000000e+00	   3.0000000e+00	   1.1660000e+03	
   1.1100000e+02	   3.1400000e+02	   2.0300000e+02	   1.0000000e+01	   3.0000000e+00	   3.4850000e+00	   4.2300000e+00	   2.0200000e+00	   2.0000000e+00	   3.0000000e+00	   1.0000000e+00	   2.0000000e+00	   1.3530000e+03	
   2.1400000e+02	   3.0300000e+02	   1.1300000e+02	   6.0000000e+00	   5.0000000e+00	   3.3800000e+00	   4.6900000e+00	   2.9500000e+00	   2.0000000e+00	   1.0000000e+00	   3.0000000e+00	   1.0000000e+00	   1.8430000e+03	
   3.0400000e+02	   3.1100000e+02	   2.1500000e+02	   1.5000000e+01	   2.0000000e+00	   4.7450000e+00	   5.0000000e+00	   5.0000000e-03	   2.0000000e+00	   1.0000000e+00	   3.0000000e+00	   1.0000000e+00	   8.2900000e+02	
   2.1400000e+02	   3.0900000e+02	   1.1300000e+02	   6.0000000e+00	   4.0000000e+00	   3.3800000e+00	   4.1650000e+00	   2.9500000e+00	   1.0000000e+00	   2.0000000e+00	   3.0000000e+00	   2.0000000e+00	   8.6000000e+02	
   1.1100000e+02	   3.0300000e+02	   2.1500000e+02	   1.5000000e+01	   5.0000000e+00	   3.4850000e+00	   4.6900000e+00	   5.0000000e-03	   1.0000000e+00	   3.0000000e+00	   2.0000000e+00	   3.0000000e+00	   7.6400000e+02	
   3.0400000e+02	   3.0700000e+02	   2.0200000e+02	   9.0000000e+00	   2.0000000e+00	   4.7450000e+00	   4.5000000e+00	   2.9350000e+00	   1.0000000e+00	   3.0000000e+00	   2.0000000e+00	   3.0000000e+00	   8.2200000e+02	
   2.1400000e+02	   3.1300000e+02	   2.0500000e+02	   1.1000000e+01	   4.0000000e+00	   3.3800000e+00	   4.4200000e+00	   5.4000000e-01	   1.0000000e+00	   2.0000000e+00	   3.0000000e+00	   2.0000000e+00	   1.1700000e+03	
