   1.0000000e+00	   1.0000000e+00	   3.0500000e+02	   5.0000000e+00	   1.6230000e+03	
   1.0000000e+00	   2.0000000e+00	   2.1400000e+02	   2.9200000e+00	   4.6250000e+03	
   1.0000000e+00	   3.0000000e+00	   2.0800000e+02	   5.5000000e-01	   4.3900000e+03	
   1.0000000e+00	   4.0000000e+00	   3.1000000e+02	   0.0000000e+00	   5.5900000e+03	
   1.0000000e+00	   5.0000000e+00	   3.0700000e+02	   3.4100000e+00	   2.7940000e+03	
   1.0000000e+00	   6.0000000e+00	   2.1300000e+02	   3.4700000e+00	   5.2600000e+03	
   1.0000000e+00	   7.0000000e+00	   2.1100000e+02	   1.5000000e+00	   4.1920000e+03	
   1.0000000e+00	   8.0000000e+00	   1.0800000e+02	   5.4000000e-01	   2.9590000e+03	
   1.0000000e+00	   9.0000000e+00	   1.0500000e+02	   1.0200000e+00	   5.0260000e+03	
   1.0000000e+00	   1.0000000e+01	   1.1200000e+02	   2.4900000e+00	   4.6600000e+03	
   1.0000000e+00	   1.1000000e+01	   1.0600000e+02	   1.3800000e+00	   4.1600000e+03	
   1.0000000e+00	   1.2000000e+01	   1.0300000e+02	   2.9900000e+00	   4.0270000e+03	
   1.0000000e+00	   1.3000000e+01	   1.1300000e+02	   5.0000000e+00	   2.1930000e+03	
   1.0000000e+00	   1.4000000e+01	   3.0200000e+02	   5.5000000e-01	   3.0940000e+03	
   1.0000000e+00	   1.5000000e+01	   2.0600000e+02	   5.8000000e-01	   4.1260000e+03	
   1.0000000e+00	   1.6000000e+01	   3.1200000e+02	   5.0000000e+00	   2.3280000e+03	
   1.0000000e+00	   1.7000000e+01	   2.1000000e+02	   2.5200000e+00	   2.2600000e+03	
   1.0000000e+00	   1.8000000e+01	   2.0400000e+02	   3.4800000e+00	   3.7260000e+03	
   1.0000000e+00	   1.9000000e+01	   1.1500000e+02	   3.5700000e+00	   3.5920000e+03	
   1.0000000e+00	   2.0000000e+01	   3.0100000e+02	   5.0000000e+00	   2.8610000e+03	
   1.0000000e+00	   2.1000000e+01	   2.1200000e+02	   5.0000000e+00	   1.8590000e+03	
   1.0000000e+00	   2.2000000e+01	   3.1400000e+02	   2.0300000e+00	   2.4250000e+03	
   1.0000000e+00	   2.3000000e+01	   1.1100000e+02	   5.0000000e+00	   3.6600000e+03	
   1.0000000e+00	   2.4000000e+01	   1.0200000e+02	   3.0200000e+00	   4.0600000e+03	
   1.0000000e+00	   2.5000000e+01	   3.1300000e+02	   5.7000000e-01	   2.3600000e+03	
   1.0000000e+00	   2.6000000e+01	   2.0700000e+02	   5.3000000e-01	   2.4600000e+03	
   1.0000000e+00	   2.7000000e+01	   1.0400000e+02	   2.4900000e+00	   4.5260000e+03	
   1.0000000e+00	   2.8000000e+01	   3.0800000e+02	   6.3000000e-01	   5.1590000e+03	
   1.0000000e+00	   2.9000000e+01	   3.0600000e+02	   5.4000000e-01	   3.3260000e+03	
   1.0000000e+00	   3.0000000e+01	   1.1400000e+02	   2.5000000e+00	   2.9260000e+03	
   1.0000000e+00	   3.1000000e+01	   2.0300000e+02	   5.5000000e-01	   2.3270000e+03	
   1.0000000e+00	   3.2000000e+01	   1.1000000e+02	   5.0000000e+00	   3.3600000e+03	
   1.0000000e+00	   3.3000000e+01	   2.0100000e+02	   1.5900000e+00	   5.4920000e+03	
   1.0000000e+00	   3.4000000e+01	   3.0300000e+02	   1.0000000e-02	   2.2610000e+03	
   1.0000000e+00	   3.5000000e+01	   2.0200000e+02	   3.4900000e+00	   2.7600000e+03	
   1.0000000e+00	   3.6000000e+01	   1.0100000e+02	   5.0000000e+00	   1.6930000e+03	
   1.0000000e+00	   3.7000000e+01	   1.1600000e+02	   3.5600000e+00	   2.8920000e+03	
   1.0000000e+00	   3.8000000e+01	   3.0400000e+02	   0.0000000e+00	   1.8940000e+03	
   1.0000000e+00	   3.9000000e+01	   2.0500000e+02	   4.9800000e+00	   1.3940000e+03	
   1.0000000e+00	   4.0000000e+01	   3.0900000e+02	   1.5900000e+00	   2.1940000e+03	
   1.0000000e+00	   4.1000000e+01	   3.1100000e+02	   4.7000000e-01	   1.8930000e+03	
   1.0000000e+00	   4.2000000e+01	   1.0900000e+02	   4.5900000e+00	   2.5270000e+03	
   1.0000000e+00	   4.3000000e+01	   2.1500000e+02	   4.4000000e-01	   4.2930000e+03	
   1.0000000e+00	   4.4000000e+01	   1.0700000e+02	   5.0000000e+00	   1.9930000e+03	
   1.0000000e+00	   4.5000000e+01	   2.0900000e+02	   5.0000000e+00	   1.5270000e+03	
   2.0000000e+00	   1.0000000e+00	   3.0300000e+02	   0.0000000e+00	   1.2960000e+03	
   2.0000000e+00	   2.0000000e+00	   1.0700000e+02	   5.0000000e+00	   1.2280000e+03	
   2.0000000e+00	   3.0000000e+00	   3.0400000e+02	   0.0000000e+00	   1.0950000e+03	
   2.0000000e+00	   4.0000000e+00	   2.0600000e+02	   1.4500000e+00	   3.3270000e+03	
   2.0000000e+00	   5.0000000e+00	   3.0500000e+02	   5.0000000e+00	   1.2290000e+03	
   2.0000000e+00	   6.0000000e+00	   1.1200000e+02	   2.5000000e+00	   1.9280000e+03	
   2.0000000e+00	   7.0000000e+00	   3.0700000e+02	   4.7200000e+00	   3.1610000e+03	
   2.0000000e+00	   8.0000000e+00	   3.0200000e+02	   5.5000000e-01	   1.3610000e+03	
   2.0000000e+00	   9.0000000e+00	   2.0800000e+02	   5.7000000e-01	   2.6610000e+03	
   2.0000000e+00	   1.0000000e+01	   1.1300000e+02	   5.0000000e+00	   1.2950000e+03	
   2.0000000e+00	   1.1000000e+01	   1.0100000e+02	   5.0000000e+00	   1.4280000e+03	
   2.0000000e+00	   1.2000000e+01	   1.0200000e+02	   3.4800000e+00	   2.4280000e+03	
   2.0000000e+00	   1.3000000e+01	   3.0100000e+02	   4.5800000e+00	   2.1610000e+03	
   2.0000000e+00	   1.4000000e+01	   2.1300000e+02	   2.6500000e+00	   3.4610000e+03	
   2.0000000e+00	   1.5000000e+01	   2.1200000e+02	   5.0000000e+00	   1.4610000e+03	
   2.0000000e+00	   1.6000000e+01	   3.1000000e+02	   5.2000000e-01	   2.5290000e+03	
   2.0000000e+00	   1.7000000e+01	   3.0800000e+02	   4.8000000e-01	   4.6930000e+03	
   2.0000000e+00	   1.8000000e+01	   3.1400000e+02	   9.9000000e-01	   3.8280000e+03	
   2.0000000e+00	   1.9000000e+01	   3.0900000e+02	   1.5700000e+00	   2.6590000e+03	
   2.0000000e+00	   2.0000000e+01	   1.0800000e+02	   9.8000000e-01	   3.7620000e+03	
   2.0000000e+00	   2.1000000e+01	   3.1300000e+02	   4.2000000e-01	   2.4280000e+03	
   2.0000000e+00	   2.2000000e+01	   2.0300000e+02	   8.9000000e-01	   2.8930000e+03	
   2.0000000e+00	   2.3000000e+01	   2.0400000e+02	   2.5400000e+00	   3.4940000e+03	
   2.0000000e+00	   2.4000000e+01	   3.1200000e+02	   5.0000000e+00	   1.6960000e+03	
   2.0000000e+00	   2.5000000e+01	   1.1400000e+02	   2.9800000e+00	   6.8260000e+03	
   2.0000000e+00	   2.6000000e+01	   2.1500000e+02	   6.4000000e-01	   1.8610000e+03	
   2.0000000e+00	   2.7000000e+01	   2.1000000e+02	   2.5600000e+00	   1.7290000e+03	
   2.0000000e+00	   2.8000000e+01	   3.0600000e+02	   5.3000000e-01	   2.4940000e+03	
   2.0000000e+00	   2.9000000e+01	   1.1000000e+02	   5.0000000e+00	   1.2280000e+03	
   2.0000000e+00	   3.0000000e+01	   1.0900000e+02	   4.4800000e+00	   1.5280000e+03	
   2.0000000e+00	   3.1000000e+01	   1.1500000e+02	   3.3600000e+00	   3.8610000e+03	
   2.0000000e+00	   3.2000000e+01	   1.0500000e+02	   1.1200000e+00	   4.5270000e+03	
   2.0000000e+00	   3.3000000e+01	   1.0600000e+02	   1.0200000e+00	   2.8280000e+03	
   2.0000000e+00	   3.4000000e+01	   1.1100000e+02	   4.0500000e+00	   3.5270000e+03	
   2.0000000e+00	   3.5000000e+01	   2.0500000e+02	   5.0000000e+00	   1.6280000e+03	
   2.0000000e+00	   3.6000000e+01	   1.0300000e+02	   2.5300000e+00	   1.6630000e+03	
   2.0000000e+00	   3.7000000e+01	   1.0400000e+02	   2.6100000e+00	   2.1600000e+03	
   2.0000000e+00	   3.8000000e+01	   2.1400000e+02	   2.5600000e+00	   2.2620000e+03	
   2.0000000e+00	   3.9000000e+01	   1.1600000e+02	   3.2500000e+00	   3.3620000e+03	
   2.0000000e+00	   4.0000000e+01	   2.0700000e+02	   3.8000000e-01	   2.2950000e+03	
   2.0000000e+00	   4.1000000e+01	   3.1100000e+02	   3.0000000e-01	   1.8610000e+03	
   2.0000000e+00	   4.2000000e+01	   2.1100000e+02	   1.0100000e+00	   1.9610000e+03	
   2.0000000e+00	   4.3000000e+01	   2.0100000e+02	   1.9800000e+00	   2.6280000e+03	
   2.0000000e+00	   4.4000000e+01	   2.0200000e+02	   4.0200000e+00	   1.5940000e+03	
   2.0000000e+00	   4.5000000e+01	   2.0900000e+02	   5.0000000e+00	   1.3620000e+03	
