   1.0900000e+02	   1.1300000e+02	   2.1400000e+02	   1.0000000e+01	   2.0000000e+00	   4.5350000e+00	   5.0000000e+00	   2.7400000e+00	   3.0000000e+00	   2.0000000e+00	   1.0000000e+00	   2.0000000e+00	   1.7870000e+03	
   2.0200000e+02	   3.0700000e+02	   3.0600000e+02	   1.3000000e+01	   2.0000000e+00	   3.7550000e+00	   4.0650000e+00	   5.3500000e-01	   3.0000000e+00	   1.0000000e+00	   2.0000000e+00	   1.0000000e+00	   2.3290000e+03	
   2.0500000e+02	   2.1200000e+02	   2.0400000e+02	   6.0000000e+00	   1.0000000e+00	   4.9900000e+00	   5.0000000e+00	   3.0100000e+00	   3.0000000e+00	   2.0000000e+00	   1.0000000e+00	   2.0000000e+00	   2.5470000e+03	
   1.0700000e+02	   2.0500000e+02	   3.0400000e+02	   1.2000000e+01	   1.0000000e+00	   5.0000000e+00	   4.9900000e+00	   0.0000000e+00	   1.0000000e+00	   2.0000000e+00	   3.0000000e+00	   1.0000000e+00	   2.2920000e+03	
   2.0900000e+02	   3.0100000e+02	   3.0900000e+02	   1.4000000e+01	   1.0000000e+00	   5.0000000e+00	   4.7900000e+00	   1.5800000e+00	   3.0000000e+00	   2.0000000e+00	   1.0000000e+00	   3.0000000e+00	   2.0820000e+03	
   3.0500000e+02	   3.0700000e+02	   2.0400000e+02	   6.0000000e+00	   4.0000000e+00	   5.0000000e+00	   4.0650000e+00	   3.0100000e+00	   1.0000000e+00	   2.0000000e+00	   3.0000000e+00	   1.0000000e+00	   1.9150000e+03	
   1.1000000e+02	   2.0200000e+02	   3.0400000e+02	   1.2000000e+01	   4.0000000e+00	   5.0000000e+00	   3.7550000e+00	   0.0000000e+00	   3.0000000e+00	   2.0000000e+00	   1.0000000e+00	   3.0000000e+00	   2.7660000e+03	
   1.0900000e+02	   3.0700000e+02	   3.0200000e+02	   1.1000000e+01	   3.0000000e+00	   4.5350000e+00	   4.0650000e+00	   5.5000000e-01	   1.0000000e+00	   3.0000000e+00	   2.0000000e+00	   3.0000000e+00	   2.2060000e+03	
   2.1200000e+02	   3.0100000e+02	   2.1100000e+02	   9.0000000e+00	   1.0000000e+00	   5.0000000e+00	   4.7900000e+00	   1.2550000e+00	   1.0000000e+00	   2.0000000e+00	   3.0000000e+00	   1.0000000e+00	   1.9650000e+03	
   3.0100000e+02	   3.0500000e+02	   3.0600000e+02	   1.3000000e+01	   2.0000000e+00	   4.7900000e+00	   5.0000000e+00	   5.3500000e-01	   3.0000000e+00	   1.0000000e+00	   2.0000000e+00	   1.0000000e+00	   1.8820000e+03	
   2.0900000e+02	   3.0700000e+02	   1.0500000e+02	   3.0000000e+00	   4.0000000e+00	   5.0000000e+00	   4.0650000e+00	   1.0700000e+00	   2.0000000e+00	   3.0000000e+00	   1.0000000e+00	   2.0000000e+00	   1.6440000e+03	
   1.1300000e+02	   1.1500000e+02	   1.0800000e+02	   4.0000000e+00	   5.0000000e+00	   5.0000000e+00	   3.4650000e+00	   7.6000000e-01	   3.0000000e+00	   2.0000000e+00	   1.0000000e+00	   3.0000000e+00	   1.5290000e+03	
   1.0900000e+02	   3.1200000e+02	   1.0200000e+02	   1.0000000e+00	   2.0000000e+00	   4.5350000e+00	   5.0000000e+00	   3.2500000e+00	   1.0000000e+00	   3.0000000e+00	   2.0000000e+00	   3.0000000e+00	   2.6040000e+03	
   1.1300000e+02	   2.0500000e+02	   2.0800000e+02	   8.0000000e+00	   1.0000000e+00	   5.0000000e+00	   4.9900000e+00	   5.6000000e-01	   2.0000000e+00	   3.0000000e+00	   1.0000000e+00	   3.0000000e+00	   1.9310000e+03	
   3.0100000e+02	   3.0700000e+02	   1.0400000e+02	   2.0000000e+00	   3.0000000e+00	   4.7900000e+00	   4.0650000e+00	   2.5500000e+00	   3.0000000e+00	   2.0000000e+00	   1.0000000e+00	   2.0000000e+00	   5.4530000e+03	
   1.0900000e+02	   1.1500000e+02	   2.0800000e+02	   8.0000000e+00	   4.0000000e+00	   4.5350000e+00	   3.4650000e+00	   5.6000000e-01	   2.0000000e+00	   1.0000000e+00	   3.0000000e+00	   2.0000000e+00	   2.4570000e+03	
   2.0200000e+02	   3.0100000e+02	   2.0400000e+02	   6.0000000e+00	   4.0000000e+00	   3.7550000e+00	   4.7900000e+00	   3.0100000e+00	   2.0000000e+00	   3.0000000e+00	   1.0000000e+00	   3.0000000e+00	   3.1550000e+03	
   1.1100000e+02	   2.1200000e+02	   3.0200000e+02	   1.1000000e+01	   3.0000000e+00	   4.5250000e+00	   5.0000000e+00	   5.5000000e-01	   1.0000000e+00	   2.0000000e+00	   3.0000000e+00	   2.0000000e+00	   1.9640000e+03	
   1.1500000e+02	   3.0100000e+02	   2.1100000e+02	   9.0000000e+00	   5.0000000e+00	   3.4650000e+00	   4.7900000e+00	   1.2550000e+00	   2.0000000e+00	   1.0000000e+00	   3.0000000e+00	   1.0000000e+00	   2.9190000e+03	
   1.0900000e+02	   2.0500000e+02	   3.0600000e+02	   1.3000000e+01	   2.0000000e+00	   4.5350000e+00	   4.9900000e+00	   5.3500000e-01	   1.0000000e+00	   2.0000000e+00	   3.0000000e+00	   2.0000000e+00	   2.3880000e+03	
   1.0700000e+02	   1.0900000e+02	   1.1200000e+02	   5.0000000e+00	   2.0000000e+00	   5.0000000e+00	   4.5350000e+00	   2.4950000e+00	   3.0000000e+00	   2.0000000e+00	   1.0000000e+00	   3.0000000e+00	   2.3430000e+03	
   1.0700000e+02	   1.1100000e+02	   1.0800000e+02	   4.0000000e+00	   3.0000000e+00	   5.0000000e+00	   4.5250000e+00	   7.6000000e-01	   3.0000000e+00	   1.0000000e+00	   2.0000000e+00	   3.0000000e+00	   1.7610000e+03	
   1.1500000e+02	   2.0900000e+02	   1.0500000e+02	   3.0000000e+00	   5.0000000e+00	   3.4650000e+00	   5.0000000e+00	   1.0700000e+00	   3.0000000e+00	   2.0000000e+00	   1.0000000e+00	   2.0000000e+00	   1.7310000e+03	
   1.0100000e+02	   3.0100000e+02	   2.1100000e+02	   9.0000000e+00	   1.0000000e+00	   5.0000000e+00	   4.7900000e+00	   1.2550000e+00	   1.0000000e+00	   3.0000000e+00	   2.0000000e+00	   1.0000000e+00	   1.6660000e+03	
   1.0900000e+02	   2.0900000e+02	   3.0400000e+02	   1.2000000e+01	   2.0000000e+00	   4.5350000e+00	   5.0000000e+00	   0.0000000e+00	   1.0000000e+00	   3.0000000e+00	   2.0000000e+00	   3.0000000e+00	   1.6810000e+03	
   1.1000000e+02	   2.0500000e+02	   2.0700000e+02	   7.0000000e+00	   1.0000000e+00	   5.0000000e+00	   4.9900000e+00	   4.5500000e-01	   3.0000000e+00	   1.0000000e+00	   2.0000000e+00	   1.0000000e+00	   2.4670000e+03	
   2.0200000e+02	   3.0500000e+02	   1.0400000e+02	   2.0000000e+00	   5.0000000e+00	   3.7550000e+00	   5.0000000e+00	   2.5500000e+00	   3.0000000e+00	   1.0000000e+00	   2.0000000e+00	   1.0000000e+00	   9.3100000e+02	
   1.1300000e+02	   2.0200000e+02	   2.0700000e+02	   7.0000000e+00	   5.0000000e+00	   5.0000000e+00	   3.7550000e+00	   4.5500000e-01	   3.0000000e+00	   2.0000000e+00	   1.0000000e+00	   3.0000000e+00	   2.3400000e+03	
   1.0900000e+02	   1.1000000e+02	   2.0400000e+02	   6.0000000e+00	   2.0000000e+00	   4.5350000e+00	   5.0000000e+00	   3.0100000e+00	   3.0000000e+00	   2.0000000e+00	   1.0000000e+00	   2.0000000e+00	   1.9870000e+03	
   2.0500000e+02	   2.1200000e+02	   1.0500000e+02	   3.0000000e+00	   1.0000000e+00	   4.9900000e+00	   5.0000000e+00	   1.0700000e+00	   1.0000000e+00	   3.0000000e+00	   2.0000000e+00	   3.0000000e+00	   2.1370000e+03	
   1.1300000e+02	   3.0700000e+02	   1.0200000e+02	   1.0000000e+00	   4.0000000e+00	   5.0000000e+00	   4.0650000e+00	   3.2500000e+00	   1.0000000e+00	   2.0000000e+00	   3.0000000e+00	   1.0000000e+00	   2.2310000e+03	
   1.1000000e+02	   1.1500000e+02	   2.1400000e+02	   1.0000000e+01	   5.0000000e+00	   5.0000000e+00	   3.4650000e+00	   2.7400000e+00	   3.0000000e+00	   2.0000000e+00	   1.0000000e+00	   3.0000000e+00	   2.1040000e+03	
   1.1100000e+02	   3.0100000e+02	   2.0700000e+02	   7.0000000e+00	   2.0000000e+00	   4.5250000e+00	   4.7900000e+00	   4.5500000e-01	   1.0000000e+00	   2.0000000e+00	   3.0000000e+00	   2.0000000e+00	   1.9600000e+03	
   1.0100000e+02	   3.0700000e+02	   3.0600000e+02	   1.3000000e+01	   4.0000000e+00	   5.0000000e+00	   4.0650000e+00	   5.3500000e-01	   1.0000000e+00	   3.0000000e+00	   2.0000000e+00	   1.0000000e+00	   1.1530000e+03	
   2.1200000e+02	   3.0700000e+02	   3.0400000e+02	   1.2000000e+01	   4.0000000e+00	   5.0000000e+00	   4.0650000e+00	   0.0000000e+00	   3.0000000e+00	   2.0000000e+00	   1.0000000e+00	   3.0000000e+00	   2.1570000e+03	
   1.0900000e+02	   3.0100000e+02	   2.1100000e+02	   9.0000000e+00	   2.0000000e+00	   4.5350000e+00	   4.7900000e+00	   1.2550000e+00	   1.0000000e+00	   2.0000000e+00	   3.0000000e+00	   2.0000000e+00	   1.8290000e+03	
   1.1000000e+02	   1.1500000e+02	   2.0700000e+02	   7.0000000e+00	   5.0000000e+00	   5.0000000e+00	   3.4650000e+00	   4.5500000e-01	   3.0000000e+00	   2.0000000e+00	   1.0000000e+00	   3.0000000e+00	   1.3960000e+03	
   1.1000000e+02	   3.0700000e+02	   1.1200000e+02	   5.0000000e+00	   4.0000000e+00	   5.0000000e+00	   4.0650000e+00	   2.4950000e+00	   3.0000000e+00	   1.0000000e+00	   2.0000000e+00	   1.0000000e+00	   2.3520000e+03	
   1.0900000e+02	   2.0200000e+02	   2.0800000e+02	   8.0000000e+00	   3.0000000e+00	   4.5350000e+00	   3.7550000e+00	   5.6000000e-01	   1.0000000e+00	   3.0000000e+00	   2.0000000e+00	   3.0000000e+00	   1.5910000e+03	
   1.1000000e+02	   2.0200000e+02	   1.0200000e+02	   1.0000000e+00	   4.0000000e+00	   5.0000000e+00	   3.7550000e+00	   3.2500000e+00	   3.0000000e+00	   2.0000000e+00	   1.0000000e+00	   3.0000000e+00	   2.2260000e+03	
   2.0500000e+02	   3.1200000e+02	   2.0800000e+02	   8.0000000e+00	   1.0000000e+00	   4.9900000e+00	   5.0000000e+00	   5.6000000e-01	   1.0000000e+00	   3.0000000e+00	   2.0000000e+00	   1.0000000e+00	   3.7090000e+03	
   2.0500000e+02	   3.0100000e+02	   1.0800000e+02	   4.0000000e+00	   1.0000000e+00	   4.9900000e+00	   4.7900000e+00	   7.6000000e-01	   3.0000000e+00	   1.0000000e+00	   2.0000000e+00	   3.0000000e+00	   2.0080000e+03	
   1.0700000e+02	   3.0700000e+02	   1.0500000e+02	   3.0000000e+00	   4.0000000e+00	   5.0000000e+00	   4.0650000e+00	   1.0700000e+00	   3.0000000e+00	   1.0000000e+00	   2.0000000e+00	   1.0000000e+00	   2.6380000e+03	
   2.0500000e+02	   3.1200000e+02	   2.1400000e+02	   1.0000000e+01	   1.0000000e+00	   4.9900000e+00	   5.0000000e+00	   2.7400000e+00	   1.0000000e+00	   2.0000000e+00	   3.0000000e+00	   1.0000000e+00	   2.4980000e+03	
   2.1200000e+02	   3.0700000e+02	   1.0400000e+02	   2.0000000e+00	   4.0000000e+00	   5.0000000e+00	   4.0650000e+00	   2.5500000e+00	   2.0000000e+00	   1.0000000e+00	   3.0000000e+00	   2.0000000e+00	   3.5600000e+03	
   1.0900000e+02	   3.0500000e+02	   1.0500000e+02	   3.0000000e+00	   2.0000000e+00	   4.5350000e+00	   5.0000000e+00	   1.0700000e+00	   3.0000000e+00	   1.0000000e+00	   2.0000000e+00	   1.0000000e+00	   1.3980000e+03	
   1.0900000e+02	   2.1200000e+02	   2.0800000e+02	   8.0000000e+00	   2.0000000e+00	   4.5350000e+00	   5.0000000e+00	   5.6000000e-01	   2.0000000e+00	   3.0000000e+00	   1.0000000e+00	   3.0000000e+00	   1.1670000e+03	
   1.0700000e+02	   2.0500000e+02	   2.0700000e+02	   7.0000000e+00	   1.0000000e+00	   5.0000000e+00	   4.9900000e+00	   4.5500000e-01	   2.0000000e+00	   3.0000000e+00	   1.0000000e+00	   3.0000000e+00	   1.8490000e+03	
   1.0100000e+02	   2.0200000e+02	   1.1200000e+02	   5.0000000e+00	   4.0000000e+00	   5.0000000e+00	   3.7550000e+00	   2.4950000e+00	   1.0000000e+00	   3.0000000e+00	   2.0000000e+00	   1.0000000e+00	   1.6130000e+03	
   1.1500000e+02	   3.0500000e+02	   2.0700000e+02	   7.0000000e+00	   5.0000000e+00	   3.4650000e+00	   5.0000000e+00	   4.5500000e-01	   1.0000000e+00	   3.0000000e+00	   2.0000000e+00	   3.0000000e+00	   1.5330000e+03	
   2.0500000e+02	   2.1200000e+02	   3.0200000e+02	   1.1000000e+01	   1.0000000e+00	   4.9900000e+00	   5.0000000e+00	   5.5000000e-01	   3.0000000e+00	   2.0000000e+00	   1.0000000e+00	   2.0000000e+00	   2.5010000e+03	
   1.0900000e+02	   2.0900000e+02	   1.0200000e+02	   1.0000000e+00	   2.0000000e+00	   4.5350000e+00	   5.0000000e+00	   3.2500000e+00	   1.0000000e+00	   3.0000000e+00	   2.0000000e+00	   3.0000000e+00	   1.2400000e+03	
   2.0500000e+02	   3.1200000e+02	   1.0200000e+02	   1.0000000e+00	   1.0000000e+00	   4.9900000e+00	   5.0000000e+00	   3.2500000e+00	   1.0000000e+00	   2.0000000e+00	   3.0000000e+00	   1.0000000e+00	   2.6700000e+03	
   1.1000000e+02	   2.0200000e+02	   2.1400000e+02	   1.0000000e+01	   4.0000000e+00	   5.0000000e+00	   3.7550000e+00	   2.7400000e+00	   3.0000000e+00	   1.0000000e+00	   2.0000000e+00	   3.0000000e+00	   3.9120000e+03	
   2.0500000e+02	   2.1200000e+02	   2.0800000e+02	   8.0000000e+00	   1.0000000e+00	   4.9900000e+00	   5.0000000e+00	   5.6000000e-01	   2.0000000e+00	   3.0000000e+00	   1.0000000e+00	   3.0000000e+00	   1.7740000e+03	
   2.0200000e+02	   2.0900000e+02	   2.0400000e+02	   6.0000000e+00	   5.0000000e+00	   3.7550000e+00	   5.0000000e+00	   3.0100000e+00	   2.0000000e+00	   1.0000000e+00	   3.0000000e+00	   1.0000000e+00	   1.2800000e+03	
   1.1100000e+02	   2.0500000e+02	   2.0800000e+02	   8.0000000e+00	   3.0000000e+00	   4.5250000e+00	   4.9900000e+00	   5.6000000e-01	   1.0000000e+00	   3.0000000e+00	   2.0000000e+00	   3.0000000e+00	   1.7320000e+03	
   2.0500000e+02	   3.0100000e+02	   1.0400000e+02	   2.0000000e+00	   1.0000000e+00	   4.9900000e+00	   4.7900000e+00	   2.5500000e+00	   3.0000000e+00	   2.0000000e+00	   1.0000000e+00	   3.0000000e+00	   1.8910000e+03	
   3.0100000e+02	   3.0500000e+02	   3.0900000e+02	   1.4000000e+01	   2.0000000e+00	   4.7900000e+00	   5.0000000e+00	   1.5800000e+00	   3.0000000e+00	   1.0000000e+00	   2.0000000e+00	   1.0000000e+00	   1.0140000e+03	
   1.1500000e+02	   2.0200000e+02	   3.0400000e+02	   1.2000000e+01	   2.0000000e+00	   3.4650000e+00	   3.7550000e+00	   0.0000000e+00	   3.0000000e+00	   2.0000000e+00	   1.0000000e+00	   2.0000000e+00	   1.9030000e+03	
   1.1500000e+02	   2.0500000e+02	   1.1200000e+02	   5.0000000e+00	   5.0000000e+00	   3.4650000e+00	   4.9900000e+00	   2.4950000e+00	   3.0000000e+00	   2.0000000e+00	   1.0000000e+00	   2.0000000e+00	   1.5730000e+03	
   1.1100000e+02	   2.1200000e+02	   1.0400000e+02	   2.0000000e+00	   3.0000000e+00	   4.5250000e+00	   5.0000000e+00	   2.5500000e+00	   3.0000000e+00	   2.0000000e+00	   1.0000000e+00	   2.0000000e+00	   1.5040000e+03	
   1.1100000e+02	   2.0900000e+02	   3.0400000e+02	   1.2000000e+01	   3.0000000e+00	   4.5250000e+00	   5.0000000e+00	   0.0000000e+00	   3.0000000e+00	   1.0000000e+00	   2.0000000e+00	   1.0000000e+00	   1.3330000e+03	
   1.0700000e+02	   1.1500000e+02	   2.0700000e+02	   7.0000000e+00	   5.0000000e+00	   5.0000000e+00	   3.4650000e+00	   4.5500000e-01	   2.0000000e+00	   3.0000000e+00	   1.0000000e+00	   2.0000000e+00	   1.6960000e+03	
   1.0900000e+02	   2.0200000e+02	   3.0600000e+02	   1.3000000e+01	   3.0000000e+00	   4.5350000e+00	   3.7550000e+00	   5.3500000e-01	   2.0000000e+00	   3.0000000e+00	   1.0000000e+00	   3.0000000e+00	   2.5730000e+03	
   1.1100000e+02	   1.1300000e+02	   2.0400000e+02	   6.0000000e+00	   3.0000000e+00	   4.5250000e+00	   5.0000000e+00	   3.0100000e+00	   1.0000000e+00	   2.0000000e+00	   3.0000000e+00	   2.0000000e+00	   1.5350000e+03	
   1.1500000e+02	   3.0500000e+02	   3.0200000e+02	   1.1000000e+01	   5.0000000e+00	   3.4650000e+00	   5.0000000e+00	   5.5000000e-01	   3.0000000e+00	   1.0000000e+00	   2.0000000e+00	   1.0000000e+00	   8.4000000e+02	
   2.0200000e+02	   2.0900000e+02	   1.0200000e+02	   1.0000000e+00	   5.0000000e+00	   3.7550000e+00	   5.0000000e+00	   3.2500000e+00	   3.0000000e+00	   1.0000000e+00	   2.0000000e+00	   1.0000000e+00	   1.3370000e+03	
   2.0500000e+02	   3.0100000e+02	   1.1200000e+02	   5.0000000e+00	   1.0000000e+00	   4.9900000e+00	   4.7900000e+00	   2.4950000e+00	   3.0000000e+00	   1.0000000e+00	   2.0000000e+00	   3.0000000e+00	   1.6020000e+03	
   1.1000000e+02	   1.1100000e+02	   3.0400000e+02	   1.2000000e+01	   3.0000000e+00	   5.0000000e+00	   4.5250000e+00	   0.0000000e+00	   2.0000000e+00	   3.0000000e+00	   1.0000000e+00	   2.0000000e+00	   1.5950000e+03	
   1.0700000e+02	   1.1100000e+02	   2.1100000e+02	   9.0000000e+00	   3.0000000e+00	   5.0000000e+00	   4.5250000e+00	   1.2550000e+00	   1.0000000e+00	   2.0000000e+00	   3.0000000e+00	   1.0000000e+00	   1.8200000e+03	
   2.0500000e+02	   3.0700000e+02	   1.0800000e+02	   4.0000000e+00	   3.0000000e+00	   4.9900000e+00	   4.0650000e+00	   7.6000000e-01	   1.0000000e+00	   2.0000000e+00	   3.0000000e+00	   1.0000000e+00	   2.1540000e+03	
   1.0700000e+02	   2.0200000e+02	   3.0600000e+02	   1.3000000e+01	   4.0000000e+00	   5.0000000e+00	   3.7550000e+00	   5.3500000e-01	   3.0000000e+00	   2.0000000e+00	   1.0000000e+00	   3.0000000e+00	   2.3320000e+03	
   1.0900000e+02	   3.0500000e+02	   2.0700000e+02	   7.0000000e+00	   2.0000000e+00	   4.5350000e+00	   5.0000000e+00	   4.5500000e-01	   2.0000000e+00	   3.0000000e+00	   1.0000000e+00	   3.0000000e+00	   1.3270000e+03	
   1.1300000e+02	   1.1500000e+02	   2.0400000e+02	   6.0000000e+00	   5.0000000e+00	   5.0000000e+00	   3.4650000e+00	   3.0100000e+00	   1.0000000e+00	   2.0000000e+00	   3.0000000e+00	   1.0000000e+00	   1.1480000e+03	
   1.0900000e+02	   2.0900000e+02	   1.0500000e+02	   3.0000000e+00	   2.0000000e+00	   4.5350000e+00	   5.0000000e+00	   1.0700000e+00	   3.0000000e+00	   2.0000000e+00	   1.0000000e+00	   2.0000000e+00	   1.4180000e+03	
   1.1500000e+02	   3.1200000e+02	   3.0200000e+02	   1.1000000e+01	   5.0000000e+00	   3.4650000e+00	   5.0000000e+00	   5.5000000e-01	   3.0000000e+00	   1.0000000e+00	   2.0000000e+00	   1.0000000e+00	   2.0980000e+03	
   2.0200000e+02	   3.0500000e+02	   3.0200000e+02	   1.1000000e+01	   5.0000000e+00	   3.7550000e+00	   5.0000000e+00	   5.5000000e-01	   1.0000000e+00	   2.0000000e+00	   3.0000000e+00	   2.0000000e+00	   1.3560000e+03	
   2.0200000e+02	   3.0500000e+02	   1.0200000e+02	   1.0000000e+00	   5.0000000e+00	   3.7550000e+00	   5.0000000e+00	   3.2500000e+00	   3.0000000e+00	   2.0000000e+00	   1.0000000e+00	   2.0000000e+00	   1.3310000e+03	
   2.0500000e+02	   3.0500000e+02	   1.1200000e+02	   5.0000000e+00	   1.0000000e+00	   4.9900000e+00	   5.0000000e+00	   2.4950000e+00	   1.0000000e+00	   2.0000000e+00	   3.0000000e+00	   2.0000000e+00	   9.7200000e+02	
   1.0100000e+02	   3.0100000e+02	   2.1400000e+02	   1.0000000e+01	   1.0000000e+00	   5.0000000e+00	   4.7900000e+00	   2.7400000e+00	   2.0000000e+00	   1.0000000e+00	   3.0000000e+00	   2.0000000e+00	   1.8210000e+03	
   1.1000000e+02	   2.0200000e+02	   3.0200000e+02	   1.1000000e+01	   4.0000000e+00	   5.0000000e+00	   3.7550000e+00	   5.5000000e-01	   3.0000000e+00	   1.0000000e+00	   2.0000000e+00	   3.0000000e+00	   1.7490000e+03	
   1.0900000e+02	   1.1100000e+02	   1.0400000e+02	   2.0000000e+00	   1.0000000e+00	   4.5350000e+00	   4.5250000e+00	   2.5500000e+00	   1.0000000e+00	   3.0000000e+00	   2.0000000e+00	   1.0000000e+00	   4.3610000e+03	
   3.0100000e+02	   3.0500000e+02	   1.0500000e+02	   3.0000000e+00	   2.0000000e+00	   4.7900000e+00	   5.0000000e+00	   1.0700000e+00	   1.0000000e+00	   2.0000000e+00	   3.0000000e+00	   2.0000000e+00	   1.2790000e+03	
   2.0200000e+02	   3.0500000e+02	   2.0400000e+02	   6.0000000e+00	   5.0000000e+00	   3.7550000e+00	   5.0000000e+00	   3.0100000e+00	   1.0000000e+00	   2.0000000e+00	   3.0000000e+00	   2.0000000e+00	   1.0480000e+03	
   3.0100000e+02	   3.1200000e+02	   3.0900000e+02	   1.4000000e+01	   2.0000000e+00	   4.7900000e+00	   5.0000000e+00	   1.5800000e+00	   3.0000000e+00	   2.0000000e+00	   1.0000000e+00	   2.0000000e+00	   3.1870000e+03	
   1.1100000e+02	   1.1300000e+02	   2.1400000e+02	   1.0000000e+01	   3.0000000e+00	   4.5250000e+00	   5.0000000e+00	   2.7400000e+00	   1.0000000e+00	   3.0000000e+00	   2.0000000e+00	   3.0000000e+00	   1.4840000e+03	
   1.1300000e+02	   2.0500000e+02	   2.0400000e+02	   6.0000000e+00	   1.0000000e+00	   5.0000000e+00	   4.9900000e+00	   3.0100000e+00	   2.0000000e+00	   1.0000000e+00	   3.0000000e+00	   1.0000000e+00	   1.5870000e+03	
   1.1500000e+02	   2.0200000e+02	   1.0800000e+02	   4.0000000e+00	   2.0000000e+00	   3.4650000e+00	   3.7550000e+00	   7.6000000e-01	   1.0000000e+00	   2.0000000e+00	   3.0000000e+00	   2.0000000e+00	   3.3390000e+03	
   1.1500000e+02	   3.1200000e+02	   2.0800000e+02	   8.0000000e+00	   5.0000000e+00	   3.4650000e+00	   5.0000000e+00	   5.6000000e-01	   1.0000000e+00	   2.0000000e+00	   3.0000000e+00	   2.0000000e+00	   1.7730000e+03	
   1.0900000e+02	   2.1200000e+02	   2.0400000e+02	   6.0000000e+00	   2.0000000e+00	   4.5350000e+00	   5.0000000e+00	   3.0100000e+00	   1.0000000e+00	   3.0000000e+00	   2.0000000e+00	   3.0000000e+00	   2.4360000e+03	
   1.1300000e+02	   3.0700000e+02	   2.0700000e+02	   7.0000000e+00	   4.0000000e+00	   5.0000000e+00	   4.0650000e+00	   4.5500000e-01	   1.0000000e+00	   3.0000000e+00	   2.0000000e+00	   1.0000000e+00	   2.9140000e+03	
   1.1000000e+02	   3.0100000e+02	   3.0600000e+02	   1.3000000e+01	   1.0000000e+00	   5.0000000e+00	   4.7900000e+00	   5.3500000e-01	   3.0000000e+00	   1.0000000e+00	   2.0000000e+00	   3.0000000e+00	   1.5250000e+03	
   1.1100000e+02	   3.0700000e+02	   1.0800000e+02	   4.0000000e+00	   2.0000000e+00	   4.5250000e+00	   4.0650000e+00	   7.6000000e-01	   2.0000000e+00	   1.0000000e+00	   3.0000000e+00	   1.0000000e+00	   2.0710000e+03	
   1.0100000e+02	   1.1500000e+02	   2.1400000e+02	   1.0000000e+01	   5.0000000e+00	   5.0000000e+00	   3.4650000e+00	   2.7400000e+00	   3.0000000e+00	   2.0000000e+00	   1.0000000e+00	   3.0000000e+00	   1.3550000e+03	
   1.0700000e+02	   1.1500000e+02	   3.0400000e+02	   1.2000000e+01	   5.0000000e+00	   5.0000000e+00	   3.4650000e+00	   0.0000000e+00	   2.0000000e+00	   3.0000000e+00	   1.0000000e+00	   2.0000000e+00	   2.0460000e+03	
   1.0900000e+02	   2.0900000e+02	   3.0200000e+02	   1.1000000e+01	   2.0000000e+00	   4.5350000e+00	   5.0000000e+00	   5.5000000e-01	   1.0000000e+00	   3.0000000e+00	   2.0000000e+00	   3.0000000e+00	   1.3690000e+03	
   1.1000000e+02	   2.0500000e+02	   2.1100000e+02	   9.0000000e+00	   1.0000000e+00	   5.0000000e+00	   4.9900000e+00	   1.2550000e+00	   2.0000000e+00	   3.0000000e+00	   1.0000000e+00	   3.0000000e+00	   2.0290000e+03	
   3.0100000e+02	   3.0500000e+02	   2.0800000e+02	   8.0000000e+00	   2.0000000e+00	   4.7900000e+00	   5.0000000e+00	   5.6000000e-01	   1.0000000e+00	   2.0000000e+00	   3.0000000e+00	   2.0000000e+00	   7.6300000e+02	
   1.0900000e+02	   1.1500000e+02	   2.1100000e+02	   9.0000000e+00	   4.0000000e+00	   4.5350000e+00	   3.4650000e+00	   1.2550000e+00	   3.0000000e+00	   1.0000000e+00	   2.0000000e+00	   3.0000000e+00	   2.4640000e+03	
   2.0500000e+02	   3.0700000e+02	   3.0400000e+02	   1.2000000e+01	   3.0000000e+00	   4.9900000e+00	   4.0650000e+00	   0.0000000e+00	   2.0000000e+00	   1.0000000e+00	   3.0000000e+00	   2.0000000e+00	   2.4860000e+03	
   1.0900000e+02	   3.0500000e+02	   2.1400000e+02	   1.0000000e+01	   2.0000000e+00	   4.5350000e+00	   5.0000000e+00	   2.7400000e+00	   3.0000000e+00	   2.0000000e+00	   1.0000000e+00	   2.0000000e+00	   7.6300000e+02	
   1.0900000e+02	   3.0500000e+02	   3.0900000e+02	   1.4000000e+01	   2.0000000e+00	   4.5350000e+00	   5.0000000e+00	   1.5800000e+00	   1.0000000e+00	   3.0000000e+00	   2.0000000e+00	   3.0000000e+00	   9.9100000e+02	
   1.1500000e+02	   2.1200000e+02	   2.1400000e+02	   1.0000000e+01	   5.0000000e+00	   3.4650000e+00	   5.0000000e+00	   2.7400000e+00	   2.0000000e+00	   3.0000000e+00	   1.0000000e+00	   3.0000000e+00	   8.3200000e+02	
   1.0900000e+02	   3.0700000e+02	   2.0700000e+02	   7.0000000e+00	   3.0000000e+00	   4.5350000e+00	   4.0650000e+00	   4.5500000e-01	   3.0000000e+00	   2.0000000e+00	   1.0000000e+00	   2.0000000e+00	   1.8410000e+03	
   2.1200000e+02	   3.0100000e+02	   1.0500000e+02	   3.0000000e+00	   1.0000000e+00	   5.0000000e+00	   4.7900000e+00	   1.0700000e+00	   3.0000000e+00	   2.0000000e+00	   1.0000000e+00	   3.0000000e+00	   1.5000000e+03	
   1.1100000e+02	   1.1300000e+02	   1.0800000e+02	   4.0000000e+00	   3.0000000e+00	   4.5250000e+00	   5.0000000e+00	   7.6000000e-01	   3.0000000e+00	   2.0000000e+00	   1.0000000e+00	   2.0000000e+00	   9.3600000e+02	
   1.0100000e+02	   1.0900000e+02	   1.1200000e+02	   5.0000000e+00	   2.0000000e+00	   5.0000000e+00	   4.5350000e+00	   2.4950000e+00	   2.0000000e+00	   3.0000000e+00	   1.0000000e+00	   2.0000000e+00	   1.0010000e+03	
   1.1100000e+02	   1.1500000e+02	   1.0400000e+02	   2.0000000e+00	   4.0000000e+00	   4.5250000e+00	   3.4650000e+00	   2.5500000e+00	   1.0000000e+00	   3.0000000e+00	   2.0000000e+00	   3.0000000e+00	   3.8520000e+03	
   2.1200000e+02	   3.0100000e+02	   1.0400000e+02	   2.0000000e+00	   1.0000000e+00	   5.0000000e+00	   4.7900000e+00	   2.5500000e+00	   3.0000000e+00	   2.0000000e+00	   1.0000000e+00	   3.0000000e+00	   1.0710000e+03	
   3.0100000e+02	   3.0500000e+02	   2.0700000e+02	   7.0000000e+00	   2.0000000e+00	   4.7900000e+00	   5.0000000e+00	   4.5500000e-01	   3.0000000e+00	   2.0000000e+00	   1.0000000e+00	   2.0000000e+00	   8.2600000e+02	
   1.1000000e+02	   3.0100000e+02	   3.1000000e+02	   1.5000000e+01	   1.0000000e+00	   5.0000000e+00	   4.7900000e+00	   2.6000000e-01	   1.0000000e+00	   3.0000000e+00	   2.0000000e+00	   1.0000000e+00	   1.4270000e+03	
   1.1500000e+02	   3.0700000e+02	   2.1100000e+02	   9.0000000e+00	   3.0000000e+00	   3.4650000e+00	   4.0650000e+00	   1.2550000e+00	   2.0000000e+00	   1.0000000e+00	   3.0000000e+00	   1.0000000e+00	   1.5270000e+03	
   1.0100000e+02	   1.1100000e+02	   3.0900000e+02	   1.4000000e+01	   3.0000000e+00	   5.0000000e+00	   4.5250000e+00	   1.5800000e+00	   3.0000000e+00	   2.0000000e+00	   1.0000000e+00	   3.0000000e+00	   8.5400000e+02	
   3.0500000e+02	   3.0700000e+02	   1.0800000e+02	   4.0000000e+00	   4.0000000e+00	   5.0000000e+00	   4.0650000e+00	   7.6000000e-01	   3.0000000e+00	   2.0000000e+00	   1.0000000e+00	   3.0000000e+00	   7.8700000e+02	
   1.0700000e+02	   2.0500000e+02	   2.0800000e+02	   8.0000000e+00	   1.0000000e+00	   5.0000000e+00	   4.9900000e+00	   5.6000000e-01	   3.0000000e+00	   1.0000000e+00	   2.0000000e+00	   1.0000000e+00	   2.0320000e+03	
   1.1500000e+02	   3.0100000e+02	   3.0600000e+02	   1.3000000e+01	   5.0000000e+00	   3.4650000e+00	   4.7900000e+00	   5.3500000e-01	   3.0000000e+00	   1.0000000e+00	   2.0000000e+00	   1.0000000e+00	   2.6650000e+03	
   2.0500000e+02	   2.0900000e+02	   3.1000000e+02	   1.5000000e+01	   1.0000000e+00	   4.9900000e+00	   5.0000000e+00	   2.6000000e-01	   1.0000000e+00	   2.0000000e+00	   3.0000000e+00	   3.0000000e+00	   1.1250000e+03	
   1.1500000e+02	   3.0500000e+02	   1.1200000e+02	   5.0000000e+00	   5.0000000e+00	   3.4650000e+00	   5.0000000e+00	   2.4950000e+00	   2.0000000e+00	   3.0000000e+00	   1.0000000e+00	   3.0000000e+00	   1.5260000e+03	
   3.0700000e+02	   3.1200000e+02	   2.1400000e+02	   1.0000000e+01	   4.0000000e+00	   4.0650000e+00	   5.0000000e+00	   2.7400000e+00	   3.0000000e+00	   2.0000000e+00	   1.0000000e+00	   2.0000000e+00	   2.2080000e+03	
   1.0900000e+02	   2.1200000e+02	   1.0800000e+02	   4.0000000e+00	   2.0000000e+00	   4.5350000e+00	   5.0000000e+00	   7.6000000e-01	   1.0000000e+00	   3.0000000e+00	   2.0000000e+00	   3.0000000e+00	   1.5390000e+03	
   2.0500000e+02	   3.0700000e+02	   1.1200000e+02	   5.0000000e+00	   3.0000000e+00	   4.9900000e+00	   4.0650000e+00	   2.4950000e+00	   3.0000000e+00	   2.0000000e+00	   1.0000000e+00	   3.0000000e+00	   1.1510000e+03	
   1.0100000e+02	   1.1100000e+02	   1.0200000e+02	   1.0000000e+00	   3.0000000e+00	   5.0000000e+00	   4.5250000e+00	   3.2500000e+00	   2.0000000e+00	   1.0000000e+00	   3.0000000e+00	   2.0000000e+00	   1.2750000e+03	
   1.0900000e+02	   1.1000000e+02	   3.0900000e+02	   1.4000000e+01	   2.0000000e+00	   4.5350000e+00	   5.0000000e+00	   1.5800000e+00	   2.0000000e+00	   1.0000000e+00	   3.0000000e+00	   1.0000000e+00	   1.5580000e+03	
   2.0200000e+02	   3.0100000e+02	   3.0200000e+02	   1.1000000e+01	   4.0000000e+00	   3.7550000e+00	   4.7900000e+00	   5.5000000e-01	   2.0000000e+00	   1.0000000e+00	   3.0000000e+00	   2.0000000e+00	   2.8430000e+03	
   1.1100000e+02	   2.0200000e+02	   1.0200000e+02	   1.0000000e+00	   3.0000000e+00	   4.5250000e+00	   3.7550000e+00	   3.2500000e+00	   2.0000000e+00	   3.0000000e+00	   1.0000000e+00	   3.0000000e+00	   1.1370000e+03	
   3.0500000e+02	   3.0700000e+02	   2.0800000e+02	   8.0000000e+00	   4.0000000e+00	   5.0000000e+00	   4.0650000e+00	   5.6000000e-01	   3.0000000e+00	   2.0000000e+00	   1.0000000e+00	   3.0000000e+00	   1.6240000e+03	
   1.1500000e+02	   3.0500000e+02	   3.0400000e+02	   1.2000000e+01	   5.0000000e+00	   3.4650000e+00	   5.0000000e+00	   0.0000000e+00	   3.0000000e+00	   2.0000000e+00	   1.0000000e+00	   2.0000000e+00	   7.9900000e+02	
   1.1500000e+02	   2.0200000e+02	   1.1200000e+02	   5.0000000e+00	   2.0000000e+00	   3.4650000e+00	   3.7550000e+00	   2.4950000e+00	   1.0000000e+00	   3.0000000e+00	   2.0000000e+00	   3.0000000e+00	   1.7090000e+03	
   2.0500000e+02	   3.0100000e+02	   3.0900000e+02	   1.4000000e+01	   1.0000000e+00	   4.9900000e+00	   4.7900000e+00	   1.5800000e+00	   1.0000000e+00	   3.0000000e+00	   2.0000000e+00	   1.0000000e+00	   1.2290000e+03	
   1.1100000e+02	   3.1200000e+02	   2.1400000e+02	   1.0000000e+01	   3.0000000e+00	   4.5250000e+00	   5.0000000e+00	   2.7400000e+00	   3.0000000e+00	   1.0000000e+00	   2.0000000e+00	   1.0000000e+00	   2.7800000e+03	
   1.1500000e+02	   2.0900000e+02	   1.0800000e+02	   4.0000000e+00	   5.0000000e+00	   3.4650000e+00	   5.0000000e+00	   7.6000000e-01	   2.0000000e+00	   3.0000000e+00	   1.0000000e+00	   3.0000000e+00	   1.2840000e+03	
   1.1100000e+02	   2.0900000e+02	   3.0900000e+02	   1.4000000e+01	   3.0000000e+00	   4.5250000e+00	   5.0000000e+00	   1.5800000e+00	   1.0000000e+00	   2.0000000e+00	   3.0000000e+00	   2.0000000e+00	   1.0540000e+03	
   2.0200000e+02	   3.0100000e+02	   1.0800000e+02	   4.0000000e+00	   4.0000000e+00	   3.7550000e+00	   4.7900000e+00	   7.6000000e-01	   3.0000000e+00	   1.0000000e+00	   2.0000000e+00	   3.0000000e+00	   1.3290000e+03	
   1.1500000e+02	   2.1200000e+02	   2.1100000e+02	   9.0000000e+00	   5.0000000e+00	   3.4650000e+00	   5.0000000e+00	   1.2550000e+00	   1.0000000e+00	   2.0000000e+00	   3.0000000e+00	   2.0000000e+00	   1.0890000e+03	
   3.0100000e+02	   3.0700000e+02	   3.1000000e+02	   1.5000000e+01	   3.0000000e+00	   4.7900000e+00	   4.0650000e+00	   2.6000000e-01	   1.0000000e+00	   2.0000000e+00	   3.0000000e+00	   2.0000000e+00	   2.2850000e+03	
   1.0100000e+02	   2.0200000e+02	   1.0200000e+02	   1.0000000e+00	   4.0000000e+00	   5.0000000e+00	   3.7550000e+00	   3.2500000e+00	   3.0000000e+00	   1.0000000e+00	   2.0000000e+00	   3.0000000e+00	   1.2910000e+03	
   1.0700000e+02	   1.1500000e+02	   3.0200000e+02	   1.1000000e+01	   5.0000000e+00	   5.0000000e+00	   3.4650000e+00	   5.5000000e-01	   1.0000000e+00	   3.0000000e+00	   2.0000000e+00	   1.0000000e+00	   2.1050000e+03	
   1.1000000e+02	   1.1100000e+02	   3.0600000e+02	   1.3000000e+01	   3.0000000e+00	   5.0000000e+00	   4.5250000e+00	   5.3500000e-01	   1.0000000e+00	   2.0000000e+00	   3.0000000e+00	   1.0000000e+00	   2.8160000e+03	
   3.0500000e+02	   3.0700000e+02	   2.1100000e+02	   9.0000000e+00	   4.0000000e+00	   5.0000000e+00	   4.0650000e+00	   1.2550000e+00	   1.0000000e+00	   2.0000000e+00	   3.0000000e+00	   1.0000000e+00	   2.6060000e+03	
   1.0900000e+02	   3.0100000e+02	   1.0500000e+02	   3.0000000e+00	   2.0000000e+00	   4.5350000e+00	   4.7900000e+00	   1.0700000e+00	   2.0000000e+00	   3.0000000e+00	   1.0000000e+00	   3.0000000e+00	   3.2920000e+03	
   2.0900000e+02	   3.0100000e+02	   2.1400000e+02	   1.0000000e+01	   1.0000000e+00	   5.0000000e+00	   4.7900000e+00	   2.7400000e+00	   3.0000000e+00	   2.0000000e+00	   1.0000000e+00	   3.0000000e+00	   1.1230000e+03	
   1.1300000e+02	   3.0100000e+02	   3.0900000e+02	   1.4000000e+01	   1.0000000e+00	   5.0000000e+00	   4.7900000e+00	   1.5800000e+00	   3.0000000e+00	   2.0000000e+00	   1.0000000e+00	   3.0000000e+00	   1.0150000e+03	
   2.0200000e+02	   2.0500000e+02	   3.0200000e+02	   1.1000000e+01	   4.0000000e+00	   3.7550000e+00	   4.9900000e+00	   5.5000000e-01	   3.0000000e+00	   2.0000000e+00	   1.0000000e+00	   2.0000000e+00	   9.3300000e+02	
   1.1100000e+02	   2.0500000e+02	   2.0400000e+02	   6.0000000e+00	   3.0000000e+00	   4.5250000e+00	   4.9900000e+00	   3.0100000e+00	   1.0000000e+00	   3.0000000e+00	   2.0000000e+00	   3.0000000e+00	   1.5350000e+03	
   1.0900000e+02	   1.1300000e+02	   1.0200000e+02	   1.0000000e+00	   2.0000000e+00	   4.5350000e+00	   5.0000000e+00	   3.2500000e+00	   3.0000000e+00	   2.0000000e+00	   1.0000000e+00	   2.0000000e+00	   9.9200000e+02	
   1.0900000e+02	   3.0500000e+02	   3.0400000e+02	   1.2000000e+01	   2.0000000e+00	   4.5350000e+00	   5.0000000e+00	   0.0000000e+00	   3.0000000e+00	   1.0000000e+00	   2.0000000e+00	   1.0000000e+00	   2.0450000e+03	
   1.0700000e+02	   1.0900000e+02	   2.0400000e+02	   6.0000000e+00	   2.0000000e+00	   5.0000000e+00	   4.5350000e+00	   3.0100000e+00	   1.0000000e+00	   3.0000000e+00	   2.0000000e+00	   1.0000000e+00	   1.4050000e+03	
   1.1100000e+02	   2.0500000e+02	   3.0200000e+02	   1.1000000e+01	   3.0000000e+00	   4.5250000e+00	   4.9900000e+00	   5.5000000e-01	   1.0000000e+00	   3.0000000e+00	   2.0000000e+00	   3.0000000e+00	   1.0630000e+03	
   2.0200000e+02	   2.0500000e+02	   3.0400000e+02	   1.2000000e+01	   4.0000000e+00	   3.7550000e+00	   4.9900000e+00	   0.0000000e+00	   2.0000000e+00	   1.0000000e+00	   3.0000000e+00	   1.0000000e+00	   1.1320000e+03	
   2.0500000e+02	   3.0100000e+02	   2.1400000e+02	   1.0000000e+01	   1.0000000e+00	   4.9900000e+00	   4.7900000e+00	   2.7400000e+00	   2.0000000e+00	   3.0000000e+00	   1.0000000e+00	   2.0000000e+00	   1.4030000e+03	
   2.0200000e+02	   2.1200000e+02	   2.1400000e+02	   1.0000000e+01	   5.0000000e+00	   3.7550000e+00	   5.0000000e+00	   2.7400000e+00	   2.0000000e+00	   3.0000000e+00	   1.0000000e+00	   3.0000000e+00	   1.7040000e+03	
   2.0500000e+02	   3.0500000e+02	   3.0400000e+02	   1.2000000e+01	   1.0000000e+00	   4.9900000e+00	   5.0000000e+00	   0.0000000e+00	   2.0000000e+00	   3.0000000e+00	   1.0000000e+00	   2.0000000e+00	   1.8040000e+03	
   2.0500000e+02	   2.1200000e+02	   3.1000000e+02	   1.5000000e+01	   1.0000000e+00	   4.9900000e+00	   5.0000000e+00	   2.6000000e-01	   1.0000000e+00	   3.0000000e+00	   2.0000000e+00	   3.0000000e+00	   1.8850000e+03	
   1.0700000e+02	   3.0100000e+02	   2.0700000e+02	   7.0000000e+00	   1.0000000e+00	   5.0000000e+00	   4.7900000e+00	   4.5500000e-01	   2.0000000e+00	   1.0000000e+00	   3.0000000e+00	   1.0000000e+00	   3.7160000e+03	
   1.1000000e+02	   2.0500000e+02	   3.0200000e+02	   1.1000000e+01	   1.0000000e+00	   5.0000000e+00	   4.9900000e+00	   5.5000000e-01	   3.0000000e+00	   1.0000000e+00	   2.0000000e+00	   1.0000000e+00	   2.1320000e+03	
   3.0100000e+02	   3.0500000e+02	   2.1400000e+02	   1.0000000e+01	   2.0000000e+00	   4.7900000e+00	   5.0000000e+00	   2.7400000e+00	   2.0000000e+00	   1.0000000e+00	   3.0000000e+00	   1.0000000e+00	   1.5000000e+03	
   1.0700000e+02	   2.0500000e+02	   1.1200000e+02	   5.0000000e+00	   1.0000000e+00	   5.0000000e+00	   4.9900000e+00	   2.4950000e+00	   2.0000000e+00	   3.0000000e+00	   1.0000000e+00	   3.0000000e+00	   1.8360000e+03	
   1.0700000e+02	   1.0900000e+02	   3.0200000e+02	   1.1000000e+01	   2.0000000e+00	   5.0000000e+00	   4.5350000e+00	   5.5000000e-01	   1.0000000e+00	   3.0000000e+00	   2.0000000e+00	   1.0000000e+00	   1.8300000e+03	
   1.0900000e+02	   1.1100000e+02	   3.0400000e+02	   1.2000000e+01	   1.0000000e+00	   4.5350000e+00	   4.5250000e+00	   0.0000000e+00	   1.0000000e+00	   3.0000000e+00	   2.0000000e+00	   1.0000000e+00	   2.9160000e+03	
   1.1100000e+02	   2.0900000e+02	   1.0800000e+02	   4.0000000e+00	   3.0000000e+00	   4.5250000e+00	   5.0000000e+00	   7.6000000e-01	   1.0000000e+00	   3.0000000e+00	   2.0000000e+00	   3.0000000e+00	   1.9200000e+03	
   1.1100000e+02	   2.0500000e+02	   1.0400000e+02	   2.0000000e+00	   3.0000000e+00	   4.5250000e+00	   4.9900000e+00	   2.5500000e+00	   2.0000000e+00	   3.0000000e+00	   1.0000000e+00	   3.0000000e+00	   1.4050000e+03	
   1.1000000e+02	   1.1500000e+02	   1.0500000e+02	   3.0000000e+00	   5.0000000e+00	   5.0000000e+00	   3.4650000e+00	   1.0700000e+00	   1.0000000e+00	   3.0000000e+00	   2.0000000e+00	   1.0000000e+00	   1.9600000e+03	
   2.0500000e+02	   3.1200000e+02	   1.0800000e+02	   4.0000000e+00	   1.0000000e+00	   4.9900000e+00	   5.0000000e+00	   7.6000000e-01	   3.0000000e+00	   1.0000000e+00	   2.0000000e+00	   3.0000000e+00	   1.6250000e+03	
   1.0700000e+02	   3.0100000e+02	   3.0400000e+02	   1.2000000e+01	   1.0000000e+00	   5.0000000e+00	   4.7900000e+00	   0.0000000e+00	   2.0000000e+00	   3.0000000e+00	   1.0000000e+00	   3.0000000e+00	   2.0610000e+03	
   1.0700000e+02	   1.1500000e+02	   3.0900000e+02	   1.4000000e+01	   5.0000000e+00	   5.0000000e+00	   3.4650000e+00	   1.5800000e+00	   2.0000000e+00	   3.0000000e+00	   1.0000000e+00	   2.0000000e+00	   2.5080000e+03	
   1.1500000e+02	   3.0500000e+02	   2.0800000e+02	   8.0000000e+00	   5.0000000e+00	   3.4650000e+00	   5.0000000e+00	   5.6000000e-01	   3.0000000e+00	   2.0000000e+00	   1.0000000e+00	   2.0000000e+00	   8.1200000e+02	
   3.0100000e+02	   3.0700000e+02	   2.0400000e+02	   6.0000000e+00	   3.0000000e+00	   4.7900000e+00	   4.0650000e+00	   3.0100000e+00	   2.0000000e+00	   3.0000000e+00	   1.0000000e+00	   3.0000000e+00	   1.2080000e+03	
   2.0500000e+02	   3.0100000e+02	   3.0200000e+02	   1.1000000e+01	   1.0000000e+00	   4.9900000e+00	   4.7900000e+00	   5.5000000e-01	   3.0000000e+00	   1.0000000e+00	   2.0000000e+00	   3.0000000e+00	   1.1360000e+03	
   2.0500000e+02	   3.0500000e+02	   1.0200000e+02	   1.0000000e+00	   1.0000000e+00	   4.9900000e+00	   5.0000000e+00	   3.2500000e+00	   3.0000000e+00	   1.0000000e+00	   2.0000000e+00	   1.0000000e+00	   8.1600000e+02	
   1.1300000e+02	   3.0700000e+02	   2.1400000e+02	   1.0000000e+01	   4.0000000e+00	   5.0000000e+00	   4.0650000e+00	   2.7400000e+00	   2.0000000e+00	   3.0000000e+00	   1.0000000e+00	   3.0000000e+00	   1.6680000e+03	
   1.1500000e+02	   2.0900000e+02	   3.0900000e+02	   1.4000000e+01	   5.0000000e+00	   3.4650000e+00	   5.0000000e+00	   1.5800000e+00	   2.0000000e+00	   3.0000000e+00	   1.0000000e+00	   3.0000000e+00	   1.1120000e+03	
   1.0100000e+02	   1.1500000e+02	   2.1100000e+02	   9.0000000e+00	   5.0000000e+00	   5.0000000e+00	   3.4650000e+00	   1.2550000e+00	   2.0000000e+00	   3.0000000e+00	   1.0000000e+00	   2.0000000e+00	   1.3560000e+03	
   2.0200000e+02	   2.1200000e+02	   1.1200000e+02	   5.0000000e+00	   5.0000000e+00	   3.7550000e+00	   5.0000000e+00	   2.4950000e+00	   2.0000000e+00	   1.0000000e+00	   3.0000000e+00	   1.0000000e+00	   1.3000000e+03	
   1.0900000e+02	   3.0700000e+02	   3.1000000e+02	   1.5000000e+01	   3.0000000e+00	   4.5350000e+00	   4.0650000e+00	   2.6000000e-01	   2.0000000e+00	   1.0000000e+00	   3.0000000e+00	   1.0000000e+00	   1.8690000e+03	
   1.0700000e+02	   1.1100000e+02	   3.0400000e+02	   1.2000000e+01	   3.0000000e+00	   5.0000000e+00	   4.5250000e+00	   0.0000000e+00	   2.0000000e+00	   3.0000000e+00	   1.0000000e+00	   2.0000000e+00	   1.8930000e+03	
   2.0900000e+02	   3.0700000e+02	   2.0700000e+02	   7.0000000e+00	   4.0000000e+00	   5.0000000e+00	   4.0650000e+00	   4.5500000e-01	   3.0000000e+00	   1.0000000e+00	   2.0000000e+00	   3.0000000e+00	   8.8200000e+02	
   1.1300000e+02	   3.0100000e+02	   2.0400000e+02	   6.0000000e+00	   1.0000000e+00	   5.0000000e+00	   4.7900000e+00	   3.0100000e+00	   2.0000000e+00	   1.0000000e+00	   3.0000000e+00	   2.0000000e+00	   9.8800000e+02	
   1.1100000e+02	   3.0700000e+02	   2.1100000e+02	   9.0000000e+00	   2.0000000e+00	   4.5250000e+00	   4.0650000e+00	   1.2550000e+00	   1.0000000e+00	   2.0000000e+00	   3.0000000e+00	   2.0000000e+00	   1.9830000e+03	
   1.0900000e+02	   2.0500000e+02	   1.0200000e+02	   1.0000000e+00	   2.0000000e+00	   4.5350000e+00	   4.9900000e+00	   3.2500000e+00	   3.0000000e+00	   2.0000000e+00	   1.0000000e+00	   2.0000000e+00	   1.2520000e+03	
   2.0500000e+02	   2.0900000e+02	   2.0400000e+02	   6.0000000e+00	   1.0000000e+00	   4.9900000e+00	   5.0000000e+00	   3.0100000e+00	   1.0000000e+00	   2.0000000e+00	   3.0000000e+00	   1.0000000e+00	   1.6820000e+03	
   1.0100000e+02	   3.0100000e+02	   1.0800000e+02	   4.0000000e+00	   1.0000000e+00	   5.0000000e+00	   4.7900000e+00	   7.6000000e-01	   3.0000000e+00	   1.0000000e+00	   2.0000000e+00	   3.0000000e+00	   7.9700000e+02	
   1.1100000e+02	   2.1200000e+02	   2.1100000e+02	   9.0000000e+00	   3.0000000e+00	   4.5250000e+00	   5.0000000e+00	   1.2550000e+00	   2.0000000e+00	   1.0000000e+00	   3.0000000e+00	   1.0000000e+00	   1.1630000e+03	
   1.1500000e+02	   3.1200000e+02	   1.0500000e+02	   3.0000000e+00	   5.0000000e+00	   3.4650000e+00	   5.0000000e+00	   1.0700000e+00	   2.0000000e+00	   1.0000000e+00	   3.0000000e+00	   1.0000000e+00	   2.0220000e+03	
   3.0100000e+02	   3.1200000e+02	   2.1400000e+02	   1.0000000e+01	   2.0000000e+00	   4.7900000e+00	   5.0000000e+00	   2.7400000e+00	   1.0000000e+00	   3.0000000e+00	   2.0000000e+00	   3.0000000e+00	   3.2370000e+03	
   1.0900000e+02	   2.1200000e+02	   2.1100000e+02	   9.0000000e+00	   2.0000000e+00	   4.5350000e+00	   5.0000000e+00	   1.2550000e+00	   2.0000000e+00	   3.0000000e+00	   1.0000000e+00	   3.0000000e+00	   1.9330000e+03	
   1.0900000e+02	   2.0500000e+02	   1.0400000e+02	   2.0000000e+00	   2.0000000e+00	   4.5350000e+00	   4.9900000e+00	   2.5500000e+00	   1.0000000e+00	   3.0000000e+00	   2.0000000e+00	   3.0000000e+00	   1.2200000e+03	
   1.1300000e+02	   1.1500000e+02	   3.0400000e+02	   1.2000000e+01	   5.0000000e+00	   5.0000000e+00	   3.4650000e+00	   0.0000000e+00	   2.0000000e+00	   1.0000000e+00	   3.0000000e+00	   2.0000000e+00	   1.3010000e+03	
   1.1500000e+02	   2.0200000e+02	   2.0800000e+02	   8.0000000e+00	   2.0000000e+00	   3.4650000e+00	   3.7550000e+00	   5.6000000e-01	   1.0000000e+00	   2.0000000e+00	   3.0000000e+00	   2.0000000e+00	   1.6900000e+03	
   2.0200000e+02	   3.0100000e+02	   3.1000000e+02	   1.5000000e+01	   4.0000000e+00	   3.7550000e+00	   4.7900000e+00	   2.6000000e-01	   2.0000000e+00	   3.0000000e+00	   1.0000000e+00	   3.0000000e+00	   1.8870000e+03	
   2.0200000e+02	   3.1200000e+02	   3.1000000e+02	   1.5000000e+01	   5.0000000e+00	   3.7550000e+00	   5.0000000e+00	   2.6000000e-01	   1.0000000e+00	   2.0000000e+00	   3.0000000e+00	   2.0000000e+00	   1.5590000e+03	
   1.1300000e+02	   1.1500000e+02	   2.0800000e+02	   8.0000000e+00	   5.0000000e+00	   5.0000000e+00	   3.4650000e+00	   5.6000000e-01	   3.0000000e+00	   1.0000000e+00	   2.0000000e+00	   3.0000000e+00	   1.1420000e+03	
   1.1500000e+02	   3.0700000e+02	   3.0200000e+02	   1.1000000e+01	   3.0000000e+00	   3.4650000e+00	   4.0650000e+00	   5.5000000e-01	   2.0000000e+00	   3.0000000e+00	   1.0000000e+00	   3.0000000e+00	   1.5460000e+03	
   2.1200000e+02	   3.0700000e+02	   1.0800000e+02	   4.0000000e+00	   4.0000000e+00	   5.0000000e+00	   4.0650000e+00	   7.6000000e-01	   2.0000000e+00	   1.0000000e+00	   3.0000000e+00	   2.0000000e+00	   1.0870000e+03	
   2.0900000e+02	   3.0700000e+02	   2.0800000e+02	   8.0000000e+00	   4.0000000e+00	   5.0000000e+00	   4.0650000e+00	   5.6000000e-01	   3.0000000e+00	   2.0000000e+00	   1.0000000e+00	   3.0000000e+00	   1.9030000e+03	
   1.1300000e+02	   3.0100000e+02	   2.1100000e+02	   9.0000000e+00	   1.0000000e+00	   5.0000000e+00	   4.7900000e+00	   1.2550000e+00	   1.0000000e+00	   3.0000000e+00	   2.0000000e+00	   1.0000000e+00	   2.0800000e+03	
   2.0200000e+02	   3.1200000e+02	   3.0600000e+02	   1.3000000e+01	   5.0000000e+00	   3.7550000e+00	   5.0000000e+00	   5.3500000e-01	   3.0000000e+00	   1.0000000e+00	   2.0000000e+00	   1.0000000e+00	   2.3420000e+03	
   1.1100000e+02	   2.0900000e+02	   2.1400000e+02	   1.0000000e+01	   3.0000000e+00	   4.5250000e+00	   5.0000000e+00	   2.7400000e+00	   3.0000000e+00	   2.0000000e+00	   1.0000000e+00	   2.0000000e+00	   1.0230000e+03	
   1.1100000e+02	   3.1200000e+02	   1.1200000e+02	   5.0000000e+00	   3.0000000e+00	   4.5250000e+00	   5.0000000e+00	   2.4950000e+00	   3.0000000e+00	   1.0000000e+00	   2.0000000e+00	   1.0000000e+00	   2.7800000e+03	
   1.0900000e+02	   2.0200000e+02	   1.1200000e+02	   5.0000000e+00	   3.0000000e+00	   4.5350000e+00	   3.7550000e+00	   2.4950000e+00	   2.0000000e+00	   3.0000000e+00	   1.0000000e+00	   3.0000000e+00	   1.7020000e+03	
   1.1500000e+02	   2.0500000e+02	   2.0800000e+02	   8.0000000e+00	   5.0000000e+00	   3.4650000e+00	   4.9900000e+00	   5.6000000e-01	   1.0000000e+00	   3.0000000e+00	   2.0000000e+00	   3.0000000e+00	   9.3700000e+02	
   1.0900000e+02	   1.1000000e+02	   2.0700000e+02	   7.0000000e+00	   2.0000000e+00	   4.5350000e+00	   5.0000000e+00	   4.5500000e-01	   3.0000000e+00	   1.0000000e+00	   2.0000000e+00	   1.0000000e+00	   1.1350000e+03	
   2.0500000e+02	   3.0500000e+02	   1.0800000e+02	   4.0000000e+00	   1.0000000e+00	   4.9900000e+00	   5.0000000e+00	   7.6000000e-01	   3.0000000e+00	   2.0000000e+00	   1.0000000e+00	   2.0000000e+00	   1.8150000e+03	
   1.0900000e+02	   1.1500000e+02	   2.0700000e+02	   7.0000000e+00	   4.0000000e+00	   4.5350000e+00	   3.4650000e+00	   4.5500000e-01	   1.0000000e+00	   3.0000000e+00	   2.0000000e+00	   1.0000000e+00	   3.2530000e+03	
   1.1500000e+02	   2.0500000e+02	   3.0900000e+02	   1.4000000e+01	   5.0000000e+00	   3.4650000e+00	   4.9900000e+00	   1.5800000e+00	   2.0000000e+00	   1.0000000e+00	   3.0000000e+00	   1.0000000e+00	   1.3090000e+03	
   1.0700000e+02	   1.1100000e+02	   3.0600000e+02	   1.3000000e+01	   3.0000000e+00	   5.0000000e+00	   4.5250000e+00	   5.3500000e-01	   2.0000000e+00	   3.0000000e+00	   1.0000000e+00	   2.0000000e+00	   1.6700000e+03	
   2.0200000e+02	   2.0500000e+02	   2.1100000e+02	   9.0000000e+00	   4.0000000e+00	   3.7550000e+00	   4.9900000e+00	   1.2550000e+00	   2.0000000e+00	   1.0000000e+00	   3.0000000e+00	   1.0000000e+00	   1.7360000e+03	
   1.1300000e+02	   3.0100000e+02	   3.0200000e+02	   1.1000000e+01	   1.0000000e+00	   5.0000000e+00	   4.7900000e+00	   5.5000000e-01	   2.0000000e+00	   3.0000000e+00	   1.0000000e+00	   2.0000000e+00	   1.1400000e+03	
   1.0900000e+02	   1.1000000e+02	   1.0400000e+02	   2.0000000e+00	   2.0000000e+00	   4.5350000e+00	   5.0000000e+00	   2.5500000e+00	   3.0000000e+00	   2.0000000e+00	   1.0000000e+00	   2.0000000e+00	   1.9320000e+03	
   1.0100000e+02	   3.0700000e+02	   3.0400000e+02	   1.2000000e+01	   4.0000000e+00	   5.0000000e+00	   4.0650000e+00	   0.0000000e+00	   2.0000000e+00	   1.0000000e+00	   3.0000000e+00	   2.0000000e+00	   9.1300000e+02	
   2.0500000e+02	   3.0500000e+02	   1.0500000e+02	   3.0000000e+00	   1.0000000e+00	   4.9900000e+00	   5.0000000e+00	   1.0700000e+00	   3.0000000e+00	   2.0000000e+00	   1.0000000e+00	   2.0000000e+00	   1.3380000e+03	
   2.0500000e+02	   3.0700000e+02	   2.1100000e+02	   9.0000000e+00	   3.0000000e+00	   4.9900000e+00	   4.0650000e+00	   1.2550000e+00	   2.0000000e+00	   3.0000000e+00	   1.0000000e+00	   2.0000000e+00	   1.0860000e+03	
   3.0100000e+02	   3.1200000e+02	   2.0400000e+02	   6.0000000e+00	   2.0000000e+00	   4.7900000e+00	   5.0000000e+00	   3.0100000e+00	   3.0000000e+00	   2.0000000e+00	   1.0000000e+00	   2.0000000e+00	   2.8160000e+03	
   3.0700000e+02	   3.1200000e+02	   3.1000000e+02	   1.5000000e+01	   4.0000000e+00	   4.0650000e+00	   5.0000000e+00	   2.6000000e-01	   3.0000000e+00	   1.0000000e+00	   2.0000000e+00	   3.0000000e+00	   1.0990000e+03	
   1.0700000e+02	   2.0500000e+02	   3.1000000e+02	   1.5000000e+01	   1.0000000e+00	   5.0000000e+00	   4.9900000e+00	   2.6000000e-01	   2.0000000e+00	   3.0000000e+00	   1.0000000e+00	   3.0000000e+00	   1.4320000e+03	
   1.0900000e+02	   2.1200000e+02	   1.1200000e+02	   5.0000000e+00	   2.0000000e+00	   4.5350000e+00	   5.0000000e+00	   2.4950000e+00	   1.0000000e+00	   3.0000000e+00	   2.0000000e+00	   3.0000000e+00	   1.4110000e+03	
   1.1300000e+02	   2.0200000e+02	   1.0800000e+02	   4.0000000e+00	   5.0000000e+00	   5.0000000e+00	   3.7550000e+00	   7.6000000e-01	   1.0000000e+00	   2.0000000e+00	   3.0000000e+00	   1.0000000e+00	   1.6300000e+03	
   1.1100000e+02	   3.0500000e+02	   1.0400000e+02	   2.0000000e+00	   3.0000000e+00	   4.5250000e+00	   5.0000000e+00	   2.5500000e+00	   2.0000000e+00	   3.0000000e+00	   1.0000000e+00	   3.0000000e+00	   1.2660000e+03	
   1.1100000e+02	   1.1500000e+02	   3.0600000e+02	   1.3000000e+01	   4.0000000e+00	   4.5250000e+00	   3.4650000e+00	   5.3500000e-01	   3.0000000e+00	   1.0000000e+00	   2.0000000e+00	   1.0000000e+00	   3.8010000e+03	
   3.0100000e+02	   3.0500000e+02	   1.0400000e+02	   2.0000000e+00	   2.0000000e+00	   4.7900000e+00	   5.0000000e+00	   2.5500000e+00	   3.0000000e+00	   1.0000000e+00	   2.0000000e+00	   1.0000000e+00	   2.0170000e+03	
   1.1100000e+02	   3.0500000e+02	   1.1200000e+02	   5.0000000e+00	   3.0000000e+00	   4.5250000e+00	   5.0000000e+00	   2.4950000e+00	   2.0000000e+00	   1.0000000e+00	   3.0000000e+00	   1.0000000e+00	   1.4410000e+03	
   3.0100000e+02	   3.1200000e+02	   3.0400000e+02	   1.2000000e+01	   2.0000000e+00	   4.7900000e+00	   5.0000000e+00	   0.0000000e+00	   2.0000000e+00	   3.0000000e+00	   1.0000000e+00	   3.0000000e+00	   2.8160000e+03	
   1.0700000e+02	   1.1500000e+02	   2.1100000e+02	   9.0000000e+00	   5.0000000e+00	   5.0000000e+00	   3.4650000e+00	   1.2550000e+00	   3.0000000e+00	   1.0000000e+00	   2.0000000e+00	   3.0000000e+00	   1.6720000e+03	
   1.0700000e+02	   2.0200000e+02	   1.0400000e+02	   2.0000000e+00	   4.0000000e+00	   5.0000000e+00	   3.7550000e+00	   2.5500000e+00	   1.0000000e+00	   3.0000000e+00	   2.0000000e+00	   1.0000000e+00	   1.5850000e+03	
   1.0700000e+02	   2.0200000e+02	   3.1000000e+02	   1.5000000e+01	   4.0000000e+00	   5.0000000e+00	   3.7550000e+00	   2.6000000e-01	   3.0000000e+00	   1.0000000e+00	   2.0000000e+00	   3.0000000e+00	   2.0410000e+03	
   1.1000000e+02	   2.0500000e+02	   3.0600000e+02	   1.3000000e+01	   1.0000000e+00	   5.0000000e+00	   4.9900000e+00	   5.3500000e-01	   2.0000000e+00	   1.0000000e+00	   3.0000000e+00	   2.0000000e+00	   1.3880000e+03	
   2.0500000e+02	   3.0700000e+02	   1.0200000e+02	   1.0000000e+00	   3.0000000e+00	   4.9900000e+00	   4.0650000e+00	   3.2500000e+00	   2.0000000e+00	   1.0000000e+00	   3.0000000e+00	   2.0000000e+00	   1.4120000e+03	
   1.1000000e+02	   3.0700000e+02	   3.0600000e+02	   1.3000000e+01	   4.0000000e+00	   5.0000000e+00	   4.0650000e+00	   5.3500000e-01	   3.0000000e+00	   2.0000000e+00	   1.0000000e+00	   2.0000000e+00	   2.8460000e+03	
   1.1500000e+02	   2.0200000e+02	   2.1100000e+02	   9.0000000e+00	   2.0000000e+00	   3.4650000e+00	   3.7550000e+00	   1.2550000e+00	   1.0000000e+00	   3.0000000e+00	   2.0000000e+00	   3.0000000e+00	   1.8370000e+03	
   3.0100000e+02	   3.0700000e+02	   3.0900000e+02	   1.4000000e+01	   3.0000000e+00	   4.7900000e+00	   4.0650000e+00	   1.5800000e+00	   1.0000000e+00	   3.0000000e+00	   2.0000000e+00	   3.0000000e+00	   2.3620000e+03	
   1.0700000e+02	   1.0900000e+02	   2.0800000e+02	   8.0000000e+00	   2.0000000e+00	   5.0000000e+00	   4.5350000e+00	   5.6000000e-01	   1.0000000e+00	   2.0000000e+00	   3.0000000e+00	   1.0000000e+00	   2.2680000e+03	
   1.1000000e+02	   1.1500000e+02	   3.1000000e+02	   1.5000000e+01	   5.0000000e+00	   5.0000000e+00	   3.4650000e+00	   2.6000000e-01	   3.0000000e+00	   2.0000000e+00	   1.0000000e+00	   3.0000000e+00	   1.5650000e+03	
   1.1500000e+02	   2.0500000e+02	   1.0200000e+02	   1.0000000e+00	   5.0000000e+00	   3.4650000e+00	   4.9900000e+00	   3.2500000e+00	   1.0000000e+00	   2.0000000e+00	   3.0000000e+00	   2.0000000e+00	   1.5020000e+03	
   1.1100000e+02	   3.0700000e+02	   3.0600000e+02	   1.3000000e+01	   2.0000000e+00	   4.5250000e+00	   4.0650000e+00	   5.3500000e-01	   3.0000000e+00	   2.0000000e+00	   1.0000000e+00	   2.0000000e+00	   2.2780000e+03	
   1.1500000e+02	   3.1200000e+02	   3.0900000e+02	   1.4000000e+01	   5.0000000e+00	   3.4650000e+00	   5.0000000e+00	   1.5800000e+00	   2.0000000e+00	   3.0000000e+00	   1.0000000e+00	   3.0000000e+00	   1.4220000e+03	
   1.1100000e+02	   3.1200000e+02	   2.0700000e+02	   7.0000000e+00	   3.0000000e+00	   4.5250000e+00	   5.0000000e+00	   4.5500000e-01	   1.0000000e+00	   2.0000000e+00	   3.0000000e+00	   2.0000000e+00	   2.7300000e+03	
   1.0900000e+02	   1.1500000e+02	   3.0200000e+02	   1.1000000e+01	   4.0000000e+00	   4.5350000e+00	   3.4650000e+00	   5.5000000e-01	   3.0000000e+00	   1.0000000e+00	   2.0000000e+00	   3.0000000e+00	   1.5830000e+03	
   1.1100000e+02	   3.0500000e+02	   1.0500000e+02	   3.0000000e+00	   3.0000000e+00	   4.5250000e+00	   5.0000000e+00	   1.0700000e+00	   3.0000000e+00	   2.0000000e+00	   1.0000000e+00	   2.0000000e+00	   1.0400000e+03	
   1.0900000e+02	   3.1200000e+02	   3.1000000e+02	   1.5000000e+01	   2.0000000e+00	   4.5350000e+00	   5.0000000e+00	   2.6000000e-01	   1.0000000e+00	   3.0000000e+00	   2.0000000e+00	   3.0000000e+00	   1.6950000e+03	
   1.0100000e+02	   1.1500000e+02	   2.0400000e+02	   6.0000000e+00	   5.0000000e+00	   5.0000000e+00	   3.4650000e+00	   3.0100000e+00	   1.0000000e+00	   2.0000000e+00	   3.0000000e+00	   1.0000000e+00	   1.4780000e+03	
   2.0500000e+02	   3.0700000e+02	   2.0400000e+02	   6.0000000e+00	   3.0000000e+00	   4.9900000e+00	   4.0650000e+00	   3.0100000e+00	   2.0000000e+00	   1.0000000e+00	   3.0000000e+00	   2.0000000e+00	   8.1700000e+02	
   1.1500000e+02	   3.1200000e+02	   1.0400000e+02	   2.0000000e+00	   5.0000000e+00	   3.4650000e+00	   5.0000000e+00	   2.5500000e+00	   1.0000000e+00	   2.0000000e+00	   3.0000000e+00	   2.0000000e+00	   1.6400000e+03	
   3.0100000e+02	   3.0500000e+02	   3.0200000e+02	   1.1000000e+01	   2.0000000e+00	   4.7900000e+00	   5.0000000e+00	   5.5000000e-01	   3.0000000e+00	   2.0000000e+00	   1.0000000e+00	   2.0000000e+00	   8.4900000e+02	
   1.1100000e+02	   2.1200000e+02	   3.1000000e+02	   1.5000000e+01	   3.0000000e+00	   4.5250000e+00	   5.0000000e+00	   2.6000000e-01	   3.0000000e+00	   2.0000000e+00	   1.0000000e+00	   2.0000000e+00	   1.0700000e+03	
   2.0200000e+02	   2.0900000e+02	   1.0500000e+02	   3.0000000e+00	   5.0000000e+00	   3.7550000e+00	   5.0000000e+00	   1.0700000e+00	   1.0000000e+00	   2.0000000e+00	   3.0000000e+00	   2.0000000e+00	   1.0410000e+03	
   1.1000000e+02	   3.0700000e+02	   2.0400000e+02	   6.0000000e+00	   4.0000000e+00	   5.0000000e+00	   4.0650000e+00	   3.0100000e+00	   2.0000000e+00	   3.0000000e+00	   1.0000000e+00	   2.0000000e+00	   9.0200000e+02	
   1.1500000e+02	   3.0500000e+02	   1.0200000e+02	   1.0000000e+00	   5.0000000e+00	   3.4650000e+00	   5.0000000e+00	   3.2500000e+00	   1.0000000e+00	   3.0000000e+00	   2.0000000e+00	   3.0000000e+00	   9.9900000e+02	
   1.0900000e+02	   1.1100000e+02	   3.0600000e+02	   1.3000000e+01	   1.0000000e+00	   4.5350000e+00	   4.5250000e+00	   5.3500000e-01	   3.0000000e+00	   1.0000000e+00	   2.0000000e+00	   3.0000000e+00	   2.7030000e+03	
   2.0200000e+02	   2.0900000e+02	   3.0600000e+02	   1.3000000e+01	   5.0000000e+00	   3.7550000e+00	   5.0000000e+00	   5.3500000e-01	   1.0000000e+00	   3.0000000e+00	   2.0000000e+00	   3.0000000e+00	   1.2720000e+03	
   1.0900000e+02	   2.0500000e+02	   1.0800000e+02	   4.0000000e+00	   2.0000000e+00	   4.5350000e+00	   4.9900000e+00	   7.6000000e-01	   1.0000000e+00	   2.0000000e+00	   3.0000000e+00	   2.0000000e+00	   8.9900000e+02	
   1.1500000e+02	   3.0500000e+02	   1.0800000e+02	   4.0000000e+00	   5.0000000e+00	   3.4650000e+00	   5.0000000e+00	   7.6000000e-01	   2.0000000e+00	   3.0000000e+00	   1.0000000e+00	   3.0000000e+00	   1.4640000e+03	
   1.1100000e+02	   3.0700000e+02	   3.1000000e+02	   1.5000000e+01	   2.0000000e+00	   4.5250000e+00	   4.0650000e+00	   2.6000000e-01	   2.0000000e+00	   3.0000000e+00	   1.0000000e+00	   3.0000000e+00	   1.1320000e+03	
   1.1000000e+02	   3.0700000e+02	   1.0400000e+02	   2.0000000e+00	   4.0000000e+00	   5.0000000e+00	   4.0650000e+00	   2.5500000e+00	   2.0000000e+00	   1.0000000e+00	   3.0000000e+00	   2.0000000e+00	   2.4610000e+03	
   1.1000000e+02	   2.0500000e+02	   1.1200000e+02	   5.0000000e+00	   1.0000000e+00	   5.0000000e+00	   4.9900000e+00	   2.4950000e+00	   2.0000000e+00	   3.0000000e+00	   1.0000000e+00	   3.0000000e+00	   1.3060000e+03	
   2.0200000e+02	   2.0500000e+02	   2.0800000e+02	   8.0000000e+00	   4.0000000e+00	   3.7550000e+00	   4.9900000e+00	   5.6000000e-01	   1.0000000e+00	   3.0000000e+00	   2.0000000e+00	   3.0000000e+00	   1.2880000e+03	
   1.0100000e+02	   3.0100000e+02	   1.0400000e+02	   2.0000000e+00	   1.0000000e+00	   5.0000000e+00	   4.7900000e+00	   2.5500000e+00	   2.0000000e+00	   1.0000000e+00	   3.0000000e+00	   2.0000000e+00	   7.8900000e+02	
   2.1200000e+02	   3.0700000e+02	   1.0200000e+02	   1.0000000e+00	   4.0000000e+00	   5.0000000e+00	   4.0650000e+00	   3.2500000e+00	   1.0000000e+00	   2.0000000e+00	   3.0000000e+00	   1.0000000e+00	   1.4530000e+03	
   2.0200000e+02	   3.1200000e+02	   1.1200000e+02	   5.0000000e+00	   5.0000000e+00	   3.7550000e+00	   5.0000000e+00	   2.4950000e+00	   3.0000000e+00	   2.0000000e+00	   1.0000000e+00	   2.0000000e+00	   2.4790000e+03	
   1.0900000e+02	   2.0200000e+02	   3.1000000e+02	   1.5000000e+01	   3.0000000e+00	   4.5350000e+00	   3.7550000e+00	   2.6000000e-01	   3.0000000e+00	   1.0000000e+00	   2.0000000e+00	   1.0000000e+00	   1.9610000e+03	
   1.0700000e+02	   1.1100000e+02	   1.0500000e+02	   3.0000000e+00	   3.0000000e+00	   5.0000000e+00	   4.5250000e+00	   1.0700000e+00	   2.0000000e+00	   1.0000000e+00	   3.0000000e+00	   2.0000000e+00	   1.4440000e+03	
   3.0100000e+02	   3.0500000e+02	   3.1000000e+02	   1.5000000e+01	   2.0000000e+00	   4.7900000e+00	   5.0000000e+00	   2.6000000e-01	   3.0000000e+00	   1.0000000e+00	   2.0000000e+00	   1.0000000e+00	   1.2350000e+03	
   1.0900000e+02	   1.1500000e+02	   3.0900000e+02	   1.4000000e+01	   4.0000000e+00	   4.5350000e+00	   3.4650000e+00	   1.5800000e+00	   2.0000000e+00	   3.0000000e+00	   1.0000000e+00	   2.0000000e+00	   2.3090000e+03	
   1.1000000e+02	   3.0700000e+02	   1.0800000e+02	   4.0000000e+00	   4.0000000e+00	   5.0000000e+00	   4.0650000e+00	   7.6000000e-01	   2.0000000e+00	   3.0000000e+00	   1.0000000e+00	   3.0000000e+00	   6.6070000e+03	
   2.0200000e+02	   2.1200000e+02	   3.0600000e+02	   1.3000000e+01	   5.0000000e+00	   3.7550000e+00	   5.0000000e+00	   5.3500000e-01	   3.0000000e+00	   1.0000000e+00	   2.0000000e+00	   1.0000000e+00	   1.0180000e+03	
   1.1300000e+02	   3.0100000e+02	   1.0200000e+02	   1.0000000e+00	   1.0000000e+00	   5.0000000e+00	   4.7900000e+00	   3.2500000e+00	   1.0000000e+00	   3.0000000e+00	   2.0000000e+00	   1.0000000e+00	   1.4010000e+03	
   1.0100000e+02	   1.1500000e+02	   3.0400000e+02	   1.2000000e+01	   5.0000000e+00	   5.0000000e+00	   3.4650000e+00	   0.0000000e+00	   2.0000000e+00	   3.0000000e+00	   1.0000000e+00	   2.0000000e+00	   1.7770000e+03	
   3.0100000e+02	   3.0700000e+02	   1.0500000e+02	   3.0000000e+00	   3.0000000e+00	   4.7900000e+00	   4.0650000e+00	   1.0700000e+00	   3.0000000e+00	   1.0000000e+00	   2.0000000e+00	   1.0000000e+00	   1.5340000e+03	
   2.0200000e+02	   2.0500000e+02	   1.0500000e+02	   3.0000000e+00	   4.0000000e+00	   3.7550000e+00	   4.9900000e+00	   1.0700000e+00	   2.0000000e+00	   1.0000000e+00	   3.0000000e+00	   1.0000000e+00	   1.1110000e+03	
   1.0700000e+02	   1.1500000e+02	   3.1000000e+02	   1.5000000e+01	   5.0000000e+00	   5.0000000e+00	   3.4650000e+00	   2.6000000e-01	   2.0000000e+00	   1.0000000e+00	   3.0000000e+00	   2.0000000e+00	   1.6080000e+03	
   1.0900000e+02	   3.0500000e+02	   3.0200000e+02	   1.1000000e+01	   2.0000000e+00	   4.5350000e+00	   5.0000000e+00	   5.5000000e-01	   3.0000000e+00	   2.0000000e+00	   1.0000000e+00	   2.0000000e+00	   8.8600000e+02	
   2.0500000e+02	   3.0700000e+02	   3.0900000e+02	   1.4000000e+01	   3.0000000e+00	   4.9900000e+00	   4.0650000e+00	   1.5800000e+00	   3.0000000e+00	   1.0000000e+00	   2.0000000e+00	   3.0000000e+00	   8.3900000e+02	
   2.0200000e+02	   3.0100000e+02	   1.1200000e+02	   5.0000000e+00	   4.0000000e+00	   3.7550000e+00	   4.7900000e+00	   2.4950000e+00	   3.0000000e+00	   1.0000000e+00	   2.0000000e+00	   3.0000000e+00	   3.2310000e+03	
   3.0100000e+02	   3.0700000e+02	   3.0600000e+02	   1.3000000e+01	   3.0000000e+00	   4.7900000e+00	   4.0650000e+00	   5.3500000e-01	   1.0000000e+00	   2.0000000e+00	   3.0000000e+00	   2.0000000e+00	   1.1540000e+03	
   2.0200000e+02	   2.1200000e+02	   3.1000000e+02	   1.5000000e+01	   5.0000000e+00	   3.7550000e+00	   5.0000000e+00	   2.6000000e-01	   2.0000000e+00	   1.0000000e+00	   3.0000000e+00	   1.0000000e+00	   1.2760000e+03	
   1.1000000e+02	   1.1100000e+02	   2.1400000e+02	   1.0000000e+01	   3.0000000e+00	   5.0000000e+00	   4.5250000e+00	   2.7400000e+00	   2.0000000e+00	   3.0000000e+00	   1.0000000e+00	   2.0000000e+00	   2.1430000e+03	
   1.1100000e+02	   2.0900000e+02	   2.0700000e+02	   7.0000000e+00	   3.0000000e+00	   4.5250000e+00	   5.0000000e+00	   4.5500000e-01	   3.0000000e+00	   2.0000000e+00	   1.0000000e+00	   2.0000000e+00	   8.0600000e+02	
   2.0500000e+02	   3.0500000e+02	   3.0900000e+02	   1.4000000e+01	   1.0000000e+00	   4.9900000e+00	   5.0000000e+00	   1.5800000e+00	   3.0000000e+00	   1.0000000e+00	   2.0000000e+00	   1.0000000e+00	   8.1200000e+02	
   1.1000000e+02	   3.0100000e+02	   1.0500000e+02	   3.0000000e+00	   1.0000000e+00	   5.0000000e+00	   4.7900000e+00	   1.0700000e+00	   2.0000000e+00	   1.0000000e+00	   3.0000000e+00	   2.0000000e+00	   1.0120000e+03	
   1.1500000e+02	   2.0500000e+02	   1.0400000e+02	   2.0000000e+00	   5.0000000e+00	   3.4650000e+00	   4.9900000e+00	   2.5500000e+00	   2.0000000e+00	   1.0000000e+00	   3.0000000e+00	   1.0000000e+00	   1.1160000e+03	
   2.0200000e+02	   2.0500000e+02	   2.0400000e+02	   6.0000000e+00	   4.0000000e+00	   3.7550000e+00	   4.9900000e+00	   3.0100000e+00	   3.0000000e+00	   2.0000000e+00	   1.0000000e+00	   1.0000000e+00	   1.8840000e+03	
   3.0100000e+02	   3.0700000e+02	   2.0800000e+02	   8.0000000e+00	   3.0000000e+00	   4.7900000e+00	   4.0650000e+00	   5.6000000e-01	   3.0000000e+00	   2.0000000e+00	   1.0000000e+00	   2.0000000e+00	   2.4650000e+03	
   1.1100000e+02	   1.1500000e+02	   3.0900000e+02	   1.4000000e+01	   4.0000000e+00	   4.5250000e+00	   3.4650000e+00	   1.5800000e+00	   2.0000000e+00	   3.0000000e+00	   1.0000000e+00	   3.0000000e+00	   1.9940000e+03	
   1.0100000e+02	   2.0200000e+02	   2.1400000e+02	   1.0000000e+01	   4.0000000e+00	   5.0000000e+00	   3.7550000e+00	   2.7400000e+00	   3.0000000e+00	   2.0000000e+00	   1.0000000e+00	   3.0000000e+00	   9.0600000e+02	
   1.1300000e+02	   3.0100000e+02	   2.0700000e+02	   7.0000000e+00	   1.0000000e+00	   5.0000000e+00	   4.7900000e+00	   4.5500000e-01	   3.0000000e+00	   2.0000000e+00	   1.0000000e+00	   3.0000000e+00	   1.0610000e+03	
   1.0900000e+02	   3.0700000e+02	   1.0500000e+02	   3.0000000e+00	   3.0000000e+00	   4.5350000e+00	   4.0650000e+00	   1.0700000e+00	   2.0000000e+00	   1.0000000e+00	   3.0000000e+00	   1.0000000e+00	   1.1760000e+03	
   2.0200000e+02	   3.0100000e+02	   2.0700000e+02	   7.0000000e+00	   4.0000000e+00	   3.7550000e+00	   4.7900000e+00	   4.5500000e-01	   3.0000000e+00	   2.0000000e+00	   1.0000000e+00	   3.0000000e+00	   2.5480000e+03	
   1.0900000e+02	   2.0500000e+02	   3.1000000e+02	   1.5000000e+01	   2.0000000e+00	   4.5350000e+00	   4.9900000e+00	   2.6000000e-01	   1.0000000e+00	   3.0000000e+00	   2.0000000e+00	   3.0000000e+00	   9.4800000e+02	
   2.1200000e+02	   3.0700000e+02	   1.1200000e+02	   5.0000000e+00	   4.0000000e+00	   5.0000000e+00	   4.0650000e+00	   2.4950000e+00	   3.0000000e+00	   2.0000000e+00	   1.0000000e+00	   3.0000000e+00	   7.9300000e+02	
   1.1100000e+02	   3.1200000e+02	   2.0800000e+02	   8.0000000e+00	   3.0000000e+00	   4.5250000e+00	   5.0000000e+00	   5.6000000e-01	   2.0000000e+00	   3.0000000e+00	   1.0000000e+00	   3.0000000e+00	   1.4010000e+03	
   2.0200000e+02	   2.0500000e+02	   3.0900000e+02	   1.4000000e+01	   4.0000000e+00	   3.7550000e+00	   4.9900000e+00	   1.5800000e+00	   3.0000000e+00	   2.0000000e+00	   1.0000000e+00	   2.0000000e+00	   7.0600000e+02	
   3.0500000e+02	   3.0700000e+02	   1.0500000e+02	   3.0000000e+00	   4.0000000e+00	   5.0000000e+00	   4.0650000e+00	   1.0700000e+00	   2.0000000e+00	   1.0000000e+00	   3.0000000e+00	   2.0000000e+00	   7.7100000e+02	
   1.1500000e+02	   2.0900000e+02	   1.0400000e+02	   2.0000000e+00	   5.0000000e+00	   3.4650000e+00	   5.0000000e+00	   2.5500000e+00	   3.0000000e+00	   1.0000000e+00	   2.0000000e+00	   1.0000000e+00	   1.0410000e+03	
   1.1100000e+02	   3.0500000e+02	   1.0200000e+02	   1.0000000e+00	   3.0000000e+00	   4.5250000e+00	   5.0000000e+00	   3.2500000e+00	   1.0000000e+00	   2.0000000e+00	   3.0000000e+00	   2.0000000e+00	   9.8400000e+02	
   2.0500000e+02	   2.0900000e+02	   1.0200000e+02	   1.0000000e+00	   1.0000000e+00	   4.9900000e+00	   5.0000000e+00	   3.2500000e+00	   2.0000000e+00	   3.0000000e+00	   1.0000000e+00	   2.0000000e+00	   8.0100000e+02	
   3.0700000e+02	   3.1200000e+02	   2.1100000e+02	   9.0000000e+00	   4.0000000e+00	   4.0650000e+00	   5.0000000e+00	   1.2550000e+00	   1.0000000e+00	   3.0000000e+00	   2.0000000e+00	   1.0000000e+00	   2.0100000e+03	
   1.1100000e+02	   1.1500000e+02	   3.1000000e+02	   1.5000000e+01	   4.0000000e+00	   4.5250000e+00	   3.4650000e+00	   2.6000000e-01	   1.0000000e+00	   3.0000000e+00	   2.0000000e+00	   3.0000000e+00	   1.9790000e+03	
   2.0500000e+02	   3.0500000e+02	   3.0600000e+02	   1.3000000e+01	   1.0000000e+00	   4.9900000e+00	   5.0000000e+00	   5.3500000e-01	   1.0000000e+00	   3.0000000e+00	   2.0000000e+00	   3.0000000e+00	   9.1900000e+02	
   1.1500000e+02	   2.0200000e+02	   1.0400000e+02	   2.0000000e+00	   2.0000000e+00	   3.4650000e+00	   3.7550000e+00	   2.5500000e+00	   3.0000000e+00	   2.0000000e+00	   1.0000000e+00	   2.0000000e+00	   1.8280000e+03	
   2.0200000e+02	   3.0100000e+02	   3.0900000e+02	   1.4000000e+01	   4.0000000e+00	   3.7550000e+00	   4.7900000e+00	   1.5800000e+00	   2.0000000e+00	   3.0000000e+00	   1.0000000e+00	   2.0000000e+00	   1.7580000e+03	
   1.1100000e+02	   2.1200000e+02	   2.0700000e+02	   7.0000000e+00	   3.0000000e+00	   4.5250000e+00	   5.0000000e+00	   4.5500000e-01	   2.0000000e+00	   1.0000000e+00	   3.0000000e+00	   1.0000000e+00	   1.5170000e+03	
