   1.0000000e+00	   2.0300000e+02	   2.0000000e+00	   2.4900000e+00	   3.5350000e+03	   1.4800000e+00	   5.4650000e+03	
   2.0000000e+00	   1.0400000e+02	   1.0000000e+00	   1.9900000e+00	   5.5350000e+03	   1.4900000e+00	   3.0650000e+03	
   3.0000000e+00	   1.1400000e+02	   1.0000000e+00	   4.6900000e+00	   9.3670000e+03	   4.5000000e+00	   3.5310000e+03	
   4.0000000e+00	   2.1300000e+02	   2.0000000e+00	   2.9800000e+00	   3.4380000e+03	   3.4700000e+00	   3.6330000e+03	
   5.0000000e+00	   3.0400000e+02	   3.0000000e+00	   5.0000000e+00	   2.9690000e+03	   5.0000000e+00	   2.4990000e+03	
   6.0000000e+00	   2.1200000e+02	   2.0000000e+00	   5.0000000e+00	   1.8700000e+03	   1.9700000e+00	   3.5000000e+03	
   7.0000000e+00	   2.0100000e+02	   2.0000000e+00	   5.0000000e+00	   1.7560000e+03	   4.5000000e+00	   2.3660000e+03	
   8.0000000e+00	   2.0500000e+02	   2.0000000e+00	   5.0000000e+00	   1.7060000e+03	   5.0000000e+00	   2.8990000e+03	
   9.0000000e+00	   3.1200000e+02	   3.0000000e+00	   5.0000000e+00	   2.0560000e+03	   5.0000000e+00	   2.0000000e+03	
   1.0000000e+01	   2.1400000e+02	   2.0000000e+00	   1.5300000e+00	   3.9560000e+03	   2.0100000e+00	   2.7660000e+03	
   1.1000000e+01	   2.0200000e+02	   2.0000000e+00	   5.0000000e+00	   1.7560000e+03	   5.0000000e+00	   1.7340000e+03	
   1.2000000e+01	   1.0600000e+02	   1.0000000e+00	   2.0400000e+00	   4.5720000e+03	   3.5900000e+00	   2.5980000e+03	
   1.3000000e+01	   2.0700000e+02	   2.0000000e+00	   2.0200000e+00	   2.9890000e+03	   2.5900000e+00	   3.6980000e+03	
   1.4000000e+01	   2.1500000e+02	   2.0000000e+00	   1.0200000e+00	   4.6550000e+03	   3.5000000e+00	   1.2660000e+03	
   1.5000000e+01	   2.0900000e+02	   2.0000000e+00	   5.0000000e+00	   1.8050000e+03	   3.0300000e+00	   2.7990000e+03	
   1.6000000e+01	   1.0700000e+02	   1.0000000e+00	   5.0000000e+00	   1.5550000e+03	   5.0000000e+00	   1.2000000e+03	
   1.7000000e+01	   3.0500000e+02	   3.0000000e+00	   5.0000000e+00	   1.9220000e+03	   5.0000000e+00	   1.2000000e+03	
   1.8000000e+01	   1.1600000e+02	   1.0000000e+00	   5.0000000e+00	   1.5560000e+03	   5.0000000e+00	   1.5660000e+03	
   1.9000000e+01	   1.1300000e+02	   1.0000000e+00	   5.0000000e+00	   1.3890000e+03	   3.5100000e+00	   1.4990000e+03	
   2.0000000e+01	   2.0800000e+02	   2.0000000e+00	   5.0000000e+00	   2.1230000e+03	   5.0000000e+00	   1.1000000e+03	
   2.1000000e+01	   2.1000000e+02	   2.0000000e+00	   5.0000000e+00	   1.6240000e+03	   5.0000000e+00	   1.4000000e+03	
   2.2000000e+01	   1.1200000e+02	   1.0000000e+00	   5.0000000e+00	   2.3380000e+03	   2.4600000e+00	   3.5990000e+03	
   2.3000000e+01	   3.1100000e+02	   3.0000000e+00	   5.0000000e+00	   2.6040000e+03	   5.0000000e+00	   2.0650000e+03	
   2.4000000e+01	   3.0600000e+02	   3.0000000e+00	   4.0200000e+00	   3.4230000e+03	   1.6200000e+00	   2.7320000e+03	
   2.5000000e+01	   1.0200000e+02	   1.0000000e+00	   5.0000000e+00	   1.4880000e+03	   2.5700000e+00	   2.5990000e+03	
   2.6000000e+01	   3.0300000e+02	   3.0000000e+00	   4.6900000e+00	   1.7550000e+03	   5.0000000e+00	   1.7990000e+03	
   2.7000000e+01	   3.0900000e+02	   3.0000000e+00	   5.0000000e+00	   2.3890000e+03	   2.5000000e+00	   1.6990000e+03	
   2.8000000e+01	   3.0800000e+02	   3.0000000e+00	   6.5000000e-01	   3.9710000e+03	   0.0000000e+00	   1.3660000e+03	
   2.9000000e+01	   1.0800000e+02	   1.0000000e+00	   5.0000000e+00	   2.0550000e+03	   2.5900000e+00	   1.5330000e+03	
   3.0000000e+01	   1.0500000e+02	   1.0000000e+00	   1.6600000e+00	   3.1220000e+03	   1.0800000e+00	   2.0660000e+03	
   3.1000000e+01	   1.0300000e+02	   1.0000000e+00	   2.0100000e+00	   2.9890000e+03	   1.5400000e+00	   2.0320000e+03	
   3.2000000e+01	   3.0700000e+02	   3.0000000e+00	   5.0000000e+00	   1.4560000e+03	   5.0000000e+00	   1.1990000e+03	
   3.3000000e+01	   3.1000000e+02	   3.0000000e+00	   9.8000000e-01	   4.2220000e+03	   1.4500000e+00	   2.5320000e+03	
   3.4000000e+01	   3.0200000e+02	   3.0000000e+00	   2.4200000e+00	   5.6540000e+03	   1.0500000e+00	   1.7320000e+03	
   3.5000000e+01	   2.1100000e+02	   2.0000000e+00	   5.0000000e+00	   1.7560000e+03	   2.6100000e+00	   2.2650000e+03	
   3.6000000e+01	   3.1400000e+02	   3.0000000e+00	   3.0600000e+00	   2.6220000e+03	   5.0000000e+00	   1.6330000e+03	
   3.7000000e+01	   1.1100000e+02	   1.0000000e+00	   5.0000000e+00	   1.7220000e+03	   3.5400000e+00	   1.7330000e+03	
   3.8000000e+01	   3.1300000e+02	   3.0000000e+00	   5.0000000e+00	   1.7390000e+03	   1.0800000e+00	   1.0660000e+03	
   3.9000000e+01	   2.0400000e+02	   2.0000000e+00	   2.0900000e+00	   2.5370000e+03	   1.9900000e+00	   2.4000000e+03	
   4.0000000e+01	   3.0100000e+02	   3.0000000e+00	   5.0000000e+00	   1.7710000e+03	   5.0000000e+00	   1.0660000e+03	
   4.1000000e+01	   1.0900000e+02	   1.0000000e+00	   5.0000000e+00	   1.4220000e+03	   5.0000000e+00	   1.1680000e+03	
   4.2000000e+01	   1.1500000e+02	   1.0000000e+00	   3.0400000e+00	   2.7380000e+03	   2.4500000e+00	   1.8660000e+03	
   4.3000000e+01	   2.0600000e+02	   2.0000000e+00	   5.0000000e+00	   1.9220000e+03	   5.0000000e+00	   1.5330000e+03	
   4.4000000e+01	   1.0100000e+02	   1.0000000e+00	   5.0000000e+00	   1.8230000e+03	   5.0000000e+00	   1.2000000e+03	
   4.5000000e+01	   1.1000000e+02	   1.0000000e+00	   2.7900000e+00	   3.5040000e+03	   9.0000000e-01	   2.5650000e+03	
