   1.0000000e+00	   1.0000000e+00	   2.0700000e+02	   4.7200000e+00	   3.3240000e+03	
   1.0000000e+00	   2.0000000e+00	   2.0300000e+02	   3.4600000e+00	   2.1250000e+03	
   1.0000000e+00	   3.0000000e+00	   1.0700000e+02	   3.9800000e+00	   2.8230000e+03	
   1.0000000e+00	   4.0000000e+00	   3.1100000e+02	   1.0500000e+00	   3.4580000e+03	
   1.0000000e+00	   5.0000000e+00	   1.0900000e+02	   2.0700000e+00	   2.2930000e+03	
   1.0000000e+00	   6.0000000e+00	   3.0900000e+02	   3.5200000e+00	   2.5940000e+03	
   1.0000000e+00	   7.0000000e+00	   3.0600000e+02	   4.4400000e+00	   2.1610000e+03	
   1.0000000e+00	   8.0000000e+00	   1.1200000e+02	   3.9300000e+00	   3.3590000e+03	
   1.0000000e+00	   9.0000000e+00	   1.0200000e+02	   1.0100000e+00	   2.2940000e+03	
   1.0000000e+00	   1.0000000e+01	   3.1000000e+02	   2.4000000e-01	   2.2280000e+03	
   1.0000000e+00	   1.1000000e+01	   3.0300000e+02	   2.0100000e+00	   2.2930000e+03	
   1.0000000e+00	   1.2000000e+01	   3.1400000e+02	   2.3000000e-01	   2.8270000e+03	
   1.0000000e+00	   1.3000000e+01	   2.1000000e+02	   3.0600000e+00	   3.2280000e+03	
   1.0000000e+00	   1.4000000e+01	   1.1400000e+02	   2.4300000e+00	   5.9920000e+03	
   1.0000000e+00	   1.5000000e+01	   1.1500000e+02	   2.4100000e+00	   4.5930000e+03	
   1.0000000e+00	   1.6000000e+01	   2.0900000e+02	   4.4600000e+00	   2.2600000e+03	
   1.0000000e+00	   1.7000000e+01	   2.0800000e+02	   3.9800000e+00	   1.6620000e+03	
   1.0000000e+00	   1.8000000e+01	   1.0500000e+02	   2.9300000e+00	   5.8420000e+03	
   1.0000000e+00	   1.9000000e+01	   3.0200000e+02	   3.0200000e+00	   2.9250000e+03	
   1.0000000e+00	   2.0000000e+01	   2.0200000e+02	   2.7200000e+00	   2.3610000e+03	
   1.0000000e+00	   2.1000000e+01	   3.1200000e+02	   2.9800000e+00	   6.6270000e+03	
   1.0000000e+00	   2.2000000e+01	   3.0400000e+02	   3.7000000e-01	   1.8930000e+03	
   1.0000000e+00	   2.3000000e+01	   3.0500000e+02	   7.0000000e-01	   3.1250000e+03	
   1.0000000e+00	   2.4000000e+01	   3.0100000e+02	   2.7200000e+00	   5.8260000e+03	
   1.0000000e+00	   2.5000000e+01	   1.0100000e+02	   1.8900000e+00	   4.8920000e+03	
   1.0000000e+00	   2.6000000e+01	   3.0700000e+02	   2.1600000e+00	   2.8920000e+03	
   1.0000000e+00	   2.7000000e+01	   2.1400000e+02	   3.0600000e+00	   6.4580000e+03	
   1.0000000e+00	   2.8000000e+01	   2.1500000e+02	   3.2800000e+00	   4.2260000e+03	
   1.0000000e+00	   2.9000000e+01	   2.0500000e+02	   3.4500000e+00	   1.8920000e+03	
   1.0000000e+00	   3.0000000e+01	   1.0600000e+02	   3.0200000e+00	   3.3600000e+03	
   1.0000000e+00	   3.1000000e+01	   1.0400000e+02	   2.5200000e+00	   4.1250000e+03	
   1.0000000e+00	   3.2000000e+01	   2.1100000e+02	   2.2500000e+00	   2.1250000e+03	
   1.0000000e+00	   3.3000000e+01	   1.0300000e+02	   4.4300000e+00	   4.5600000e+03	
   1.0000000e+00	   3.4000000e+01	   1.1600000e+02	   4.0200000e+00	   2.3250000e+03	
   1.0000000e+00	   3.5000000e+01	   1.1100000e+02	   3.2200000e+00	   2.0950000e+03	
   1.0000000e+00	   3.6000000e+01	   2.1300000e+02	   3.6100000e+00	   2.4250000e+03	
   1.0000000e+00	   3.7000000e+01	   2.0100000e+02	   5.0000000e+00	   1.4930000e+03	
   1.0000000e+00	   3.8000000e+01	   1.1000000e+02	   1.7900000e+00	   3.0600000e+03	
   1.0000000e+00	   3.9000000e+01	   2.0400000e+02	   5.0000000e+00	   1.4590000e+03	
   1.0000000e+00	   4.0000000e+01	   1.1300000e+02	   5.0000000e+00	   1.3280000e+03	
   1.0000000e+00	   4.1000000e+01	   1.0800000e+02	   3.5900000e+00	   2.1610000e+03	
   1.0000000e+00	   4.2000000e+01	   2.0600000e+02	   2.0700000e+00	   3.5260000e+03	
   1.0000000e+00	   4.3000000e+01	   3.0800000e+02	   1.9600000e+00	   3.9260000e+03	
   1.0000000e+00	   4.4000000e+01	   3.1300000e+02	   2.9300000e+00	   2.1260000e+03	
   1.0000000e+00	   4.5000000e+01	   2.1200000e+02	   2.7900000e+00	   2.8930000e+03	
   2.0000000e+00	   1.0000000e+00	   1.0300000e+02	   3.9600000e+00	   4.0940000e+03	
   2.0000000e+00	   2.0000000e+00	   2.1400000e+02	   3.8200000e+00	   1.7950000e+03	
   2.0000000e+00	   3.0000000e+00	   1.0200000e+02	   1.4900000e+00	   2.2620000e+03	
   2.0000000e+00	   4.0000000e+00	   3.1200000e+02	   2.7500000e+00	   3.2920000e+03	
   2.0000000e+00	   5.0000000e+00	   1.1100000e+02	   3.3800000e+00	   3.2950000e+03	
   2.0000000e+00	   6.0000000e+00	   3.0700000e+02	   2.6900000e+00	   5.0920000e+03	
   2.0000000e+00	   7.0000000e+00	   1.0700000e+02	   3.7200000e+00	   1.5300000e+03	
   2.0000000e+00	   8.0000000e+00	   2.0900000e+02	   4.3400000e+00	   1.8610000e+03	
   2.0000000e+00	   9.0000000e+00	   2.0300000e+02	   2.7300000e+00	   2.1280000e+03	
   2.0000000e+00	   1.0000000e+01	   1.0800000e+02	   3.6900000e+00	   1.5940000e+03	
   2.0000000e+00	   1.1000000e+01	   3.0900000e+02	   4.3000000e+00	   4.0280000e+03	
   2.0000000e+00	   1.2000000e+01	   1.0400000e+02	   2.9900000e+00	   4.3270000e+03	
   2.0000000e+00	   1.3000000e+01	   3.0400000e+02	   3.4000000e-01	   2.4280000e+03	
   2.0000000e+00	   1.4000000e+01	   2.0200000e+02	   2.7700000e+00	   1.6280000e+03	
   2.0000000e+00	   1.5000000e+01	   3.0300000e+02	   2.8600000e+00	   4.1610000e+03	
   2.0000000e+00	   1.6000000e+01	   1.1300000e+02	   4.9800000e+00	   1.6280000e+03	
   2.0000000e+00	   1.7000000e+01	   2.0600000e+02	   2.0100000e+00	   2.7940000e+03	
   2.0000000e+00	   1.8000000e+01	   2.1500000e+02	   3.9600000e+00	   3.1940000e+03	
   2.0000000e+00	   1.9000000e+01	   2.1200000e+02	   3.1800000e+00	   2.4620000e+03	
   2.0000000e+00	   2.0000000e+01	   1.0100000e+02	   2.7500000e+00	   3.3610000e+03	
   2.0000000e+00	   2.1000000e+01	   2.1100000e+02	   2.7100000e+00	   3.0270000e+03	
   2.0000000e+00	   2.2000000e+01	   2.0100000e+02	   5.0000000e+00	   2.2270000e+03	
   2.0000000e+00	   2.3000000e+01	   3.1000000e+02	   0.0000000e+00	   2.4290000e+03	
   2.0000000e+00	   2.4000000e+01	   1.0600000e+02	   3.2700000e+00	   2.5610000e+03	
   2.0000000e+00	   2.5000000e+01	   2.0500000e+02	   3.1900000e+00	   2.3940000e+03	
   2.0000000e+00	   2.6000000e+01	   3.0600000e+02	   3.7700000e+00	   1.4950000e+03	
   2.0000000e+00	   2.7000000e+01	   2.1000000e+02	   3.0500000e+00	   2.1280000e+03	
   2.0000000e+00	   2.8000000e+01	   1.1500000e+02	   2.9700000e+00	   2.0280000e+03	
   2.0000000e+00	   2.9000000e+01	   2.0700000e+02	   4.6000000e+00	   1.8600000e+03	
   2.0000000e+00	   3.0000000e+01	   3.0100000e+02	   2.8700000e+00	   2.6950000e+03	
   2.0000000e+00	   3.1000000e+01	   3.1300000e+02	   2.9700000e+00	   2.1280000e+03	
   2.0000000e+00	   3.2000000e+01	   3.1400000e+02	   8.0000000e-02	   2.3280000e+03	
   2.0000000e+00	   3.3000000e+01	   2.1300000e+02	   3.0800000e+00	   2.4290000e+03	
   2.0000000e+00	   3.4000000e+01	   1.0500000e+02	   3.0600000e+00	   2.8610000e+03	
   2.0000000e+00	   3.5000000e+01	   1.1600000e+02	   4.0300000e+00	   5.6940000e+03	
   2.0000000e+00	   3.6000000e+01	   3.0800000e+02	   2.7000000e+00	   7.5930000e+03	
   2.0000000e+00	   3.7000000e+01	   1.1000000e+02	   2.1200000e+00	   2.2610000e+03	
   2.0000000e+00	   3.8000000e+01	   2.0400000e+02	   4.9800000e+00	   2.3940000e+03	
   2.0000000e+00	   3.9000000e+01	   3.0200000e+02	   2.3300000e+00	   3.4270000e+03	
   2.0000000e+00	   4.0000000e+01	   1.0900000e+02	   2.0400000e+00	   2.7950000e+03	
   2.0000000e+00	   4.1000000e+01	   1.1200000e+02	   3.9400000e+00	   2.1940000e+03	
   2.0000000e+00	   4.2000000e+01	   3.0500000e+02	   6.0000000e-02	   2.0290000e+03	
   2.0000000e+00	   4.3000000e+01	   2.0800000e+02	   3.2600000e+00	   3.2930000e+03	
   2.0000000e+00	   4.4000000e+01	   1.1400000e+02	   2.3300000e+00	   2.8620000e+03	
   2.0000000e+00	   4.5000000e+01	   3.1100000e+02	   3.1000000e-01	   1.7610000e+03	
