   1.0800000e+02	   1.1600000e+02	   1.1000000e+02	   4.0000000e+00	   2.0000000e+00	   3.6400000e+00	   4.0250000e+00	   1.9550000e+00	   2.0000000e+00	   3.0000000e+00	   1.0000000e+00	   3.0000000e+00	   4.0970000e+03	
   1.1600000e+02	   2.0900000e+02	   3.1100000e+02	   1.4000000e+01	   2.0000000e+00	   4.0250000e+00	   4.4000000e+00	   6.8000000e-01	   1.0000000e+00	   2.0000000e+00	   3.0000000e+00	   2.0000000e+00	   3.1710000e+03	
   2.0400000e+02	   2.0700000e+02	   2.1100000e+02	   8.0000000e+00	   2.0000000e+00	   4.9900000e+00	   4.6600000e+00	   2.4800000e+00	   1.0000000e+00	   2.0000000e+00	   3.0000000e+00	   2.0000000e+00	   3.9140000e+03	
   1.1300000e+02	   2.0900000e+02	   3.1000000e+02	   1.3000000e+01	   3.0000000e+00	   4.9900000e+00	   4.4000000e+00	   1.2000000e-01	   2.0000000e+00	   1.0000000e+00	   3.0000000e+00	   2.0000000e+00	   1.0070000e+03	
   1.1300000e+02	   2.0100000e+02	   3.1200000e+02	   1.5000000e+01	   1.0000000e+00	   4.9900000e+00	   5.0000000e+00	   2.8650000e+00	   1.0000000e+00	   2.0000000e+00	   3.0000000e+00	   2.0000000e+00	   2.4200000e+03	
   2.0800000e+02	   3.0600000e+02	   2.1000000e+02	   7.0000000e+00	   3.0000000e+00	   3.6200000e+00	   4.1050000e+00	   3.0550000e+00	   2.0000000e+00	   1.0000000e+00	   3.0000000e+00	   1.0000000e+00	   3.9080000e+03	
   1.1200000e+02	   2.0800000e+02	   3.0400000e+02	   1.0000000e+01	   2.0000000e+00	   3.9350000e+00	   3.6200000e+00	   3.5500000e-01	   2.0000000e+00	   3.0000000e+00	   1.0000000e+00	   2.0000000e+00	   3.6110000e+03	
   1.0800000e+02	   2.0700000e+02	   1.1000000e+02	   4.0000000e+00	   4.0000000e+00	   3.6400000e+00	   4.6600000e+00	   1.9550000e+00	   3.0000000e+00	   2.0000000e+00	   1.0000000e+00	   2.0000000e+00	   3.2600000e+03	
   1.0700000e+02	   1.1200000e+02	   1.0400000e+02	   1.0000000e+00	   1.0000000e+00	   3.8500000e+00	   3.9350000e+00	   2.7550000e+00	   2.0000000e+00	   3.0000000e+00	   1.0000000e+00	   2.0000000e+00	   5.7500000e+03	
   2.0400000e+02	   2.0800000e+02	   3.1200000e+02	   1.5000000e+01	   5.0000000e+00	   4.9900000e+00	   3.6200000e+00	   2.8650000e+00	   2.0000000e+00	   3.0000000e+00	   1.0000000e+00	   2.0000000e+00	   1.8410000e+03	
   1.1200000e+02	   1.1600000e+02	   3.0400000e+02	   1.0000000e+01	   1.0000000e+00	   3.9350000e+00	   4.0250000e+00	   3.5500000e-01	   2.0000000e+00	   3.0000000e+00	   1.0000000e+00	   3.0000000e+00	   7.0160000e+03	
   1.0700000e+02	   2.1400000e+02	   1.0900000e+02	   3.0000000e+00	   3.0000000e+00	   3.8500000e+00	   3.4400000e+00	   2.0550000e+00	   3.0000000e+00	   2.0000000e+00	   1.0000000e+00	   3.0000000e+00	   3.6340000e+03	
   1.1600000e+02	   3.0600000e+02	   3.1200000e+02	   1.5000000e+01	   1.0000000e+00	   4.0250000e+00	   4.1050000e+00	   2.8650000e+00	   1.0000000e+00	   2.0000000e+00	   3.0000000e+00	   2.0000000e+00	   2.8420000e+03	
   1.0300000e+02	   1.0700000e+02	   1.0600000e+02	   2.0000000e+00	   2.0000000e+00	   4.1950000e+00	   3.8500000e+00	   3.1450000e+00	   1.0000000e+00	   3.0000000e+00	   2.0000000e+00	   3.0000000e+00	   8.8830000e+03	
   2.0800000e+02	   3.0900000e+02	   3.0700000e+02	   1.1000000e+01	   2.0000000e+00	   3.6200000e+00	   3.9100000e+00	   2.4250000e+00	   1.0000000e+00	   2.0000000e+00	   3.0000000e+00	   2.0000000e+00	   3.1690000e+03	
   2.0900000e+02	   3.0900000e+02	   1.0400000e+02	   1.0000000e+00	   3.0000000e+00	   4.4000000e+00	   3.9100000e+00	   2.7550000e+00	   2.0000000e+00	   1.0000000e+00	   3.0000000e+00	   2.0000000e+00	   4.0240000e+03	
   1.1300000e+02	   2.1400000e+02	   1.1000000e+02	   4.0000000e+00	   5.0000000e+00	   4.9900000e+00	   3.4400000e+00	   1.9550000e+00	   3.0000000e+00	   1.0000000e+00	   2.0000000e+00	   3.0000000e+00	   3.8000000e+03	
   2.1400000e+02	   2.1500000e+02	   3.0700000e+02	   1.1000000e+01	   1.0000000e+00	   3.4400000e+00	   3.6200000e+00	   2.4250000e+00	   3.0000000e+00	   1.0000000e+00	   2.0000000e+00	   1.0000000e+00	   2.7370000e+03	
   1.1200000e+02	   2.0900000e+02	   2.1100000e+02	   8.0000000e+00	   3.0000000e+00	   3.9350000e+00	   4.4000000e+00	   2.4800000e+00	   1.0000000e+00	   2.0000000e+00	   3.0000000e+00	   1.0000000e+00	   5.3900000e+03	
   1.1600000e+02	   2.0800000e+02	   3.0800000e+02	   1.2000000e+01	   2.0000000e+00	   4.0250000e+00	   3.6200000e+00	   2.3300000e+00	   3.0000000e+00	   2.0000000e+00	   1.0000000e+00	   3.0000000e+00	   3.1990000e+03	
   2.0400000e+02	   3.0600000e+02	   3.1100000e+02	   1.4000000e+01	   4.0000000e+00	   4.9900000e+00	   4.1050000e+00	   6.8000000e-01	   3.0000000e+00	   1.0000000e+00	   2.0000000e+00	   3.0000000e+00	   2.3630000e+03	
   1.1200000e+02	   1.1300000e+02	   3.1200000e+02	   1.5000000e+01	   4.0000000e+00	   3.9350000e+00	   4.9900000e+00	   2.8650000e+00	   3.0000000e+00	   1.0000000e+00	   2.0000000e+00	   1.0000000e+00	   2.0470000e+03	
   1.0300000e+02	   3.0900000e+02	   2.1200000e+02	   9.0000000e+00	   2.0000000e+00	   4.1950000e+00	   3.9100000e+00	   2.9850000e+00	   1.0000000e+00	   2.0000000e+00	   3.0000000e+00	   2.0000000e+00	   4.4130000e+03	
   1.0300000e+02	   2.1400000e+02	   1.0900000e+02	   3.0000000e+00	   4.0000000e+00	   4.1950000e+00	   3.4400000e+00	   2.0550000e+00	   3.0000000e+00	   1.0000000e+00	   2.0000000e+00	   1.0000000e+00	   5.6890000e+03	
   1.1600000e+02	   2.0400000e+02	   2.1000000e+02	   7.0000000e+00	   4.0000000e+00	   4.0250000e+00	   4.9900000e+00	   3.0550000e+00	   1.0000000e+00	   3.0000000e+00	   2.0000000e+00	   3.0000000e+00	   3.6710000e+03	
   1.0700000e+02	   2.0400000e+02	   3.1200000e+02	   1.5000000e+01	   5.0000000e+00	   3.8500000e+00	   4.9900000e+00	   2.8650000e+00	   2.0000000e+00	   3.0000000e+00	   1.0000000e+00	   3.0000000e+00	   3.1770000e+03	
   1.0300000e+02	   3.0900000e+02	   2.0500000e+02	   6.0000000e+00	   2.0000000e+00	   4.1950000e+00	   3.9100000e+00	   3.3200000e+00	   3.0000000e+00	   2.0000000e+00	   1.0000000e+00	   2.0000000e+00	   3.5670000e+03	
   1.1200000e+02	   1.1600000e+02	   3.1100000e+02	   1.4000000e+01	   1.0000000e+00	   3.9350000e+00	   4.0250000e+00	   6.8000000e-01	   2.0000000e+00	   1.0000000e+00	   3.0000000e+00	   1.0000000e+00	   5.0270000e+03	
   1.0300000e+02	   2.1500000e+02	   3.0400000e+02	   1.0000000e+01	   3.0000000e+00	   4.1950000e+00	   3.6200000e+00	   3.5500000e-01	   3.0000000e+00	   1.0000000e+00	   2.0000000e+00	   1.0000000e+00	   1.9450000e+03	
   2.1500000e+02	   3.0900000e+02	   2.1000000e+02	   7.0000000e+00	   2.0000000e+00	   3.6200000e+00	   3.9100000e+00	   3.0550000e+00	   3.0000000e+00	   1.0000000e+00	   2.0000000e+00	   3.0000000e+00	   3.4260000e+03	
   1.0700000e+02	   1.1300000e+02	   1.0900000e+02	   3.0000000e+00	   5.0000000e+00	   3.8500000e+00	   4.9900000e+00	   2.0550000e+00	   1.0000000e+00	   2.0000000e+00	   3.0000000e+00	   2.0000000e+00	   2.2950000e+03	
   2.0700000e+02	   2.1400000e+02	   3.0700000e+02	   1.1000000e+01	   5.0000000e+00	   4.6600000e+00	   3.4400000e+00	   2.4250000e+00	   1.0000000e+00	   3.0000000e+00	   2.0000000e+00	   1.0000000e+00	   2.3110000e+03	
   2.0400000e+02	   3.0600000e+02	   3.1000000e+02	   1.3000000e+01	   4.0000000e+00	   4.9900000e+00	   4.1050000e+00	   1.2000000e-01	   1.0000000e+00	   2.0000000e+00	   3.0000000e+00	   1.0000000e+00	   2.8090000e+03	
   2.1400000e+02	   3.0600000e+02	   2.1000000e+02	   7.0000000e+00	   3.0000000e+00	   3.4400000e+00	   4.1050000e+00	   3.0550000e+00	   2.0000000e+00	   1.0000000e+00	   3.0000000e+00	   1.0000000e+00	   6.2270000e+03	
   1.0800000e+02	   2.0700000e+02	   3.1000000e+02	   1.3000000e+01	   4.0000000e+00	   3.6400000e+00	   4.6600000e+00	   1.2000000e-01	   2.0000000e+00	   3.0000000e+00	   1.0000000e+00	   3.0000000e+00	   2.4940000e+03	
   1.1600000e+02	   2.0800000e+02	   3.1200000e+02	   1.5000000e+01	   2.0000000e+00	   4.0250000e+00	   3.6200000e+00	   2.8650000e+00	   3.0000000e+00	   2.0000000e+00	   1.0000000e+00	   3.0000000e+00	   2.9120000e+03	
   2.0900000e+02	   2.1500000e+02	   1.1000000e+02	   4.0000000e+00	   4.0000000e+00	   4.4000000e+00	   3.6200000e+00	   1.9550000e+00	   2.0000000e+00	   3.0000000e+00	   1.0000000e+00	   3.0000000e+00	   2.5390000e+03	
   1.1200000e+02	   2.1400000e+02	   3.0800000e+02	   1.2000000e+01	   3.0000000e+00	   3.9350000e+00	   3.4400000e+00	   2.3300000e+00	   3.0000000e+00	   2.0000000e+00	   1.0000000e+00	   3.0000000e+00	   5.0860000e+03	
   1.0300000e+02	   3.0600000e+02	   2.0500000e+02	   6.0000000e+00	   1.0000000e+00	   4.1950000e+00	   4.1050000e+00	   3.3200000e+00	   1.0000000e+00	   3.0000000e+00	   2.0000000e+00	   2.0000000e+00	   3.2220000e+03	
   1.1600000e+02	   3.0900000e+02	   1.0400000e+02	   1.0000000e+00	   1.0000000e+00	   4.0250000e+00	   3.9100000e+00	   2.7550000e+00	   1.0000000e+00	   3.0000000e+00	   2.0000000e+00	   3.0000000e+00	   7.4790000e+03	
   1.1300000e+02	   2.0700000e+02	   1.0900000e+02	   3.0000000e+00	   2.0000000e+00	   4.9900000e+00	   4.6600000e+00	   2.0550000e+00	   1.0000000e+00	   2.0000000e+00	   3.0000000e+00	   1.0000000e+00	   3.7470000e+03	
   2.0100000e+02	   2.1500000e+02	   3.0400000e+02	   1.0000000e+01	   5.0000000e+00	   5.0000000e+00	   3.6200000e+00	   3.5500000e-01	   1.0000000e+00	   2.0000000e+00	   3.0000000e+00	   1.0000000e+00	   2.6230000e+03	
   2.0100000e+02	   2.0800000e+02	   3.1000000e+02	   1.3000000e+01	   5.0000000e+00	   5.0000000e+00	   3.6200000e+00	   1.2000000e-01	   3.0000000e+00	   2.0000000e+00	   1.0000000e+00	   3.0000000e+00	   2.2100000e+03	
   1.0300000e+02	   2.0400000e+02	   3.1200000e+02	   1.5000000e+01	   4.0000000e+00	   4.1950000e+00	   4.9900000e+00	   2.8650000e+00	   1.0000000e+00	   2.0000000e+00	   3.0000000e+00	   2.0000000e+00	   1.5440000e+03	
   1.0800000e+02	   1.1300000e+02	   3.1100000e+02	   1.4000000e+01	   5.0000000e+00	   3.6400000e+00	   4.9900000e+00	   6.8000000e-01	   1.0000000e+00	   3.0000000e+00	   2.0000000e+00	   3.0000000e+00	   1.5530000e+03	
   2.0700000e+02	   3.0600000e+02	   3.1100000e+02	   1.4000000e+01	   3.0000000e+00	   4.6600000e+00	   4.1050000e+00	   6.8000000e-01	   2.0000000e+00	   1.0000000e+00	   3.0000000e+00	   2.0000000e+00	   1.8760000e+03	
   1.0700000e+02	   2.0100000e+02	   1.0400000e+02	   1.0000000e+00	   5.0000000e+00	   3.8500000e+00	   5.0000000e+00	   2.7550000e+00	   2.0000000e+00	   1.0000000e+00	   3.0000000e+00	   1.0000000e+00	   2.1670000e+03	
   1.0300000e+02	   3.0900000e+02	   1.0900000e+02	   3.0000000e+00	   2.0000000e+00	   4.1950000e+00	   3.9100000e+00	   2.0550000e+00	   2.0000000e+00	   1.0000000e+00	   3.0000000e+00	   1.0000000e+00	   1.9520000e+03	
   2.0100000e+02	   2.0400000e+02	   2.1000000e+02	   7.0000000e+00	   1.0000000e+00	   5.0000000e+00	   4.9900000e+00	   3.0550000e+00	   2.0000000e+00	   1.0000000e+00	   3.0000000e+00	   2.0000000e+00	   2.4340000e+03	
   2.0100000e+02	   2.0800000e+02	   2.0500000e+02	   6.0000000e+00	   5.0000000e+00	   5.0000000e+00	   3.6200000e+00	   3.3200000e+00	   2.0000000e+00	   1.0000000e+00	   3.0000000e+00	   2.0000000e+00	   2.2080000e+03	
   1.1200000e+02	   1.1300000e+02	   1.0900000e+02	   3.0000000e+00	   4.0000000e+00	   3.9350000e+00	   4.9900000e+00	   2.0550000e+00	   2.0000000e+00	   1.0000000e+00	   3.0000000e+00	   1.0000000e+00	   1.6050000e+03	
   2.0900000e+02	   3.0600000e+02	   1.1500000e+02	   5.0000000e+00	   2.0000000e+00	   4.4000000e+00	   4.1050000e+00	   2.6900000e+00	   1.0000000e+00	   3.0000000e+00	   2.0000000e+00	   1.0000000e+00	   3.3920000e+03	
   2.0100000e+02	   3.0900000e+02	   3.0400000e+02	   1.0000000e+01	   5.0000000e+00	   5.0000000e+00	   3.9100000e+00	   3.5500000e-01	   2.0000000e+00	   3.0000000e+00	   1.0000000e+00	   2.0000000e+00	   1.6630000e+03	
   1.0300000e+02	   1.0700000e+02	   3.0800000e+02	   1.2000000e+01	   2.0000000e+00	   4.1950000e+00	   3.8500000e+00	   2.3300000e+00	   3.0000000e+00	   1.0000000e+00	   2.0000000e+00	   1.0000000e+00	   3.2470000e+03	
   1.1600000e+02	   3.0900000e+02	   3.1200000e+02	   1.5000000e+01	   1.0000000e+00	   4.0250000e+00	   3.9100000e+00	   2.8650000e+00	   1.0000000e+00	   2.0000000e+00	   3.0000000e+00	   2.0000000e+00	   1.6010000e+03	
   1.1300000e+02	   2.0700000e+02	   2.1200000e+02	   9.0000000e+00	   2.0000000e+00	   4.9900000e+00	   4.6600000e+00	   2.9850000e+00	   2.0000000e+00	   1.0000000e+00	   3.0000000e+00	   2.0000000e+00	   1.5590000e+03	
   1.0800000e+02	   2.1400000e+02	   1.0900000e+02	   3.0000000e+00	   1.0000000e+00	   3.6400000e+00	   3.4400000e+00	   2.0550000e+00	   3.0000000e+00	   1.0000000e+00	   2.0000000e+00	   3.0000000e+00	   1.5880000e+03	
   1.0300000e+02	   2.0400000e+02	   2.1000000e+02	   7.0000000e+00	   4.0000000e+00	   4.1950000e+00	   4.9900000e+00	   3.0550000e+00	   2.0000000e+00	   1.0000000e+00	   3.0000000e+00	   1.0000000e+00	   1.3530000e+03	
   1.1200000e+02	   1.1300000e+02	   3.0800000e+02	   1.2000000e+01	   4.0000000e+00	   3.9350000e+00	   4.9900000e+00	   2.3300000e+00	   2.0000000e+00	   3.0000000e+00	   1.0000000e+00	   3.0000000e+00	   7.1200000e+02	
   2.0400000e+02	   2.0900000e+02	   3.1100000e+02	   1.4000000e+01	   3.0000000e+00	   4.9900000e+00	   4.4000000e+00	   6.8000000e-01	   3.0000000e+00	   1.0000000e+00	   2.0000000e+00	   3.0000000e+00	   1.3910000e+03	
   1.0800000e+02	   2.0100000e+02	   3.0800000e+02	   1.2000000e+01	   5.0000000e+00	   3.6400000e+00	   5.0000000e+00	   2.3300000e+00	   3.0000000e+00	   2.0000000e+00	   1.0000000e+00	   2.0000000e+00	   2.0370000e+03	
   1.0700000e+02	   2.0400000e+02	   2.1000000e+02	   7.0000000e+00	   5.0000000e+00	   3.8500000e+00	   4.9900000e+00	   3.0550000e+00	   1.0000000e+00	   2.0000000e+00	   3.0000000e+00	   2.0000000e+00	   1.3900000e+03	
   2.0700000e+02	   3.0900000e+02	   3.0800000e+02	   1.2000000e+01	   4.0000000e+00	   4.6600000e+00	   3.9100000e+00	   2.3300000e+00	   1.0000000e+00	   3.0000000e+00	   2.0000000e+00	   1.0000000e+00	   1.9530000e+03	
   1.0800000e+02	   2.0800000e+02	   2.1100000e+02	   8.0000000e+00	   1.0000000e+00	   3.6400000e+00	   3.6200000e+00	   2.4800000e+00	   1.0000000e+00	   3.0000000e+00	   2.0000000e+00	   1.0000000e+00	   3.0260000e+03	
   2.0900000e+02	   3.0600000e+02	   2.1000000e+02	   7.0000000e+00	   2.0000000e+00	   4.4000000e+00	   4.1050000e+00	   3.0550000e+00	   3.0000000e+00	   1.0000000e+00	   2.0000000e+00	   1.0000000e+00	   3.7650000e+03	
   1.0700000e+02	   1.1200000e+02	   3.0400000e+02	   1.0000000e+01	   1.0000000e+00	   3.8500000e+00	   3.9350000e+00	   3.5500000e-01	   1.0000000e+00	   3.0000000e+00	   2.0000000e+00	   3.0000000e+00	   2.2750000e+03	
   1.0800000e+02	   2.0900000e+02	   1.1500000e+02	   5.0000000e+00	   4.0000000e+00	   3.6400000e+00	   4.4000000e+00	   2.6900000e+00	   2.0000000e+00	   3.0000000e+00	   1.0000000e+00	   2.0000000e+00	   2.9970000e+03	
   2.0800000e+02	   3.0900000e+02	   1.0600000e+02	   2.0000000e+00	   2.0000000e+00	   3.6200000e+00	   3.9100000e+00	   3.1450000e+00	   3.0000000e+00	   1.0000000e+00	   2.0000000e+00	   1.0000000e+00	   1.5510000e+03	
   2.1400000e+02	   3.0900000e+02	   3.0800000e+02	   1.2000000e+01	   3.0000000e+00	   3.4400000e+00	   3.9100000e+00	   2.3300000e+00	   1.0000000e+00	   2.0000000e+00	   3.0000000e+00	   2.0000000e+00	   2.0740000e+03	
   2.0100000e+02	   2.0800000e+02	   1.0400000e+02	   1.0000000e+00	   5.0000000e+00	   5.0000000e+00	   3.6200000e+00	   2.7550000e+00	   1.0000000e+00	   3.0000000e+00	   2.0000000e+00	   1.0000000e+00	   1.8400000e+03	
   1.1600000e+02	   2.0900000e+02	   1.0400000e+02	   1.0000000e+00	   2.0000000e+00	   4.0250000e+00	   4.4000000e+00	   2.7550000e+00	   2.0000000e+00	   3.0000000e+00	   1.0000000e+00	   2.0000000e+00	   7.9800000e+03	
   1.1300000e+02	   1.1600000e+02	   1.1000000e+02	   4.0000000e+00	   4.0000000e+00	   4.9900000e+00	   4.0250000e+00	   1.9550000e+00	   1.0000000e+00	   3.0000000e+00	   2.0000000e+00	   1.0000000e+00	   9.3400000e+02	
   1.0700000e+02	   2.1400000e+02	   3.0800000e+02	   1.2000000e+01	   3.0000000e+00	   3.8500000e+00	   3.4400000e+00	   2.3300000e+00	   1.0000000e+00	   3.0000000e+00	   2.0000000e+00	   1.0000000e+00	   2.1900000e+03	
   2.0400000e+02	   2.1500000e+02	   1.0900000e+02	   3.0000000e+00	   5.0000000e+00	   4.9900000e+00	   3.6200000e+00	   2.0550000e+00	   3.0000000e+00	   1.0000000e+00	   2.0000000e+00	   3.0000000e+00	   1.1270000e+03	
   1.1300000e+02	   3.0600000e+02	   2.0500000e+02	   6.0000000e+00	   4.0000000e+00	   4.9900000e+00	   4.1050000e+00	   3.3200000e+00	   2.0000000e+00	   1.0000000e+00	   3.0000000e+00	   2.0000000e+00	   1.6410000e+03	
   3.0600000e+02	   3.0900000e+02	   1.0400000e+02	   1.0000000e+00	   1.0000000e+00	   4.1050000e+00	   3.9100000e+00	   2.7550000e+00	   1.0000000e+00	   2.0000000e+00	   3.0000000e+00	   2.0000000e+00	   2.7910000e+03	
   2.0700000e+02	   2.0900000e+02	   3.1000000e+02	   1.3000000e+01	   2.0000000e+00	   4.6600000e+00	   4.4000000e+00	   1.2000000e-01	   1.0000000e+00	   2.0000000e+00	   3.0000000e+00	   1.0000000e+00	   1.6430000e+03	
   2.1500000e+02	   3.0600000e+02	   3.1200000e+02	   1.5000000e+01	   3.0000000e+00	   3.6200000e+00	   4.1050000e+00	   2.8650000e+00	   3.0000000e+00	   2.0000000e+00	   1.0000000e+00	   2.0000000e+00	   2.0560000e+03	
   1.1200000e+02	   3.0900000e+02	   1.0600000e+02	   2.0000000e+00	   1.0000000e+00	   3.9350000e+00	   3.9100000e+00	   3.1450000e+00	   2.0000000e+00	   1.0000000e+00	   3.0000000e+00	   1.0000000e+00	   3.3190000e+03	
   2.0100000e+02	   2.0700000e+02	   2.1100000e+02	   8.0000000e+00	   2.0000000e+00	   5.0000000e+00	   4.6600000e+00	   2.4800000e+00	   2.0000000e+00	   3.0000000e+00	   1.0000000e+00	   2.0000000e+00	   1.8830000e+03	
   1.0800000e+02	   2.0400000e+02	   1.1000000e+02	   4.0000000e+00	   5.0000000e+00	   3.6400000e+00	   4.9900000e+00	   1.9550000e+00	   2.0000000e+00	   1.0000000e+00	   3.0000000e+00	   1.0000000e+00	   1.2500000e+03	
   1.1600000e+02	   2.0100000e+02	   1.0400000e+02	   1.0000000e+00	   4.0000000e+00	   4.0250000e+00	   5.0000000e+00	   2.7550000e+00	   2.0000000e+00	   3.0000000e+00	   1.0000000e+00	   3.0000000e+00	   1.7690000e+03	
   1.0700000e+02	   2.0900000e+02	   1.1500000e+02	   5.0000000e+00	   3.0000000e+00	   3.8500000e+00	   4.4000000e+00	   2.6900000e+00	   2.0000000e+00	   1.0000000e+00	   3.0000000e+00	   1.0000000e+00	   5.3530000e+03	
   1.1300000e+02	   2.0100000e+02	   2.1000000e+02	   7.0000000e+00	   1.0000000e+00	   4.9900000e+00	   5.0000000e+00	   3.0550000e+00	   3.0000000e+00	   2.0000000e+00	   1.0000000e+00	   3.0000000e+00	   2.2600000e+03	
   1.1300000e+02	   2.1400000e+02	   3.0800000e+02	   1.2000000e+01	   5.0000000e+00	   4.9900000e+00	   3.4400000e+00	   2.3300000e+00	   1.0000000e+00	   3.0000000e+00	   2.0000000e+00	   1.0000000e+00	   1.6000000e+03	
   1.0300000e+02	   2.1400000e+02	   3.1200000e+02	   1.5000000e+01	   4.0000000e+00	   4.1950000e+00	   3.4400000e+00	   2.8650000e+00	   1.0000000e+00	   2.0000000e+00	   3.0000000e+00	   2.0000000e+00	   3.3040000e+03	
   1.1200000e+02	   2.1400000e+02	   1.0900000e+02	   3.0000000e+00	   3.0000000e+00	   3.9350000e+00	   3.4400000e+00	   2.0550000e+00	   1.0000000e+00	   3.0000000e+00	   2.0000000e+00	   1.0000000e+00	   2.4060000e+03	
   2.1400000e+02	   3.0600000e+02	   3.1000000e+02	   1.3000000e+01	   3.0000000e+00	   3.4400000e+00	   4.1050000e+00	   1.2000000e-01	   1.0000000e+00	   2.0000000e+00	   3.0000000e+00	   2.0000000e+00	   2.3930000e+03	
   1.1300000e+02	   2.0900000e+02	   3.1200000e+02	   1.5000000e+01	   3.0000000e+00	   4.9900000e+00	   4.4000000e+00	   2.8650000e+00	   1.0000000e+00	   3.0000000e+00	   2.0000000e+00	   1.0000000e+00	   1.3120000e+03	
   1.1200000e+02	   1.1600000e+02	   1.1500000e+02	   5.0000000e+00	   1.0000000e+00	   3.9350000e+00	   4.0250000e+00	   2.6900000e+00	   1.0000000e+00	   2.0000000e+00	   3.0000000e+00	   1.0000000e+00	   2.0340000e+03	
   2.1400000e+02	   3.0600000e+02	   1.0600000e+02	   2.0000000e+00	   3.0000000e+00	   3.4400000e+00	   4.1050000e+00	   3.1450000e+00	   3.0000000e+00	   2.0000000e+00	   1.0000000e+00	   2.0000000e+00	   3.1650000e+03	
   2.0100000e+02	   2.0700000e+02	   3.1100000e+02	   1.4000000e+01	   2.0000000e+00	   5.0000000e+00	   4.6600000e+00	   6.8000000e-01	   3.0000000e+00	   2.0000000e+00	   1.0000000e+00	   3.0000000e+00	   1.9260000e+03	
   2.0900000e+02	   3.0900000e+02	   1.1500000e+02	   5.0000000e+00	   3.0000000e+00	   4.4000000e+00	   3.9100000e+00	   2.6900000e+00	   2.0000000e+00	   1.0000000e+00	   3.0000000e+00	   1.0000000e+00	   2.6440000e+03	
   1.1600000e+02	   2.1500000e+02	   2.0500000e+02	   6.0000000e+00	   2.0000000e+00	   4.0250000e+00	   3.6200000e+00	   3.3200000e+00	   2.0000000e+00	   1.0000000e+00	   3.0000000e+00	   1.0000000e+00	   5.6030000e+03	
   1.0300000e+02	   1.0800000e+02	   2.1200000e+02	   9.0000000e+00	   3.0000000e+00	   4.1950000e+00	   3.6400000e+00	   2.9850000e+00	   1.0000000e+00	   3.0000000e+00	   2.0000000e+00	   3.0000000e+00	   1.4820000e+03	
   1.0800000e+02	   2.0900000e+02	   3.0800000e+02	   1.2000000e+01	   4.0000000e+00	   3.6400000e+00	   4.4000000e+00	   2.3300000e+00	   3.0000000e+00	   2.0000000e+00	   1.0000000e+00	   3.0000000e+00	   1.6740000e+03	
   1.0700000e+02	   2.0100000e+02	   1.1000000e+02	   4.0000000e+00	   5.0000000e+00	   3.8500000e+00	   5.0000000e+00	   1.9550000e+00	   1.0000000e+00	   2.0000000e+00	   3.0000000e+00	   2.0000000e+00	   1.6690000e+03	
   2.0700000e+02	   3.0600000e+02	   2.1100000e+02	   8.0000000e+00	   3.0000000e+00	   4.6600000e+00	   4.1050000e+00	   2.4800000e+00	   2.0000000e+00	   3.0000000e+00	   1.0000000e+00	   3.0000000e+00	   1.6580000e+03	
   1.0300000e+02	   1.0700000e+02	   1.1000000e+02	   4.0000000e+00	   2.0000000e+00	   4.1950000e+00	   3.8500000e+00	   1.9550000e+00	   2.0000000e+00	   1.0000000e+00	   3.0000000e+00	   1.0000000e+00	   2.4400000e+03	
   1.1600000e+02	   2.1400000e+02	   2.1200000e+02	   9.0000000e+00	   3.0000000e+00	   4.0250000e+00	   3.4400000e+00	   2.9850000e+00	   1.0000000e+00	   2.0000000e+00	   3.0000000e+00	   1.0000000e+00	   2.1080000e+03	
   1.0700000e+02	   2.0700000e+02	   3.0400000e+02	   1.0000000e+01	   4.0000000e+00	   3.8500000e+00	   4.6600000e+00	   3.5500000e-01	   2.0000000e+00	   1.0000000e+00	   3.0000000e+00	   1.0000000e+00	   2.0450000e+03	
   1.0700000e+02	   3.0600000e+02	   1.0900000e+02	   3.0000000e+00	   2.0000000e+00	   3.8500000e+00	   4.1050000e+00	   2.0550000e+00	   1.0000000e+00	   3.0000000e+00	   2.0000000e+00	   3.0000000e+00	   1.8030000e+03	
   2.0100000e+02	   2.1500000e+02	   3.1000000e+02	   1.3000000e+01	   5.0000000e+00	   5.0000000e+00	   3.6200000e+00	   1.2000000e-01	   2.0000000e+00	   1.0000000e+00	   3.0000000e+00	   2.0000000e+00	   1.6590000e+03	
   1.0800000e+02	   2.0400000e+02	   2.1200000e+02	   9.0000000e+00	   5.0000000e+00	   3.6400000e+00	   4.9900000e+00	   2.9850000e+00	   3.0000000e+00	   1.0000000e+00	   2.0000000e+00	   1.0000000e+00	   1.4350000e+03	
   1.1300000e+02	   3.0900000e+02	   2.1100000e+02	   8.0000000e+00	   5.0000000e+00	   4.9900000e+00	   3.9100000e+00	   2.4800000e+00	   1.0000000e+00	   2.0000000e+00	   3.0000000e+00	   1.0000000e+00	   1.0430000e+03	
   2.0100000e+02	   3.0900000e+02	   3.1000000e+02	   1.3000000e+01	   5.0000000e+00	   5.0000000e+00	   3.9100000e+00	   1.2000000e-01	   2.0000000e+00	   1.0000000e+00	   3.0000000e+00	   2.0000000e+00	   1.7320000e+03	
   2.0900000e+02	   3.0900000e+02	   3.0700000e+02	   1.1000000e+01	   3.0000000e+00	   4.4000000e+00	   3.9100000e+00	   2.4250000e+00	   3.0000000e+00	   2.0000000e+00	   1.0000000e+00	   2.0000000e+00	   2.1250000e+03	
   1.1300000e+02	   2.1500000e+02	   1.0900000e+02	   3.0000000e+00	   5.0000000e+00	   4.9900000e+00	   3.6200000e+00	   2.0550000e+00	   3.0000000e+00	   2.0000000e+00	   1.0000000e+00	   3.0000000e+00	   1.3920000e+03	
   1.0700000e+02	   3.0900000e+02	   3.0700000e+02	   1.1000000e+01	   1.0000000e+00	   3.8500000e+00	   3.9100000e+00	   2.4250000e+00	   1.0000000e+00	   3.0000000e+00	   2.0000000e+00	   3.0000000e+00	   1.4680000e+03	
   2.0400000e+02	   3.0600000e+02	   1.0900000e+02	   3.0000000e+00	   4.0000000e+00	   4.9900000e+00	   4.1050000e+00	   2.0550000e+00	   1.0000000e+00	   2.0000000e+00	   3.0000000e+00	   1.0000000e+00	   1.6760000e+03	
   2.0100000e+02	   2.0400000e+02	   3.0800000e+02	   1.2000000e+01	   1.0000000e+00	   5.0000000e+00	   4.9900000e+00	   2.3300000e+00	   1.0000000e+00	   3.0000000e+00	   2.0000000e+00	   1.0000000e+00	   1.6720000e+03	
   2.0400000e+02	   3.0600000e+02	   2.1200000e+02	   9.0000000e+00	   4.0000000e+00	   4.9900000e+00	   4.1050000e+00	   2.9850000e+00	   1.0000000e+00	   2.0000000e+00	   3.0000000e+00	   1.0000000e+00	   2.3290000e+03	
   1.1200000e+02	   2.1500000e+02	   3.0400000e+02	   1.0000000e+01	   2.0000000e+00	   3.9350000e+00	   3.6200000e+00	   3.5500000e-01	   3.0000000e+00	   1.0000000e+00	   2.0000000e+00	   1.0000000e+00	   3.4880000e+03	
   2.1500000e+02	   3.0900000e+02	   3.0800000e+02	   1.2000000e+01	   2.0000000e+00	   3.6200000e+00	   3.9100000e+00	   2.3300000e+00	   2.0000000e+00	   1.0000000e+00	   3.0000000e+00	   2.0000000e+00	   3.2820000e+03	
   1.1300000e+02	   2.1400000e+02	   3.1100000e+02	   1.4000000e+01	   5.0000000e+00	   4.9900000e+00	   3.4400000e+00	   6.8000000e-01	   2.0000000e+00	   1.0000000e+00	   3.0000000e+00	   2.0000000e+00	   1.2310000e+03	
   2.0400000e+02	   2.0700000e+02	   2.1000000e+02	   7.0000000e+00	   2.0000000e+00	   4.9900000e+00	   4.6600000e+00	   3.0550000e+00	   2.0000000e+00	   1.0000000e+00	   3.0000000e+00	   2.0000000e+00	   4.4870000e+03	
   2.0100000e+02	   2.0800000e+02	   1.0600000e+02	   2.0000000e+00	   5.0000000e+00	   5.0000000e+00	   3.6200000e+00	   3.1450000e+00	   1.0000000e+00	   3.0000000e+00	   2.0000000e+00	   1.0000000e+00	   1.0900000e+03	
   1.0700000e+02	   2.1500000e+02	   3.1000000e+02	   1.3000000e+01	   2.0000000e+00	   3.8500000e+00	   3.6200000e+00	   1.2000000e-01	   3.0000000e+00	   2.0000000e+00	   1.0000000e+00	   2.0000000e+00	   1.4730000e+03	
   1.0800000e+02	   2.0100000e+02	   2.1100000e+02	   8.0000000e+00	   5.0000000e+00	   3.6400000e+00	   5.0000000e+00	   2.4800000e+00	   3.0000000e+00	   1.0000000e+00	   2.0000000e+00	   1.0000000e+00	   1.4010000e+03	
   1.0800000e+02	   2.0400000e+02	   2.0500000e+02	   6.0000000e+00	   5.0000000e+00	   3.6400000e+00	   4.9900000e+00	   3.3200000e+00	   2.0000000e+00	   1.0000000e+00	   3.0000000e+00	   1.0000000e+00	   1.1840000e+03	
   2.0100000e+02	   2.0800000e+02	   1.1500000e+02	   5.0000000e+00	   5.0000000e+00	   5.0000000e+00	   3.6200000e+00	   2.6900000e+00	   1.0000000e+00	   3.0000000e+00	   2.0000000e+00	   1.0000000e+00	   1.5860000e+03	
   1.1600000e+02	   3.0900000e+02	   2.1200000e+02	   9.0000000e+00	   1.0000000e+00	   4.0250000e+00	   3.9100000e+00	   2.9850000e+00	   3.0000000e+00	   2.0000000e+00	   1.0000000e+00	   2.0000000e+00	   2.4490000e+03	
   2.0900000e+02	   2.1500000e+02	   3.0400000e+02	   1.0000000e+01	   4.0000000e+00	   4.4000000e+00	   3.6200000e+00	   3.5500000e-01	   3.0000000e+00	   2.0000000e+00	   1.0000000e+00	   2.0000000e+00	   1.7980000e+03	
   1.0700000e+02	   1.1200000e+02	   1.0600000e+02	   2.0000000e+00	   1.0000000e+00	   3.8500000e+00	   3.9350000e+00	   3.1450000e+00	   1.0000000e+00	   3.0000000e+00	   2.0000000e+00	   3.0000000e+00	   2.9510000e+03	
   2.0100000e+02	   2.0700000e+02	   2.0500000e+02	   6.0000000e+00	   2.0000000e+00	   5.0000000e+00	   4.6600000e+00	   3.3200000e+00	   1.0000000e+00	   3.0000000e+00	   2.0000000e+00	   1.0000000e+00	   2.2940000e+03	
   2.1500000e+02	   3.0600000e+02	   3.0800000e+02	   1.2000000e+01	   3.0000000e+00	   3.6200000e+00	   4.1050000e+00	   2.3300000e+00	   2.0000000e+00	   3.0000000e+00	   1.0000000e+00	   3.0000000e+00	   2.8470000e+03	
   1.0800000e+02	   1.1300000e+02	   2.1200000e+02	   9.0000000e+00	   5.0000000e+00	   3.6400000e+00	   4.9900000e+00	   2.9850000e+00	   1.0000000e+00	   2.0000000e+00	   3.0000000e+00	   2.0000000e+00	   1.5320000e+03	
   1.0700000e+02	   1.1300000e+02	   1.0600000e+02	   2.0000000e+00	   5.0000000e+00	   3.8500000e+00	   4.9900000e+00	   3.1450000e+00	   1.0000000e+00	   2.0000000e+00	   3.0000000e+00	   2.0000000e+00	   1.1960000e+03	
   1.1200000e+02	   1.1300000e+02	   2.1100000e+02	   8.0000000e+00	   4.0000000e+00	   3.9350000e+00	   4.9900000e+00	   2.4800000e+00	   3.0000000e+00	   1.0000000e+00	   2.0000000e+00	   1.0000000e+00	   1.2630000e+03	
   1.0300000e+02	   3.0600000e+02	   1.0600000e+02	   2.0000000e+00	   1.0000000e+00	   4.1950000e+00	   4.1050000e+00	   3.1450000e+00	   2.0000000e+00	   3.0000000e+00	   1.0000000e+00	   3.0000000e+00	   2.8970000e+03	
   1.0300000e+02	   1.1600000e+02	   3.0800000e+02	   1.2000000e+01	   1.0000000e+00	   4.1950000e+00	   4.0250000e+00	   2.3300000e+00	   1.0000000e+00	   2.0000000e+00	   3.0000000e+00	   2.0000000e+00	   3.9630000e+03	
   1.0300000e+02	   2.0700000e+02	   1.0600000e+02	   2.0000000e+00	   3.0000000e+00	   4.1950000e+00	   4.6600000e+00	   3.1450000e+00	   2.0000000e+00	   1.0000000e+00	   3.0000000e+00	   1.0000000e+00	   2.0640000e+03	
   1.0700000e+02	   1.1600000e+02	   1.0400000e+02	   1.0000000e+00	   1.0000000e+00	   3.8500000e+00	   4.0250000e+00	   2.7550000e+00	   3.0000000e+00	   1.0000000e+00	   2.0000000e+00	   1.0000000e+00	   3.0730000e+03	
   1.1300000e+02	   2.1500000e+02	   3.0400000e+02	   1.0000000e+01	   5.0000000e+00	   4.9900000e+00	   3.6200000e+00	   3.5500000e-01	   1.0000000e+00	   2.0000000e+00	   3.0000000e+00	   1.0000000e+00	   1.6460000e+03	
   2.0900000e+02	   2.1400000e+02	   1.1000000e+02	   4.0000000e+00	   4.0000000e+00	   4.4000000e+00	   3.4400000e+00	   1.9550000e+00	   3.0000000e+00	   1.0000000e+00	   2.0000000e+00	   3.0000000e+00	   2.3560000e+03	
   1.0300000e+02	   2.1500000e+02	   1.0900000e+02	   3.0000000e+00	   3.0000000e+00	   4.1950000e+00	   3.6200000e+00	   2.0550000e+00	   1.0000000e+00	   2.0000000e+00	   3.0000000e+00	   2.0000000e+00	   1.4350000e+03	
   2.1500000e+02	   3.0900000e+02	   1.1500000e+02	   5.0000000e+00	   2.0000000e+00	   3.6200000e+00	   3.9100000e+00	   2.6900000e+00	   3.0000000e+00	   1.0000000e+00	   2.0000000e+00	   3.0000000e+00	   2.9170000e+03	
   1.0700000e+02	   2.0100000e+02	   3.0700000e+02	   1.1000000e+01	   5.0000000e+00	   3.8500000e+00	   5.0000000e+00	   2.4250000e+00	   2.0000000e+00	   1.0000000e+00	   3.0000000e+00	   1.0000000e+00	   2.1520000e+03	
   1.0700000e+02	   2.0700000e+02	   1.0600000e+02	   2.0000000e+00	   4.0000000e+00	   3.8500000e+00	   4.6600000e+00	   3.1450000e+00	   3.0000000e+00	   1.0000000e+00	   2.0000000e+00	   1.0000000e+00	   1.9350000e+03	
   2.0400000e+02	   2.1500000e+02	   1.0400000e+02	   1.0000000e+00	   5.0000000e+00	   4.9900000e+00	   3.6200000e+00	   2.7550000e+00	   3.0000000e+00	   2.0000000e+00	   1.0000000e+00	   3.0000000e+00	   1.7240000e+03	
   1.1600000e+02	   2.0700000e+02	   3.0700000e+02	   1.1000000e+01	   3.0000000e+00	   4.0250000e+00	   4.6600000e+00	   2.4250000e+00	   2.0000000e+00	   1.0000000e+00	   3.0000000e+00	   1.0000000e+00	   1.9580000e+03	
   1.0300000e+02	   2.0100000e+02	   2.1000000e+02	   7.0000000e+00	   4.0000000e+00	   4.1950000e+00	   5.0000000e+00	   3.0550000e+00	   3.0000000e+00	   2.0000000e+00	   1.0000000e+00	   2.0000000e+00	   1.5280000e+03	
   2.1400000e+02	   2.1500000e+02	   2.1000000e+02	   7.0000000e+00	   1.0000000e+00	   3.4400000e+00	   3.6200000e+00	   3.0550000e+00	   2.0000000e+00	   3.0000000e+00	   1.0000000e+00	   3.0000000e+00	   2.0990000e+03	
   2.0100000e+02	   2.1500000e+02	   3.1200000e+02	   1.5000000e+01	   5.0000000e+00	   5.0000000e+00	   3.6200000e+00	   2.8650000e+00	   2.0000000e+00	   3.0000000e+00	   1.0000000e+00	   2.0000000e+00	   1.3150000e+03	
   1.0300000e+02	   2.0700000e+02	   2.1100000e+02	   8.0000000e+00	   3.0000000e+00	   4.1950000e+00	   4.6600000e+00	   2.4800000e+00	   2.0000000e+00	   1.0000000e+00	   3.0000000e+00	   1.0000000e+00	   2.5360000e+03	
   1.0800000e+02	   2.0800000e+02	   3.0400000e+02	   1.0000000e+01	   1.0000000e+00	   3.6400000e+00	   3.6200000e+00	   3.5500000e-01	   1.0000000e+00	   3.0000000e+00	   2.0000000e+00	   1.0000000e+00	   4.3180000e+03	
   1.0300000e+02	   2.0400000e+02	   1.0600000e+02	   2.0000000e+00	   4.0000000e+00	   4.1950000e+00	   4.9900000e+00	   3.1450000e+00	   1.0000000e+00	   3.0000000e+00	   2.0000000e+00	   3.0000000e+00	   1.1810000e+03	
   2.0800000e+02	   3.0600000e+02	   3.0400000e+02	   1.0000000e+01	   3.0000000e+00	   3.6200000e+00	   4.1050000e+00	   3.5500000e-01	   3.0000000e+00	   2.0000000e+00	   1.0000000e+00	   3.0000000e+00	   2.5950000e+03	
   1.0700000e+02	   1.1300000e+02	   2.0500000e+02	   6.0000000e+00	   5.0000000e+00	   3.8500000e+00	   4.9900000e+00	   3.3200000e+00	   1.0000000e+00	   3.0000000e+00	   2.0000000e+00	   3.0000000e+00	   1.1570000e+03	
   2.0900000e+02	   3.0900000e+02	   1.1000000e+02	   4.0000000e+00	   3.0000000e+00	   4.4000000e+00	   3.9100000e+00	   1.9550000e+00	   1.0000000e+00	   2.0000000e+00	   3.0000000e+00	   2.0000000e+00	   2.1800000e+03	
   2.1400000e+02	   3.0600000e+02	   3.0400000e+02	   1.0000000e+01	   3.0000000e+00	   3.4400000e+00	   4.1050000e+00	   3.5500000e-01	   3.0000000e+00	   2.0000000e+00	   1.0000000e+00	   2.0000000e+00	   1.3980000e+03	
   2.0400000e+02	   2.0900000e+02	   3.0700000e+02	   1.1000000e+01	   3.0000000e+00	   4.9900000e+00	   4.4000000e+00	   2.4250000e+00	   3.0000000e+00	   2.0000000e+00	   1.0000000e+00	   3.0000000e+00	   1.4380000e+03	
   1.0800000e+02	   2.0900000e+02	   3.0700000e+02	   1.1000000e+01	   4.0000000e+00	   3.6400000e+00	   4.4000000e+00	   2.4250000e+00	   1.0000000e+00	   3.0000000e+00	   2.0000000e+00	   3.0000000e+00	   3.9730000e+03	
   2.0400000e+02	   3.0900000e+02	   1.1500000e+02	   5.0000000e+00	   5.0000000e+00	   4.9900000e+00	   3.9100000e+00	   2.6900000e+00	   2.0000000e+00	   3.0000000e+00	   1.0000000e+00	   2.0000000e+00	   1.3760000e+03	
   3.0600000e+02	   3.0900000e+02	   3.0800000e+02	   1.2000000e+01	   1.0000000e+00	   4.1050000e+00	   3.9100000e+00	   2.3300000e+00	   2.0000000e+00	   3.0000000e+00	   1.0000000e+00	   3.0000000e+00	   4.4920000e+03	
   1.1200000e+02	   2.0900000e+02	   1.0600000e+02	   2.0000000e+00	   3.0000000e+00	   3.9350000e+00	   4.4000000e+00	   3.1450000e+00	   3.0000000e+00	   1.0000000e+00	   2.0000000e+00	   3.0000000e+00	   3.5850000e+03	
   1.0700000e+02	   2.1400000e+02	   2.1000000e+02	   7.0000000e+00	   3.0000000e+00	   3.8500000e+00	   3.4400000e+00	   3.0550000e+00	   3.0000000e+00	   2.0000000e+00	   1.0000000e+00	   3.0000000e+00	   3.5550000e+03	
   1.1200000e+02	   3.0900000e+02	   2.1100000e+02	   8.0000000e+00	   1.0000000e+00	   3.9350000e+00	   3.9100000e+00	   2.4800000e+00	   3.0000000e+00	   1.0000000e+00	   2.0000000e+00	   1.0000000e+00	   3.5940000e+03	
   2.0400000e+02	   3.0900000e+02	   3.0700000e+02	   1.1000000e+01	   5.0000000e+00	   4.9900000e+00	   3.9100000e+00	   2.4250000e+00	   3.0000000e+00	   2.0000000e+00	   1.0000000e+00	   3.0000000e+00	   9.4300000e+02	
   2.1400000e+02	   2.1500000e+02	   1.1500000e+02	   5.0000000e+00	   1.0000000e+00	   3.4400000e+00	   3.6200000e+00	   2.6900000e+00	   1.0000000e+00	   2.0000000e+00	   3.0000000e+00	   2.0000000e+00	   1.0940000e+03	
   1.1600000e+02	   3.0900000e+02	   3.1100000e+02	   1.4000000e+01	   1.0000000e+00	   4.0250000e+00	   3.9100000e+00	   6.8000000e-01	   2.0000000e+00	   1.0000000e+00	   3.0000000e+00	   1.0000000e+00	   4.9790000e+03	
   2.0100000e+02	   3.0600000e+02	   1.1500000e+02	   5.0000000e+00	   4.0000000e+00	   5.0000000e+00	   4.1050000e+00	   2.6900000e+00	   1.0000000e+00	   2.0000000e+00	   3.0000000e+00	   1.0000000e+00	   1.4850000e+03	
   1.0800000e+02	   2.0800000e+02	   2.1200000e+02	   9.0000000e+00	   1.0000000e+00	   3.6400000e+00	   3.6200000e+00	   2.9850000e+00	   1.0000000e+00	   3.0000000e+00	   2.0000000e+00	   1.0000000e+00	   4.8090000e+03	
   2.0900000e+02	   2.1500000e+02	   1.1500000e+02	   5.0000000e+00	   4.0000000e+00	   4.4000000e+00	   3.6200000e+00	   2.6900000e+00	   2.0000000e+00	   3.0000000e+00	   1.0000000e+00	   3.0000000e+00	   1.9930000e+03	
   2.0700000e+02	   3.0900000e+02	   2.1100000e+02	   8.0000000e+00	   4.0000000e+00	   4.6600000e+00	   3.9100000e+00	   2.4800000e+00	   3.0000000e+00	   1.0000000e+00	   2.0000000e+00	   3.0000000e+00	   1.4040000e+03	
   1.0800000e+02	   2.0800000e+02	   1.1500000e+02	   5.0000000e+00	   1.0000000e+00	   3.6400000e+00	   3.6200000e+00	   2.6900000e+00	   1.0000000e+00	   2.0000000e+00	   3.0000000e+00	   1.0000000e+00	   2.5100000e+03	
   1.0800000e+02	   1.1300000e+02	   1.1500000e+02	   5.0000000e+00	   5.0000000e+00	   3.6400000e+00	   4.9900000e+00	   2.6900000e+00	   3.0000000e+00	   1.0000000e+00	   2.0000000e+00	   1.0000000e+00	   1.6110000e+03	
   1.1200000e+02	   3.0600000e+02	   3.1000000e+02	   1.3000000e+01	   1.0000000e+00	   3.9350000e+00	   4.1050000e+00	   1.2000000e-01	   2.0000000e+00	   1.0000000e+00	   3.0000000e+00	   1.0000000e+00	   4.0430000e+03	
   1.0700000e+02	   2.1500000e+02	   3.1200000e+02	   1.5000000e+01	   2.0000000e+00	   3.8500000e+00	   3.6200000e+00	   2.8650000e+00	   2.0000000e+00	   1.0000000e+00	   3.0000000e+00	   1.0000000e+00	   1.4630000e+03	
   2.0100000e+02	   3.0900000e+02	   2.0500000e+02	   6.0000000e+00	   5.0000000e+00	   5.0000000e+00	   3.9100000e+00	   3.3200000e+00	   1.0000000e+00	   3.0000000e+00	   2.0000000e+00	   1.0000000e+00	   1.2070000e+03	
   1.0700000e+02	   2.1500000e+02	   2.1200000e+02	   9.0000000e+00	   2.0000000e+00	   3.8500000e+00	   3.6200000e+00	   2.9850000e+00	   3.0000000e+00	   1.0000000e+00	   2.0000000e+00	   1.0000000e+00	   1.1550000e+03	
   1.1300000e+02	   2.0100000e+02	   3.1000000e+02	   1.3000000e+01	   1.0000000e+00	   4.9900000e+00	   5.0000000e+00	   1.2000000e-01	   1.0000000e+00	   2.0000000e+00	   3.0000000e+00	   1.0000000e+00	   8.7400000e+02	
   1.1200000e+02	   2.1500000e+02	   1.0400000e+02	   1.0000000e+00	   2.0000000e+00	   3.9350000e+00	   3.6200000e+00	   2.7550000e+00	   3.0000000e+00	   2.0000000e+00	   1.0000000e+00	   2.0000000e+00	   1.8990000e+03	
   1.1600000e+02	   2.0900000e+02	   1.0900000e+02	   3.0000000e+00	   2.0000000e+00	   4.0250000e+00	   4.4000000e+00	   2.0550000e+00	   3.0000000e+00	   1.0000000e+00	   2.0000000e+00	   1.0000000e+00	   3.5900000e+03	
   1.1200000e+02	   3.0600000e+02	   1.1000000e+02	   4.0000000e+00	   1.0000000e+00	   3.9350000e+00	   4.1050000e+00	   1.9550000e+00	   1.0000000e+00	   2.0000000e+00	   3.0000000e+00	   2.0000000e+00	   1.2780000e+03	
   1.0300000e+02	   2.1400000e+02	   2.1000000e+02	   7.0000000e+00	   4.0000000e+00	   4.1950000e+00	   3.4400000e+00	   3.0550000e+00	   2.0000000e+00	   3.0000000e+00	   1.0000000e+00	   1.0000000e+00	   4.3360000e+03	
   2.0700000e+02	   3.0600000e+02	   3.1000000e+02	   1.3000000e+01	   3.0000000e+00	   4.6600000e+00	   4.1050000e+00	   1.2000000e-01	   1.0000000e+00	   2.0000000e+00	   3.0000000e+00	   1.0000000e+00	   2.3360000e+03	
   1.0700000e+02	   2.0900000e+02	   2.1100000e+02	   8.0000000e+00	   3.0000000e+00	   3.8500000e+00	   4.4000000e+00	   2.4800000e+00	   3.0000000e+00	   2.0000000e+00	   1.0000000e+00	   2.0000000e+00	   1.4690000e+03	
   2.0700000e+02	   2.1400000e+02	   1.0600000e+02	   2.0000000e+00	   5.0000000e+00	   4.6600000e+00	   3.4400000e+00	   3.1450000e+00	   2.0000000e+00	   1.0000000e+00	   3.0000000e+00	   2.0000000e+00	   2.9660000e+03	
   1.1200000e+02	   3.0900000e+02	   3.1000000e+02	   1.3000000e+01	   1.0000000e+00	   3.9350000e+00	   3.9100000e+00	   1.2000000e-01	   1.0000000e+00	   3.0000000e+00	   2.0000000e+00	   3.0000000e+00	   1.8510000e+03	
   1.0800000e+02	   2.0800000e+02	   1.1000000e+02	   4.0000000e+00	   1.0000000e+00	   3.6400000e+00	   3.6200000e+00	   1.9550000e+00	   1.0000000e+00	   2.0000000e+00	   3.0000000e+00	   1.0000000e+00	   2.6140000e+03	
   2.0400000e+02	   2.1400000e+02	   2.1100000e+02	   8.0000000e+00	   5.0000000e+00	   4.9900000e+00	   3.4400000e+00	   2.4800000e+00	   2.0000000e+00	   3.0000000e+00	   1.0000000e+00	   2.0000000e+00	   1.3270000e+03	
   1.0700000e+02	   2.0900000e+02	   1.0900000e+02	   3.0000000e+00	   3.0000000e+00	   3.8500000e+00	   4.4000000e+00	   2.0550000e+00	   2.0000000e+00	   3.0000000e+00	   1.0000000e+00	   3.0000000e+00	   2.3180000e+03	
   1.1600000e+02	   2.1400000e+02	   3.0400000e+02	   1.0000000e+01	   3.0000000e+00	   4.0250000e+00	   3.4400000e+00	   3.5500000e-01	   1.0000000e+00	   2.0000000e+00	   3.0000000e+00	   2.0000000e+00	   4.6010000e+03	
   1.1300000e+02	   2.0700000e+02	   2.1100000e+02	   8.0000000e+00	   2.0000000e+00	   4.9900000e+00	   4.6600000e+00	   2.4800000e+00	   1.0000000e+00	   3.0000000e+00	   2.0000000e+00	   3.0000000e+00	   3.4430000e+03	
   2.0400000e+02	   2.1400000e+02	   3.1200000e+02	   1.5000000e+01	   5.0000000e+00	   4.9900000e+00	   3.4400000e+00	   2.8650000e+00	   3.0000000e+00	   2.0000000e+00	   1.0000000e+00	   3.0000000e+00	   1.2590000e+03	
   1.1600000e+02	   2.0400000e+02	   3.0400000e+02	   1.0000000e+01	   4.0000000e+00	   4.0250000e+00	   4.9900000e+00	   3.5500000e-01	   3.0000000e+00	   2.0000000e+00	   1.0000000e+00	   2.0000000e+00	   1.4280000e+03	
   2.0400000e+02	   3.0600000e+02	   1.0400000e+02	   1.0000000e+00	   4.0000000e+00	   4.9900000e+00	   4.1050000e+00	   2.7550000e+00	   1.0000000e+00	   3.0000000e+00	   2.0000000e+00	   1.0000000e+00	   1.3430000e+03	
   2.0400000e+02	   2.0900000e+02	   2.1200000e+02	   9.0000000e+00	   3.0000000e+00	   4.9900000e+00	   4.4000000e+00	   2.9850000e+00	   3.0000000e+00	   1.0000000e+00	   2.0000000e+00	   3.0000000e+00	   1.6100000e+03	
   2.0400000e+02	   3.0900000e+02	   3.1100000e+02	   1.4000000e+01	   5.0000000e+00	   4.9900000e+00	   3.9100000e+00	   6.8000000e-01	   2.0000000e+00	   1.0000000e+00	   3.0000000e+00	   2.0000000e+00	   2.2380000e+03	
   1.0700000e+02	   3.0600000e+02	   1.1000000e+02	   4.0000000e+00	   2.0000000e+00	   3.8500000e+00	   4.1050000e+00	   1.9550000e+00	   1.0000000e+00	   2.0000000e+00	   3.0000000e+00	   2.0000000e+00	   3.1570000e+03	
   1.0800000e+02	   2.1500000e+02	   1.0900000e+02	   3.0000000e+00	   1.0000000e+00	   3.6400000e+00	   3.6200000e+00	   2.0550000e+00	   2.0000000e+00	   1.0000000e+00	   3.0000000e+00	   1.0000000e+00	   1.3850000e+03	
   1.0300000e+02	   1.1200000e+02	   1.0600000e+02	   2.0000000e+00	   2.0000000e+00	   4.1950000e+00	   3.9350000e+00	   3.1450000e+00	   2.0000000e+00	   3.0000000e+00	   1.0000000e+00	   3.0000000e+00	   1.9570000e+03	
   2.1500000e+02	   3.0600000e+02	   3.1000000e+02	   1.3000000e+01	   3.0000000e+00	   3.6200000e+00	   4.1050000e+00	   1.2000000e-01	   2.0000000e+00	   3.0000000e+00	   1.0000000e+00	   2.0000000e+00	   1.1780000e+03	
   1.0800000e+02	   2.0900000e+02	   2.1100000e+02	   8.0000000e+00	   4.0000000e+00	   3.6400000e+00	   4.4000000e+00	   2.4800000e+00	   3.0000000e+00	   2.0000000e+00	   1.0000000e+00	   2.0000000e+00	   2.3420000e+03	
   1.1300000e+02	   2.0100000e+02	   1.1000000e+02	   4.0000000e+00	   1.0000000e+00	   4.9900000e+00	   5.0000000e+00	   1.9550000e+00	   3.0000000e+00	   2.0000000e+00	   1.0000000e+00	   2.0000000e+00	   1.4390000e+03	
   1.0800000e+02	   2.0800000e+02	   1.0900000e+02	   3.0000000e+00	   1.0000000e+00	   3.6400000e+00	   3.6200000e+00	   2.0550000e+00	   1.0000000e+00	   2.0000000e+00	   3.0000000e+00	   1.0000000e+00	   3.6910000e+03	
   2.1500000e+02	   3.0900000e+02	   3.0700000e+02	   1.1000000e+01	   2.0000000e+00	   3.6200000e+00	   3.9100000e+00	   2.4250000e+00	   1.0000000e+00	   2.0000000e+00	   3.0000000e+00	   1.0000000e+00	   1.3790000e+03	
   1.1300000e+02	   2.0900000e+02	   1.1000000e+02	   4.0000000e+00	   3.0000000e+00	   4.9900000e+00	   4.4000000e+00	   1.9550000e+00	   3.0000000e+00	   2.0000000e+00	   1.0000000e+00	   3.0000000e+00	   3.3720000e+03	
   2.0400000e+02	   2.1500000e+02	   2.1200000e+02	   9.0000000e+00	   5.0000000e+00	   4.9900000e+00	   3.6200000e+00	   2.9850000e+00	   2.0000000e+00	   1.0000000e+00	   3.0000000e+00	   2.0000000e+00	   2.0960000e+03	
   1.0800000e+02	   2.0100000e+02	   3.0700000e+02	   1.1000000e+01	   5.0000000e+00	   3.6400000e+00	   5.0000000e+00	   2.4250000e+00	   2.0000000e+00	   3.0000000e+00	   1.0000000e+00	   3.0000000e+00	   1.4510000e+03	
   2.0800000e+02	   2.0900000e+02	   3.1000000e+02	   1.3000000e+01	   4.0000000e+00	   3.6200000e+00	   4.4000000e+00	   1.2000000e-01	   3.0000000e+00	   2.0000000e+00	   1.0000000e+00	   2.0000000e+00	   1.2760000e+03	
   2.0100000e+02	   2.0400000e+02	   1.1000000e+02	   4.0000000e+00	   1.0000000e+00	   5.0000000e+00	   4.9900000e+00	   1.9550000e+00	   1.0000000e+00	   3.0000000e+00	   2.0000000e+00	   1.0000000e+00	   2.7230000e+03	
   1.1200000e+02	   2.0700000e+02	   2.0500000e+02	   6.0000000e+00	   3.0000000e+00	   3.9350000e+00	   4.6600000e+00	   3.3200000e+00	   3.0000000e+00	   2.0000000e+00	   1.0000000e+00	   2.0000000e+00	   1.3010000e+03	
   1.1600000e+02	   2.1500000e+02	   2.1100000e+02	   8.0000000e+00	   2.0000000e+00	   4.0250000e+00	   3.6200000e+00	   2.4800000e+00	   1.0000000e+00	   3.0000000e+00	   2.0000000e+00	   3.0000000e+00	   1.0630000e+03	
   1.1300000e+02	   2.0800000e+02	   1.0900000e+02	   3.0000000e+00	   5.0000000e+00	   4.9900000e+00	   3.6200000e+00	   2.0550000e+00	   1.0000000e+00	   2.0000000e+00	   3.0000000e+00	   1.0000000e+00	   8.3800000e+02	
   1.0300000e+02	   2.0700000e+02	   3.1200000e+02	   1.5000000e+01	   3.0000000e+00	   4.1950000e+00	   4.6600000e+00	   2.8650000e+00	   3.0000000e+00	   1.0000000e+00	   2.0000000e+00	   1.0000000e+00	   1.1640000e+03	
   1.1200000e+02	   2.0100000e+02	   1.0400000e+02	   1.0000000e+00	   5.0000000e+00	   3.9350000e+00	   5.0000000e+00	   2.7550000e+00	   2.0000000e+00	   1.0000000e+00	   3.0000000e+00	   1.0000000e+00	   1.2390000e+03	
   2.0400000e+02	   2.1400000e+02	   2.1000000e+02	   7.0000000e+00	   5.0000000e+00	   4.9900000e+00	   3.4400000e+00	   3.0550000e+00	   2.0000000e+00	   3.0000000e+00	   1.0000000e+00	   2.0000000e+00	   1.2400000e+03	
   1.1300000e+02	   3.0600000e+02	   3.0700000e+02	   1.1000000e+01	   4.0000000e+00	   4.9900000e+00	   4.1050000e+00	   2.4250000e+00	   1.0000000e+00	   2.0000000e+00	   3.0000000e+00	   1.0000000e+00	   9.4700000e+02	
   1.1600000e+02	   2.0100000e+02	   3.0700000e+02	   1.1000000e+01	   4.0000000e+00	   4.0250000e+00	   5.0000000e+00	   2.4250000e+00	   3.0000000e+00	   1.0000000e+00	   2.0000000e+00	   1.0000000e+00	   1.1320000e+03	
   2.0400000e+02	   2.0700000e+02	   3.1000000e+02	   1.3000000e+01	   2.0000000e+00	   4.9900000e+00	   4.6600000e+00	   1.2000000e-01	   1.0000000e+00	   3.0000000e+00	   2.0000000e+00	   1.0000000e+00	   1.1270000e+03	
   1.1600000e+02	   3.0600000e+02	   2.0500000e+02	   6.0000000e+00	   1.0000000e+00	   4.0250000e+00	   4.1050000e+00	   3.3200000e+00	   2.0000000e+00	   3.0000000e+00	   1.0000000e+00	   3.0000000e+00	   1.8560000e+03	
   1.1200000e+02	   2.0800000e+02	   3.1200000e+02	   1.5000000e+01	   2.0000000e+00	   3.9350000e+00	   3.6200000e+00	   2.8650000e+00	   1.0000000e+00	   3.0000000e+00	   2.0000000e+00	   1.0000000e+00	   2.4600000e+03	
   2.0400000e+02	   2.0800000e+02	   3.0400000e+02	   1.0000000e+01	   5.0000000e+00	   4.9900000e+00	   3.6200000e+00	   3.5500000e-01	   3.0000000e+00	   1.0000000e+00	   2.0000000e+00	   3.0000000e+00	   9.2800000e+02	
   1.0800000e+02	   1.1200000e+02	   2.1000000e+02	   7.0000000e+00	   2.0000000e+00	   3.6400000e+00	   3.9350000e+00	   3.0550000e+00	   1.0000000e+00	   3.0000000e+00	   2.0000000e+00	   3.0000000e+00	   2.9670000e+03	
   1.0300000e+02	   2.1400000e+02	   1.0400000e+02	   1.0000000e+00	   4.0000000e+00	   4.1950000e+00	   3.4400000e+00	   2.7550000e+00	   1.0000000e+00	   3.0000000e+00	   2.0000000e+00	   3.0000000e+00	   3.2910000e+03	
   2.0100000e+02	   3.0900000e+02	   1.1000000e+02	   4.0000000e+00	   5.0000000e+00	   5.0000000e+00	   3.9100000e+00	   1.9550000e+00	   2.0000000e+00	   1.0000000e+00	   3.0000000e+00	   2.0000000e+00	   9.4500000e+02	
   1.0700000e+02	   2.1400000e+02	   1.0400000e+02	   1.0000000e+00	   3.0000000e+00	   3.8500000e+00	   3.4400000e+00	   2.7550000e+00	   1.0000000e+00	   3.0000000e+00	   2.0000000e+00	   3.0000000e+00	   3.9750000e+03	
   2.0100000e+02	   2.1400000e+02	   2.1000000e+02	   7.0000000e+00	   5.0000000e+00	   5.0000000e+00	   3.4400000e+00	   3.0550000e+00	   3.0000000e+00	   2.0000000e+00	   1.0000000e+00	   3.0000000e+00	   1.7770000e+03	
   1.0800000e+02	   1.1600000e+02	   1.1500000e+02	   5.0000000e+00	   2.0000000e+00	   3.6400000e+00	   4.0250000e+00	   2.6900000e+00	   1.0000000e+00	   2.0000000e+00	   3.0000000e+00	   2.0000000e+00	   3.9250000e+03	
   2.0100000e+02	   3.0900000e+02	   2.1000000e+02	   7.0000000e+00	   5.0000000e+00	   5.0000000e+00	   3.9100000e+00	   3.0550000e+00	   2.0000000e+00	   3.0000000e+00	   1.0000000e+00	   2.0000000e+00	   1.3060000e+03	
   1.0800000e+02	   2.0700000e+02	   2.1200000e+02	   9.0000000e+00	   4.0000000e+00	   3.6400000e+00	   4.6600000e+00	   2.9850000e+00	   1.0000000e+00	   2.0000000e+00	   3.0000000e+00	   2.0000000e+00	   1.2050000e+03	
   1.0700000e+02	   1.1200000e+02	   1.1500000e+02	   5.0000000e+00	   1.0000000e+00	   3.8500000e+00	   3.9350000e+00	   2.6900000e+00	   2.0000000e+00	   3.0000000e+00	   1.0000000e+00	   3.0000000e+00	   1.2520000e+03	
   2.0900000e+02	   3.0900000e+02	   2.1200000e+02	   9.0000000e+00	   3.0000000e+00	   4.4000000e+00	   3.9100000e+00	   2.9850000e+00	   2.0000000e+00	   3.0000000e+00	   1.0000000e+00	   3.0000000e+00	   3.9150000e+03	
   2.0400000e+02	   2.0800000e+02	   1.1500000e+02	   5.0000000e+00	   5.0000000e+00	   4.9900000e+00	   3.6200000e+00	   2.6900000e+00	   3.0000000e+00	   1.0000000e+00	   2.0000000e+00	   3.0000000e+00	   2.1110000e+03	
   2.0800000e+02	   3.0900000e+02	   2.1200000e+02	   9.0000000e+00	   2.0000000e+00	   3.6200000e+00	   3.9100000e+00	   2.9850000e+00	   1.0000000e+00	   2.0000000e+00	   3.0000000e+00	   2.0000000e+00	   1.8070000e+03	
   2.0400000e+02	   2.0900000e+02	   2.0500000e+02	   6.0000000e+00	   3.0000000e+00	   4.9900000e+00	   4.4000000e+00	   3.3200000e+00	   2.0000000e+00	   1.0000000e+00	   3.0000000e+00	   2.0000000e+00	   9.5000000e+02	
   1.0800000e+02	   3.0900000e+02	   1.0400000e+02	   1.0000000e+00	   2.0000000e+00	   3.6400000e+00	   3.9100000e+00	   2.7550000e+00	   1.0000000e+00	   2.0000000e+00	   3.0000000e+00	   2.0000000e+00	   2.2740000e+03	
   2.0700000e+02	   2.1500000e+02	   3.1200000e+02	   1.5000000e+01	   4.0000000e+00	   4.6600000e+00	   3.6200000e+00	   2.8650000e+00	   3.0000000e+00	   1.0000000e+00	   2.0000000e+00	   1.0000000e+00	   1.1140000e+03	
   1.1300000e+02	   2.1400000e+02	   2.1200000e+02	   9.0000000e+00	   5.0000000e+00	   4.9900000e+00	   3.4400000e+00	   2.9850000e+00	   1.0000000e+00	   3.0000000e+00	   2.0000000e+00	   1.0000000e+00	   1.1760000e+03	
   1.1200000e+02	   2.0400000e+02	   1.1500000e+02	   5.0000000e+00	   4.0000000e+00	   3.9350000e+00	   4.9900000e+00	   2.6900000e+00	   2.0000000e+00	   3.0000000e+00	   1.0000000e+00	   3.0000000e+00	   1.5150000e+03	
   1.0700000e+02	   3.0900000e+02	   2.0500000e+02	   6.0000000e+00	   1.0000000e+00	   3.8500000e+00	   3.9100000e+00	   3.3200000e+00	   2.0000000e+00	   1.0000000e+00	   3.0000000e+00	   1.0000000e+00	   2.0300000e+03	
   1.1200000e+02	   3.0600000e+02	   2.0500000e+02	   6.0000000e+00	   1.0000000e+00	   3.9350000e+00	   4.1050000e+00	   3.3200000e+00	   3.0000000e+00	   2.0000000e+00	   1.0000000e+00	   2.0000000e+00	   1.3370000e+03	
   1.1300000e+02	   2.0900000e+02	   2.0500000e+02	   6.0000000e+00	   3.0000000e+00	   4.9900000e+00	   4.4000000e+00	   3.3200000e+00	   1.0000000e+00	   3.0000000e+00	   2.0000000e+00	   1.0000000e+00	   1.2930000e+03	
   1.1200000e+02	   2.0100000e+02	   3.1100000e+02	   1.4000000e+01	   5.0000000e+00	   3.9350000e+00	   5.0000000e+00	   6.8000000e-01	   3.0000000e+00	   1.0000000e+00	   2.0000000e+00	   1.0000000e+00	   9.5500000e+02	
   2.1400000e+02	   2.1500000e+02	   3.1000000e+02	   1.3000000e+01	   1.0000000e+00	   3.4400000e+00	   3.6200000e+00	   1.2000000e-01	   2.0000000e+00	   1.0000000e+00	   3.0000000e+00	   1.0000000e+00	   1.4700000e+03	
   2.0700000e+02	   2.0800000e+02	   3.0800000e+02	   1.2000000e+01	   4.0000000e+00	   4.6600000e+00	   3.6200000e+00	   2.3300000e+00	   2.0000000e+00	   3.0000000e+00	   1.0000000e+00	   2.0000000e+00	   1.8590000e+03	
   2.0800000e+02	   2.1400000e+02	   2.1200000e+02	   9.0000000e+00	   1.0000000e+00	   3.6200000e+00	   3.4400000e+00	   2.9850000e+00	   2.0000000e+00	   3.0000000e+00	   1.0000000e+00	   3.0000000e+00	   5.3060000e+03	
   1.1200000e+02	   3.0600000e+02	   1.0900000e+02	   3.0000000e+00	   1.0000000e+00	   3.9350000e+00	   4.1050000e+00	   2.0550000e+00	   2.0000000e+00	   3.0000000e+00	   1.0000000e+00	   3.0000000e+00	   1.6200000e+03	
   2.0100000e+02	   3.0600000e+02	   3.0400000e+02	   1.0000000e+01	   4.0000000e+00	   5.0000000e+00	   4.1050000e+00	   3.5500000e-01	   1.0000000e+00	   2.0000000e+00	   3.0000000e+00	   1.0000000e+00	   1.1010000e+03	
   1.0300000e+02	   1.1300000e+02	   2.1200000e+02	   9.0000000e+00	   4.0000000e+00	   4.1950000e+00	   4.9900000e+00	   2.9850000e+00	   1.0000000e+00	   2.0000000e+00	   3.0000000e+00	   2.0000000e+00	   1.3040000e+03	
   1.0700000e+02	   1.0800000e+02	   2.1200000e+02	   9.0000000e+00	   1.0000000e+00	   3.8500000e+00	   3.6400000e+00	   2.9850000e+00	   1.0000000e+00	   2.0000000e+00	   3.0000000e+00	   1.0000000e+00	   3.2000000e+03	
   1.1600000e+02	   2.0900000e+02	   3.0400000e+02	   1.0000000e+01	   2.0000000e+00	   4.0250000e+00	   4.4000000e+00	   3.5500000e-01	   3.0000000e+00	   1.0000000e+00	   2.0000000e+00	   1.0000000e+00	   5.1270000e+03	
   1.0300000e+02	   2.0900000e+02	   3.0700000e+02	   1.1000000e+01	   1.0000000e+00	   4.1950000e+00	   4.4000000e+00	   2.4250000e+00	   3.0000000e+00	   1.0000000e+00	   2.0000000e+00	   1.0000000e+00	   1.6510000e+03	
   1.0300000e+02	   2.0100000e+02	   2.0500000e+02	   6.0000000e+00	   4.0000000e+00	   4.1950000e+00	   5.0000000e+00	   3.3200000e+00	   1.0000000e+00	   3.0000000e+00	   2.0000000e+00	   3.0000000e+00	   1.3080000e+03	
   1.1200000e+02	   3.0600000e+02	   3.1100000e+02	   1.4000000e+01	   1.0000000e+00	   3.9350000e+00	   4.1050000e+00	   6.8000000e-01	   1.0000000e+00	   2.0000000e+00	   3.0000000e+00	   2.0000000e+00	   2.2540000e+03	
   1.0800000e+02	   2.0100000e+02	   3.1000000e+02	   1.3000000e+01	   5.0000000e+00	   3.6400000e+00	   5.0000000e+00	   1.2000000e-01	   2.0000000e+00	   3.0000000e+00	   1.0000000e+00	   3.0000000e+00	   1.9620000e+03	
   1.1300000e+02	   2.0700000e+02	   3.0700000e+02	   1.1000000e+01	   2.0000000e+00	   4.9900000e+00	   4.6600000e+00	   2.4250000e+00	   1.0000000e+00	   3.0000000e+00	   2.0000000e+00	   1.0000000e+00	   1.0920000e+03	
   1.0700000e+02	   1.1600000e+02	   3.1100000e+02	   1.4000000e+01	   1.0000000e+00	   3.8500000e+00	   4.0250000e+00	   6.8000000e-01	   1.0000000e+00	   3.0000000e+00	   2.0000000e+00	   3.0000000e+00	   5.8530000e+03	
   2.0700000e+02	   2.1400000e+02	   3.0800000e+02	   1.2000000e+01	   5.0000000e+00	   4.6600000e+00	   3.4400000e+00	   2.3300000e+00	   3.0000000e+00	   1.0000000e+00	   2.0000000e+00	   3.0000000e+00	   1.3960000e+03	
   1.1600000e+02	   3.0900000e+02	   1.0600000e+02	   2.0000000e+00	   1.0000000e+00	   4.0250000e+00	   3.9100000e+00	   3.1450000e+00	   3.0000000e+00	   1.0000000e+00	   2.0000000e+00	   1.0000000e+00	   1.5720000e+03	
   1.0300000e+02	   2.0100000e+02	   2.1100000e+02	   8.0000000e+00	   4.0000000e+00	   4.1950000e+00	   5.0000000e+00	   2.4800000e+00	   1.0000000e+00	   2.0000000e+00	   3.0000000e+00	   2.0000000e+00	   1.7440000e+03	
   1.1600000e+02	   2.0400000e+02	   3.1100000e+02	   1.4000000e+01	   4.0000000e+00	   4.0250000e+00	   4.9900000e+00	   6.8000000e-01	   2.0000000e+00	   1.0000000e+00	   3.0000000e+00	   1.0000000e+00	   1.0980000e+03	
   2.0700000e+02	   2.0900000e+02	   1.1000000e+02	   4.0000000e+00	   2.0000000e+00	   4.6600000e+00	   4.4000000e+00	   1.9550000e+00	   3.0000000e+00	   2.0000000e+00	   1.0000000e+00	   3.0000000e+00	   1.4260000e+03	
   1.0700000e+02	   3.0600000e+02	   3.0800000e+02	   1.2000000e+01	   2.0000000e+00	   3.8500000e+00	   4.1050000e+00	   2.3300000e+00	   3.0000000e+00	   1.0000000e+00	   2.0000000e+00	   1.0000000e+00	   2.2530000e+03	
   1.1200000e+02	   3.0900000e+02	   3.1200000e+02	   1.5000000e+01	   1.0000000e+00	   3.9350000e+00	   3.9100000e+00	   2.8650000e+00	   2.0000000e+00	   1.0000000e+00	   3.0000000e+00	   1.0000000e+00	   3.4450000e+03	
   1.1300000e+02	   3.0600000e+02	   1.0400000e+02	   1.0000000e+00	   4.0000000e+00	   4.9900000e+00	   4.1050000e+00	   2.7550000e+00	   1.0000000e+00	   3.0000000e+00	   2.0000000e+00	   1.0000000e+00	   9.5500000e+02	
   1.0300000e+02	   2.0800000e+02	   2.0500000e+02	   6.0000000e+00	   3.0000000e+00	   4.1950000e+00	   3.6200000e+00	   3.3200000e+00	   3.0000000e+00	   1.0000000e+00	   2.0000000e+00	   2.0000000e+00	   4.0330000e+03	
   2.0900000e+02	   3.0600000e+02	   1.0600000e+02	   2.0000000e+00	   2.0000000e+00	   4.4000000e+00	   4.1050000e+00	   3.1450000e+00	   2.0000000e+00	   1.0000000e+00	   3.0000000e+00	   1.0000000e+00	   1.4950000e+03	
   1.0300000e+02	   2.0700000e+02	   1.1500000e+02	   5.0000000e+00	   3.0000000e+00	   4.1950000e+00	   4.6600000e+00	   2.6900000e+00	   2.0000000e+00	   3.0000000e+00	   1.0000000e+00	   3.0000000e+00	   2.0220000e+03	
   1.1600000e+02	   2.0800000e+02	   3.1100000e+02	   1.4000000e+01	   2.0000000e+00	   4.0250000e+00	   3.6200000e+00	   6.8000000e-01	   2.0000000e+00	   3.0000000e+00	   1.0000000e+00	   2.0000000e+00	   4.7980000e+03	
   2.0100000e+02	   2.0700000e+02	   1.0400000e+02	   1.0000000e+00	   2.0000000e+00	   5.0000000e+00	   4.6600000e+00	   2.7550000e+00	   3.0000000e+00	   2.0000000e+00	   1.0000000e+00	   3.0000000e+00	   1.7600000e+03	
   1.1200000e+02	   3.0600000e+02	   3.0800000e+02	   1.2000000e+01	   1.0000000e+00	   3.9350000e+00	   4.1050000e+00	   2.3300000e+00	   3.0000000e+00	   2.0000000e+00	   1.0000000e+00	   2.0000000e+00	   2.8530000e+03	
   2.0400000e+02	   2.1500000e+02	   3.0800000e+02	   1.2000000e+01	   5.0000000e+00	   4.9900000e+00	   3.6200000e+00	   2.3300000e+00	   1.0000000e+00	   2.0000000e+00	   3.0000000e+00	   1.0000000e+00	   1.3210000e+03	
   1.0300000e+02	   1.1600000e+02	   3.0400000e+02	   1.0000000e+01	   1.0000000e+00	   4.1950000e+00	   4.0250000e+00	   3.5500000e-01	   1.0000000e+00	   3.0000000e+00	   2.0000000e+00	   3.0000000e+00	   2.1430000e+03	
   1.0700000e+02	   2.0800000e+02	   3.1200000e+02	   1.5000000e+01	   2.0000000e+00	   3.8500000e+00	   3.6200000e+00	   2.8650000e+00	   1.0000000e+00	   2.0000000e+00	   3.0000000e+00	   1.0000000e+00	   3.4950000e+03	
   1.1600000e+02	   2.0400000e+02	   2.1200000e+02	   9.0000000e+00	   4.0000000e+00	   4.0250000e+00	   4.9900000e+00	   2.9850000e+00	   3.0000000e+00	   1.0000000e+00	   2.0000000e+00	   1.0000000e+00	   9.1500000e+02	
   2.0700000e+02	   2.0800000e+02	   3.1100000e+02	   1.4000000e+01	   4.0000000e+00	   4.6600000e+00	   3.6200000e+00	   6.8000000e-01	   2.0000000e+00	   3.0000000e+00	   1.0000000e+00	   2.0000000e+00	   1.3910000e+03	
   1.0700000e+02	   2.0900000e+02	   3.1100000e+02	   1.4000000e+01	   3.0000000e+00	   3.8500000e+00	   4.4000000e+00	   6.8000000e-01	   2.0000000e+00	   3.0000000e+00	   1.0000000e+00	   2.0000000e+00	   3.0030000e+03	
   1.1600000e+02	   2.0400000e+02	   2.0500000e+02	   6.0000000e+00	   4.0000000e+00	   4.0250000e+00	   4.9900000e+00	   3.3200000e+00	   1.0000000e+00	   3.0000000e+00	   2.0000000e+00	   3.0000000e+00	   1.7840000e+03	
   1.1600000e+02	   2.0800000e+02	   3.0700000e+02	   1.1000000e+01	   2.0000000e+00	   4.0250000e+00	   3.6200000e+00	   2.4250000e+00	   2.0000000e+00	   3.0000000e+00	   1.0000000e+00	   2.0000000e+00	   4.9740000e+03	
   2.0400000e+02	   2.0900000e+02	   1.1000000e+02	   4.0000000e+00	   3.0000000e+00	   4.9900000e+00	   4.4000000e+00	   1.9550000e+00	   3.0000000e+00	   1.0000000e+00	   2.0000000e+00	   3.0000000e+00	   1.0850000e+03	
   1.1200000e+02	   1.1600000e+02	   3.0700000e+02	   1.1000000e+01	   1.0000000e+00	   3.9350000e+00	   4.0250000e+00	   2.4250000e+00	   1.0000000e+00	   3.0000000e+00	   2.0000000e+00	   1.0000000e+00	   3.2520000e+03	
   1.0700000e+02	   2.0700000e+02	   3.0700000e+02	   1.1000000e+01	   4.0000000e+00	   3.8500000e+00	   4.6600000e+00	   2.4250000e+00	   2.0000000e+00	   3.0000000e+00	   1.0000000e+00	   3.0000000e+00	   1.6100000e+03	
   1.0800000e+02	   2.1400000e+02	   2.1100000e+02	   8.0000000e+00	   1.0000000e+00	   3.6400000e+00	   3.4400000e+00	   2.4800000e+00	   3.0000000e+00	   1.0000000e+00	   2.0000000e+00	   3.0000000e+00	   1.7520000e+03	
   2.0700000e+02	   3.0900000e+02	   1.0600000e+02	   2.0000000e+00	   4.0000000e+00	   4.6600000e+00	   3.9100000e+00	   3.1450000e+00	   2.0000000e+00	   1.0000000e+00	   3.0000000e+00	   2.0000000e+00	   1.9160000e+03	
   1.1300000e+02	   2.0900000e+02	   1.0400000e+02	   1.0000000e+00	   3.0000000e+00	   4.9900000e+00	   4.4000000e+00	   2.7550000e+00	   1.0000000e+00	   3.0000000e+00	   2.0000000e+00	   1.0000000e+00	   7.4500000e+02	
   1.0800000e+02	   1.1200000e+02	   2.0500000e+02	   6.0000000e+00	   2.0000000e+00	   3.6400000e+00	   3.9350000e+00	   3.3200000e+00	   2.0000000e+00	   1.0000000e+00	   3.0000000e+00	   1.0000000e+00	   2.2520000e+03	
   2.0400000e+02	   3.0900000e+02	   2.1100000e+02	   8.0000000e+00	   5.0000000e+00	   4.9900000e+00	   3.9100000e+00	   2.4800000e+00	   2.0000000e+00	   3.0000000e+00	   1.0000000e+00	   2.0000000e+00	   8.5600000e+02	
   2.0900000e+02	   2.1500000e+02	   1.0600000e+02	   2.0000000e+00	   4.0000000e+00	   4.4000000e+00	   3.6200000e+00	   3.1450000e+00	   3.0000000e+00	   2.0000000e+00	   1.0000000e+00	   2.0000000e+00	   1.5920000e+03	
   1.1200000e+02	   3.0600000e+02	   2.1000000e+02	   7.0000000e+00	   1.0000000e+00	   3.9350000e+00	   4.1050000e+00	   3.0550000e+00	   3.0000000e+00	   1.0000000e+00	   2.0000000e+00	   1.0000000e+00	   1.4910000e+03	
   1.1300000e+02	   2.0700000e+02	   3.0400000e+02	   1.0000000e+01	   2.0000000e+00	   4.9900000e+00	   4.6600000e+00	   3.5500000e-01	   1.0000000e+00	   2.0000000e+00	   3.0000000e+00	   1.0000000e+00	   9.4200000e+02	
   2.0800000e+02	   3.0600000e+02	   1.1500000e+02	   5.0000000e+00	   3.0000000e+00	   3.6200000e+00	   4.1050000e+00	   2.6900000e+00	   3.0000000e+00	   1.0000000e+00	   2.0000000e+00	   1.0000000e+00	   1.9150000e+03	
   2.0400000e+02	   2.0900000e+02	   3.1200000e+02	   1.5000000e+01	   3.0000000e+00	   4.9900000e+00	   4.4000000e+00	   2.8650000e+00	   1.0000000e+00	   3.0000000e+00	   2.0000000e+00	   1.0000000e+00	   9.8200000e+02	
   1.1200000e+02	   2.0400000e+02	   2.0500000e+02	   6.0000000e+00	   4.0000000e+00	   3.9350000e+00	   4.9900000e+00	   3.3200000e+00	   1.0000000e+00	   2.0000000e+00	   3.0000000e+00	   2.0000000e+00	   8.4600000e+02	
   1.1200000e+02	   1.1300000e+02	   3.1000000e+02	   1.3000000e+01	   4.0000000e+00	   3.9350000e+00	   4.9900000e+00	   1.2000000e-01	   1.0000000e+00	   3.0000000e+00	   2.0000000e+00	   3.0000000e+00	   1.4300000e+03	
   1.1200000e+02	   2.0800000e+02	   3.1000000e+02	   1.3000000e+01	   2.0000000e+00	   3.9350000e+00	   3.6200000e+00	   1.2000000e-01	   1.0000000e+00	   3.0000000e+00	   2.0000000e+00	   1.0000000e+00	   1.6740000e+03	
   1.1200000e+02	   2.0900000e+02	   1.0400000e+02	   1.0000000e+00	   3.0000000e+00	   3.9350000e+00	   4.4000000e+00	   2.7550000e+00	   2.0000000e+00	   3.0000000e+00	   1.0000000e+00	   2.0000000e+00	   2.3020000e+03	
   1.0300000e+02	   2.1500000e+02	   2.1000000e+02	   7.0000000e+00	   3.0000000e+00	   4.1950000e+00	   3.6200000e+00	   3.0550000e+00	   2.0000000e+00	   1.0000000e+00	   3.0000000e+00	   1.0000000e+00	   1.1280000e+03	
   1.1300000e+02	   1.1600000e+02	   1.0900000e+02	   3.0000000e+00	   4.0000000e+00	   4.9900000e+00	   4.0250000e+00	   2.0550000e+00	   3.0000000e+00	   1.0000000e+00	   2.0000000e+00	   3.0000000e+00	   1.2570000e+03	
   2.1500000e+02	   3.0600000e+02	   1.1000000e+02	   4.0000000e+00	   3.0000000e+00	   3.6200000e+00	   4.1050000e+00	   1.9550000e+00	   1.0000000e+00	   2.0000000e+00	   3.0000000e+00	   1.0000000e+00	   2.0240000e+03	
   1.1600000e+02	   2.0900000e+02	   1.1500000e+02	   5.0000000e+00	   2.0000000e+00	   4.0250000e+00	   4.4000000e+00	   2.6900000e+00	   1.0000000e+00	   2.0000000e+00	   3.0000000e+00	   2.0000000e+00	   4.1870000e+03	
   1.0800000e+02	   2.1500000e+02	   2.1100000e+02	   8.0000000e+00	   1.0000000e+00	   3.6400000e+00	   3.6200000e+00	   2.4800000e+00	   3.0000000e+00	   2.0000000e+00	   1.0000000e+00	   2.0000000e+00	   1.7330000e+03	
   1.0700000e+02	   2.1400000e+02	   3.1100000e+02	   1.4000000e+01	   3.0000000e+00	   3.8500000e+00	   3.4400000e+00	   6.8000000e-01	   3.0000000e+00	   1.0000000e+00	   2.0000000e+00	   3.0000000e+00	   3.0130000e+03	
   2.0800000e+02	   3.0600000e+02	   3.0700000e+02	   1.1000000e+01	   3.0000000e+00	   3.6200000e+00	   4.1050000e+00	   2.4250000e+00	   3.0000000e+00	   1.0000000e+00	   2.0000000e+00	   1.0000000e+00	   1.4670000e+03	
   1.0800000e+02	   3.0600000e+02	   1.0600000e+02	   2.0000000e+00	   3.0000000e+00	   3.6400000e+00	   4.1050000e+00	   3.1450000e+00	   2.0000000e+00	   1.0000000e+00	   3.0000000e+00	   1.0000000e+00	   1.9370000e+03	
   2.0100000e+02	   2.1400000e+02	   1.0600000e+02	   2.0000000e+00	   5.0000000e+00	   5.0000000e+00	   3.4400000e+00	   3.1450000e+00	   3.0000000e+00	   2.0000000e+00	   1.0000000e+00	   3.0000000e+00	   2.0140000e+03	
   2.0100000e+02	   3.0600000e+02	   3.1100000e+02	   1.4000000e+01	   4.0000000e+00	   5.0000000e+00	   4.1050000e+00	   6.8000000e-01	   2.0000000e+00	   3.0000000e+00	   1.0000000e+00	   2.0000000e+00	   1.1560000e+03	
   1.0700000e+02	   2.0800000e+02	   3.1100000e+02	   1.4000000e+01	   2.0000000e+00	   3.8500000e+00	   3.6200000e+00	   6.8000000e-01	   3.0000000e+00	   1.0000000e+00	   2.0000000e+00	   3.0000000e+00	   3.1270000e+03	
