   1.0000000e+00	   3.0700000e+02	   3.0000000e+00	   1.3700000e+00	   4.4930000e+03	   3.0100000e+00	   6.5650000e+03	
   2.0000000e+00	   3.1300000e+02	   3.0000000e+00	   3.1200000e+00	   2.3370000e+03	   3.5600000e+00	   1.9990000e+03	
   3.0000000e+00	   1.0500000e+02	   1.0000000e+00	   4.0000000e-02	   2.4020000e+03	   1.8000000e-01	   1.9980000e+03	
   4.0000000e+00	   1.0700000e+02	   1.0000000e+00	   3.3600000e+00	   2.3890000e+03	   3.0400000e+00	   1.6990000e+03	
   5.0000000e+00	   2.0500000e+02	   2.0000000e+00	   3.1800000e+00	   2.3380000e+03	   1.5400000e+00	   1.8320000e+03	
   6.0000000e+00	   2.0300000e+02	   2.0000000e+00	   4.3000000e+00	   2.7370000e+03	   1.2400000e+00	   2.0330000e+03	
   7.0000000e+00	   3.0200000e+02	   3.0000000e+00	   3.1900000e+00	   1.9050000e+03	   3.9600000e+00	   1.4330000e+03	
   8.0000000e+00	   3.1200000e+02	   3.0000000e+00	   4.8400000e+00	   2.3710000e+03	   3.3900000e+00	   1.6660000e+03	
   9.0000000e+00	   1.0800000e+02	   1.0000000e+00	   3.8500000e+00	   1.3720000e+03	   4.5100000e+00	   1.0670000e+03	
   1.0000000e+01	   3.0500000e+02	   3.0000000e+00	   0.0000000e+00	   1.4890000e+03	   1.8200000e+00	   3.2000000e+03	
   1.1000000e+01	   2.1300000e+02	   2.0000000e+00	   4.1700000e+00	   2.3890000e+03	   2.7000000e+00	   2.1660000e+03	
   1.2000000e+01	   3.0400000e+02	   3.0000000e+00	   3.2700000e+00	   4.1550000e+03	   4.4300000e+00	   1.8990000e+03	
   1.3000000e+01	   2.1000000e+02	   2.0000000e+00	   3.4300000e+00	   2.3250000e+03	   4.5000000e+00	   1.7990000e+03	
   1.4000000e+01	   1.0100000e+02	   1.0000000e+00	   1.7500000e+00	   4.1220000e+03	   3.5700000e+00	   7.3300000e+02	
   1.5000000e+01	   2.0600000e+02	   2.0000000e+00	   4.3500000e+00	   2.4550000e+03	   4.5400000e+00	   1.0990000e+03	
   1.6000000e+01	   3.0600000e+02	   3.0000000e+00	   4.6600000e+00	   1.4570000e+03	   4.9300000e+00	   9.9900000e+02	
   1.7000000e+01	   1.1100000e+02	   1.0000000e+00	   3.2300000e+00	   2.2900000e+03	   1.3000000e+00	   1.6990000e+03	
   1.8000000e+01	   2.1100000e+02	   2.0000000e+00	   4.3500000e+00	   4.2210000e+03	   2.5900000e+00	   2.5990000e+03	
   1.9000000e+01	   1.1500000e+02	   1.0000000e+00	   6.1000000e-01	   2.2900000e+03	   8.7000000e-01	   1.8990000e+03	
   2.0000000e+01	   1.0900000e+02	   1.0000000e+00	   1.8800000e+00	   3.9220000e+03	   2.8300000e+00	   9.0000000e+02	
   2.1000000e+01	   3.0900000e+02	   3.0000000e+00	   5.0000000e+00	   2.9380000e+03	   4.7200000e+00	   1.3990000e+03	
   2.2000000e+01	   2.0200000e+02	   2.0000000e+00	   3.4100000e+00	   2.6220000e+03	   4.5100000e+00	   1.0330000e+03	
   2.3000000e+01	   1.0600000e+02	   1.0000000e+00	   2.1300000e+00	   3.2380000e+03	   3.4100000e+00	   1.6000000e+03	
   2.4000000e+01	   3.1000000e+02	   3.0000000e+00	   2.5300000e+00	   2.6700000e+03	   1.0400000e+00	   1.8330000e+03	
   2.5000000e+01	   1.1600000e+02	   1.0000000e+00	   3.1000000e+00	   4.5710000e+03	   4.6900000e+00	   1.1330000e+03	
   2.6000000e+01	   3.1400000e+02	   3.0000000e+00	   6.7000000e-01	   2.6000000e+03	   7.0000000e-01	   1.7000000e+03	
   2.7000000e+01	   2.0100000e+02	   2.0000000e+00	   4.5500000e+00	   3.2700000e+03	   2.5500000e+00	   1.2670000e+03	
   2.8000000e+01	   2.0700000e+02	   2.0000000e+00	   5.0000000e+00	   2.1710000e+03	   2.6800000e+00	   1.1660000e+03	
   2.9000000e+01	   3.0300000e+02	   3.0000000e+00	   3.5100000e+00	   3.2710000e+03	   5.0000000e+00	   1.2660000e+03	
   3.0000000e+01	   2.1400000e+02	   2.0000000e+00	   2.3000000e-01	   2.1220000e+03	   1.7800000e+00	   1.6660000e+03	
   3.1000000e+01	   1.0400000e+02	   1.0000000e+00	   1.9200000e+00	   2.6560000e+03	   2.1100000e+00	   1.4330000e+03	
   3.2000000e+01	   1.1300000e+02	   1.0000000e+00	   5.0000000e+00	   2.1380000e+03	   5.0000000e+00	   9.9900000e+02	
   3.3000000e+01	   1.0300000e+02	   1.0000000e+00	   4.6000000e-01	   1.6720000e+03	   9.8000000e-01	   2.1320000e+03	
   3.4000000e+01	   3.0800000e+02	   3.0000000e+00	   1.1800000e+00	   2.6710000e+03	   2.3200000e+00	   3.6660000e+03	
   3.5000000e+01	   2.1500000e+02	   2.0000000e+00	   2.9400000e+00	   3.6040000e+03	   3.8900000e+00	   1.9000000e+03	
   3.6000000e+01	   3.1100000e+02	   3.0000000e+00	   2.1300000e+00	   4.0040000e+03	   3.7200000e+00	   1.4990000e+03	
   3.7000000e+01	   1.1200000e+02	   1.0000000e+00	   3.9800000e+00	   2.1380000e+03	   5.0000000e+00	   8.6700000e+02	
   3.8000000e+01	   2.0900000e+02	   2.0000000e+00	   4.8100000e+00	   4.3710000e+03	   5.0000000e+00	   8.6600000e+02	
   3.9000000e+01	   2.0400000e+02	   2.0000000e+00	   5.0000000e+00	   2.7560000e+03	   2.9500000e+00	   2.1990000e+03	
   4.0000000e+01	   1.1400000e+02	   1.0000000e+00	   3.9000000e-01	   2.8550000e+03	   9.4000000e-01	   1.1990000e+03	
   4.1000000e+01	   2.1200000e+02	   2.0000000e+00	   3.7200000e+00	   3.6710000e+03	   5.8000000e-01	   1.9330000e+03	
   4.2000000e+01	   1.0200000e+02	   1.0000000e+00	   5.4000000e-01	   2.3050000e+03	   3.7500000e+00	   1.6330000e+03	
   4.3000000e+01	   2.0800000e+02	   2.0000000e+00	   3.4800000e+00	   2.4700000e+03	   5.0000000e+00	   8.0000000e+02	
   4.4000000e+01	   1.1000000e+02	   1.0000000e+00	   5.6000000e-01	   2.1710000e+03	   1.6000000e-01	   1.4330000e+03	
   4.5000000e+01	   3.0100000e+02	   3.0000000e+00	   4.2400000e+00	   1.8890000e+03	   3.9200000e+00	   1.7670000e+03	
