   1.0000000e+00	   1.0000000e+00	   1.1500000e+02	   2.5000000e+00	   1.5200000e+03	
   1.0000000e+00	   2.0000000e+00	   3.0300000e+02	   2.5000000e+00	   9.6100000e+02	
   1.0000000e+00	   3.0000000e+00	   3.0800000e+02	   4.7200000e+00	   3.7890000e+03	
   1.0000000e+00	   4.0000000e+00	   1.1300000e+02	   1.3000000e-01	   2.2580000e+03	
   1.0000000e+00	   5.0000000e+00	   3.1400000e+02	   4.7500000e+00	   3.2940000e+03	
   1.0000000e+00	   6.0000000e+00	   2.0400000e+02	   4.4600000e+00	   3.3280000e+03	
   1.0000000e+00	   7.0000000e+00	   1.0200000e+02	   4.0100000e+00	   2.5280000e+03	
   1.0000000e+00	   8.0000000e+00	   2.0100000e+02	   4.0500000e+00	   2.2270000e+03	
   1.0000000e+00	   9.0000000e+00	   3.0900000e+02	   6.7000000e-01	   1.9590000e+03	
   1.0000000e+00	   1.0000000e+01	   3.1100000e+02	   5.0000000e+00	   1.7610000e+03	
   1.0000000e+00	   1.1000000e+01	   1.0700000e+02	   9.8000000e-01	   2.9270000e+03	
   1.0000000e+00	   1.2000000e+01	   1.0300000e+02	   1.0100000e+00	   2.2620000e+03	
   1.0000000e+00	   1.3000000e+01	   1.0100000e+02	   1.3000000e-01	   2.3600000e+03	
   1.0000000e+00	   1.4000000e+01	   1.0400000e+02	   1.8000000e-01	   2.1280000e+03	
   1.0000000e+00	   1.5000000e+01	   1.1600000e+02	   5.2000000e-01	   2.4290000e+03	
   1.0000000e+00	   1.6000000e+01	   2.0200000e+02	   4.5400000e+00	   1.7610000e+03	
   1.0000000e+00	   1.7000000e+01	   3.0700000e+02	   1.9500000e+00	   2.4940000e+03	
   1.0000000e+00	   1.8000000e+01	   1.0900000e+02	   7.0000000e-01	   2.3930000e+03	
   1.0000000e+00	   1.9000000e+01	   2.1000000e+02	   5.0000000e+00	   1.8800000e+03	
   1.0000000e+00	   2.0000000e+01	   2.1100000e+02	   1.0900000e+00	   2.4270000e+03	
   1.0000000e+00	   2.1000000e+01	   3.1200000e+02	   4.5200000e+00	   1.9280000e+03	
   1.0000000e+00	   2.2000000e+01	   1.0800000e+02	   2.9700000e+00	   2.3260000e+03	
   1.0000000e+00	   2.3000000e+01	   3.1300000e+02	   3.1000000e-01	   1.8620000e+03	
   1.0000000e+00	   2.4000000e+01	   2.0800000e+02	   5.0000000e+00	   1.5600000e+03	
   1.0000000e+00	   2.5000000e+01	   3.0400000e+02	   3.9600000e+00	   2.3610000e+03	
   1.0000000e+00	   2.6000000e+01	   1.0500000e+02	   9.6000000e-01	   2.0280000e+03	
   1.0000000e+00	   2.7000000e+01	   3.0600000e+02	   1.0300000e+00	   2.4590000e+03	
   1.0000000e+00	   2.8000000e+01	   2.1500000e+02	   3.5900000e+00	   1.6280000e+03	
   1.0000000e+00	   2.9000000e+01	   2.1400000e+02	   4.6100000e+00	   2.5320000e+03	
   1.0000000e+00	   3.0000000e+01	   2.1200000e+02	   2.4000000e-01	   2.5170000e+03	
   1.0000000e+00	   3.1000000e+01	   2.0700000e+02	   3.0000000e-01	   2.0600000e+03	
   1.0000000e+00	   3.2000000e+01	   3.0200000e+02	   2.9000000e-01	   1.5610000e+03	
   1.0000000e+00	   3.3000000e+01	   1.1200000e+02	   2.5900000e+00	   1.5940000e+03	
   1.0000000e+00	   3.4000000e+01	   2.0600000e+02	   4.4300000e+00	   2.2260000e+03	
   1.0000000e+00	   3.5000000e+01	   2.0500000e+02	   9.5000000e-01	   2.1600000e+03	
   1.0000000e+00	   3.6000000e+01	   1.1000000e+02	   2.3000000e-01	   2.4600000e+03	
   1.0000000e+00	   3.7000000e+01	   2.1300000e+02	   4.2300000e+00	   2.2260000e+03	
   1.0000000e+00	   3.8000000e+01	   1.1100000e+02	   2.5100000e+00	   3.8260000e+03	
   1.0000000e+00	   3.9000000e+01	   3.0100000e+02	   3.5300000e+00	   2.3940000e+03	
   1.0000000e+00	   4.0000000e+01	   2.0300000e+02	   3.5000000e+00	   2.6950000e+03	
   1.0000000e+00	   4.1000000e+01	   2.0900000e+02	   3.5100000e+00	   1.6600000e+03	
   1.0000000e+00	   4.2000000e+01	   3.1000000e+02	   5.0000000e+00	   2.1930000e+03	
   1.0000000e+00	   4.3000000e+01	   1.1400000e+02	   1.5300000e+00	   1.4930000e+03	
   1.0000000e+00	   4.4000000e+01	   3.0500000e+02	   4.6000000e-01	   2.2940000e+03	
   1.0000000e+00	   4.5000000e+01	   1.0600000e+02	   6.7000000e-01	   3.0260000e+03	
   2.0000000e+00	   1.0000000e+00	   1.0100000e+02	   4.3000000e-01	   1.5460000e+03	
   2.0000000e+00	   2.0000000e+00	   1.1600000e+02	   6.6000000e-01	   1.8950000e+03	
   2.0000000e+00	   3.0000000e+00	   1.0600000e+02	   6.5000000e-01	   3.1590000e+03	
   2.0000000e+00	   4.0000000e+00	   1.1000000e+02	   2.4000000e-01	   2.0950000e+03	
   2.0000000e+00	   5.0000000e+00	   2.0100000e+02	   3.7100000e+00	   1.8940000e+03	
   2.0000000e+00	   6.0000000e+00	   2.0500000e+02	   1.4300000e+00	   1.3630000e+03	
   2.0000000e+00	   7.0000000e+00	   3.0100000e+02	   4.4800000e+00	   2.3270000e+03	
   2.0000000e+00	   8.0000000e+00	   1.0200000e+02	   3.5900000e+00	   1.8610000e+03	
   2.0000000e+00	   9.0000000e+00	   1.1200000e+02	   3.1400000e+00	   2.1290000e+03	
   2.0000000e+00	   1.0000000e+01	   3.1000000e+02	   5.0000000e+00	   1.4600000e+03	
   2.0000000e+00	   1.1000000e+01	   3.0500000e+02	   3.9000000e-01	   1.7290000e+03	
   2.0000000e+00	   1.2000000e+01	   3.1300000e+02	   3.1000000e-01	   1.4610000e+03	
   2.0000000e+00	   1.3000000e+01	   2.1300000e+02	   4.6400000e+00	   1.7280000e+03	
   2.0000000e+00	   1.4000000e+01	   2.1100000e+02	   9.6000000e-01	   4.0270000e+03	
   2.0000000e+00	   1.5000000e+01	   3.0600000e+02	   2.3000000e-01	   1.9280000e+03	
   2.0000000e+00	   1.6000000e+01	   2.0600000e+02	   4.2800000e+00	   1.7960000e+03	
   2.0000000e+00	   1.7000000e+01	   2.0300000e+02	   3.5400000e+00	   1.9270000e+03	
   2.0000000e+00	   1.8000000e+01	   1.0800000e+02	   3.1700000e+00	   1.8290000e+03	
   2.0000000e+00	   1.9000000e+01	   3.0700000e+02	   1.5000000e+00	   2.8270000e+03	
   2.0000000e+00	   2.0000000e+01	   2.1000000e+02	   4.5600000e+00	   1.9610000e+03	
   2.0000000e+00	   2.1000000e+01	   3.0400000e+02	   3.4500000e+00	   1.3620000e+03	
   2.0000000e+00	   2.2000000e+01	   2.0900000e+02	   3.5200000e+00	   1.3280000e+03	
   2.0000000e+00	   2.3000000e+01	   1.0400000e+02	   3.2000000e-01	   1.8280000e+03	
   2.0000000e+00	   2.4000000e+01	   1.1400000e+02	   1.4800000e+00	   1.6940000e+03	
   2.0000000e+00	   2.5000000e+01	   1.1500000e+02	   1.5700000e+00	   1.4620000e+03	
   2.0000000e+00	   2.6000000e+01	   1.1300000e+02	   3.2000000e-01	   1.4940000e+03	
   2.0000000e+00	   2.7000000e+01	   2.0700000e+02	   3.3000000e-01	   1.5290000e+03	
   2.0000000e+00	   2.8000000e+01	   2.0400000e+02	   3.5600000e+00	   1.4120000e+03	
   2.0000000e+00	   2.9000000e+01	   2.0800000e+02	   5.0000000e+00	   1.2770000e+03	
   2.0000000e+00	   3.0000000e+01	   3.0300000e+02	   2.8800000e+00	   3.4940000e+03	
   2.0000000e+00	   3.1000000e+01	   2.1400000e+02	   4.6700000e+00	   1.8950000e+03	
   2.0000000e+00	   3.2000000e+01	   2.0200000e+02	   3.5800000e+00	   1.9620000e+03	
   2.0000000e+00	   3.3000000e+01	   3.0200000e+02	   3.1000000e-01	   1.2610000e+03	
   2.0000000e+00	   3.4000000e+01	   3.1400000e+02	   4.1200000e+00	   2.3940000e+03	
   2.0000000e+00	   3.5000000e+01	   3.1100000e+02	   5.0000000e+00	   1.4620000e+03	
   2.0000000e+00	   3.6000000e+01	   1.0700000e+02	   1.5500000e+00	   1.6280000e+03	
   2.0000000e+00	   3.7000000e+01	   3.0800000e+02	   3.7000000e+00	   2.2950000e+03	
   2.0000000e+00	   3.8000000e+01	   1.0300000e+02	   1.3700000e+00	   1.7280000e+03	
   2.0000000e+00	   3.9000000e+01	   1.1100000e+02	   3.0700000e+00	   2.3610000e+03	
   2.0000000e+00	   4.0000000e+01	   1.0900000e+02	   1.1300000e+00	   2.4610000e+03	
   2.0000000e+00	   4.1000000e+01	   1.0500000e+02	   1.8600000e+00	   2.7610000e+03	
   2.0000000e+00	   4.2000000e+01	   2.1500000e+02	   8.1000000e-01	   5.5270000e+03	
   2.0000000e+00	   4.3000000e+01	   2.1200000e+02	   1.1000000e-01	   2.2940000e+03	
   2.0000000e+00	   4.4000000e+01	   3.1200000e+02	   3.6600000e+00	   1.4950000e+03	
   2.0000000e+00	   4.5000000e+01	   3.0900000e+02	   4.2000000e-01	   1.3290000e+03	
