   2.0800000e+02	   3.0100000e+02	   1.0600000e+02	   3.0000000e+00	   5.0000000e+00	   5.0000000e+00	   4.0050000e+00	   6.6000000e-01	   1.0000000e+00	   3.0000000e+00	   2.0000000e+00	   1.0000000e+00	   1.3760000e+03	
   2.0600000e+02	   2.1300000e+02	   3.1300000e+02	   1.5000000e+01	   1.0000000e+00	   4.3550000e+00	   4.4350000e+00	   3.1000000e-01	   3.0000000e+00	   1.0000000e+00	   2.0000000e+00	   3.0000000e+00	   1.2230000e+03	
   2.0200000e+02	   3.0800000e+02	   1.0600000e+02	   3.0000000e+00	   1.0000000e+00	   4.0600000e+00	   4.2100000e+00	   6.6000000e-01	   3.0000000e+00	   1.0000000e+00	   2.0000000e+00	   1.0000000e+00	   2.8710000e+03	
   2.0600000e+02	   3.1200000e+02	   3.0500000e+02	   1.3000000e+01	   2.0000000e+00	   4.3550000e+00	   4.0900000e+00	   4.2500000e-01	   1.0000000e+00	   2.0000000e+00	   3.0000000e+00	   1.0000000e+00	   1.9870000e+03	
   2.1000000e+02	   3.0100000e+02	   1.0500000e+02	   2.0000000e+00	   4.0000000e+00	   4.7800000e+00	   4.0050000e+00	   1.4100000e+00	   2.0000000e+00	   1.0000000e+00	   3.0000000e+00	   2.0000000e+00	   9.2700000e+02	
   3.1000000e+02	   3.1200000e+02	   1.0600000e+02	   3.0000000e+00	   5.0000000e+00	   5.0000000e+00	   4.0900000e+00	   6.6000000e-01	   3.0000000e+00	   2.0000000e+00	   1.0000000e+00	   3.0000000e+00	   1.5290000e+03	
   3.0800000e+02	   3.1000000e+02	   3.0500000e+02	   1.3000000e+01	   4.0000000e+00	   4.2100000e+00	   5.0000000e+00	   4.2500000e-01	   3.0000000e+00	   1.0000000e+00	   2.0000000e+00	   1.0000000e+00	   1.8700000e+03	
   2.0200000e+02	   2.1000000e+02	   2.1500000e+02	   1.2000000e+01	   4.0000000e+00	   4.0600000e+00	   4.7800000e+00	   2.2000000e+00	   2.0000000e+00	   1.0000000e+00	   3.0000000e+00	   1.0000000e+00	   1.4820000e+03	
   2.1300000e+02	   3.1100000e+02	   3.0700000e+02	   1.4000000e+01	   4.0000000e+00	   4.4350000e+00	   5.0000000e+00	   1.7250000e+00	   1.0000000e+00	   3.0000000e+00	   2.0000000e+00	   3.0000000e+00	   1.8370000e+03	
   2.1400000e+02	   3.0800000e+02	   1.1000000e+02	   5.0000000e+00	   3.0000000e+00	   4.6400000e+00	   4.2100000e+00	   2.3500000e-01	   3.0000000e+00	   1.0000000e+00	   2.0000000e+00	   3.0000000e+00	   2.4420000e+03	
   2.0600000e+02	   3.0800000e+02	   2.1500000e+02	   1.2000000e+01	   1.0000000e+00	   4.3550000e+00	   4.2100000e+00	   2.2000000e+00	   1.0000000e+00	   3.0000000e+00	   2.0000000e+00	   1.0000000e+00	   2.0400000e+03	
   2.0100000e+02	   2.0800000e+02	   3.0700000e+02	   1.4000000e+01	   5.0000000e+00	   3.8800000e+00	   5.0000000e+00	   1.7250000e+00	   3.0000000e+00	   2.0000000e+00	   1.0000000e+00	   2.0000000e+00	   1.1490000e+03	
   1.0200000e+02	   3.0800000e+02	   3.1300000e+02	   1.5000000e+01	   3.0000000e+00	   3.8000000e+00	   4.2100000e+00	   3.1000000e-01	   3.0000000e+00	   2.0000000e+00	   1.0000000e+00	   2.0000000e+00	   1.9620000e+03	
   2.0400000e+02	   2.0800000e+02	   3.1300000e+02	   1.5000000e+01	   5.0000000e+00	   4.0100000e+00	   5.0000000e+00	   3.1000000e-01	   2.0000000e+00	   3.0000000e+00	   1.0000000e+00	   3.0000000e+00	   1.7920000e+03	
   2.0100000e+02	   3.1200000e+02	   1.1100000e+02	   6.0000000e+00	   2.0000000e+00	   3.8800000e+00	   4.0900000e+00	   2.7900000e+00	   3.0000000e+00	   2.0000000e+00	   1.0000000e+00	   2.0000000e+00	   2.4620000e+03	
   2.1300000e+02	   3.1200000e+02	   1.1000000e+02	   5.0000000e+00	   2.0000000e+00	   4.4350000e+00	   4.0900000e+00	   2.3500000e-01	   1.0000000e+00	   3.0000000e+00	   2.0000000e+00	   1.0000000e+00	   1.7540000e+03	
   1.0200000e+02	   3.0100000e+02	   3.0700000e+02	   1.4000000e+01	   1.0000000e+00	   3.8000000e+00	   4.0050000e+00	   1.7250000e+00	   3.0000000e+00	   2.0000000e+00	   1.0000000e+00	   2.0000000e+00	   2.4900000e+03	
   2.1000000e+02	   3.1100000e+02	   1.0600000e+02	   3.0000000e+00	   2.0000000e+00	   4.7800000e+00	   5.0000000e+00	   6.6000000e-01	   1.0000000e+00	   2.0000000e+00	   3.0000000e+00	   2.0000000e+00	   1.5740000e+03	
   3.0100000e+02	   3.0800000e+02	   1.1600000e+02	   7.0000000e+00	   2.0000000e+00	   4.0050000e+00	   4.2100000e+00	   5.9000000e-01	   3.0000000e+00	   2.0000000e+00	   1.0000000e+00	   3.0000000e+00	   2.0370000e+03	
   2.1000000e+02	   2.1300000e+02	   1.1600000e+02	   7.0000000e+00	   2.0000000e+00	   4.7800000e+00	   4.4350000e+00	   5.9000000e-01	   1.0000000e+00	   2.0000000e+00	   3.0000000e+00	   1.0000000e+00	   2.5750000e+03	
   2.0600000e+02	   3.1200000e+02	   2.1100000e+02	   1.0000000e+01	   2.0000000e+00	   4.3550000e+00	   4.0900000e+00	   1.0250000e+00	   1.0000000e+00	   2.0000000e+00	   3.0000000e+00	   1.0000000e+00	   1.4710000e+03	
   3.1200000e+02	   3.1400000e+02	   1.0500000e+02	   2.0000000e+00	   3.0000000e+00	   4.0900000e+00	   4.4350000e+00	   1.4100000e+00	   3.0000000e+00	   1.0000000e+00	   2.0000000e+00	   1.0000000e+00	   2.0310000e+03	
   2.0400000e+02	   3.0800000e+02	   1.1600000e+02	   7.0000000e+00	   1.0000000e+00	   4.0100000e+00	   4.2100000e+00	   5.9000000e-01	   1.0000000e+00	   3.0000000e+00	   2.0000000e+00	   3.0000000e+00	   4.4930000e+03	
   2.0200000e+02	   3.1100000e+02	   3.0500000e+02	   1.3000000e+01	   5.0000000e+00	   4.0600000e+00	   5.0000000e+00	   4.2500000e-01	   3.0000000e+00	   1.0000000e+00	   2.0000000e+00	   1.0000000e+00	   1.6820000e+03	
   1.0200000e+02	   2.0100000e+02	   1.0500000e+02	   2.0000000e+00	   1.0000000e+00	   3.8000000e+00	   3.8800000e+00	   1.4100000e+00	   3.0000000e+00	   1.0000000e+00	   2.0000000e+00	   1.0000000e+00	   2.0070000e+03	
   2.0100000e+02	   2.0600000e+02	   3.0700000e+02	   1.4000000e+01	   3.0000000e+00	   3.8800000e+00	   4.3550000e+00	   1.7250000e+00	   2.0000000e+00	   3.0000000e+00	   1.0000000e+00	   3.0000000e+00	   1.9440000e+03	
   3.0800000e+02	   3.1000000e+02	   2.0300000e+02	   8.0000000e+00	   4.0000000e+00	   4.2100000e+00	   5.0000000e+00	   3.5200000e+00	   3.0000000e+00	   1.0000000e+00	   2.0000000e+00	   1.0000000e+00	   2.1890000e+03	
   2.0600000e+02	   2.1000000e+02	   1.1000000e+02	   5.0000000e+00	   3.0000000e+00	   4.3550000e+00	   4.7800000e+00	   2.3500000e-01	   2.0000000e+00	   1.0000000e+00	   3.0000000e+00	   1.0000000e+00	   1.7560000e+03	
   2.0400000e+02	   2.1400000e+02	   1.0800000e+02	   4.0000000e+00	   4.0000000e+00	   4.0100000e+00	   4.6400000e+00	   3.0700000e+00	   2.0000000e+00	   1.0000000e+00	   3.0000000e+00	   1.0000000e+00	   3.9330000e+03	
   2.0200000e+02	   3.1400000e+02	   1.1100000e+02	   6.0000000e+00	   3.0000000e+00	   4.0600000e+00	   4.4350000e+00	   2.7900000e+00	   1.0000000e+00	   2.0000000e+00	   3.0000000e+00	   2.0000000e+00	   2.2470000e+03	
   1.0200000e+02	   2.1300000e+02	   1.0500000e+02	   2.0000000e+00	   4.0000000e+00	   3.8000000e+00	   4.4350000e+00	   1.4100000e+00	   3.0000000e+00	   2.0000000e+00	   1.0000000e+00	   2.0000000e+00	   1.4490000e+03	
   2.0100000e+02	   2.0800000e+02	   1.0800000e+02	   4.0000000e+00	   5.0000000e+00	   3.8800000e+00	   5.0000000e+00	   3.0700000e+00	   1.0000000e+00	   3.0000000e+00	   2.0000000e+00	   3.0000000e+00	   1.0140000e+03	
   2.0200000e+02	   2.0600000e+02	   1.0600000e+02	   3.0000000e+00	   2.0000000e+00	   4.0600000e+00	   4.3550000e+00	   6.6000000e-01	   2.0000000e+00	   3.0000000e+00	   1.0000000e+00	   3.0000000e+00	   1.6250000e+03	
   2.1400000e+02	   3.0100000e+02	   1.1100000e+02	   6.0000000e+00	   4.0000000e+00	   4.6400000e+00	   4.0050000e+00	   2.7900000e+00	   1.0000000e+00	   3.0000000e+00	   2.0000000e+00	   3.0000000e+00	   1.2130000e+03	
   2.0400000e+02	   3.1000000e+02	   3.1300000e+02	   1.5000000e+01	   5.0000000e+00	   4.0100000e+00	   5.0000000e+00	   3.1000000e-01	   1.0000000e+00	   3.0000000e+00	   2.0000000e+00	   3.0000000e+00	   8.5600000e+02	
   1.0200000e+02	   3.0100000e+02	   2.1500000e+02	   1.2000000e+01	   1.0000000e+00	   3.8000000e+00	   4.0050000e+00	   2.2000000e+00	   1.0000000e+00	   2.0000000e+00	   3.0000000e+00	   2.0000000e+00	   1.8910000e+03	
   2.0200000e+02	   3.1100000e+02	   1.1000000e+02	   5.0000000e+00	   5.0000000e+00	   4.0600000e+00	   5.0000000e+00	   2.3500000e-01	   1.0000000e+00	   2.0000000e+00	   3.0000000e+00	   2.0000000e+00	   1.8500000e+03	
   3.0800000e+02	   3.1400000e+02	   3.0700000e+02	   1.4000000e+01	   2.0000000e+00	   4.2100000e+00	   4.4350000e+00	   1.7250000e+00	   3.0000000e+00	   2.0000000e+00	   1.0000000e+00	   2.0000000e+00	   1.9610000e+03	
   2.0800000e+02	   2.1300000e+02	   1.0600000e+02	   3.0000000e+00	   3.0000000e+00	   5.0000000e+00	   4.4350000e+00	   6.6000000e-01	   2.0000000e+00	   3.0000000e+00	   1.0000000e+00	   2.0000000e+00	   9.8600000e+02	
   2.0100000e+02	   3.0800000e+02	   2.0500000e+02	   9.0000000e+00	   2.0000000e+00	   3.8800000e+00	   4.2100000e+00	   1.1900000e+00	   2.0000000e+00	   1.0000000e+00	   3.0000000e+00	   1.0000000e+00	   1.6260000e+03	
   2.0800000e+02	   3.1400000e+02	   2.0500000e+02	   9.0000000e+00	   3.0000000e+00	   5.0000000e+00	   4.4350000e+00	   1.1900000e+00	   1.0000000e+00	   2.0000000e+00	   3.0000000e+00	   1.0000000e+00	   1.2950000e+03	
   3.0100000e+02	   3.1100000e+02	   2.0500000e+02	   9.0000000e+00	   5.0000000e+00	   4.0050000e+00	   5.0000000e+00	   1.1900000e+00	   3.0000000e+00	   2.0000000e+00	   1.0000000e+00	   2.0000000e+00	   1.1790000e+03	
   2.0400000e+02	   3.1000000e+02	   1.0500000e+02	   2.0000000e+00	   5.0000000e+00	   4.0100000e+00	   5.0000000e+00	   1.4100000e+00	   1.0000000e+00	   2.0000000e+00	   3.0000000e+00	   2.0000000e+00	   1.4410000e+03	
   2.0400000e+02	   2.0800000e+02	   1.0800000e+02	   4.0000000e+00	   5.0000000e+00	   4.0100000e+00	   5.0000000e+00	   3.0700000e+00	   2.0000000e+00	   3.0000000e+00	   1.0000000e+00	   3.0000000e+00	   1.0610000e+03	
   2.0600000e+02	   2.1000000e+02	   2.1100000e+02	   1.0000000e+01	   3.0000000e+00	   4.3550000e+00	   4.7800000e+00	   1.0250000e+00	   3.0000000e+00	   1.0000000e+00	   2.0000000e+00	   1.0000000e+00	   1.4800000e+03	
   2.1300000e+02	   3.0800000e+02	   3.1300000e+02	   1.5000000e+01	   2.0000000e+00	   4.4350000e+00	   4.2100000e+00	   3.1000000e-01	   1.0000000e+00	   3.0000000e+00	   2.0000000e+00	   1.0000000e+00	   2.1170000e+03	
   2.0400000e+02	   2.1000000e+02	   1.0600000e+02	   3.0000000e+00	   4.0000000e+00	   4.0100000e+00	   4.7800000e+00	   6.6000000e-01	   1.0000000e+00	   2.0000000e+00	   3.0000000e+00	   2.0000000e+00	   1.3100000e+03	
   3.1100000e+02	   3.1200000e+02	   1.0100000e+02	   1.0000000e+00	   5.0000000e+00	   5.0000000e+00	   4.0900000e+00	   2.8000000e-01	   3.0000000e+00	   1.0000000e+00	   2.0000000e+00	   3.0000000e+00	   1.4040000e+03	
   2.0600000e+02	   3.1400000e+02	   1.1600000e+02	   7.0000000e+00	   1.0000000e+00	   4.3550000e+00	   4.4350000e+00	   5.9000000e-01	   2.0000000e+00	   3.0000000e+00	   1.0000000e+00	   2.0000000e+00	   1.0770000e+03	
   2.0800000e+02	   2.1400000e+02	   3.0500000e+02	   1.3000000e+01	   3.0000000e+00	   5.0000000e+00	   4.6400000e+00	   4.2500000e-01	   2.0000000e+00	   3.0000000e+00	   1.0000000e+00	   2.0000000e+00	   8.4700000e+02	
   2.0200000e+02	   3.0800000e+02	   2.0300000e+02	   8.0000000e+00	   1.0000000e+00	   4.0600000e+00	   4.2100000e+00	   3.5200000e+00	   2.0000000e+00	   1.0000000e+00	   3.0000000e+00	   1.0000000e+00	   1.3330000e+03	
   2.0200000e+02	   2.1400000e+02	   1.0600000e+02	   3.0000000e+00	   4.0000000e+00	   4.0600000e+00	   4.6400000e+00	   6.6000000e-01	   3.0000000e+00	   2.0000000e+00	   1.0000000e+00	   2.0000000e+00	   1.6530000e+03	
   1.0200000e+02	   3.1200000e+02	   1.0100000e+02	   1.0000000e+00	   2.0000000e+00	   3.8000000e+00	   4.0900000e+00	   2.8000000e-01	   1.0000000e+00	   3.0000000e+00	   2.0000000e+00	   3.0000000e+00	   1.6190000e+03	
   2.0600000e+02	   3.0800000e+02	   1.0500000e+02	   2.0000000e+00	   1.0000000e+00	   4.3550000e+00	   4.2100000e+00	   1.4100000e+00	   3.0000000e+00	   2.0000000e+00	   1.0000000e+00	   3.0000000e+00	   1.6420000e+03	
   2.0200000e+02	   3.1200000e+02	   1.1600000e+02	   7.0000000e+00	   1.0000000e+00	   4.0600000e+00	   4.0900000e+00	   5.9000000e-01	   1.0000000e+00	   3.0000000e+00	   2.0000000e+00	   3.0000000e+00	   1.6410000e+03	
   2.0800000e+02	   3.1200000e+02	   1.0500000e+02	   2.0000000e+00	   5.0000000e+00	   5.0000000e+00	   4.0900000e+00	   1.4100000e+00	   2.0000000e+00	   3.0000000e+00	   1.0000000e+00	   2.0000000e+00	   9.1100000e+02	
   2.0800000e+02	   3.1200000e+02	   1.0100000e+02	   1.0000000e+00	   5.0000000e+00	   5.0000000e+00	   4.0900000e+00	   2.8000000e-01	   1.0000000e+00	   2.0000000e+00	   3.0000000e+00	   1.0000000e+00	   1.1310000e+03	
   2.0800000e+02	   3.1400000e+02	   2.1500000e+02	   1.2000000e+01	   3.0000000e+00	   5.0000000e+00	   4.4350000e+00	   2.2000000e+00	   3.0000000e+00	   2.0000000e+00	   1.0000000e+00	   3.0000000e+00	   8.5600000e+02	
   1.0200000e+02	   2.0600000e+02	   2.0300000e+02	   8.0000000e+00	   3.0000000e+00	   3.8000000e+00	   4.3550000e+00	   3.5200000e+00	   1.0000000e+00	   3.0000000e+00	   2.0000000e+00	   3.0000000e+00	   1.5160000e+03	
   1.0200000e+02	   2.1300000e+02	   1.0800000e+02	   4.0000000e+00	   4.0000000e+00	   3.8000000e+00	   4.4350000e+00	   3.0700000e+00	   1.0000000e+00	   3.0000000e+00	   2.0000000e+00	   3.0000000e+00	   1.4950000e+03	
   2.0100000e+02	   3.0800000e+02	   2.1100000e+02	   1.0000000e+01	   2.0000000e+00	   3.8800000e+00	   4.2100000e+00	   1.0250000e+00	   1.0000000e+00	   3.0000000e+00	   2.0000000e+00	   3.0000000e+00	   1.4030000e+03	
   3.1200000e+02	   3.1400000e+02	   3.0500000e+02	   1.3000000e+01	   3.0000000e+00	   4.0900000e+00	   4.4350000e+00	   4.2500000e-01	   2.0000000e+00	   1.0000000e+00	   3.0000000e+00	   1.0000000e+00	   1.4010000e+03	
   2.1000000e+02	   2.1400000e+02	   3.0500000e+02	   1.3000000e+01	   1.0000000e+00	   4.7800000e+00	   4.6400000e+00	   4.2500000e-01	   1.0000000e+00	   2.0000000e+00	   3.0000000e+00	   1.0000000e+00	   8.2900000e+02	
   3.0100000e+02	   3.1200000e+02	   2.0500000e+02	   9.0000000e+00	   1.0000000e+00	   4.0050000e+00	   4.0900000e+00	   1.1900000e+00	   3.0000000e+00	   2.0000000e+00	   1.0000000e+00	   3.0000000e+00	   1.6270000e+03	
   1.0200000e+02	   3.0800000e+02	   2.1200000e+02	   1.1000000e+01	   3.0000000e+00	   3.8000000e+00	   4.2100000e+00	   1.7500000e-01	   3.0000000e+00	   1.0000000e+00	   2.0000000e+00	   1.0000000e+00	   1.1130000e+03	
   2.0800000e+02	   3.0100000e+02	   3.1300000e+02	   1.5000000e+01	   5.0000000e+00	   5.0000000e+00	   4.0050000e+00	   3.1000000e-01	   1.0000000e+00	   3.0000000e+00	   2.0000000e+00	   1.0000000e+00	   1.0040000e+03	
   2.0200000e+02	   3.0800000e+02	   2.1500000e+02	   1.2000000e+01	   1.0000000e+00	   4.0600000e+00	   4.2100000e+00	   2.2000000e+00	   3.0000000e+00	   1.0000000e+00	   2.0000000e+00	   1.0000000e+00	   1.0250000e+03	
   2.0400000e+02	   3.0800000e+02	   2.0500000e+02	   9.0000000e+00	   1.0000000e+00	   4.0100000e+00	   4.2100000e+00	   1.1900000e+00	   3.0000000e+00	   2.0000000e+00	   1.0000000e+00	   2.0000000e+00	   1.9150000e+03	
   2.0100000e+02	   2.0600000e+02	   1.0800000e+02	   4.0000000e+00	   3.0000000e+00	   3.8800000e+00	   4.3550000e+00	   3.0700000e+00	   3.0000000e+00	   1.0000000e+00	   2.0000000e+00	   1.0000000e+00	   1.0970000e+03	
   2.0200000e+02	   3.0100000e+02	   2.1100000e+02	   1.0000000e+01	   1.0000000e+00	   4.0600000e+00	   4.0050000e+00	   1.0250000e+00	   1.0000000e+00	   3.0000000e+00	   2.0000000e+00	   3.0000000e+00	   1.5080000e+03	
   2.0400000e+02	   2.1300000e+02	   2.1100000e+02	   1.0000000e+01	   3.0000000e+00	   4.0100000e+00	   4.4350000e+00	   1.0250000e+00	   1.0000000e+00	   3.0000000e+00	   2.0000000e+00	   3.0000000e+00	   1.4500000e+03	
   3.0800000e+02	   3.1400000e+02	   3.1300000e+02	   1.5000000e+01	   2.0000000e+00	   4.2100000e+00	   4.4350000e+00	   3.1000000e-01	   1.0000000e+00	   3.0000000e+00	   2.0000000e+00	   3.0000000e+00	   1.5440000e+03	
   3.0800000e+02	   3.1000000e+02	   1.0100000e+02	   1.0000000e+00	   4.0000000e+00	   4.2100000e+00	   5.0000000e+00	   2.8000000e-01	   3.0000000e+00	   1.0000000e+00	   2.0000000e+00	   1.0000000e+00	   1.1740000e+03	
   2.0200000e+02	   2.1400000e+02	   1.1100000e+02	   6.0000000e+00	   4.0000000e+00	   4.0600000e+00	   4.6400000e+00	   2.7900000e+00	   1.0000000e+00	   2.0000000e+00	   3.0000000e+00	   2.0000000e+00	   1.5200000e+03	
   2.1300000e+02	   3.1100000e+02	   2.0300000e+02	   8.0000000e+00	   4.0000000e+00	   4.4350000e+00	   5.0000000e+00	   3.5200000e+00	   1.0000000e+00	   3.0000000e+00	   2.0000000e+00	   1.0000000e+00	   1.2140000e+03	
   2.0200000e+02	   3.1200000e+02	   1.1000000e+02	   5.0000000e+00	   1.0000000e+00	   4.0600000e+00	   4.0900000e+00	   2.3500000e-01	   2.0000000e+00	   3.0000000e+00	   1.0000000e+00	   3.0000000e+00	   1.6840000e+03	
   2.0800000e+02	   3.1400000e+02	   1.1600000e+02	   7.0000000e+00	   3.0000000e+00	   5.0000000e+00	   4.4350000e+00	   5.9000000e-01	   1.0000000e+00	   3.0000000e+00	   2.0000000e+00	   1.0000000e+00	   1.0480000e+03	
   2.0200000e+02	   3.1200000e+02	   2.1200000e+02	   1.1000000e+01	   1.0000000e+00	   4.0600000e+00	   4.0900000e+00	   1.7500000e-01	   1.0000000e+00	   2.0000000e+00	   3.0000000e+00	   2.0000000e+00	   1.8210000e+03	
   3.0800000e+02	   3.1100000e+02	   2.1100000e+02	   1.0000000e+01	   4.0000000e+00	   4.2100000e+00	   5.0000000e+00	   1.0250000e+00	   1.0000000e+00	   3.0000000e+00	   2.0000000e+00	   3.0000000e+00	   1.4960000e+03	
   2.0100000e+02	   3.1400000e+02	   2.0500000e+02	   9.0000000e+00	   3.0000000e+00	   3.8800000e+00	   4.4350000e+00	   1.1900000e+00	   3.0000000e+00	   1.0000000e+00	   2.0000000e+00	   1.0000000e+00	   8.7100000e+02	
   2.0600000e+02	   3.1100000e+02	   1.1600000e+02	   7.0000000e+00	   4.0000000e+00	   4.3550000e+00	   5.0000000e+00	   5.9000000e-01	   3.0000000e+00	   2.0000000e+00	   1.0000000e+00	   2.0000000e+00	   7.6900000e+02	
   2.0100000e+02	   3.0100000e+02	   3.0500000e+02	   1.3000000e+01	   1.0000000e+00	   3.8800000e+00	   4.0050000e+00	   4.2500000e-01	   2.0000000e+00	   3.0000000e+00	   1.0000000e+00	   3.0000000e+00	   1.5050000e+03	
   2.1400000e+02	   3.1100000e+02	   3.0700000e+02	   1.4000000e+01	   3.0000000e+00	   4.6400000e+00	   5.0000000e+00	   1.7250000e+00	   2.0000000e+00	   3.0000000e+00	   1.0000000e+00	   3.0000000e+00	   8.9500000e+02	
   2.0400000e+02	   3.1200000e+02	   2.0300000e+02	   8.0000000e+00	   1.0000000e+00	   4.0100000e+00	   4.0900000e+00	   3.5200000e+00	   3.0000000e+00	   1.0000000e+00	   2.0000000e+00	   1.0000000e+00	   1.5300000e+03	
   2.0800000e+02	   3.0100000e+02	   1.1000000e+02	   5.0000000e+00	   5.0000000e+00	   5.0000000e+00	   4.0050000e+00	   2.3500000e-01	   3.0000000e+00	   1.0000000e+00	   2.0000000e+00	   3.0000000e+00	   1.0980000e+03	
   2.1000000e+02	   3.1400000e+02	   2.1500000e+02	   1.2000000e+01	   2.0000000e+00	   4.7800000e+00	   4.4350000e+00	   2.2000000e+00	   3.0000000e+00	   2.0000000e+00	   1.0000000e+00	   3.0000000e+00	   1.0610000e+03	
   2.0600000e+02	   3.0800000e+02	   2.0300000e+02	   8.0000000e+00	   1.0000000e+00	   4.3550000e+00	   4.2100000e+00	   3.5200000e+00	   2.0000000e+00	   3.0000000e+00	   1.0000000e+00	   2.0000000e+00	   2.0550000e+03	
   2.0400000e+02	   3.1200000e+02	   3.0700000e+02	   1.4000000e+01	   1.0000000e+00	   4.0100000e+00	   4.0900000e+00	   1.7250000e+00	   3.0000000e+00	   1.0000000e+00	   2.0000000e+00	   1.0000000e+00	   1.9830000e+03	
   2.0400000e+02	   3.1100000e+02	   1.1600000e+02	   7.0000000e+00	   5.0000000e+00	   4.0100000e+00	   5.0000000e+00	   5.9000000e-01	   1.0000000e+00	   2.0000000e+00	   3.0000000e+00	   2.0000000e+00	   1.8720000e+03	
   2.0400000e+02	   2.1400000e+02	   1.0100000e+02	   1.0000000e+00	   4.0000000e+00	   4.0100000e+00	   4.6400000e+00	   2.8000000e-01	   1.0000000e+00	   3.0000000e+00	   2.0000000e+00	   3.0000000e+00	   1.6070000e+03	
   2.0200000e+02	   2.0400000e+02	   1.1100000e+02	   6.0000000e+00	   1.0000000e+00	   4.0600000e+00	   4.0100000e+00	   2.7900000e+00	   3.0000000e+00	   2.0000000e+00	   1.0000000e+00	   2.0000000e+00	   2.3810000e+03	
   2.0400000e+02	   2.1300000e+02	   1.0600000e+02	   3.0000000e+00	   3.0000000e+00	   4.0100000e+00	   4.4350000e+00	   6.6000000e-01	   1.0000000e+00	   2.0000000e+00	   3.0000000e+00	   2.0000000e+00	   1.4770000e+03	
   1.0200000e+02	   3.1100000e+02	   3.0500000e+02	   1.3000000e+01	   5.0000000e+00	   3.8000000e+00	   5.0000000e+00	   4.2500000e-01	   3.0000000e+00	   1.0000000e+00	   2.0000000e+00	   1.0000000e+00	   1.0910000e+03	
   1.0200000e+02	   2.1300000e+02	   2.1100000e+02	   1.0000000e+01	   4.0000000e+00	   3.8000000e+00	   4.4350000e+00	   1.0250000e+00	   1.0000000e+00	   2.0000000e+00	   3.0000000e+00	   2.0000000e+00	   1.4320000e+03	
   2.0100000e+02	   2.0200000e+02	   2.1200000e+02	   1.1000000e+01	   1.0000000e+00	   3.8800000e+00	   4.0600000e+00	   1.7500000e-01	   2.0000000e+00	   1.0000000e+00	   3.0000000e+00	   2.0000000e+00	   1.7120000e+03	
   3.1000000e+02	   3.1200000e+02	   1.0500000e+02	   2.0000000e+00	   5.0000000e+00	   5.0000000e+00	   4.0900000e+00	   1.4100000e+00	   1.0000000e+00	   3.0000000e+00	   2.0000000e+00	   1.0000000e+00	   1.3060000e+03	
   3.1100000e+02	   3.1400000e+02	   3.1300000e+02	   1.5000000e+01	   4.0000000e+00	   5.0000000e+00	   4.4350000e+00	   3.1000000e-01	   2.0000000e+00	   1.0000000e+00	   3.0000000e+00	   2.0000000e+00	   1.1020000e+03	
   2.0800000e+02	   3.0800000e+02	   3.0700000e+02	   1.4000000e+01	   4.0000000e+00	   5.0000000e+00	   4.2100000e+00	   1.7250000e+00	   2.0000000e+00	   1.0000000e+00	   3.0000000e+00	   2.0000000e+00	   8.5300000e+02	
   1.0200000e+02	   2.0600000e+02	   2.0500000e+02	   9.0000000e+00	   3.0000000e+00	   3.8000000e+00	   4.3550000e+00	   1.1900000e+00	   1.0000000e+00	   3.0000000e+00	   2.0000000e+00	   3.0000000e+00	   1.0480000e+03	
   3.0100000e+02	   3.1100000e+02	   1.0800000e+02	   4.0000000e+00	   5.0000000e+00	   4.0050000e+00	   5.0000000e+00	   3.0700000e+00	   2.0000000e+00	   3.0000000e+00	   1.0000000e+00	   3.0000000e+00	   9.2900000e+02	
   2.0400000e+02	   2.1300000e+02	   1.0800000e+02	   4.0000000e+00	   3.0000000e+00	   4.0100000e+00	   4.4350000e+00	   3.0700000e+00	   3.0000000e+00	   2.0000000e+00	   1.0000000e+00	   2.0000000e+00	   1.0610000e+03	
   1.0200000e+02	   2.1000000e+02	   2.1100000e+02	   1.0000000e+01	   5.0000000e+00	   3.8000000e+00	   4.7800000e+00	   1.0250000e+00	   3.0000000e+00	   1.0000000e+00	   2.0000000e+00	   1.0000000e+00	   8.8000000e+02	
   2.1300000e+02	   3.1000000e+02	   1.0600000e+02	   3.0000000e+00	   4.0000000e+00	   4.4350000e+00	   5.0000000e+00	   6.6000000e-01	   1.0000000e+00	   3.0000000e+00	   2.0000000e+00	   3.0000000e+00	   9.8400000e+02	
   2.0200000e+02	   2.1300000e+02	   2.1100000e+02	   1.0000000e+01	   3.0000000e+00	   4.0600000e+00	   4.4350000e+00	   1.0250000e+00	   1.0000000e+00	   2.0000000e+00	   3.0000000e+00	   2.0000000e+00	   1.4400000e+03	
   2.0400000e+02	   3.0100000e+02	   2.1200000e+02	   1.1000000e+01	   1.0000000e+00	   4.0100000e+00	   4.0050000e+00	   1.7500000e-01	   3.0000000e+00	   2.0000000e+00	   1.0000000e+00	   2.0000000e+00	   1.1060000e+03	
   2.0100000e+02	   2.1300000e+02	   2.0300000e+02	   8.0000000e+00	   3.0000000e+00	   3.8800000e+00	   4.4350000e+00	   3.5200000e+00	   2.0000000e+00	   3.0000000e+00	   1.0000000e+00	   3.0000000e+00	   1.4460000e+03	
   2.1400000e+02	   3.1400000e+02	   1.0800000e+02	   4.0000000e+00	   2.0000000e+00	   4.6400000e+00	   4.4350000e+00	   3.0700000e+00	   2.0000000e+00	   3.0000000e+00	   1.0000000e+00	   3.0000000e+00	   2.3450000e+03	
   1.0200000e+02	   3.0800000e+02	   1.0500000e+02	   2.0000000e+00	   3.0000000e+00	   3.8000000e+00	   4.2100000e+00	   1.4100000e+00	   2.0000000e+00	   1.0000000e+00	   3.0000000e+00	   1.0000000e+00	   1.3520000e+03	
   1.0200000e+02	   2.0100000e+02	   2.1100000e+02	   1.0000000e+01	   1.0000000e+00	   3.8000000e+00	   3.8800000e+00	   1.0250000e+00	   3.0000000e+00	   2.0000000e+00	   1.0000000e+00	   2.0000000e+00	   2.2560000e+03	
   2.1400000e+02	   3.1200000e+02	   2.1200000e+02	   1.1000000e+01	   3.0000000e+00	   4.6400000e+00	   4.0900000e+00	   1.7500000e-01	   2.0000000e+00	   3.0000000e+00	   1.0000000e+00	   3.0000000e+00	   1.8700000e+03	
   2.0600000e+02	   3.1200000e+02	   1.1100000e+02	   6.0000000e+00	   2.0000000e+00	   4.3550000e+00	   4.0900000e+00	   2.7900000e+00	   3.0000000e+00	   2.0000000e+00	   1.0000000e+00	   3.0000000e+00	   1.1990000e+03	
   2.1000000e+02	   3.1200000e+02	   3.1300000e+02	   1.5000000e+01	   4.0000000e+00	   4.7800000e+00	   4.0900000e+00	   3.1000000e-01	   2.0000000e+00	   3.0000000e+00	   1.0000000e+00	   2.0000000e+00	   6.3400000e+02	
   2.0800000e+02	   2.1000000e+02	   2.0500000e+02	   9.0000000e+00	   2.0000000e+00	   5.0000000e+00	   4.7800000e+00	   1.1900000e+00	   2.0000000e+00	   1.0000000e+00	   3.0000000e+00	   2.0000000e+00	   8.9000000e+02	
   2.0100000e+02	   3.0800000e+02	   1.0100000e+02	   1.0000000e+00	   2.0000000e+00	   3.8800000e+00	   4.2100000e+00	   2.8000000e-01	   2.0000000e+00	   1.0000000e+00	   3.0000000e+00	   1.0000000e+00	   2.0340000e+03	
   2.0800000e+02	   3.1200000e+02	   1.1100000e+02	   6.0000000e+00	   5.0000000e+00	   5.0000000e+00	   4.0900000e+00	   2.7900000e+00	   2.0000000e+00	   1.0000000e+00	   3.0000000e+00	   2.0000000e+00	   8.0800000e+02	
   1.0200000e+02	   3.1400000e+02	   3.0500000e+02	   1.3000000e+01	   4.0000000e+00	   3.8000000e+00	   4.4350000e+00	   4.2500000e-01	   1.0000000e+00	   2.0000000e+00	   3.0000000e+00	   2.0000000e+00	   1.1630000e+03	
   2.0400000e+02	   3.1000000e+02	   1.1600000e+02	   7.0000000e+00	   5.0000000e+00	   4.0100000e+00	   5.0000000e+00	   5.9000000e-01	   2.0000000e+00	   3.0000000e+00	   1.0000000e+00	   3.0000000e+00	   1.4210000e+03	
   2.1000000e+02	   3.1100000e+02	   1.1600000e+02	   7.0000000e+00	   2.0000000e+00	   4.7800000e+00	   5.0000000e+00	   5.9000000e-01	   2.0000000e+00	   1.0000000e+00	   3.0000000e+00	   2.0000000e+00	   8.1200000e+02	
   3.0800000e+02	   3.1400000e+02	   3.0500000e+02	   1.3000000e+01	   2.0000000e+00	   4.2100000e+00	   4.4350000e+00	   4.2500000e-01	   2.0000000e+00	   3.0000000e+00	   1.0000000e+00	   2.0000000e+00	   2.2100000e+03	
   2.1300000e+02	   3.1100000e+02	   3.1300000e+02	   1.5000000e+01	   4.0000000e+00	   4.4350000e+00	   5.0000000e+00	   3.1000000e-01	   2.0000000e+00	   3.0000000e+00	   1.0000000e+00	   3.0000000e+00	   1.3100000e+03	
   3.0100000e+02	   3.1400000e+02	   2.1100000e+02	   1.0000000e+01	   3.0000000e+00	   4.0050000e+00	   4.4350000e+00	   1.0250000e+00	   2.0000000e+00	   3.0000000e+00	   1.0000000e+00	   2.0000000e+00	   2.0050000e+03	
   2.0400000e+02	   2.0600000e+02	   1.0600000e+02	   3.0000000e+00	   2.0000000e+00	   4.0100000e+00	   4.3550000e+00	   6.6000000e-01	   3.0000000e+00	   2.0000000e+00	   1.0000000e+00	   2.0000000e+00	   1.4850000e+03	
   3.0800000e+02	   3.1100000e+02	   1.1000000e+02	   5.0000000e+00	   4.0000000e+00	   4.2100000e+00	   5.0000000e+00	   2.3500000e-01	   1.0000000e+00	   3.0000000e+00	   2.0000000e+00	   3.0000000e+00	   1.4370000e+03	
   2.0600000e+02	   3.1200000e+02	   1.1000000e+02	   5.0000000e+00	   2.0000000e+00	   4.3550000e+00	   4.0900000e+00	   2.3500000e-01	   2.0000000e+00	   3.0000000e+00	   1.0000000e+00	   2.0000000e+00	   1.6290000e+03	
   2.0200000e+02	   2.1300000e+02	   1.1600000e+02	   7.0000000e+00	   3.0000000e+00	   4.0600000e+00	   4.4350000e+00	   5.9000000e-01	   1.0000000e+00	   3.0000000e+00	   2.0000000e+00	   3.0000000e+00	   1.2700000e+03	
   3.0100000e+02	   3.1200000e+02	   2.1200000e+02	   1.1000000e+01	   1.0000000e+00	   4.0050000e+00	   4.0900000e+00	   1.7500000e-01	   3.0000000e+00	   2.0000000e+00	   1.0000000e+00	   3.0000000e+00	   1.5590000e+03	
   2.0200000e+02	   3.1100000e+02	   1.1100000e+02	   6.0000000e+00	   5.0000000e+00	   4.0600000e+00	   5.0000000e+00	   2.7900000e+00	   3.0000000e+00	   2.0000000e+00	   1.0000000e+00	   2.0000000e+00	   1.6010000e+03	
   2.0100000e+02	   3.1000000e+02	   1.0600000e+02	   3.0000000e+00	   5.0000000e+00	   3.8800000e+00	   5.0000000e+00	   6.6000000e-01	   3.0000000e+00	   1.0000000e+00	   2.0000000e+00	   1.0000000e+00	   1.0350000e+03	
   2.0200000e+02	   3.0800000e+02	   3.0500000e+02	   1.3000000e+01	   1.0000000e+00	   4.0600000e+00	   4.2100000e+00	   4.2500000e-01	   2.0000000e+00	   3.0000000e+00	   1.0000000e+00	   3.0000000e+00	   1.0280000e+03	
   2.0600000e+02	   2.1300000e+02	   2.1100000e+02	   1.0000000e+01	   1.0000000e+00	   4.3550000e+00	   4.4350000e+00	   1.0250000e+00	   3.0000000e+00	   2.0000000e+00	   1.0000000e+00	   2.0000000e+00	   2.0820000e+03	
   2.0200000e+02	   3.1000000e+02	   3.0500000e+02	   1.3000000e+01	   5.0000000e+00	   4.0600000e+00	   5.0000000e+00	   4.2500000e-01	   1.0000000e+00	   2.0000000e+00	   3.0000000e+00	   2.0000000e+00	   8.8200000e+02	
   2.0600000e+02	   3.0100000e+02	   1.0100000e+02	   1.0000000e+00	   3.0000000e+00	   4.3550000e+00	   4.0050000e+00	   2.8000000e-01	   1.0000000e+00	   3.0000000e+00	   2.0000000e+00	   1.0000000e+00	   1.0870000e+03	
   2.0800000e+02	   2.1000000e+02	   1.0600000e+02	   3.0000000e+00	   2.0000000e+00	   5.0000000e+00	   4.7800000e+00	   6.6000000e-01	   2.0000000e+00	   1.0000000e+00	   3.0000000e+00	   2.0000000e+00	   7.1100000e+02	
   2.0400000e+02	   2.0800000e+02	   3.0700000e+02	   1.4000000e+01	   5.0000000e+00	   4.0100000e+00	   5.0000000e+00	   1.7250000e+00	   1.0000000e+00	   2.0000000e+00	   3.0000000e+00	   2.0000000e+00	   8.6100000e+02	
   2.0600000e+02	   3.1200000e+02	   1.0500000e+02	   2.0000000e+00	   2.0000000e+00	   4.3550000e+00	   4.0900000e+00	   1.4100000e+00	   1.0000000e+00	   3.0000000e+00	   2.0000000e+00	   1.0000000e+00	   1.2850000e+03	
   3.1000000e+02	   3.1400000e+02	   2.1200000e+02	   1.1000000e+01	   4.0000000e+00	   5.0000000e+00	   4.4350000e+00	   1.7500000e-01	   2.0000000e+00	   1.0000000e+00	   3.0000000e+00	   2.0000000e+00	   7.7600000e+02	
   2.0100000e+02	   3.1200000e+02	   2.0500000e+02	   9.0000000e+00	   2.0000000e+00	   3.8800000e+00	   4.0900000e+00	   1.1900000e+00	   3.0000000e+00	   1.0000000e+00	   2.0000000e+00	   1.0000000e+00	   1.0810000e+03	
   2.1000000e+02	   3.0100000e+02	   2.1100000e+02	   1.0000000e+01	   4.0000000e+00	   4.7800000e+00	   4.0050000e+00	   1.0250000e+00	   2.0000000e+00	   1.0000000e+00	   3.0000000e+00	   2.0000000e+00	   7.1400000e+02	
   1.0200000e+02	   2.1000000e+02	   2.1500000e+02	   1.2000000e+01	   5.0000000e+00	   3.8000000e+00	   4.7800000e+00	   2.2000000e+00	   2.0000000e+00	   3.0000000e+00	   1.0000000e+00	   3.0000000e+00	   9.7700000e+02	
   2.0400000e+02	   2.0600000e+02	   2.0300000e+02	   8.0000000e+00	   2.0000000e+00	   4.0100000e+00	   4.3550000e+00	   3.5200000e+00	   2.0000000e+00	   1.0000000e+00	   3.0000000e+00	   1.0000000e+00	   1.3170000e+03	
   2.0200000e+02	   2.1400000e+02	   3.0700000e+02	   1.4000000e+01	   4.0000000e+00	   4.0600000e+00	   4.6400000e+00	   1.7250000e+00	   1.0000000e+00	   2.0000000e+00	   3.0000000e+00	   2.0000000e+00	   1.5860000e+03	
   2.1400000e+02	   3.1000000e+02	   1.1100000e+02	   6.0000000e+00	   3.0000000e+00	   4.6400000e+00	   5.0000000e+00	   2.7900000e+00	   2.0000000e+00	   3.0000000e+00	   1.0000000e+00	   3.0000000e+00	   9.2200000e+02	
   3.0100000e+02	   3.1400000e+02	   1.1100000e+02	   6.0000000e+00	   3.0000000e+00	   4.0050000e+00	   4.4350000e+00	   2.7900000e+00	   3.0000000e+00	   1.0000000e+00	   2.0000000e+00	   3.0000000e+00	   1.9960000e+03	
   2.1000000e+02	   3.0100000e+02	   2.0500000e+02	   9.0000000e+00	   4.0000000e+00	   4.7800000e+00	   4.0050000e+00	   1.1900000e+00	   2.0000000e+00	   3.0000000e+00	   1.0000000e+00	   2.0000000e+00	   1.4620000e+03	
   3.1100000e+02	   3.1400000e+02	   1.1600000e+02	   7.0000000e+00	   4.0000000e+00	   5.0000000e+00	   4.4350000e+00	   5.9000000e-01	   2.0000000e+00	   3.0000000e+00	   1.0000000e+00	   2.0000000e+00	   9.9000000e+02	
   2.0400000e+02	   3.0800000e+02	   1.0600000e+02	   3.0000000e+00	   1.0000000e+00	   4.0100000e+00	   4.2100000e+00	   6.6000000e-01	   2.0000000e+00	   1.0000000e+00	   3.0000000e+00	   1.0000000e+00	   1.2690000e+03	
   2.0100000e+02	   3.1400000e+02	   1.0800000e+02	   4.0000000e+00	   3.0000000e+00	   3.8800000e+00	   4.4350000e+00	   3.0700000e+00	   2.0000000e+00	   1.0000000e+00	   3.0000000e+00	   1.0000000e+00	   1.3730000e+03	
   2.0600000e+02	   3.1200000e+02	   3.1300000e+02	   1.5000000e+01	   2.0000000e+00	   4.3550000e+00	   4.0900000e+00	   3.1000000e-01	   2.0000000e+00	   1.0000000e+00	   3.0000000e+00	   2.0000000e+00	   8.9900000e+02	
   3.0800000e+02	   3.1200000e+02	   1.0800000e+02	   4.0000000e+00	   1.0000000e+00	   4.2100000e+00	   4.0900000e+00	   3.0700000e+00	   1.0000000e+00	   3.0000000e+00	   2.0000000e+00	   3.0000000e+00	   1.5700000e+03	
   2.1000000e+02	   2.1400000e+02	   3.0700000e+02	   1.4000000e+01	   1.0000000e+00	   4.7800000e+00	   4.6400000e+00	   1.7250000e+00	   2.0000000e+00	   1.0000000e+00	   3.0000000e+00	   2.0000000e+00	   1.3630000e+03	
   1.0200000e+02	   3.1400000e+02	   1.1000000e+02	   5.0000000e+00	   4.0000000e+00	   3.8000000e+00	   4.4350000e+00	   2.3500000e-01	   3.0000000e+00	   1.0000000e+00	   2.0000000e+00	   1.0000000e+00	   1.5830000e+03	
   2.0100000e+02	   3.1100000e+02	   2.0500000e+02	   9.0000000e+00	   5.0000000e+00	   3.8800000e+00	   5.0000000e+00	   1.1900000e+00	   3.0000000e+00	   2.0000000e+00	   1.0000000e+00	   2.0000000e+00	   9.7700000e+02	
   2.0200000e+02	   2.0800000e+02	   2.1200000e+02	   1.1000000e+01	   5.0000000e+00	   4.0600000e+00	   5.0000000e+00	   1.7500000e-01	   2.0000000e+00	   3.0000000e+00	   1.0000000e+00	   3.0000000e+00	   1.0490000e+03	
   2.0800000e+02	   3.0100000e+02	   1.1600000e+02	   7.0000000e+00	   5.0000000e+00	   5.0000000e+00	   4.0050000e+00	   5.9000000e-01	   3.0000000e+00	   1.0000000e+00	   2.0000000e+00	   3.0000000e+00	   1.3640000e+03	
   2.0800000e+02	   3.1200000e+02	   2.1500000e+02	   1.2000000e+01	   5.0000000e+00	   5.0000000e+00	   4.0900000e+00	   2.2000000e+00	   2.0000000e+00	   3.0000000e+00	   1.0000000e+00	   2.0000000e+00	   9.1500000e+02	
   1.0200000e+02	   2.1400000e+02	   1.0800000e+02	   4.0000000e+00	   5.0000000e+00	   3.8000000e+00	   4.6400000e+00	   3.0700000e+00	   2.0000000e+00	   1.0000000e+00	   3.0000000e+00	   1.0000000e+00	   1.4680000e+03	
   2.1000000e+02	   3.1200000e+02	   3.0700000e+02	   1.4000000e+01	   4.0000000e+00	   4.7800000e+00	   4.0900000e+00	   1.7250000e+00	   1.0000000e+00	   3.0000000e+00	   2.0000000e+00	   1.0000000e+00	   1.4000000e+03	
   2.0200000e+02	   3.0100000e+02	   1.1000000e+02	   5.0000000e+00	   1.0000000e+00	   4.0600000e+00	   4.0050000e+00	   2.3500000e-01	   3.0000000e+00	   2.0000000e+00	   1.0000000e+00	   2.0000000e+00	   1.4510000e+03	
   2.0100000e+02	   2.0400000e+02	   1.1000000e+02	   5.0000000e+00	   1.0000000e+00	   3.8800000e+00	   4.0100000e+00	   2.3500000e-01	   1.0000000e+00	   3.0000000e+00	   2.0000000e+00	   3.0000000e+00	   3.3400000e+03	
   2.1000000e+02	   3.1000000e+02	   1.0500000e+02	   2.0000000e+00	   2.0000000e+00	   4.7800000e+00	   5.0000000e+00	   1.4100000e+00	   3.0000000e+00	   1.0000000e+00	   2.0000000e+00	   3.0000000e+00	   8.6000000e+02	
   1.0200000e+02	   3.0100000e+02	   1.0600000e+02	   3.0000000e+00	   1.0000000e+00	   3.8000000e+00	   4.0050000e+00	   6.6000000e-01	   2.0000000e+00	   1.0000000e+00	   3.0000000e+00	   1.0000000e+00	   1.0930000e+03	
   3.1100000e+02	   3.1400000e+02	   1.0100000e+02	   1.0000000e+00	   4.0000000e+00	   5.0000000e+00	   4.4350000e+00	   2.8000000e-01	   3.0000000e+00	   1.0000000e+00	   2.0000000e+00	   3.0000000e+00	   1.2680000e+03	
   2.1000000e+02	   3.1200000e+02	   1.1000000e+02	   5.0000000e+00	   4.0000000e+00	   4.7800000e+00	   4.0900000e+00	   2.3500000e-01	   2.0000000e+00	   3.0000000e+00	   1.0000000e+00	   2.0000000e+00	   1.1500000e+03	
   2.0200000e+02	   2.0600000e+02	   1.1000000e+02	   5.0000000e+00	   2.0000000e+00	   4.0600000e+00	   4.3550000e+00	   2.3500000e-01	   3.0000000e+00	   1.0000000e+00	   2.0000000e+00	   1.0000000e+00	   9.8600000e+02	
   2.0400000e+02	   3.1200000e+02	   1.1100000e+02	   6.0000000e+00	   1.0000000e+00	   4.0100000e+00	   4.0900000e+00	   2.7900000e+00	   2.0000000e+00	   3.0000000e+00	   1.0000000e+00	   3.0000000e+00	   1.3150000e+03	
   2.0100000e+02	   2.0400000e+02	   2.1500000e+02	   1.2000000e+01	   1.0000000e+00	   3.8800000e+00	   4.0100000e+00	   2.2000000e+00	   1.0000000e+00	   2.0000000e+00	   3.0000000e+00	   2.0000000e+00	   2.5170000e+03	
   2.0100000e+02	   3.1200000e+02	   3.0700000e+02	   1.4000000e+01	   2.0000000e+00	   3.8800000e+00	   4.0900000e+00	   1.7250000e+00	   3.0000000e+00	   2.0000000e+00	   1.0000000e+00	   2.0000000e+00	   1.7410000e+03	
   3.1100000e+02	   3.1200000e+02	   2.1200000e+02	   1.1000000e+01	   5.0000000e+00	   5.0000000e+00	   4.0900000e+00	   1.7500000e-01	   3.0000000e+00	   1.0000000e+00	   2.0000000e+00	   3.0000000e+00	   1.7910000e+03	
   2.1000000e+02	   3.0100000e+02	   1.1000000e+02	   5.0000000e+00	   4.0000000e+00	   4.7800000e+00	   4.0050000e+00	   2.3500000e-01	   3.0000000e+00	   1.0000000e+00	   2.0000000e+00	   3.0000000e+00	   1.1800000e+03	
   2.0100000e+02	   2.1000000e+02	   1.0100000e+02	   1.0000000e+00	   5.0000000e+00	   3.8800000e+00	   4.7800000e+00	   2.8000000e-01	   1.0000000e+00	   2.0000000e+00	   3.0000000e+00	   2.0000000e+00	   1.0930000e+03	
   2.1300000e+02	   3.1100000e+02	   3.0500000e+02	   1.3000000e+01	   4.0000000e+00	   4.4350000e+00	   5.0000000e+00	   4.2500000e-01	   1.0000000e+00	   2.0000000e+00	   3.0000000e+00	   2.0000000e+00	   1.3640000e+03	
   2.0400000e+02	   3.1400000e+02	   2.1500000e+02	   1.2000000e+01	   3.0000000e+00	   4.0100000e+00	   4.4350000e+00	   2.2000000e+00	   2.0000000e+00	   1.0000000e+00	   3.0000000e+00	   1.0000000e+00	   1.5850000e+03	
   2.1000000e+02	   3.1200000e+02	   1.0500000e+02	   2.0000000e+00	   4.0000000e+00	   4.7800000e+00	   4.0900000e+00	   1.4100000e+00	   1.0000000e+00	   3.0000000e+00	   2.0000000e+00	   1.0000000e+00	   1.0190000e+03	
   3.1100000e+02	   3.1400000e+02	   2.1500000e+02	   1.2000000e+01	   4.0000000e+00	   5.0000000e+00	   4.4350000e+00	   2.2000000e+00	   3.0000000e+00	   2.0000000e+00	   1.0000000e+00	   3.0000000e+00	   1.3220000e+03	
   2.0100000e+02	   2.0200000e+02	   1.0100000e+02	   1.0000000e+00	   1.0000000e+00	   3.8800000e+00	   4.0600000e+00	   2.8000000e-01	   3.0000000e+00	   1.0000000e+00	   2.0000000e+00	   3.0000000e+00	   1.8350000e+03	
   1.0200000e+02	   2.1300000e+02	   2.0300000e+02	   8.0000000e+00	   4.0000000e+00	   3.8000000e+00	   4.4350000e+00	   3.5200000e+00	   3.0000000e+00	   2.0000000e+00	   1.0000000e+00	   2.0000000e+00	   1.3380000e+03	
   2.0600000e+02	   3.1400000e+02	   3.1300000e+02	   1.5000000e+01	   1.0000000e+00	   4.3550000e+00	   4.4350000e+00	   3.1000000e-01	   1.0000000e+00	   3.0000000e+00	   2.0000000e+00	   1.0000000e+00	   1.3000000e+03	
   2.0100000e+02	   3.0800000e+02	   1.1100000e+02	   6.0000000e+00	   2.0000000e+00	   3.8800000e+00	   4.2100000e+00	   2.7900000e+00	   3.0000000e+00	   2.0000000e+00	   1.0000000e+00	   2.0000000e+00	   1.5050000e+03	
   2.0200000e+02	   3.0100000e+02	   1.0100000e+02	   1.0000000e+00	   1.0000000e+00	   4.0600000e+00	   4.0050000e+00	   2.8000000e-01	   3.0000000e+00	   2.0000000e+00	   1.0000000e+00	   2.0000000e+00	   1.4770000e+03	
   1.0200000e+02	   2.0400000e+02	   3.1300000e+02	   1.5000000e+01	   2.0000000e+00	   3.8000000e+00	   4.0100000e+00	   3.1000000e-01	   1.0000000e+00	   2.0000000e+00	   3.0000000e+00	   2.0000000e+00	   1.5140000e+03	
   1.0200000e+02	   2.1300000e+02	   2.0500000e+02	   9.0000000e+00	   4.0000000e+00	   3.8000000e+00	   4.4350000e+00	   1.1900000e+00	   2.0000000e+00	   3.0000000e+00	   1.0000000e+00	   3.0000000e+00	   1.3340000e+03	
   2.0200000e+02	   3.0800000e+02	   1.0100000e+02	   1.0000000e+00	   1.0000000e+00	   4.0600000e+00	   4.2100000e+00	   2.8000000e-01	   2.0000000e+00	   3.0000000e+00	   1.0000000e+00	   3.0000000e+00	   1.9310000e+03	
   2.0800000e+02	   2.1400000e+02	   1.0100000e+02	   1.0000000e+00	   3.0000000e+00	   5.0000000e+00	   4.6400000e+00	   2.8000000e-01	   2.0000000e+00	   3.0000000e+00	   1.0000000e+00	   2.0000000e+00	   8.1500000e+02	
   2.0200000e+02	   3.0800000e+02	   3.1300000e+02	   1.5000000e+01	   1.0000000e+00	   4.0600000e+00	   4.2100000e+00	   3.1000000e-01	   1.0000000e+00	   3.0000000e+00	   2.0000000e+00	   3.0000000e+00	   1.2330000e+03	
   2.0100000e+02	   3.1200000e+02	   2.0300000e+02	   8.0000000e+00	   2.0000000e+00	   3.8800000e+00	   4.0900000e+00	   3.5200000e+00	   1.0000000e+00	   2.0000000e+00	   3.0000000e+00	   2.0000000e+00	   1.1680000e+03	
   2.1300000e+02	   3.1000000e+02	   2.1100000e+02	   1.0000000e+01	   4.0000000e+00	   4.4350000e+00	   5.0000000e+00	   1.0250000e+00	   1.0000000e+00	   2.0000000e+00	   3.0000000e+00	   1.0000000e+00	   9.3400000e+02	
   3.1200000e+02	   3.1400000e+02	   3.1300000e+02	   1.5000000e+01	   3.0000000e+00	   4.0900000e+00	   4.4350000e+00	   3.1000000e-01	   1.0000000e+00	   3.0000000e+00	   2.0000000e+00	   3.0000000e+00	   1.1970000e+03	
   2.0800000e+02	   2.1400000e+02	   1.1600000e+02	   7.0000000e+00	   3.0000000e+00	   5.0000000e+00	   4.6400000e+00	   5.9000000e-01	   3.0000000e+00	   1.0000000e+00	   2.0000000e+00	   3.0000000e+00	   7.5400000e+02	
   2.0400000e+02	   2.1300000e+02	   2.0300000e+02	   8.0000000e+00	   3.0000000e+00	   4.0100000e+00	   4.4350000e+00	   3.5200000e+00	   1.0000000e+00	   3.0000000e+00	   2.0000000e+00	   3.0000000e+00	   1.2670000e+03	
   2.0600000e+02	   2.1400000e+02	   1.0100000e+02	   1.0000000e+00	   2.0000000e+00	   4.3550000e+00	   4.6400000e+00	   2.8000000e-01	   2.0000000e+00	   1.0000000e+00	   3.0000000e+00	   1.0000000e+00	   1.9260000e+03	
   2.0400000e+02	   3.1400000e+02	   2.0300000e+02	   8.0000000e+00	   3.0000000e+00	   4.0100000e+00	   4.4350000e+00	   3.5200000e+00	   2.0000000e+00	   1.0000000e+00	   3.0000000e+00	   1.0000000e+00	   1.2760000e+03	
   1.0200000e+02	   2.1400000e+02	   2.1100000e+02	   1.0000000e+01	   5.0000000e+00	   3.8000000e+00	   4.6400000e+00	   1.0250000e+00	   2.0000000e+00	   3.0000000e+00	   1.0000000e+00	   3.0000000e+00	   1.4450000e+03	
   2.0400000e+02	   3.1200000e+02	   1.0100000e+02	   1.0000000e+00	   1.0000000e+00	   4.0100000e+00	   4.0900000e+00	   2.8000000e-01	   1.0000000e+00	   2.0000000e+00	   3.0000000e+00	   2.0000000e+00	   1.4080000e+03	
   2.1000000e+02	   3.0800000e+02	   1.1100000e+02	   6.0000000e+00	   4.0000000e+00	   4.7800000e+00	   4.2100000e+00	   2.7900000e+00	   1.0000000e+00	   2.0000000e+00	   3.0000000e+00	   1.0000000e+00	   1.5260000e+03	
   2.0600000e+02	   2.1000000e+02	   3.0700000e+02	   1.4000000e+01	   3.0000000e+00	   4.3550000e+00	   4.7800000e+00	   1.7250000e+00	   3.0000000e+00	   1.0000000e+00	   2.0000000e+00	   1.0000000e+00	   1.0990000e+03	
   3.1100000e+02	   3.1400000e+02	   1.0800000e+02	   4.0000000e+00	   4.0000000e+00	   5.0000000e+00	   4.4350000e+00	   3.0700000e+00	   2.0000000e+00	   3.0000000e+00	   1.0000000e+00	   2.0000000e+00	   1.1590000e+03	
   3.1200000e+02	   3.1400000e+02	   1.0100000e+02	   1.0000000e+00	   3.0000000e+00	   4.0900000e+00	   4.4350000e+00	   2.8000000e-01	   1.0000000e+00	   3.0000000e+00	   2.0000000e+00	   3.0000000e+00	   1.1890000e+03	
   1.0200000e+02	   3.1200000e+02	   1.0800000e+02	   4.0000000e+00	   2.0000000e+00	   3.8000000e+00	   4.0900000e+00	   3.0700000e+00	   2.0000000e+00	   1.0000000e+00	   3.0000000e+00	   1.0000000e+00	   1.1860000e+03	
   2.0200000e+02	   3.1100000e+02	   2.1200000e+02	   1.1000000e+01	   5.0000000e+00	   4.0600000e+00	   5.0000000e+00	   1.7500000e-01	   1.0000000e+00	   2.0000000e+00	   3.0000000e+00	   2.0000000e+00	   8.4200000e+02	
   1.0200000e+02	   2.1000000e+02	   3.0700000e+02	   1.4000000e+01	   5.0000000e+00	   3.8000000e+00	   4.7800000e+00	   1.7250000e+00	   3.0000000e+00	   1.0000000e+00	   2.0000000e+00	   1.0000000e+00	   8.0400000e+02	
   2.0200000e+02	   2.0600000e+02	   1.0800000e+02	   4.0000000e+00	   2.0000000e+00	   4.0600000e+00	   4.3550000e+00	   3.0700000e+00	   3.0000000e+00	   1.0000000e+00	   2.0000000e+00	   1.0000000e+00	   8.4100000e+02	
   1.0200000e+02	   3.0100000e+02	   1.1100000e+02	   6.0000000e+00	   1.0000000e+00	   3.8000000e+00	   4.0050000e+00	   2.7900000e+00	   3.0000000e+00	   1.0000000e+00	   2.0000000e+00	   1.0000000e+00	   9.1200000e+02	
   3.0100000e+02	   3.1200000e+02	   1.1100000e+02	   6.0000000e+00	   1.0000000e+00	   4.0050000e+00	   4.0900000e+00	   2.7900000e+00	   3.0000000e+00	   1.0000000e+00	   2.0000000e+00	   1.0000000e+00	   9.9700000e+02	
   1.0200000e+02	   3.1100000e+02	   2.1500000e+02	   1.2000000e+01	   5.0000000e+00	   3.8000000e+00	   5.0000000e+00	   2.2000000e+00	   2.0000000e+00	   3.0000000e+00	   1.0000000e+00	   3.0000000e+00	   8.5300000e+02	
   2.0100000e+02	   3.1000000e+02	   1.0500000e+02	   2.0000000e+00	   5.0000000e+00	   3.8800000e+00	   5.0000000e+00	   1.4100000e+00	   2.0000000e+00	   3.0000000e+00	   1.0000000e+00	   3.0000000e+00	   7.7200000e+02	
   2.0100000e+02	   2.0800000e+02	   1.0600000e+02	   3.0000000e+00	   5.0000000e+00	   3.8800000e+00	   5.0000000e+00	   6.6000000e-01	   3.0000000e+00	   1.0000000e+00	   2.0000000e+00	   1.0000000e+00	   7.6600000e+02	
   2.0200000e+02	   2.0600000e+02	   1.0100000e+02	   1.0000000e+00	   2.0000000e+00	   4.0600000e+00	   4.3550000e+00	   2.8000000e-01	   1.0000000e+00	   3.0000000e+00	   2.0000000e+00	   3.0000000e+00	   8.0700000e+02	
   2.0100000e+02	   3.1200000e+02	   2.1500000e+02	   1.2000000e+01	   2.0000000e+00	   3.8800000e+00	   4.0900000e+00	   2.2000000e+00	   3.0000000e+00	   2.0000000e+00	   1.0000000e+00	   2.0000000e+00	   9.9000000e+02	
   1.0200000e+02	   3.1200000e+02	   3.0500000e+02	   1.3000000e+01	   2.0000000e+00	   3.8000000e+00	   4.0900000e+00	   4.2500000e-01	   2.0000000e+00	   1.0000000e+00	   3.0000000e+00	   1.0000000e+00	   8.2100000e+02	
   2.0200000e+02	   2.0800000e+02	   2.0300000e+02	   8.0000000e+00	   5.0000000e+00	   4.0600000e+00	   5.0000000e+00	   3.5200000e+00	   2.0000000e+00	   3.0000000e+00	   1.0000000e+00	   3.0000000e+00	   1.0430000e+03	
   2.0100000e+02	   3.1000000e+02	   1.0100000e+02	   1.0000000e+00	   5.0000000e+00	   3.8800000e+00	   5.0000000e+00	   2.8000000e-01	   3.0000000e+00	   1.0000000e+00	   2.0000000e+00	   1.0000000e+00	   9.4200000e+02	
   2.1300000e+02	   3.1100000e+02	   2.1500000e+02	   1.2000000e+01	   4.0000000e+00	   4.4350000e+00	   5.0000000e+00	   2.2000000e+00	   2.0000000e+00	   1.0000000e+00	   3.0000000e+00	   2.0000000e+00	   8.4400000e+02	
   3.1100000e+02	   3.1200000e+02	   2.0500000e+02	   9.0000000e+00	   5.0000000e+00	   5.0000000e+00	   4.0900000e+00	   1.1900000e+00	   1.0000000e+00	   3.0000000e+00	   2.0000000e+00	   1.0000000e+00	   7.6200000e+02	
   2.0400000e+02	   3.1400000e+02	   1.1600000e+02	   7.0000000e+00	   3.0000000e+00	   4.0100000e+00	   4.4350000e+00	   5.9000000e-01	   3.0000000e+00	   2.0000000e+00	   1.0000000e+00	   2.0000000e+00	   1.2660000e+03	
   2.0600000e+02	   2.0800000e+02	   1.0800000e+02	   4.0000000e+00	   4.0000000e+00	   4.3550000e+00	   5.0000000e+00	   3.0700000e+00	   2.0000000e+00	   1.0000000e+00	   3.0000000e+00	   1.0000000e+00	   7.7000000e+02	
   2.0800000e+02	   2.1300000e+02	   3.0500000e+02	   1.3000000e+01	   3.0000000e+00	   5.0000000e+00	   4.4350000e+00	   4.2500000e-01	   1.0000000e+00	   3.0000000e+00	   2.0000000e+00	   1.0000000e+00	   6.0400000e+02	
   2.0600000e+02	   2.1400000e+02	   2.1200000e+02	   1.1000000e+01	   2.0000000e+00	   4.3550000e+00	   4.6400000e+00	   1.7500000e-01	   2.0000000e+00	   3.0000000e+00	   1.0000000e+00	   2.0000000e+00	   8.7400000e+02	
   2.0200000e+02	   2.0400000e+02	   1.0500000e+02	   2.0000000e+00	   1.0000000e+00	   4.0600000e+00	   4.0100000e+00	   1.4100000e+00	   3.0000000e+00	   2.0000000e+00	   1.0000000e+00	   3.0000000e+00	   9.3700000e+02	
   1.0200000e+02	   2.0100000e+02	   2.0300000e+02	   8.0000000e+00	   1.0000000e+00	   3.8000000e+00	   3.8800000e+00	   3.5200000e+00	   1.0000000e+00	   3.0000000e+00	   2.0000000e+00	   3.0000000e+00	   2.1140000e+03	
   1.0200000e+02	   2.1400000e+02	   3.0700000e+02	   1.4000000e+01	   5.0000000e+00	   3.8000000e+00	   4.6400000e+00	   1.7250000e+00	   3.0000000e+00	   2.0000000e+00	   1.0000000e+00	   2.0000000e+00	   1.8440000e+03	
   2.0100000e+02	   3.0100000e+02	   1.1600000e+02	   7.0000000e+00	   1.0000000e+00	   3.8800000e+00	   4.0050000e+00	   5.9000000e-01	   2.0000000e+00	   1.0000000e+00	   3.0000000e+00	   1.0000000e+00	   1.5050000e+03	
   2.0600000e+02	   3.1000000e+02	   2.1200000e+02	   1.1000000e+01	   4.0000000e+00	   4.3550000e+00	   5.0000000e+00	   1.7500000e-01	   3.0000000e+00	   2.0000000e+00	   1.0000000e+00	   2.0000000e+00	   1.3500000e+03	
   2.0100000e+02	   2.0600000e+02	   1.1100000e+02	   6.0000000e+00	   3.0000000e+00	   3.8800000e+00	   4.3550000e+00	   2.7900000e+00	   3.0000000e+00	   1.0000000e+00	   2.0000000e+00	   2.0000000e+00	   1.8880000e+03	
   2.0200000e+02	   2.1300000e+02	   1.1000000e+02	   5.0000000e+00	   3.0000000e+00	   4.0600000e+00	   4.4350000e+00	   2.3500000e-01	   2.0000000e+00	   1.0000000e+00	   3.0000000e+00	   1.0000000e+00	   1.3330000e+03	
   2.0600000e+02	   2.1000000e+02	   2.1500000e+02	   1.2000000e+01	   3.0000000e+00	   4.3550000e+00	   4.7800000e+00	   2.2000000e+00	   3.0000000e+00	   1.0000000e+00	   2.0000000e+00	   1.0000000e+00	   1.6550000e+03	
   2.0100000e+02	   2.0600000e+02	   3.1300000e+02	   1.5000000e+01	   3.0000000e+00	   3.8800000e+00	   4.3550000e+00	   3.1000000e-01	   3.0000000e+00	   2.0000000e+00	   1.0000000e+00	   2.0000000e+00	   1.4580000e+03	
   2.1300000e+02	   3.1000000e+02	   2.1200000e+02	   1.1000000e+01	   4.0000000e+00	   4.4350000e+00	   5.0000000e+00	   1.7500000e-01	   1.0000000e+00	   3.0000000e+00	   2.0000000e+00	   3.0000000e+00	   1.1320000e+03	
   3.1000000e+02	   3.1200000e+02	   1.1600000e+02	   7.0000000e+00	   5.0000000e+00	   5.0000000e+00	   4.0900000e+00	   5.9000000e-01	   2.0000000e+00	   3.0000000e+00	   1.0000000e+00	   2.0000000e+00	   8.2300000e+02	
   2.0200000e+02	   2.1300000e+02	   3.0700000e+02	   1.4000000e+01	   3.0000000e+00	   4.0600000e+00	   4.4350000e+00	   1.7250000e+00	   2.0000000e+00	   3.0000000e+00	   1.0000000e+00	   3.0000000e+00	   1.4340000e+03	
   1.0200000e+02	   2.1000000e+02	   1.1100000e+02	   6.0000000e+00	   5.0000000e+00	   3.8000000e+00	   4.7800000e+00	   2.7900000e+00	   1.0000000e+00	   2.0000000e+00	   3.0000000e+00	   2.0000000e+00	   7.6900000e+02	
   2.0200000e+02	   2.0400000e+02	   2.0500000e+02	   9.0000000e+00	   1.0000000e+00	   4.0600000e+00	   4.0100000e+00	   1.1900000e+00	   1.0000000e+00	   2.0000000e+00	   3.0000000e+00	   2.0000000e+00	   2.0080000e+03	
   2.1400000e+02	   3.0800000e+02	   2.1200000e+02	   1.1000000e+01	   3.0000000e+00	   4.6400000e+00	   4.2100000e+00	   1.7500000e-01	   1.0000000e+00	   3.0000000e+00	   2.0000000e+00	   1.0000000e+00	   1.5010000e+03	
   2.0400000e+02	   2.0600000e+02	   3.0700000e+02	   1.4000000e+01	   2.0000000e+00	   4.0100000e+00	   4.3550000e+00	   1.7250000e+00	   2.0000000e+00	   3.0000000e+00	   1.0000000e+00	   3.0000000e+00	   1.3110000e+03	
   2.0400000e+02	   2.0600000e+02	   2.1500000e+02	   1.2000000e+01	   2.0000000e+00	   4.0100000e+00	   4.3550000e+00	   2.2000000e+00	   1.0000000e+00	   2.0000000e+00	   3.0000000e+00	   2.0000000e+00	   1.0860000e+03	
   2.1400000e+02	   3.1000000e+02	   1.0800000e+02	   4.0000000e+00	   3.0000000e+00	   4.6400000e+00	   5.0000000e+00	   3.0700000e+00	   1.0000000e+00	   2.0000000e+00	   3.0000000e+00	   2.0000000e+00	   8.3100000e+02	
   2.1000000e+02	   3.0100000e+02	   2.0300000e+02	   8.0000000e+00	   4.0000000e+00	   4.7800000e+00	   4.0050000e+00	   3.5200000e+00	   1.0000000e+00	   3.0000000e+00	   2.0000000e+00	   1.0000000e+00	   9.5100000e+02	
   2.0800000e+02	   3.1200000e+02	   2.1100000e+02	   1.0000000e+01	   5.0000000e+00	   5.0000000e+00	   4.0900000e+00	   1.0250000e+00	   1.0000000e+00	   2.0000000e+00	   3.0000000e+00	   1.0000000e+00	   9.2100000e+02	
   2.0400000e+02	   2.0600000e+02	   1.1600000e+02	   7.0000000e+00	   2.0000000e+00	   4.0100000e+00	   4.3550000e+00	   5.9000000e-01	   2.0000000e+00	   1.0000000e+00	   3.0000000e+00	   1.0000000e+00	   1.0290000e+03	
   2.0100000e+02	   2.0200000e+02	   1.0800000e+02	   4.0000000e+00	   1.0000000e+00	   3.8800000e+00	   4.0600000e+00	   3.0700000e+00	   3.0000000e+00	   2.0000000e+00	   1.0000000e+00	   3.0000000e+00	   2.8170000e+03	
   2.0100000e+02	   3.1000000e+02	   2.0300000e+02	   8.0000000e+00	   5.0000000e+00	   3.8800000e+00	   5.0000000e+00	   3.5200000e+00	   3.0000000e+00	   2.0000000e+00	   1.0000000e+00	   2.0000000e+00	   1.0910000e+03	
   2.0600000e+02	   3.1200000e+02	   2.0300000e+02	   8.0000000e+00	   2.0000000e+00	   4.3550000e+00	   4.0900000e+00	   3.5200000e+00	   2.0000000e+00	   1.0000000e+00	   3.0000000e+00	   2.0000000e+00	   1.3940000e+03	
   1.0200000e+02	   3.1400000e+02	   1.1100000e+02	   6.0000000e+00	   4.0000000e+00	   3.8000000e+00	   4.4350000e+00	   2.7900000e+00	   3.0000000e+00	   1.0000000e+00	   2.0000000e+00	   1.0000000e+00	   9.5800000e+02	
   1.0200000e+02	   3.1200000e+02	   2.1200000e+02	   1.1000000e+01	   2.0000000e+00	   3.8000000e+00	   4.0900000e+00	   1.7500000e-01	   2.0000000e+00	   1.0000000e+00	   3.0000000e+00	   1.0000000e+00	   1.1470000e+03	
   2.0600000e+02	   2.0800000e+02	   2.1200000e+02	   1.1000000e+01	   4.0000000e+00	   4.3550000e+00	   5.0000000e+00	   1.7500000e-01	   3.0000000e+00	   1.0000000e+00	   2.0000000e+00	   1.0000000e+00	   9.0500000e+02	
   2.0600000e+02	   2.1300000e+02	   1.1000000e+02	   5.0000000e+00	   1.0000000e+00	   4.3550000e+00	   4.4350000e+00	   2.3500000e-01	   2.0000000e+00	   1.0000000e+00	   3.0000000e+00	   2.0000000e+00	   1.0200000e+03	
   3.0100000e+02	   3.1200000e+02	   1.0800000e+02	   4.0000000e+00	   1.0000000e+00	   4.0050000e+00	   4.0900000e+00	   3.0700000e+00	   1.0000000e+00	   3.0000000e+00	   2.0000000e+00	   1.0000000e+00	   1.1740000e+03	
   2.1000000e+02	   3.1100000e+02	   2.1200000e+02	   1.1000000e+01	   2.0000000e+00	   4.7800000e+00	   5.0000000e+00	   1.7500000e-01	   2.0000000e+00	   3.0000000e+00	   1.0000000e+00	   2.0000000e+00	   6.5800000e+02	
   2.0100000e+02	   3.1400000e+02	   3.1300000e+02	   1.5000000e+01	   3.0000000e+00	   3.8800000e+00	   4.4350000e+00	   3.1000000e-01	   1.0000000e+00	   3.0000000e+00	   2.0000000e+00	   3.0000000e+00	   1.3850000e+03	
   1.0200000e+02	   3.0800000e+02	   1.0600000e+02	   3.0000000e+00	   3.0000000e+00	   3.8000000e+00	   4.2100000e+00	   6.6000000e-01	   1.0000000e+00	   2.0000000e+00	   3.0000000e+00	   2.0000000e+00	   1.3400000e+03	
   2.0400000e+02	   3.1200000e+02	   3.0500000e+02	   1.3000000e+01	   1.0000000e+00	   4.0100000e+00	   4.0900000e+00	   4.2500000e-01	   3.0000000e+00	   2.0000000e+00	   1.0000000e+00	   2.0000000e+00	   1.2040000e+03	
   3.0800000e+02	   3.1200000e+02	   1.0600000e+02	   3.0000000e+00	   1.0000000e+00	   4.2100000e+00	   4.0900000e+00	   6.6000000e-01	   1.0000000e+00	   3.0000000e+00	   2.0000000e+00	   3.0000000e+00	   2.6190000e+03	
   2.0400000e+02	   3.1100000e+02	   2.1200000e+02	   1.1000000e+01	   5.0000000e+00	   4.0100000e+00	   5.0000000e+00	   1.7500000e-01	   1.0000000e+00	   2.0000000e+00	   3.0000000e+00	   2.0000000e+00	   8.7700000e+02	
   2.0800000e+02	   3.0100000e+02	   3.0500000e+02	   1.3000000e+01	   5.0000000e+00	   5.0000000e+00	   4.0050000e+00	   4.2500000e-01	   2.0000000e+00	   1.0000000e+00	   3.0000000e+00	   2.0000000e+00	   6.9800000e+02	
   1.0200000e+02	   2.1000000e+02	   2.0300000e+02	   8.0000000e+00	   5.0000000e+00	   3.8000000e+00	   4.7800000e+00	   3.5200000e+00	   3.0000000e+00	   2.0000000e+00	   1.0000000e+00	   2.0000000e+00	   7.3100000e+02	
   2.0400000e+02	   3.1100000e+02	   1.1000000e+02	   5.0000000e+00	   5.0000000e+00	   4.0100000e+00	   5.0000000e+00	   2.3500000e-01	   3.0000000e+00	   2.0000000e+00	   1.0000000e+00	   2.0000000e+00	   8.2900000e+02	
   2.0100000e+02	   2.0400000e+02	   3.1300000e+02	   1.5000000e+01	   1.0000000e+00	   3.8800000e+00	   4.0100000e+00	   3.1000000e-01	   1.0000000e+00	   3.0000000e+00	   2.0000000e+00	   3.0000000e+00	   1.8900000e+03	
   2.0100000e+02	   2.1300000e+02	   1.0600000e+02	   3.0000000e+00	   3.0000000e+00	   3.8800000e+00	   4.4350000e+00	   6.6000000e-01	   3.0000000e+00	   2.0000000e+00	   1.0000000e+00	   2.0000000e+00	   1.1180000e+03	
   2.1000000e+02	   3.1100000e+02	   1.0500000e+02	   2.0000000e+00	   2.0000000e+00	   4.7800000e+00	   5.0000000e+00	   1.4100000e+00	   2.0000000e+00	   1.0000000e+00	   3.0000000e+00	   1.0000000e+00	   1.1370000e+03	
   2.1000000e+02	   2.1300000e+02	   2.1100000e+02	   1.0000000e+01	   2.0000000e+00	   4.7800000e+00	   4.4350000e+00	   1.0250000e+00	   1.0000000e+00	   3.0000000e+00	   2.0000000e+00	   1.0000000e+00	   1.4670000e+03	
   2.0200000e+02	   2.0600000e+02	   1.0500000e+02	   2.0000000e+00	   2.0000000e+00	   4.0600000e+00	   4.3550000e+00	   1.4100000e+00	   1.0000000e+00	   3.0000000e+00	   2.0000000e+00	   3.0000000e+00	   1.3410000e+03	
   2.0600000e+02	   3.1000000e+02	   3.1300000e+02	   1.5000000e+01	   4.0000000e+00	   4.3550000e+00	   5.0000000e+00	   3.1000000e-01	   3.0000000e+00	   1.0000000e+00	   2.0000000e+00	   1.0000000e+00	   1.6740000e+03	
   2.1000000e+02	   3.1100000e+02	   3.0700000e+02	   1.4000000e+01	   2.0000000e+00	   4.7800000e+00	   5.0000000e+00	   1.7250000e+00	   3.0000000e+00	   1.0000000e+00	   2.0000000e+00	   1.0000000e+00	   1.6790000e+03	
   1.0200000e+02	   2.1400000e+02	   1.1000000e+02	   5.0000000e+00	   5.0000000e+00	   3.8000000e+00	   4.6400000e+00	   2.3500000e-01	   3.0000000e+00	   2.0000000e+00	   1.0000000e+00	   2.0000000e+00	   1.1240000e+03	
   2.1400000e+02	   3.1400000e+02	   2.0500000e+02	   9.0000000e+00	   2.0000000e+00	   4.6400000e+00	   4.4350000e+00	   1.1900000e+00	   1.0000000e+00	   2.0000000e+00	   3.0000000e+00	   1.0000000e+00	   1.6260000e+03	
   2.0400000e+02	   2.1300000e+02	   1.0500000e+02	   2.0000000e+00	   3.0000000e+00	   4.0100000e+00	   4.4350000e+00	   1.4100000e+00	   1.0000000e+00	   3.0000000e+00	   2.0000000e+00	   3.0000000e+00	   1.6590000e+03	
   3.1000000e+02	   3.1400000e+02	   3.0500000e+02	   1.3000000e+01	   4.0000000e+00	   5.0000000e+00	   4.4350000e+00	   4.2500000e-01	   2.0000000e+00	   1.0000000e+00	   3.0000000e+00	   2.0000000e+00	   1.1940000e+03	
   2.0200000e+02	   2.0600000e+02	   2.0300000e+02	   8.0000000e+00	   2.0000000e+00	   4.0600000e+00	   4.3550000e+00	   3.5200000e+00	   3.0000000e+00	   1.0000000e+00	   2.0000000e+00	   1.0000000e+00	   1.4690000e+03	
   2.1400000e+02	   3.1200000e+02	   2.1500000e+02	   1.2000000e+01	   3.0000000e+00	   4.6400000e+00	   4.0900000e+00	   2.2000000e+00	   2.0000000e+00	   1.0000000e+00	   3.0000000e+00	   2.0000000e+00	   1.5270000e+03	
   1.0200000e+02	   3.1400000e+02	   1.0100000e+02	   1.0000000e+00	   4.0000000e+00	   3.8000000e+00	   4.4350000e+00	   2.8000000e-01	   1.0000000e+00	   3.0000000e+00	   2.0000000e+00	   3.0000000e+00	   1.1890000e+03	
   2.0800000e+02	   2.1000000e+02	   2.1500000e+02	   1.2000000e+01	   2.0000000e+00	   5.0000000e+00	   4.7800000e+00	   2.2000000e+00	   1.0000000e+00	   2.0000000e+00	   3.0000000e+00	   1.0000000e+00	   1.1590000e+03	
   3.1000000e+02	   3.1200000e+02	   2.1500000e+02	   1.2000000e+01	   5.0000000e+00	   5.0000000e+00	   4.0900000e+00	   2.2000000e+00	   2.0000000e+00	   3.0000000e+00	   1.0000000e+00	   2.0000000e+00	   7.3400000e+02	
   2.0200000e+02	   2.1300000e+02	   2.0500000e+02	   9.0000000e+00	   3.0000000e+00	   4.0600000e+00	   4.4350000e+00	   1.1900000e+00	   1.0000000e+00	   2.0000000e+00	   3.0000000e+00	   2.0000000e+00	   1.7120000e+03	
   1.0200000e+02	   2.1300000e+02	   1.0600000e+02	   3.0000000e+00	   4.0000000e+00	   3.8000000e+00	   4.4350000e+00	   6.6000000e-01	   2.0000000e+00	   1.0000000e+00	   3.0000000e+00	   1.0000000e+00	   1.3760000e+03	
   2.1000000e+02	   3.1100000e+02	   2.1100000e+02	   1.0000000e+01	   2.0000000e+00	   4.7800000e+00	   5.0000000e+00	   1.0250000e+00	   1.0000000e+00	   3.0000000e+00	   2.0000000e+00	   3.0000000e+00	   1.3900000e+03	
   2.0400000e+02	   2.0600000e+02	   2.1200000e+02	   1.1000000e+01	   2.0000000e+00	   4.0100000e+00	   4.3550000e+00	   1.7500000e-01	   3.0000000e+00	   2.0000000e+00	   1.0000000e+00	   2.0000000e+00	   1.4570000e+03	
   1.0200000e+02	   3.1200000e+02	   1.1000000e+02	   5.0000000e+00	   2.0000000e+00	   3.8000000e+00	   4.0900000e+00	   2.3500000e-01	   1.0000000e+00	   3.0000000e+00	   2.0000000e+00	   3.0000000e+00	   1.2900000e+03	
   2.0600000e+02	   3.1100000e+02	   2.0500000e+02	   9.0000000e+00	   4.0000000e+00	   4.3550000e+00	   5.0000000e+00	   1.1900000e+00	   2.0000000e+00	   1.0000000e+00	   3.0000000e+00	   1.0000000e+00	   9.6100000e+02	
   2.1000000e+02	   2.1300000e+02	   3.0500000e+02	   1.3000000e+01	   2.0000000e+00	   4.7800000e+00	   4.4350000e+00	   4.2500000e-01	   1.0000000e+00	   2.0000000e+00	   3.0000000e+00	   1.0000000e+00	   1.1080000e+03	
   1.0200000e+02	   2.1300000e+02	   1.1600000e+02	   7.0000000e+00	   4.0000000e+00	   3.8000000e+00	   4.4350000e+00	   5.9000000e-01	   1.0000000e+00	   3.0000000e+00	   2.0000000e+00	   3.0000000e+00	   1.1580000e+03	
   2.0400000e+02	   3.1000000e+02	   1.1100000e+02	   6.0000000e+00	   5.0000000e+00	   4.0100000e+00	   5.0000000e+00	   2.7900000e+00	   3.0000000e+00	   2.0000000e+00	   1.0000000e+00	   2.0000000e+00	   8.9500000e+02	
   3.0800000e+02	   3.1200000e+02	   3.0700000e+02	   1.4000000e+01	   1.0000000e+00	   4.2100000e+00	   4.0900000e+00	   1.7250000e+00	   2.0000000e+00	   3.0000000e+00	   1.0000000e+00	   3.0000000e+00	   1.9850000e+03	
   2.0800000e+02	   3.0100000e+02	   2.0300000e+02	   8.0000000e+00	   5.0000000e+00	   5.0000000e+00	   4.0050000e+00	   3.5200000e+00	   2.0000000e+00	   1.0000000e+00	   3.0000000e+00	   2.0000000e+00	   7.0100000e+02	
   2.1400000e+02	   3.1000000e+02	   1.0100000e+02	   1.0000000e+00	   3.0000000e+00	   4.6400000e+00	   5.0000000e+00	   2.8000000e-01	   2.0000000e+00	   1.0000000e+00	   3.0000000e+00	   1.0000000e+00	   1.3760000e+03	
   2.0100000e+02	   2.0200000e+02	   2.0500000e+02	   9.0000000e+00	   1.0000000e+00	   3.8800000e+00	   4.0600000e+00	   1.1900000e+00	   2.0000000e+00	   3.0000000e+00	   1.0000000e+00	   2.0000000e+00	   1.6460000e+03	
   3.1100000e+02	   3.1400000e+02	   1.0500000e+02	   2.0000000e+00	   4.0000000e+00	   5.0000000e+00	   4.4350000e+00	   1.4100000e+00	   1.0000000e+00	   2.0000000e+00	   3.0000000e+00	   1.0000000e+00	   1.0510000e+03	
   2.1000000e+02	   3.0100000e+02	   1.1600000e+02	   7.0000000e+00	   4.0000000e+00	   4.7800000e+00	   4.0050000e+00	   5.9000000e-01	   1.0000000e+00	   2.0000000e+00	   3.0000000e+00	   1.0000000e+00	   1.5940000e+03	
   2.1300000e+02	   3.0800000e+02	   1.0800000e+02	   4.0000000e+00	   2.0000000e+00	   4.4350000e+00	   4.2100000e+00	   3.0700000e+00	   2.0000000e+00	   3.0000000e+00	   1.0000000e+00	   2.0000000e+00	   1.4950000e+03	
   2.0100000e+02	   2.0800000e+02	   2.1100000e+02	   1.0000000e+01	   5.0000000e+00	   3.8800000e+00	   5.0000000e+00	   1.0250000e+00	   2.0000000e+00	   1.0000000e+00	   3.0000000e+00	   1.0000000e+00	   1.2000000e+03	
   2.1400000e+02	   3.0100000e+02	   2.0500000e+02	   9.0000000e+00	   4.0000000e+00	   4.6400000e+00	   4.0050000e+00	   1.1900000e+00	   2.0000000e+00	   1.0000000e+00	   3.0000000e+00	   1.0000000e+00	   1.5160000e+03	
   3.1000000e+02	   3.1200000e+02	   3.1300000e+02	   1.5000000e+01	   5.0000000e+00	   5.0000000e+00	   4.0900000e+00	   3.1000000e-01	   1.0000000e+00	   3.0000000e+00	   2.0000000e+00	   1.0000000e+00	   1.0420000e+03	
   1.0200000e+02	   2.0600000e+02	   3.0500000e+02	   1.3000000e+01	   3.0000000e+00	   3.8000000e+00	   4.3550000e+00	   4.2500000e-01	   1.0000000e+00	   2.0000000e+00	   3.0000000e+00	   2.0000000e+00	   1.6120000e+03	
   3.0100000e+02	   3.1400000e+02	   2.1200000e+02	   1.1000000e+01	   3.0000000e+00	   4.0050000e+00	   4.4350000e+00	   1.7500000e-01	   2.0000000e+00	   1.0000000e+00	   3.0000000e+00	   1.0000000e+00	   3.4880000e+03	
   2.0800000e+02	   3.0100000e+02	   2.0500000e+02	   9.0000000e+00	   5.0000000e+00	   5.0000000e+00	   4.0050000e+00	   1.1900000e+00	   3.0000000e+00	   2.0000000e+00	   1.0000000e+00	   3.0000000e+00	   1.0720000e+03	
   2.0600000e+02	   2.0800000e+02	   2.1500000e+02	   1.2000000e+01	   4.0000000e+00	   4.3550000e+00	   5.0000000e+00	   2.2000000e+00	   2.0000000e+00	   1.0000000e+00	   3.0000000e+00	   1.0000000e+00	   1.1320000e+03	
   2.1400000e+02	   3.1100000e+02	   1.0500000e+02	   2.0000000e+00	   3.0000000e+00	   4.6400000e+00	   5.0000000e+00	   1.4100000e+00	   2.0000000e+00	   1.0000000e+00	   3.0000000e+00	   1.0000000e+00	   1.0390000e+03	
   2.0400000e+02	   3.0100000e+02	   2.1100000e+02	   1.0000000e+01	   1.0000000e+00	   4.0100000e+00	   4.0050000e+00	   1.0250000e+00	   3.0000000e+00	   2.0000000e+00	   1.0000000e+00	   2.0000000e+00	   1.6390000e+03	
   1.0200000e+02	   3.0800000e+02	   1.1000000e+02	   5.0000000e+00	   3.0000000e+00	   3.8000000e+00	   4.2100000e+00	   2.3500000e-01	   1.0000000e+00	   2.0000000e+00	   3.0000000e+00	   2.0000000e+00	   1.4060000e+03	
   2.0100000e+02	   3.0100000e+02	   1.0500000e+02	   2.0000000e+00	   1.0000000e+00	   3.8800000e+00	   4.0050000e+00	   1.4100000e+00	   1.0000000e+00	   2.0000000e+00	   3.0000000e+00	   2.0000000e+00	   1.2880000e+03	
   2.0200000e+02	   3.1200000e+02	   1.0800000e+02	   4.0000000e+00	   1.0000000e+00	   4.0600000e+00	   4.0900000e+00	   3.0700000e+00	   3.0000000e+00	   1.0000000e+00	   2.0000000e+00	   1.0000000e+00	   1.0890000e+03	
   2.0800000e+02	   2.1000000e+02	   1.1100000e+02	   6.0000000e+00	   2.0000000e+00	   5.0000000e+00	   4.7800000e+00	   2.7900000e+00	   1.0000000e+00	   3.0000000e+00	   2.0000000e+00	   1.0000000e+00	   1.1350000e+03	
