   1.0000000e+00	   1.0800000e+02	   1.0000000e+00	   2.5000000e+00	   1.1600000e+03	   4.6800000e+00	   1.6340000e+03	
   2.0000000e+00	   3.0300000e+02	   3.0000000e+00	   2.5000000e+00	   1.0020000e+03	   4.6900000e+00	   8.6600000e+02	
   3.0000000e+00	   1.1500000e+02	   1.0000000e+00	   2.5000000e+00	   7.6900000e+02	   1.9500000e+00	   1.3990000e+03	
   4.0000000e+00	   2.0300000e+02	   2.0000000e+00	   3.1200000e+00	   1.2380000e+03	   3.8800000e+00	   1.1330000e+03	
   5.0000000e+00	   3.0600000e+02	   3.0000000e+00	   2.5000000e+00	   1.6370000e+03	   2.5000000e+00	   3.7160000e+03	
   6.0000000e+00	   1.0300000e+02	   1.0000000e+00	   2.5000000e+00	   2.2370000e+03	   1.1100000e+00	   2.4650000e+03	
   7.0000000e+00	   1.1600000e+02	   1.0000000e+00	   4.9800000e+00	   2.1220000e+03	   3.4300000e+00	   1.5660000e+03	
   8.0000000e+00	   2.0400000e+02	   2.0000000e+00	   3.6500000e+00	   1.7050000e+03	   3.2200000e+00	   1.9670000e+03	
   9.0000000e+00	   2.1100000e+02	   2.0000000e+00	   4.3200000e+00	   2.2390000e+03	   6.4000000e-01	   1.3660000e+03	
   1.0000000e+01	   2.0800000e+02	   2.0000000e+00	   5.0000000e+00	   1.4230000e+03	   3.9800000e+00	   2.1000000e+03	
   1.1000000e+01	   3.0200000e+02	   3.0000000e+00	   2.6500000e+00	   1.5380000e+03	   1.2800000e+00	   1.7320000e+03	
   1.2000000e+01	   2.1500000e+02	   2.0000000e+00	   6.1000000e-01	   2.0580000e+03	   2.5000000e+00	   1.6990000e+03	
   1.3000000e+01	   1.1300000e+02	   1.0000000e+00	   4.4700000e+00	   1.9230000e+03	   2.8700000e+00	   1.4830000e+03	
   1.4000000e+01	   3.0400000e+02	   3.0000000e+00	   4.7800000e+00	   1.7230000e+03	   3.4400000e+00	   1.5330000e+03	
   1.5000000e+01	   3.1300000e+02	   3.0000000e+00	   1.9700000e+00	   2.1370000e+03	   1.0400000e+00	   1.8010000e+03	
   1.6000000e+01	   1.1400000e+02	   1.0000000e+00	   4.3100000e+00	   2.2220000e+03	   3.0600000e+00	   1.1990000e+03	
   1.7000000e+01	   1.0400000e+02	   1.0000000e+00	   2.6700000e+00	   2.2900000e+03	   9.0000000e-01	   1.8330000e+03	
   1.8000000e+01	   1.0600000e+02	   1.0000000e+00	   4.3700000e+00	   1.6050000e+03	   3.3000000e+00	   1.7660000e+03	
   1.9000000e+01	   2.1300000e+02	   2.0000000e+00	   4.2500000e+00	   1.8910000e+03	   1.8800000e+00	   1.8990000e+03	
   2.0000000e+01	   2.0900000e+02	   2.0000000e+00	   4.5100000e+00	   1.9570000e+03	   1.7700000e+00	   1.1660000e+03	
   2.1000000e+01	   1.1200000e+02	   1.0000000e+00	   4.7400000e+00	   1.8220000e+03	   2.3700000e+00	   1.5000000e+03	
   2.2000000e+01	   2.0100000e+02	   2.0000000e+00	   4.2700000e+00	   1.7560000e+03	   1.9500000e+00	   1.0670000e+03	
   2.3000000e+01	   1.1100000e+02	   1.0000000e+00	   5.0000000e+00	   1.6230000e+03	   3.6100000e+00	   1.1660000e+03	
   2.4000000e+01	   1.1000000e+02	   1.0000000e+00	   3.0200000e+00	   2.8890000e+03	   1.6800000e+00	   1.2000000e+03	
   2.5000000e+01	   3.0100000e+02	   3.0000000e+00	   4.9700000e+00	   1.5560000e+03	   3.2800000e+00	   1.7660000e+03	
   2.6000000e+01	   2.0700000e+02	   2.0000000e+00	   1.8200000e+00	   2.1050000e+03	   2.0500000e+00	   1.4660000e+03	
   2.7000000e+01	   3.0700000e+02	   3.0000000e+00	   3.3200000e+00	   1.8560000e+03	   2.5000000e+00	   1.2330000e+03	
   2.8000000e+01	   1.0700000e+02	   1.0000000e+00	   3.3000000e+00	   1.5560000e+03	   1.4100000e+00	   1.7660000e+03	
   2.9000000e+01	   3.0900000e+02	   3.0000000e+00	   4.9100000e+00	   1.7040000e+03	   3.5900000e+00	   1.1320000e+03	
   3.0000000e+01	   1.0500000e+02	   1.0000000e+00	   1.6300000e+00	   2.8240000e+03	   1.1000000e+00	   1.3000000e+03	
   3.1000000e+01	   3.0500000e+02	   3.0000000e+00	   1.7100000e+00	   1.9040000e+03	   1.5100000e+00	   1.6650000e+03	
   3.2000000e+01	   3.0800000e+02	   3.0000000e+00	   4.0900000e+00	   2.3040000e+03	   2.2400000e+00	   1.9320000e+03	
   3.3000000e+01	   2.0500000e+02	   2.0000000e+00	   3.1100000e+00	   1.9230000e+03	   9.7000000e-01	   1.3000000e+03	
   3.4000000e+01	   2.0200000e+02	   2.0000000e+00	   4.4200000e+00	   1.5050000e+03	   2.8300000e+00	   1.1990000e+03	
   3.5000000e+01	   2.1000000e+02	   2.0000000e+00	   4.8900000e+00	   1.5550000e+03	   3.7900000e+00	   1.9990000e+03	
   3.6000000e+01	   3.1200000e+02	   3.0000000e+00	   4.8400000e+00	   2.0210000e+03	   2.9100000e+00	   1.1660000e+03	
   3.7000000e+01	   1.0200000e+02	   1.0000000e+00	   4.8800000e+00	   2.1220000e+03	   2.5700000e+00	   1.6330000e+03	
   3.8000000e+01	   2.0600000e+02	   2.0000000e+00	   4.8400000e+00	   1.5900000e+03	   4.4400000e+00	   1.1670000e+03	
   3.9000000e+01	   3.1400000e+02	   3.0000000e+00	   4.8400000e+00	   1.4030000e+03	   3.9000000e+00	   1.0330000e+03	
   4.0000000e+01	   2.1200000e+02	   2.0000000e+00	   2.5500000e+00	   2.5390000e+03	   1.4400000e+00	   9.9900000e+02	
   4.1000000e+01	   3.1000000e+02	   3.0000000e+00	   4.8700000e+00	   1.4370000e+03	   3.4800000e+00	   1.2330000e+03	
   4.2000000e+01	   1.0900000e+02	   1.0000000e+00	   4.3500000e+00	   1.8710000e+03	   3.2600000e+00	   1.0990000e+03	
   4.3000000e+01	   3.1100000e+02	   3.0000000e+00	   5.0000000e+00	   1.6230000e+03	   3.6300000e+00	   1.2990000e+03	
   4.4000000e+01	   2.1400000e+02	   2.0000000e+00	   4.4400000e+00	   1.8560000e+03	   1.6500000e+00	   9.6600000e+02	
   4.5000000e+01	   1.0100000e+02	   1.0000000e+00	   2.8900000e+00	   1.9560000e+03	   1.2100000e+00	   1.3330000e+03	
